-1.553837	-9.564836	0.39264908	0.088
-2.1691468	-9.634268	0.17836803	0.148
-3.0693667	-9.343372	0.2765303	0.217
-3.345897	-8.686164	0.6512229	0.248
-2.3786395	-8.588001	1.2198458	0.297
-1.6496049	-9.519346	1.6280571	0.346
-2.0290859	-9.338584	0.9864111	0.399
-2.207454	-8.706514	1.4281414	0.447
-2.3654714	-8.832211	1.9033904	0.496
-2.56419	-9.211691	1.9692309	0.547
-3.2561142	-13.020866	-0.7637503	0.596
-3.2309752	-8.78672	-3.9851487	0.641
-0.09935937	-9.5013895	-0.38187516	0.696
-2.96881	-11.265916	-1.4568717	0.746
-3.8355112	-7.560889	-1.7010803	0.796
-0.6392518	-6.7109475	-1.3802572	0.846
1.1803415	-10.951078	-1.9512744	0.896
0.48243165	-10.985794	-1.0139444	0.946
0.9816227	-9.482236	-0.18195933	0.976
-0.5315128	-12.460623	0.7134721	1.046
-1.4568717	-12.492945	-1.0067618	1.096
-3.359065	-11.76391	-3.277662	1.147
-5.899313	-9.536105	-1.6280571	1.196
-2.8431146	-8.24563	0.35793316	1.25
-0.08499416	-10.133459	-2.7269957	1.296
-2.4229321	-6.754043	-1.4209588	1.346
-1.6651673	-5.7975593	0.59615624	1.406
-1.4101849	-8.064868	1.6998832	1.448
-0.92895025	-9.181764	0.9900024	1.496
-1.2258313	-9.580399	0.89662856	1.546
-0.050278235	-11.301829	3.369839	1.596
1.6412252	-12.75511	4.1491513	1.648
-6.5960255	-12.154165	-2.1703439	1.696
-10.268731	-9.321824	-7.633912	1.746
2.1679497	-6.941988	-0.6895301	1.796
-0.9911995	-7.1383123	-2.2170308	1.846
-4.560954	-7.4842744	0.22146365	1.896
-2.8802247	-6.4511766	-0.6955156	1.965
0.6955156	-7.380127	-1.8088194	1.976
0.6955156	-7.380127	-1.8088194	1.976
0.16519992	-10.923545	-0.016759412	2.086
-0.8619126	-13.403938	-1.5310919	2.146
-0.6584055	-12.532449	-1.1899183	2.197
-6.137536	-8.093599	-6.728904	2.253
-1.7286136	-11.316195	5.1846437	2.299
0.6931214	-12.3277445	-1.3084313	2.346
2.4791958	-6.495469	-2.9652188	2.396
0.6488287	-5.923255	0.47764325	2.449
-3.6858735	-9.03452	-1.0929531	2.497
-4.0617633	-7.4603324	3.1028855	2.546
1.2844892	-7.7464395	0.9636662	2.596
3.774459	-12.86644	-0.2753332	2.646
1.2533646	-12.339716	0.11252748	2.709
-11.118672	-19.6133	-6.1566896	2.76
-2.5594015	-5.317522	-5.6335564	2.796
1.9440918	-8.614338	0.9684546	2.846
-4.098873	-8.78672	-3.6739025	2.896
-6.0285997	-4.757279	1.5286977	2.946
-2.765303	-9.457097	-2.232593	3.037
1.7525556	-9.55885	-1.899799	3.049
0.38067806	-8.9279785	-1.3874398	3.096
-0.4333505	-11.23958	0.108936176	3.146
1.7657237	-12.5743475	-2.1894975	3.196
-3.8606503	-11.407174	-5.1559134	3.246
-6.6786256	-8.258799	-2.9017725	3.3
-2.7485435	-15.953763	5.4803276	3.346
0.20709845	-7.171831	-5.6551046	3.396
2.6132712	-5.105635	-0.18794483	3.454
-0.46686932	-6.471527	1.2689269	3.496
-3.1435869	-8.619126	0.92057055	3.546
-3.5422213	-8.614338	1.1552023	3.596
-1.6184803	-8.333019	1.6927006	3.646
3.0418332	-13.3464775	2.0278888	3.686
-1.7645266	-13.376405	-0.50397944	3.746
-9.28232	-9.7479925	-3.9839516	3.796
-0.4369418	-6.537368	-0.8607155	3.846
-2.3056161	-8.552089	-1.827973	3.896
-5.2421045	-6.7372837	-0.60812724	3.946
-5.0362034	-5.2409077	2.1775265	3.976
1.4999673	-8.902839	-3.5482068	4.046
2.634819	-10.730812	-1.8315643	4.108
0.9768343	-10.175357	1.4053963	4.146
0.09935937	-11.383232	0.6560113	4.196
-0.4297592	-11.571177	-1.543063	4.247
-7.6841903	-11.868058	-6.493075	4.298
-4.569334	-9.332599	4.2185836	4.346
-0.8475474	-12.58153	-1.5023615	4.397
1.2114661	-7.1143703	-3.4943373	4.446
0.34356794	-4.6351743	3.6248214	4.496
-0.760159	-7.1586633	-0.11372458	4.546
-1.7932571	-9.1590185	0.7613561	4.596
-2.1332338	-9.710882	2.814384	4.646
0.80684596	-9.7479925	3.1507695	4.696
1.1504139	-11.828553	1.3874398	4.746
-10.943896	-19.6133	-6.745663	4.797
-3.5613751	-3.371036	-6.203377	4.846
6.1088057	-6.884527	2.5965118	4.896
-2.2170308	-10.445902	-3.3147724	4.946
-6.307524	-8.92319	-3.0490158	4.983
0.07182605	-8.298303	-0.50637364	5.076
2.2373815	-8.665813	-0.9947908	5.096
1.4185646	-10.451887	-1.1288661	5.148
0.7074866	-10.9103775	-0.02873042	5.196
-0.8726865	-10.380061	-0.5482722	5.246
-4.606444	-10.721235	-7.9391727	5.307
-2.8119898	-11.1174755	1.5682021	5.346
0.5566519	-15.600618	-0.5614403	5.406
1.0319009	-7.07726	-6.7360864	5.446
3.9564183	-7.1790137	-1.42455	5.496
-0.3890578	-8.832211	-5.5641246	5.539
-4.0138793	-7.559692	-6.155493	5.596
-0.9828198	-4.280833	-1.9835961	5.646
0.8283938	-7.0844426	-6.0740895	5.696
-7.4112515	-9.002198	-14.105439	5.756
-5.161899	-10.070012	-6.160281	5.796
-0.055066638	-9.321824	-4.2820296	5.846
-0.7793127	-8.456321	-6.2500634	5.896
-2.0111294	-6.8929067	-3.2968156	5.946
-2.8203697	-7.607576	-4.010288	5.976
-2.8203697	-7.607576	-4.010288	5.976
-0.94092125	-9.902418	-2.2505496	6.096
-0.80924016	-10.41358	-1.8471266	6.177
1.922544	-9.738416	-1.2557588	6.196
-1.021127	-10.271125	-6.731298	6.247
-5.104438	-7.4615297	-3.1519666	6.298
-1.6927006	-11.915942	0.79607207	6.363
-0.52073884	-10.664971	-6.5960255	6.398
-1.9381063	-6.005855	-1.3754689	6.446
-5.9663506	-8.124723	-1.7429788	6.516
-7.6363063	-7.4136457	-0.4213795	6.546
-1.1623849	-6.5218053	2.5187001	6.596
-0.1436521	-8.819042	1.448492	6.646
-0.5291186	-12.313379	0.59256494	6.696
-1.1767502	-11.392809	4.271256	6.746
-6.4140663	-13.475764	-0.6476316	6.796
-6.4248405	-7.8733325	-6.3458314	6.846
-0.12569559	-7.9595237	-2.3523033	6.896
-1.9405005	-8.213309	-2.3558946	6.946
-4.6722846	-7.382521	-0.19512744	6.987
-4.010288	-5.189432	1.2605472	7.05
1.0378864	-8.956709	-2.9352913	7.106
1.863886	-11.572374	-1.4077905	7.146
-0.6715736	-10.244789	1.8016368	7.196
0.22625206	-12.48217	0.16519992	7.267
-0.20470424	-12.764687	-0.12569559	7.296
-4.0378213	-11.700463	-1.3563153	7.355
-5.8334723	-7.117962	-4.1826706	7.398
0.35673606	-14.626178	3.7457285	7.446
-1.5502456	-9.307459	-5.9448028	7.496
2.3175871	-3.6511576	2.7006595	7.558
0.06464344	-4.8781857	2.3020248	7.596
-2.7030537	-9.540894	1.0582372	7.646
-2.0039468	-10.108319	1.0821792	7.696
1.8088194	-9.239224	1.2437878	7.747
1.8100165	-15.393519	0.92296475	7.796
-14.219164	-17.357962	-6.5625067	7.846
-3.004723	-2.6898856	-1.2593501	7.896
2.1188686	-7.6746135	0.7625532	7.946
-4.710592	-10.198102	-3.775656	7.986
-5.979519	-6.184223	-0.81043726	8.046
-0.6631939	-6.143522	0.31244332	8.096
2.528277	-9.733627	-2.7329812	8.146
0.7146692	-10.42196	-0.40342298	8.196
-0.47644615	-9.613917	1.8195933	8.244
0.85473	-11.423933	0.51235914	8.296
-6.1686606	-13.311762	-3.4691982	8.346
-6.3865333	-10.96664	3.9695864	8.416
-1.9141643	-12.97777	4.011485	8.446
-1.5753847	-8.300697	-5.8334723	8.496
1.4628572	-3.8235402	3.1256304	8.546
1.1109096	-5.2983685	3.2740707	8.596
-1.412579	-9.217676	-1.0426749	8.646
-2.2780828	-9.452309	3.0502129	8.712
-0.8750807	-10.032902	3.478775	8.746
2.908955	-11.665748	1.6819267	8.796
-1.2844892	-12.126632	-0.89184016	8.846
-12.518084	-10.635044	-8.194156	8.896
-2.2541409	-5.898116	2.4408886	8.968
-1.021127	-9.654618	0.39983168	8.986
-6.203377	-6.5984197	-3.132813	9.046
-3.7780502	-7.0569096	-1.5191209	9.09
1.7417817	-8.279149	-1.4784195	9.144
1.6675615	-10.010158	-0.142455	9.196
-0.5781997	-10.514136	0.61770403	9.261
0.29688102	-11.639412	-0.4357447	9.296
1.079785	-11.386824	0.2837129	9.363
-8.297106	-11.639412	-4.8578353	9.396
-4.9440265	-7.8853035	0.45729253	9.446
-0.044292733	-10.658986	4.011485	9.49
0.034715924	-8.165425	-4.7381253	9.559
0.7026982	-7.5525093	2.5234885	9.597
-2.9149406	-8.67539	2.348712	9.646
-2.1200657	-7.6267295	-0.23942018	9.696
-0.31004912	-8.371326	1.5454572	9.747
-0.65242	-11.042058	2.1296425	9.799
-0.842759	-13.208811	1.7154455	9.846
-15.933413	-14.288596	-9.346964	9.896
0.81402856	-1.0510546	2.597709	9.946
6.4128695	-4.711789	5.2660465	9.986
6.4128695	-11.36767	-4.4544125	10.067
-6.7085533	-6.5385647	-0.2657564	10.097
0.15203181	-8.596381	0.8331822	10.146
2.8514943	-10.289082	-2.6240451	10.218
0.25737667	-9.441534	0.30765492	10.246
-0.21906945	-10.548853	0.79248077	10.297
-0.6703765	-10.716447	-1.5717934	10.346
-1.5514427	-10.1382475	-0.35314476	10.394
-7.795521	-9.720459	-4.7405195	10.446
-1.7429788	-9.818622	3.0202854	10.496
-0.40462008	-12.723985	-0.12210429	10.548
-0.20470424	-7.654263	-4.083311	10.596
0.842759	-6.661866	4.746505	10.646
-2.2972364	-8.799889	0.8607155	10.696
-1.067814	-7.1167645	0.4297592	10.746
-0.11611878	-7.4603324	2.3786395	10.811
-1.6280571	-11.88362	2.8167782	10.847
-1.8710686	-14.700398	1.1480197	10.896
1.9129672	-8.289924	2.7162218	10.946
-4.0306387	-15.547946	-1.4532804	10.986
-9.112331	-5.616797	-8.53054	11.051
-0.8331822	-6.364985	2.4121583	11.096
-1.5933412	-7.988254	0.878672	11.146
-3.7217865	-10.360908	-2.540248	11.209
1.6986861	-10.897209	-1.8662802	11.247
2.1332338	-8.969876	0.4417302	11.308
-0.415394	-10.796653	0.48482585	11.336
-1.8291701	-12.524069	-0.8559271	11.397
-1.2569559	-11.131841	-3.8774097	11.467
-4.52145	-9.048885	-4.9105077	11.496
-4.390966	-6.9958572	0.47405192	11.547
-2.5821466	-9.866506	1.8088194	11.605
0.49200845	-8.558074	-3.6487634	11.647
1.6687586	-8.453926	0.48722005	11.696
-3.0250738	-10.692505	0.49440265	11.746
-2.5737667	-7.9942393	-0.40102878	11.796
-0.47285482	-6.196194	0.79008657	11.847
-2.3415294	-10.032902	0.51954174	11.896
-1.5454572	-13.289017	0.59495914	11.946
-0.8631097	-11.530476	0.4405331	11.986
-5.2624555	-14.702792	-1.4951789	12.046
-5.0254292	-5.305551	-3.5410242	12.096
1.0462662	-3.9324763	-0.21428105	12.162
-0.94690675	-10.588357	-2.3331497	12.196
-5.1690817	-8.905233	1.1815386	12.256
-1.3263878	-8.334216	0.32202014	12.296
1.6579847	-8.172607	-1.2282255	12.346
1.7525556	-9.249998	0.30765492	12.396
-0.061052144	-10.436325	1.0414777	12.444
0.81881696	-10.613496	-1.4652514	12.496
-0.8571242	-13.363236	1.3084313	12.546
-4.2078094	-10.599131	-4.1611223	12.616
-5.195418	-7.681796	-1.7298107	12.647
-0.8535329	-8.316259	1.8806454	12.696
0.37229836	-9.605537	-0.5303157	12.746
0.077811554	-8.841787	-0.7098808	12.797
-0.8762778	-8.719683	0.58897364	12.846
-1.9416976	-8.714894	1.7130513	12.896
-1.9668367	-7.727286	1.1935096	12.946
-0.7697359	-9.247604	1.7429788	12.996
0.8882488	-12.052411	0.91697925	13.053
1.0857705	-11.744757	1.2306197	13.097
-7.989451	-17.843985	-3.0801406	13.146
-8.4587145	-3.2848446	-3.333926	13.217
1.8291701	-3.9073372	2.7257986	13.247
-1.2605472	-9.903615	-1.4820108	13.298
-5.6802435	-9.13388	-0.094570965	13.346
-1.0390835	-8.700529	0.18315643	13.411
2.0171149	-7.337031	-0.5243302	13.447
2.6647465	-8.325836	0.2621651	13.496
0.34596214	-9.28232	0.37469256	13.546
-1.1803415	-11.018116	-1.4413095	13.617
0.82360536	-11.495759	1.2401965	13.646
-2.2349873	-9.940725	-1.9835961	13.696
-9.052477	-7.026982	-6.5625067	13.746
-1.4903905	-15.172056	7.9990277	13.794
-2.908955	-11.844116	-5.0134583	13.846
1.0618285	-4.26527	-0.557849	13.896
-1.4700398	-4.4723687	3.1519666	13.946
-3.916914	-8.0684595	1.8614918	13.996
-3.6894648	-11.529279	-1.7118542	14.048
1.4305356	-7.7488337	4.4556093	14.116
1.7405846	-12.650962	3.3554738	14.146
-5.637148	-19.6133	-6.76362	14.217
-14.347254	-6.6079965	-17.82124	14.246
-2.8443117	-5.7784057	5.899313	14.327
0.51475334	-7.418434	2.456451	14.346
-5.046977	-5.637148	-3.0190883	14.386
-1.3275849	-8.190564	-2.3666685	14.447
2.3642743	-8.625112	1.7585411	14.496
-0.019153614	-10.565612	-0.79487497	14.557
-1.5035586	-6.9407907	-1.1923125	14.597
-1.4317327	-6.2620344	2.1332338	14.646
-12.228385	-10.389638	-2.9137435	14.696
-13.888764	-17.70991	2.3989902	14.746
-8.775947	-9.397242	-5.401319	14.787
0.20231004	-8.1642275	-3.2261868	14.846
-3.5230677	-6.885724	3.6870706	14.896
-5.2480903	-6.7492547	-3.9743748	14.946
-3.2453403	-7.358579	-1.400608	14.996
-3.2453403	-7.358579	-1.400608	14.996
-2.078167	-8.887277	0.3184288	15.096
0.16759412	-9.111135	0.45250413	15.163
1.7166426	-8.178593	1.6711528	15.199
-3.7852328	-12.053609	-0.79008657	15.246
-10.1143055	-10.754754	-9.020155	15.297
-3.9444473	-6.3865333	-0.7793127	15.346
-0.58298814	-9.360131	-1.0630256	15.397
-0.7577648	-9.974244	-5.7305217	15.447
1.5011644	-8.579621	-2.385822	15.496
1.8423382	-9.925163	-2.2170308	15.546
0.016759412	-10.700885	-0.7146692	15.597
-1.5825673	-10.435128	-0.82240826	15.646
-0.9600749	-10.726024	-0.7074866	15.696
0.7505822	-11.474212	-1.1336545	15.746
-1.8471266	-10.718841	-1.3012487	15.81
-7.589619	-7.773973	-3.4272997	15.846
-4.5202527	-10.0903635	5.225345	15.896
-1.0378864	-11.797429	-0.28491	15.946
1.4221559	-6.077681	-2.9879637	15.996
2.372654	-6.76362	4.173094	16.054
-1.1611878	-9.303867	-0.011971008	16.096
-2.695871	-8.974665	1.0761937	16.146
0.3890578	-8.095993	4.1706996	16.191
-0.1592144	-10.414778	1.1827357	16.246
-1.816002	-11.96622	3.107674	16.318
-3.560178	-12.64737	1.3335704	16.346
-7.5848308	-14.996082	-0.5746084	16.4
-4.8698063	-8.50181	-2.492364	16.446
-2.4408886	-9.988609	-3.2022448	16.496
-2.4851813	-8.971074	-3.0573955	16.55
-1.9357121	-5.1367598	-0.4177882	16.596
-2.64679	-5.318719	-1.7968484	16.647
-1.7381904	-9.093178	-1.9129672	16.696
-0.91697925	-7.619547	-1.6484078	16.747
-2.754529	-10.271125	-0.320823	16.797
-1.5693992	-15.478514	-2.1404164	16.846
-0.81283146	-14.098257	-1.7633295	16.896
-5.052963	-7.795521	-5.5509567	16.946
-6.421249	-9.578004	0.676362	16.996
-2.4588451	-13.715184	0.025139118	17.037
-0.80325466	-7.2328835	-3.1555579	17.096
0.04309563	-2.1033063	1.6196774	17.147
-0.62967503	-4.4005427	0.25498247	17.196
-2.791639	-9.129091	0.038307227	17.246
-1.9764135	-9.909601	1.3563153	17.299
-0.5374983	-9.048885	1.9656396	17.346
0.65242	-12.624625	1.4736311	17.402
-2.171541	-12.841301	0.21428105	17.446
-8.726865	-15.027207	-4.1659107	17.496
-1.1935096	-5.483919	-0.18914193	17.556
0.2681506	-7.845799	-1.5957354	17.598
-6.1004257	-10.901998	-2.9735985	17.646
-4.405331	-6.7971387	0.9900024	17.696
-0.32800564	-5.961562	-0.48722005	17.746
1.5454572	-8.7951	-1.6962919	17.804
-0.7290344	-10.402806	-0.50517654	17.846
0.033518825	-10.08318	1.3826514	17.896
-0.1352724	-11.480197	-0.51475334	17.946
-6.0118403	-13.503298	-3.7924154	17.996
-6.4008985	-11.124659	-1.6136919	18.049
-2.0961237	-8.614338	0.5710171	18.096
0.6428431	-8.98903	-0.92057055	18.15
-1.0366893	-7.1347213	0.8619126	18.196
-1.1659763	-6.7205243	0.51235914	18.246
-1.3826514	-8.06008	1.1575965	18.31
-2.4839842	-8.805874	1.258153	18.347
-2.516306	-10.344149	2.4720132	18.411
1.9369092	-11.675324	1.6124948	18.447
-3.2441432	-15.160085	-1.79206	18.496
-7.6841903	-7.997831	-3.1639376	18.546
-3.2513258	-4.4400473	0.7553706	18.609
-2.4432828	-8.451532	-1.970428	18.647
-6.39611	-9.745598	-1.115698	18.696
-3.417723	-6.2261214	0.7182605	18.746
2.0254946	-8.759187	-2.100912	18.805
1.9847932	-9.512163	-1.3730747	18.847
1.0833763	-8.334216	2.1140802	18.896
1.1552023	-10.7356	-0.5374983	18.946
0.6452374	-11.61547	-0.40222588	18.996
-3.6822822	-8.7125	0.20350714	19.046
-10.060435	-9.779117	-4.1742907	19.097
-0.63087213	-19.6133	7.147889	19.147
0.11611878	-9.303867	-8.167819	19.197
4.274847	-2.8000188	2.7712884	19.246
-0.33758244	-3.6834793	1.5765818	19.297
-3.394978	-9.449914	-0.50517654	19.347
-2.6360161	-10.765528	-0.14844051	19.396
-0.49799395	-8.12592	4.5406036	19.443
2.0398598	-15.223532	2.1883004	19.496
-9.022549	-19.406202	-4.4316673	19.546
-6.92044	-4.5980644	-8.310274	19.606
3.2585084	-7.0593038	3.821146	19.647
0.062249243	-9.64983	-4.320337	19.696
-5.556942	-6.1746464	-1.4089876	19.746
-3.1040826	-5.4922986	0.700304	19.796
0.046686932	-8.038532	-2.1260512	19.845
0.7230489	-10.795456	-1.2545617	19.896
-2.3642743	-11.079168	0.2885013	19.946
-0.62608373	-11.858481	-0.15203181	19.996
-0.9959879	-13.038822	-5.7903767	20.068
-6.6486983	-8.384495	-3.7193923	20.105
-4.3418846	-10.25676	2.6420016	20.146
-0.48123455	-11.027693	-1.9895816	20.196
0.9552865	-6.1938	-3.6511576	20.246
-0.021547815	-4.784812	1.1599907	20.296
-3.3865983	-11.579556	-0.5303157	20.367
-3.5098996	-10.13705	-0.33039984	20.396
0.61171854	-8.577228	0.8559271	20.467
0.6344634	-10.700885	1.3060371	20.496
-0.08499416	-13.862428	1.0139444	20.546
-5.1559134	-17.03235	-3.0418332	20.597
-6.82946	-5.729325	-11.378444	20.646
4.0426097	-5.0242324	3.3842041	20.696
1.7908629	-8.945934	-2.8898015	20.746
-4.667496	-7.240066	-2.6755204	20.796
-3.8355112	-7.335834	0.3878607	20.846
-0.9756372	-9.166202	-1.1815386	20.896
0.7398083	-8.653842	-0.89782566	20.946
0.78649527	-8.694544	-1.508347	20.996
-2.6479871	-11.933898	-2.8203697	21.051
0.6572084	-12.534843	-0.2741361	21.096
1.6759412	-10.961852	-6.578069	21.157
-5.911284	-7.079654	-6.8809357	21.187
-2.9999347	-9.129091	6.4427967	21.246
-1.5586253	-11.016919	-4.938041	21.296
0.6703765	-8.322245	-0.1364695	21.346
-1.3994108	-9.751583	0.6560113	21.417
-3.2429461	-7.9272017	-0.6380547	21.446
-1.8459295	-5.4527946	1.2605472	21.496
-1.7106571	-9.297882	1.1336545	21.568
1.5227122	-12.427104	2.0099323	21.596
0.23582886	-15.509639	-1.7250223	21.646
-10.734404	-13.330915	-6.3063273	21.696
-0.24061728	-7.0006456	1.5227122	21.747
0.7254431	-7.4627266	-1.0342951	21.796
-5.5282116	-8.190564	-2.873042	21.846
-4.745308	-3.3482912	1.7489643	21.896
-0.7278373	-6.5744777	-0.32800564	21.946
2.873042	-10.875661	-2.7353754	21.997
2.873042	-10.875661	-2.7353754	21.997
0.021547815	-9.94312	1.9297266	22.096
-0.7781156	-12.768278	-1.3036429	22.147
-2.980781	-12.542026	-1.5155296	22.196
-8.588001	-7.144298	-2.6431987	22.257
-1.6651673	-10.18254	3.417723	22.297
-1.0055647	-10.230424	-4.1635165	22.357
1.2593501	-7.2233067	-0.59376204	22.396
-0.88944596	-7.529764	2.5462334	22.446
-2.718616	-10.0029745	0.10295067	22.497
-0.5793968	-6.167464	0.92057055	22.546
-2.2254105	-10.1861315	1.7429788	22.596
-1.388637	-13.856442	3.7014358	22.646
-0.30047232	-11.914744	-0.09816227	22.698
-12.103887	-13.819332	-3.3854012	22.746
-4.0438066	-4.5633483	-3.8534677	22.796
-0.04070143	-9.281123	0.30166942	22.846
-3.204639	-9.504981	-3.289633	22.904
-4.5274353	-5.3378725	2.3403323	22.947
-0.91099375	-8.500613	-1.8734628	22.996
1.2378023	-10.058042	-0.9552865	23.057
0.019153614	-9.824607	2.256535	23.096
-1.401805	-10.480618	0.39145198	23.146
0.7158663	-9.600749	-0.89064306	23.196
-7.0712748	-10.952275	-3.1064768	23.276
-10.237606	-10.352529	-1.9835961	23.296
-2.3080103	-13.10586	5.3737855	23.346
-3.1866825	-6.752846	-4.687847	23.397
-0.2633622	-4.4220905	0.61291564	23.446
-0.6739678	-7.6015906	3.9935284	23.496
-3.4919431	-9.896433	0.35075054	23.546
-2.1392193	-8.139089	3.5577838	23.627
-0.07062895	-8.844181	3.180697	23.647
1.4053963	-9.021352	2.5965118	23.696
-10.123882	-12.852075	-1.103727	23.747
-9.431957	-8.316259	-7.989451	23.796
-3.027468	-9.703699	-1.2749124	23.876
-2.8431146	-8.165425	-4.2784386	23.896
-3.6535518	-6.445191	-0.9959879	23.948
-1.8938135	-7.788338	-3.3411086	23.988
2.5210943	-11.7627125	-2.0470424	24.046
3.3626564	-10.478224	-0.47046062	24.087
1.246182	-9.424775	2.0386627	24.162
0.16280572	-10.929531	1.1049241	24.197
-1.5634137	-10.510546	0.91338795	24.246
-7.007828	-9.707291	-2.2996306	24.31
-6.2009826	-8.607155	0.9768343	24.356
-1.4556746	-13.619416	2.3439236	24.396
-2.1260512	-7.848193	-5.439626	24.446
-0.11133038	-4.307169	3.0657754	24.496
-2.2301989	-9.457097	2.7856536	24.567
-4.429273	-9.696517	-0.18555063	24.596
-1.3215994	-9.409213	1.8590976	24.646
0.29568392	-11.039664	3.3877954	24.696
-3.503914	-11.512519	0.6404489	24.746
-5.910087	-9.469068	-3.2561142	24.809
-6.4990606	-7.275979	-3.0322564	24.847
-5.163096	-8.578424	-3.5110967	24.896
-5.237316	-7.9248075	-2.791639	24.958
-2.0769699	-5.9962783	-2.066196	24.998
-1.6124948	-5.6646814	-1.127669	25.047
0.8798691	-9.872491	-1.1767502	25.097
1.3215994	-9.476251	-1.0127473	25.146
0.7386112	-9.143456	1.6879122	25.196
0.4225766	-11.495759	1.0187328	25.246
-0.37708676	-11.20247	0.93972415	25.296
-2.552219	-9.127894	-0.7577648	25.347
-12.265495	-8.628703	-7.076063	25.396
-2.992752	-13.005303	7.5094137	25.446
-0.05865794	-11.009736	-4.3023806	25.496
3.5673606	-7.5201874	-2.8215668	25.548
0.19273324	-6.909666	3.526659	25.596
-4.547786	-7.9475527	0.6607997	25.646
-2.280477	-7.8637557	0.7194576	25.696
0.49559975	-9.601946	3.181894	25.746
1.1480197	-11.960235	3.8750155	25.779
-4.582502	-14.522031	-2.3511062	25.846
-11.054029	-8.444349	-9.629479	25.897
-0.23582886	-1.8267759	0.7661445	25.946
-0.8595184	-6.506243	-0.4237737	26.007
-4.1599255	-12.728773	-0.21787235	26.047
-4.7058034	-10.705673	-1.484405	26.097
2.6611552	-6.9108634	0.11252748	26.147
2.9771898	-7.5812397	0.34596214	26.196
-0.48003745	-10.123882	0.3878607	26.263
-1.271321	-11.10311	-0.6548142	26.308
0.712275	-11.787852	0.7745243	26.346
0.9768343	-10.758346	2.0590134	26.396
-7.4986396	-11.355699	-5.273229	26.446
-4.699818	-4.9907136	5.390545	26.511
-0.7098808	-13.012486	4.048595	26.546
-0.7445967	-9.92636	-4.4077253	26.596
0.94451255	-5.864597	3.3602622	26.646
-0.17597382	-6.7708025	3.383007	26.696
-0.6679823	-9.094376	0.18195933	26.747
-0.6607997	-8.4647	2.2984335	26.796
-0.7206547	-9.255983	3.799598	26.842
0.49081135	-12.700043	0.7422025	26.896
-5.2241483	-14.911088	-1.8866309	26.936
-8.735245	-5.7867856	-10.198102	26.996
-1.1073183	-5.070919	1.1240777	27.046
-2.4265234	-7.08564	0.52073884	27.106
-4.120421	-8.485051	0.8822633	27.146
0.089782566	-9.7563715	-3.2345665	27.196
3.1364043	-7.656657	-0.2741361	27.247
1.3934253	-8.394072	1.7058687	27.296
-1.6448165	-11.818976	-0.16519992	27.346
-0.16879122	-11.329363	-1.5466543	27.396
-3.108871	-13.447034	-2.3894134	27.446
-6.244078	-10.517728	-2.4480712	27.496
-3.9827545	-8.407239	2.552219	27.546
0.0023942017	-9.0237465	-3.0226796	27.596
1.3120226	-7.193379	1.3323733	27.647
-1.4856021	-6.731298	0.4381389	27.696
-2.9137435	-8.052897	2.5797524	27.777
-2.5893292	-7.338228	2.944868	27.796
-1.590947	-9.988609	1.5406688	27.846
1.1372458	-12.882002	1.8890251	27.917
-0.5386954	-12.02009	0.073023155	27.946
-11.180922	-17.853561	-6.9360023	27.986
-8.414422	-6.5684924	-8.540117	28.016
-0.46327803	-4.8901567	0.8607155	28.096
-4.322731	-8.9363575	0.5410896	28.147
-6.5337763	-8.583213	-0.2765303	28.196
1.6687586	-9.340978	-1.79206	28.246
3.2225955	-7.536947	0.4333505	28.327
0.7026982	-8.259995	0.60812724	28.346
-2.0111294	-11.725603	0.30047232	28.396
0.17118542	-11.852495	0.58897364	28.446
-0.5363012	-12.097901	1.1671734	28.499
-9.923966	-7.335834	-4.0198646	28.556
-0.2681506	-11.881226	8.856153	28.596
-1.2785037	-9.850943	-2.408567	28.646
-1.1839328	-5.813122	-1.2749124	28.696
0.48003745	-7.801506	4.554969	28.759
-2.2290018	-8.740033	1.2425907	28.796
-0.8690952	-7.8589673	0.415394	28.846
-1.7525556	-10.080787	2.610877	28.899
0.10534488	-14.466964	3.2956185	28.946
-7.9248075	-13.056779	-2.4756045	29.001
-11.708843	-19.6133	-4.285621	29.017
-1.9428947	-9.178172	0.34715924	29.097
-2.9700072	-7.952341	-3.8295257	29.16
-3.526659	-5.8442464	0.59136784	29.196
-1.8590976	-4.7656584	1.448492	29.247
-0.22984336	-8.4108305	-3.168726	29.297
0.56982	-11.049241	-2.112883	29.346
-0.92655605	-10.053253	0.50038815	29.396
-0.760159	-10.03769	1.3551182	29.446
-0.047884032	-10.700885	-0.4225766	29.517
-5.2205567	-12.484565	-2.6192567	29.546
-6.777985	-10.16578	-3.8642416	29.596
-1.958457	-8.23366	4.1216183	29.646
-0.62488663	-9.123106	-2.4624364	29.696
-0.10175357	-9.14585	-1.6112977	29.748
-0.79008657	-8.005013	2.5127146	29.797
-2.4720132	-9.223662	0.5674258	29.86
-2.1523874	-6.6870055	0.02873042	29.897
-2.6647465	-7.267599	1.6915035	29.946
-2.9640217	-10.596737	2.2062569	29.997
-1.5945383	-12.745533	0.047884032	30.056
2.1164744	-12.78384	1.1552023	30.092
-9.594764	-13.651738	-2.373851	30.146
-1.9656396	-6.3697734	-0.23223756	30.196
-0.9528923	-6.599617	-0.78050977	30.247
-4.209007	-9.478644	-2.1859062	30.297
-3.5434184	-7.132327	0.6667852	30.346
1.328782	-8.943541	-0.61171854	30.396
2.791639	-9.471462	-1.7142484	30.447
0.4201824	-9.703699	0.5494693	30.496
-0.61530983	-10.802638	0.8295909	30.547
-1.0666169	-12.951434	-0.6619968	30.596
-2.64679	-12.3516865	-0.78649527	30.646
-3.3554738	-8.89446	-4.71538	30.697
-1.6089035	-10.195708	3.441665	30.758
-0.94211835	-11.639412	-2.8419175	30.797
-1.0007763	-7.762002	-1.352724	30.847
0.5662287	-5.8945246	0.8822633	30.897
-2.2409728	-7.563283	-0.40342298	30.946
-2.8383262	-7.6506715	1.5658079	30.999
-0.46208093	-7.2233067	2.0111294	31.048
0.4189853	-10.08318	2.3762453	31.113
-0.93972415	-11.172543	2.3570917	31.146
-5.104438	-19.6133	-1.6065093	31.196
-11.753136	-3.9492357	-18.018763	31.254
6.43322	-8.893262	8.571242	31.297
-6.8127007	-11.112687	-4.6950297	31.346
-8.783129	-7.265205	-1.447295	31.396
-1.067814	-2.9616275	1.3670892	31.446
2.7605145	-8.789114	-1.3599066	31.511
1.6747441	-11.127052	-0.8774749	31.547
-0.36272156	-11.154586	2.2457612	31.597
1.555034	-11.468226	0.075417355	31.646
-1.1971009	-10.726024	-0.61052144	31.696
-13.061567	-8.859743	0.92296475	31.767
-0.91937345	-16.304514	6.493075	31.796
-0.92775315	-10.644621	-4.8733974	31.847
3.53863	-4.7141833	1.3299791	31.896
2.4061728	-5.9998693	2.9149406	31.951
-2.7736826	-9.671378	1.4053963	31.996
-2.2697031	-9.32781	1.1468226	32.027
-0.6607997	-9.578004	3.0897174	32.117
0.60932434	-14.818912	2.5881321	32.146
-3.0765493	-11.604695	-0.25857377	32.196
-9.376891	-11.723208	-8.603564	32.257
-3.393781	-3.9755719	-3.204639	32.297
-2.3439236	-4.390966	-0.16400282	32.346
-3.4596214	-10.59554	1.2078748	32.396
-5.781997	-8.702923	-2.1775265	32.453
3.1854854	-8.297106	0.12330139	32.497
3.5063083	-7.902063	-0.21428105	32.546
-0.35075054	-9.516952	0.93014735	32.596
-1.3060371	-12.685678	-0.5279215	32.646
1.4305356	-11.505336	-0.33279404	32.697
-3.4572272	-12.12304	-2.3199813	32.747
-9.218874	-8.605958	-3.7984009	32.796
-1.4808137	-12.677298	0.78050977	32.867
-0.80325466	-9.362526	-5.719748	32.897
1.0295067	-6.6534867	-2.5785553	32.942
-1.1264719	-7.8206596	3.9851487	32.997
-2.6312277	-9.665392	1.1480197	33.027
-1.7609353	-7.7488337	-0.1592144	33.077
-0.20709845	-8.002619	2.0853498	33.147
-1.2366052	-12.98615	1.9871874	33.196
-1.3395559	-16.152481	-0.7386112	33.26
-11.944673	-15.5120325	-6.075287	33.296
-5.886145	-3.90614	-5.097255	33.346
-1.7848774	-2.8778305	1.9297266	33.396
-4.759673	-11.997345	-2.397793	33.447
-6.8905125	-9.350554	-4.337096	33.495
-0.91099375	-8.711303	0.074220255	33.547
-0.04070143	-9.950302	-2.7868507	33.596
-1.7872716	-9.324219	-2.8778305	33.646
-3.9504328	-7.943961	0.5554548	33.696
-6.2285156	-6.823475	-2.6072857	33.75
-3.74094	-11.663354	-2.0015526	33.798
-5.395334	-11.489774	1.9728222	33.846
-7.2029557	-10.116699	-1.067814	33.913
-2.6803088	-7.811083	0.38067806	33.946
-1.7788919	-6.5457473	1.6412252	34.027
-2.6443958	-6.2512608	0.51834464	34.038
-3.4392707	-8.845378	1.7190368	34.114
-2.6396074	-7.9607205	2.1571758	34.147
-1.6256629	-8.267179	2.5905263	34.196
-1.4520833	-9.937134	1.8495208	34.246
-7.3322425	-16.935387	-2.2062569	34.296
-5.98311	-7.643489	-5.0134583	34.346
1.2761095	-6.633136	-0.91338795	34.396
-2.4504654	-11.414356	-3.3961751	34.446
-4.0294414	-8.947132	-0.9864111	34.516
-2.384625	-7.5572977	-1.5562311	34.546
0.6356605	-10.149021	-2.4959552	34.596
1.899799	-10.287885	-1.033098	34.646
1.7405846	-8.862138	0.61291564	34.696
1.8818425	-9.127894	0.02873042	34.773
-2.207454	-11.548432	0.7422025	34.796
-0.39264908	-12.465411	0.6452374	34.85
0.0011971008	-11.057621	0.7062895	34.896
-4.2317514	-9.844957	-6.1770406	34.947
-6.277597	-7.955932	-0.6799533	34.997
-4.8662148	-11.263522	4.5082817	35.036
-4.8662148	-11.263522	4.5082817	35.036
-0.1328782	-6.0357823	1.3072342	35.147
-2.1559787	-8.000225	2.813187	35.196
-4.673482	-8.2169	-1.4257472	35.257
-0.5327099	-6.8103065	0.5554548	35.297
0.17597382	-9.272743	0.59615624	35.346
-1.0785879	-13.424289	2.9137435	35.396
-0.92176765	-13.408727	0.93493575	35.446
1.8124107	-9.247604	2.1691468	35.497
-9.228451	-13.449428	-4.9643774	35.546
-7.9224133	-5.1882353	-8.706514	35.596
1.0378864	-4.8398786	1.4556746	35.646
-1.2054806	-9.566033	0.48722005	35.696
-5.3366756	-10.305841	-1.9895816	35.767
-0.48003745	-8.707711	-0.5662287	35.796
1.0307038	-7.371747	0.22505496	35.851
-0.90620536	-10.011354	-0.7577648	35.896
-1.9033904	-13.261483	-1.7812861	35.946
2.0266917	-12.514492	-0.4177882	35.996
2.7688942	-11.987768	0.50038815	36.036
2.7688942	-6.1076083	0.51834464	36.127
-6.1638722	-6.0202203	3.4284968	36.147
-2.078167	-10.545261	-0.5410896	36.196
-0.2741361	-8.14268	-3.9085343	36.247
-0.06943185	-9.16261	1.8866309	36.297
-2.5510218	-9.355343	1.4173675	36.346
-1.9979613	-6.706159	0.020350715	36.396
-0.521936	-6.0800753	1.4640543	36.446
-0.48961425	-9.17099	2.4887726	36.496
-0.2657564	-13.366828	1.7310078	36.546
-0.6392518	-13.315352	2.1188686	36.596
-0.91817635	-11.067198	1.2425907	36.646
-11.469423	-17.22269	-5.386954	36.696
-6.217742	-3.9827545	-4.507085	36.75
-0.7577648	-4.5753193	1.3371617	36.814
-1.780089	-8.540117	-0.56982	36.847
-4.7884035	-8.785523	-2.0147207	36.896
0.9744401	-9.67856	-2.1272483	36.967
1.9369092	-8.185776	-2.0745757	36.996
-1.2174516	-8.937555	-1.2497733	37.047
-1.7322049	-9.321824	-1.0307038	37.057
-0.017956512	-13.010092	0.25737667	37.146
0.022744916	-11.623849	0.6428431	37.196
-4.679467	-10.292673	-6.453571	37.247
-7.823054	-8.064868	1.2006922	37.296
-2.36188	-13.266272	0.073023155	37.346
-1.3479356	-10.3226	-4.6232033	37.396
-0.88944596	-4.285621	0.9528923	37.447
-0.9828198	-4.3658266	1.5275006	37.493
-2.6312277	-7.5944076	-0.1604115	37.546
-3.4943373	-9.153033	0.30645782	37.596
-0.439336	-8.492233	1.8435353	37.646
0.007182605	-9.827001	1.9428947	37.696
0.45250413	-12.715605	1.436521	37.76
-0.130484	-12.154165	1.8076223	37.807
-8.413225	-16.2279	-2.8215668	37.846
-3.8762126	-3.4021606	-1.4820108	37.915
0.034715924	-3.0885203	1.5837644	37.947
-3.2333694	-11.171345	-0.92296475	38.004
-5.321113	-10.377667	-0.2896984	38.036
-2.6779146	-9.901221	-0.760159	38.067
2.5929205	-8.032547	-0.80086046	38.153
1.1097125	-9.044097	0.92296475	38.196
-0.4201824	-10.2735195	0.61411273	38.247
-0.94570965	-11.743559	-1.4041992	38.297
0.06943185	-11.637017	2.2421699	38.36
-4.382586	-12.500127	-3.0502129	38.396
-4.5178585	-6.56131	-1.7106571	38.446
-1.2234371	-7.551312	3.3889925	38.496
-0.007182605	-11.086351	-2.232593	38.549
-0.7230489	-9.807847	-0.7577648	38.599
-1.3024458	-8.240842	2.148796	38.646
-1.5765818	-6.7588315	0.8343793	38.697
-1.1755531	-6.159084	2.0015526	38.746
-2.0745757	-11.075577	1.6795325	38.816
-1.2665327	-14.131776	1.6723499	38.846
2.669535	-12.318168	2.2110453	38.897
-2.870648	-15.713146	-1.0115502	38.946
-7.94037	-6.549339	-5.116409	38.997
-0.2705448	-7.5333557	1.4209588	39.046
-0.5650316	-7.795521	-0.19632454	39.066
-2.9712043	-5.7963624	0.37469256	39.148
-2.243367	-6.432023	0.19871874	39.196
1.3670892	-9.557653	-1.8734628	39.247
1.4927847	-9.187749	0.23822308	39.296
0.2645593	-9.640253	1.7753005	39.347
-0.7290344	-11.268311	-0.50637364	39.396
-4.865018	-10.773908	-0.9959879	39.446
-9.361329	-11.405977	-5.3642087	39.497
-2.6036944	-18.27973	6.4727244	39.546
0.06464344	-8.180987	-6.3781533	39.596
3.9372647	-2.2709002	2.0207062	39.646
-0.19752164	-3.3806129	1.3084313	39.696
-2.4827871	-9.742006	-0.5446809	39.741
-5.614403	-10.593145	1.6172832	39.797
2.9400797	-9.490616	3.0657754	39.848
1.8806454	-15.195998	2.3343468	39.896
-9.982624	-19.6133	-4.1144357	39.946
-4.0892963	-2.9221232	-3.1148565	39.997
1.8830396	-8.974665	0.34955344	40.056
-0.044292733	-8.967483	-0.91697925	40.066
-5.4192758	-4.6830587	0.44891283	40.147
-2.2888567	-4.2461166	-0.4225766	40.196
1.8471266	-9.405622	-1.5933412	40.247
-0.5315128	-11.789049	-1.1767502	40.297
-1.0283096	-10.532093	1.2940661	40.346
1.9776106	-11.962628	-0.23463176	40.396
-0.19512744	-14.416685	-2.0278888	40.457
-7.4351935	-8.724471	-4.55856	40.497
-3.5087025	-9.55047	2.420538	40.546
-1.8136078	-11.9614315	-2.27928	40.596
0.8810662	-6.88333	-0.6799533	40.646
-0.16639702	-6.7384806	-0.32321724	40.711
-2.8263552	-8.016984	-0.82001406	40.747
-2.966416	-8.153454	1.8770541	40.796
-0.8319851	-8.78672	0.80564886	40.846
-0.59615624	-10.673351	0.7469909	40.897
0.16400282	-13.232753	1.780089	40.947
-10.020931	-19.6133	-7.1993647	40.996
-4.6244006	-3.25372	-8.163031	41.047
2.5510218	-4.6232033	2.7928362	41.077
-1.9141643	-9.510966	-3.5170822	41.146
-7.3418193	-6.361394	-0.6667852	41.211
-2.540248	-6.2608376	-0.12330139	41.247
0.7661445	-8.689755	-0.51355624	41.296
1.9141643	-9.320627	-1.8962077	41.346
-0.24779987	-9.244013	0.79128367	41.396
-1.1360487	-11.378444	-1.423353	41.46
0.415394	-13.241133	0.80804306	41.496
-4.4639893	-11.692084	-5.827487	41.546
-4.8626237	-7.3765354	-1.8255788	41.596
-1.8387469	-10.019734	1.6160861	41.646
0.8355764	-7.6494746	-4.5884876	41.696
0.50038815	-9.642648	0.23343466	41.746
-3.265691	-11.722012	-0.61171854	41.817
-3.0597897	-6.8103065	-0.1604115	41.846
0.02633622	-5.2564697	1.5131354	41.91
-1.4449008	-9.837775	1.7824832	41.946
-0.4285621	-14.168885	0.40222588	41.996
-0.49559975	-12.506113	0.33638534	42.062
-2.2385786	-14.494497	-0.2645593	42.068
-5.943606	-6.0262055	-5.33069	42.146
2.4863784	-3.1651347	2.0135236	42.197
-1.2904748	-10.357317	-1.2306197	42.246
-6.2285156	-8.522161	-0.15442601	42.297
-1.9883845	-9.027337	-0.32441434	42.346
2.682703	-7.690176	-0.78529817	42.414
2.3582888	-8.09719	-0.30765492	42.448
-0.7230489	-10.83496	0.47405192	42.496
-0.5386954	-12.543222	-2.5462334	42.546
1.5370775	-14.213179	0.19991584	42.596
-5.1523223	-9.266758	-4.542998	42.66
-5.9627595	-7.023391	-1.234211	42.696
-2.146402	-11.789049	2.030283	42.746
0.5734113	-6.637924	-2.4672248	42.816
1.7956513	-7.01142	-0.8403648	42.834
-3.394978	-11.174936	0.06584055	42.897
-2.979584	-6.155493	1.282095	42.946
-0.8391677	-4.818331	2.5845408	43.006
-1.1659763	-10.503363	1.9369092	43.048
-1.3467385	-15.87236	1.839944	43.077
-0.8678981	-13.263878	0.17717093	43.146
-11.191696	-5.234922	-7.811083	43.217
-2.4157495	-4.722563	-1.4293385	43.246
1.3970166	-7.297527	0.29807812	43.296
-3.5913026	-10.129868	-2.3104045	43.346
-5.1762643	-6.06571	1.2138603	43.416
0.700304	-8.043321	-0.34117374	43.447
2.8514943	-9.386468	-1.8890251	43.496
0.7793127	-9.564836	0.18315643	43.546
-1.1528081	-11.86327	0.58298814	43.596
-0.38187516	-12.295423	-0.8870517	43.647
0.24779987	-9.7803135	0.15442601	43.696
-9.068039	-7.5692687	-5.221754	43.746
-2.908955	-7.0784574	2.6204538	43.787
0.8391677	-13.379996	-1.8423382	43.864
0.93254155	-7.9427643	-1.5023615	43.906
-1.2725182	-6.7719994	3.739743	43.946
-3.05141	-8.372523	0.36631286	43.997
-0.46088383	-6.8330517	0.021547815	44.046
-0.24899697	-7.893683	0.5243302	44.076
-1.2916719	-11.748347	2.3259668	44.157
-0.09816227	-8.548497	1.7717092	44.197
-4.405331	-19.6133	-5.067328	44.246
-4.607641	-6.199785	-8.841787	44.296
4.095282	-4.950012	2.6743233	44.346
1.3874398	-6.9252286	-2.9472623	44.427
-5.237316	-7.074866	-2.6001031	44.446
-2.1799207	-9.49301	-0.6847417	44.496
1.7585411	-9.43076	-0.49559975	44.546
0.6380547	-10.752359	-1.6376339	44.596
-2.0446482	-11.77229	-2.0566192	44.646
-1.8267759	-11.443087	-1.2952632	44.697
1.541866	-9.052477	1.3227965	44.736
-6.093243	-8.080431	-9.994595	44.796
-2.2613235	-11.307815	7.0209966	44.847
-0.39624038	-10.793061	-4.414908	44.897
2.7748797	-6.851008	-5.267244	44.947
-0.30526072	-8.167819	1.42455	44.996
-5.237316	-10.542868	-0.51954174	45.046
-5.4504004	-8.366538	-3.0178912	45.076
-0.05626374	-8.208521	-0.25857377	45.157
-0.89064306	-9.837775	0.78290397	45.196
-1.246182	-11.784261	1.8124107	45.247
0.10534488	-12.325351	-1.3347675	45.296
-7.553706	-8.918402	-15.911864	45.357
0.51475334	-0.92535895	3.9947255	45.396
3.6858735	-8.798691	1.3706805	45.446
-5.0014873	-11.026496	-6.719327	45.496
-3.8498764	-7.7308774	-0.78290397	45.546
0.22026655	-6.835446	1.5658079	45.597
0.41060558	-8.796297	-0.90141696	45.646
-1.0175357	-11.046846	-1.1025299	45.709
0.20590134	-11.314998	0.31483752	45.746
1.282095	-10.623073	-0.09935937	45.797
-5.011064	-11.769896	-7.017405	45.847
-5.0182467	-7.327454	-1.934515	45.906
-1.7836803	-10.8182	2.72939	45.957
-0.8571242	-9.25359	-4.313154	45.996
0.6344634	-10.924743	-1.697489	46.046
-0.44532153	-10.90918	-0.48362875	46.087
-0.89423436	-7.656657	-1.3826514	46.147
-0.5315128	-6.5984197	-0.8822633	46.196
-1.8722657	-8.250419	-1.3323733	46.246
-2.2697031	-10.8385515	-0.108936176	46.297
-3.0059202	-8.865729	0.48123455	46.346
-0.2717419	-9.24521	0.92535895	46.396
-4.859032	-19.578585	-7.1263413	46.446
-1.4413095	-6.0621185	1.1923125	46.496
4.772841	-7.7213006	-3.1435869	46.567
0.15801731	-10.903194	-3.9205053	46.596
-5.5701103	-10.969035	-3.940856	46.648
-3.095703	-8.221688	-0.31603462	46.697
-1.0666169	-6.6905966	-0.9888053	46.747
-1.0295067	-10.121488	-0.6859388	46.797
-0.80086046	-10.800244	-1.055843	46.846
-0.79607207	-10.666168	-1.1994951	46.907
-1.9488802	-13.369223	-4.060566	46.946
-4.2078094	-10.878056	-4.6962266	46.996
-4.9883194	-6.685808	0.9636662	47.049
0.1340753	-11.208455	0.47285482	47.086
-0.79128367	-9.673772	-2.731784	47.147
-1.4867992	-7.4926543	-0.8403648	47.196
-1.7082629	-7.702147	1.2976574	47.277
-2.3187842	-7.704541	0.020350715	47.296
-0.7685388	-7.855376	1.3443443	47.346
-0.6332663	-9.985018	0.7254431	47.396
0.4357447	-12.190078	1.6747441	47.446
0.93373865	-13.046005	1.4808137	47.497
-3.964798	-16.006435	-1.1348516	47.537
-5.8813562	-5.592855	-2.4145525	47.61
-0.1448492	-4.7560816	0.34476504	47.657
-0.7338228	-8.892065	-1.5406688	47.696
-3.3267434	-9.313444	-1.067814	47.758
-1.567005	-8.234857	0.2669535	47.796
1.3491327	-8.182184	-0.61291564	47.846
0.9756372	-8.700529	-0.4237737	47.896
-0.91099375	-9.636662	0.5518635	47.946
-1.3599066	-11.46224	-1.0570401	47.997
0.25258827	-11.437101	-0.32441434	48.046
0.36032736	-10.717644	1.9333179	48.086
-4.7896004	-9.579201	-6.3865333	48.148
-3.513491	-7.8505874	3.9636009	48.211
-0.21906945	-12.424709	2.385822	48.247
-0.40821138	-9.26197	-4.1240125	48.296
0.5386954	-8.075643	1.9560628	48.347
-1.780089	-9.398438	1.2138603	48.396
-1.4975731	-6.483498	1.3790601	48.446
-0.65242	-7.639898	1.8136078	48.497
-1.3192052	-10.755951	1.1719618	48.536
1.1204864	-12.735956	0.50038815	48.596
-8.947132	-18.49042	-4.1491513	48.646
-5.2002063	-5.0146556	-3.5649664	48.708
0.51714754	-5.117606	1.0235212	48.747
-3.2345665	-7.201759	-0.59256494	48.796
-6.5206084	-8.177396	0.10414778	48.846
-0.9768343	-9.797073	-0.91697925	48.896
3.015497	-7.8326306	-0.9864111	48.946
1.7441759	-8.7771435	0.6488287	49.007
-1.3862427	-10.081984	-0.05865794	49.046
-0.60693014	-9.816227	-1.4101849	49.087
-2.19668	-14.1186075	-0.8655039	49.147
-7.632715	-12.867637	-1.0773908	49.21
-8.091205	-8.809465	1.9931729	49.249
-1.34195	-8.1642275	0.59495914	49.296
0.5793968	-6.599617	-0.38307226	49.346
-1.1312603	-7.953538	1.8602947	49.396
-2.0913353	-9.412804	0.4177882	49.446
-1.7537527	-6.92044	2.3139958	49.497
-1.292869	-8.043321	3.1423898	49.546
-1.6807296	-11.33894	2.457648	49.597
0.90021986	-11.579556	1.9847932	49.647
1.6819267	-11.346122	2.6886885	49.697
-11.064803	-19.158401	-3.3303347	49.746
-7.9547353	-3.2848446	-3.3423057	49.825
-1.1671734	-3.4931402	1.4879963	49.846
-2.4289176	-9.212888	-0.521936	49.886
-5.5138464	-8.973468	-2.8862102	49.947
-0.9552865	-9.540894	-0.89303726	49.996
3.333926	-9.461885	-0.82121116	50.056
1.8148049	-8.718486	-0.51116204	50.096
1.8148049	-8.718486	-0.51116204	50.096
-1.115698	-11.079168	0.61171854	50.196
-0.19033903	-10.709264	1.1540052	50.246
-4.7321396	-14.180857	-0.5650316	50.296
-6.3338604	-9.975441	-6.0740895	50.346
-4.0797195	-5.4887075	4.2640734	50.409
-0.24660277	-11.259931	-1.9153614	50.447
0.11731588	-10.553641	-0.91937345	50.496
-0.415394	-8.663419	1.4401124	50.567
-2.1894975	-8.791509	1.3611037	50.596
-1.5598224	-6.4739213	1.448492	50.645
0.034715924	-6.8366427	2.3810337	50.696
-1.3323733	-10.465055	2.292448	50.747
-0.47285482	-12.435484	0.3890578	50.797
1.1851299	-11.243171	3.169923	50.846
-5.4982843	-17.234661	-1.4664485	50.896
-10.904391	-6.513426	-8.625112	50.952
-1.1456255	-4.655525	-0.04309563	50.996
-2.5342624	-7.3645644	-0.5410896	51.046
-2.4540567	-8.811859	0.12090719	51.097
-2.2541409	-10.0029745	-2.3020248	51.148
1.8124107	-8.1797905	-0.36511576	51.217
2.1260512	-8.537724	0.78170687	51.246
1.3323733	-10.1143055	-0.12928689	51.296
-1.4077905	-11.3964	0.010773907	51.347
-1.3838485	-10.127473	1.2677298	51.396
-2.6910827	-13.560759	-1.0666169	51.439
-4.9536033	-8.243237	-3.3997664	51.496
-1.4305356	-10.653001	4.346673	51.547
-0.14963761	-9.212888	-6.015432	51.607
1.5179238	-7.4363904	0.4381389	51.646
-2.4863784	-8.789114	1.2258313	51.717
-2.4624364	-9.041702	-0.21308395	51.746
-0.40940848	-5.521029	1.1372458	51.807
0.50278234	-8.082825	1.2569559	51.846
-1.316811	-13.157335	2.03148	51.896
1.0199299	-11.996147	2.0853498	51.947
-0.40940848	-13.415909	0.3196259	51.996
-11.903971	-8.765172	-9.514558	52.046
0.079008654	-3.9636009	0.5422867	52.096
-1.697489	-5.993884	-0.110133275	52.147
-3.8977604	-9.416395	0.16998832	52.196
-1.9369092	-9.799467	-3.0298622	52.247
2.2170308	-8.62152	-1.6328455	52.296
1.8986019	-8.1642275	0.1388637	52.357
-1.4520833	-9.176975	-0.5231331	52.397
-4.370615	-13.135788	-1.3599066	52.446
0.48482585	-12.474988	1.7525556	52.516
0.9756372	-12.837709	-0.29328972	52.546
-5.6886234	-7.563283	-6.4032927	52.597
-6.8426285	-9.964667	3.0334535	52.647
-1.8136078	-13.226768	0.11372458	52.697
0.52073884	-5.4623713	-1.3611037	52.768
0.81043726	-4.923676	-0.18076223	52.796
-2.135628	-7.666234	-0.48722005	52.846
-4.6722846	-9.380483	-0.06464344	52.914
-2.6599581	-8.0684595	0.260968	52.946
-1.0654198	-8.468291	0.80564886	52.996
0.82121116	-13.305776	2.0171149	53.046
-5.853823	-18.831593	-3.4967315	53.096
-4.033033	-6.493075	1.127669	53.168
2.5629928	-5.8442464	0.58538234	53.196
-2.9999347	-8.42759	-5.0840874	53.246
-4.6579194	-7.9032598	0.23343466	53.296
-1.2545617	-6.805518	0.7182605	53.346
1.4772224	-8.723274	-2.779668	53.397
1.1779473	-10.056845	-0.7026982	53.446
-0.89423436	-11.109096	0.50637364	53.498
-0.9768343	-11.422736	-1.4903905	53.547
0.16759412	-10.969035	0.62249243	53.596
-5.5270147	-10.488997	-3.6128504	53.647
-4.868609	-7.315483	-1.1145009	53.696
-2.5067291	-9.830592	1.8555063	53.756
-0.6560113	-9.580399	-4.1252093	53.796
0.51954174	-8.787917	0.8559271	53.846
-1.958457	-9.264363	0.1448492	53.916
-1.839944	-8.020576	0.25258827	53.946
-0.81881696	-6.1088057	1.7597382	53.996
-1.4089876	-10.394426	1.8231846	54.046
-0.9828198	-12.531252	0.022744916	54.097
-0.9828198	-12.531252	0.022744916	54.097
-7.704541	-13.522451	-4.9320555	54.196
-3.4213142	-4.3358994	-2.0350714	54.246
2.8060043	-2.694674	1.448492	54.296
-3.667917	-12.038046	-2.3690627	54.347
-7.074866	-11.014524	-1.3730747	54.387
-0.25139117	-7.785944	0.4249708	54.46
2.956839	-6.7731967	-0.6895301	54.497
2.0697873	-8.236053	-0.50517654	54.546
0.35913026	-8.875306	1.0414777	54.597
-0.30885202	-10.493786	-0.8439561	54.646
-0.33758244	-11.081563	0.31004912	54.696
-3.594894	-11.038467	-0.027533319	54.747
-8.033744	-10.597934	-7.1167645	54.796
-1.3108255	-15.166071	7.5429325	54.847
-2.1667526	-9.939528	-5.5270147	54.897
1.9716251	-4.736928	1.0630256	54.946
-0.89303726	-4.509479	1.9596541	54.996
-1.5825673	-7.2113357	-0.2645593	55.065
-2.2697031	-10.217256	0.5674258	55.087
-2.6743233	-11.687296	2.3223755	55.146
1.7202339	-11.301829	3.6966474	55.196
-8.639477	-19.6133	-6.220136	55.246
-4.0306387	-4.6112323	-10.653001	55.296
3.8845923	-7.0066314	0.91937345	55.367
-1.1779473	-7.825448	-1.270124	55.417
-6.8402343	-3.9983168	-0.5530606	55.446
-2.9891608	-6.1387334	-0.62368953	55.496
4.735731	-11.894394	0.59855044	55.546
0.760159	-10.688913	-1.0809821	55.597
-1.459266	-10.820595	1.1204864	55.647
1.0378864	-11.034876	-0.8415619	55.696
-6.5086374	-9.301474	-6.3925185	55.758
-7.2065473	-10.41358	4.1371803	55.796
-1.1815386	-16.61935	0.17477672	55.846
0.6799533	-6.2512608	-4.307169	55.908
4.2700586	-2.244564	3.681085	55.946
-0.7613561	-5.2744265	1.389834	55.996
-2.8311436	-11.577163	0.5662287	56.046
-2.813187	-9.634268	2.3463178	56.096
-0.07062895	-8.14268	2.5773582	56.146
0.9959879	-13.632585	1.6400281	56.196
-8.078036	-13.115437	-0.17717093	56.246
-12.157756	-8.4347725	-8.128315	56.296
-7.513005	-9.251195	0.7386112	56.386
-1.6819267	-10.212467	-0.16280572	56.396
-3.0358477	-5.451597	-1.9512744	56.446
-2.2697031	-7.465121	-1.3982137	56.496
-0.40462008	-10.630256	-2.0147207	56.546
-1.3347675	-9.325416	-1.8662802	56.596
-2.670732	-5.895722	-0.90021986	56.646
-5.2852	-7.1083846	-0.676362	56.697
-4.796783	-14.329297	-1.1552023	56.747
-10.564415	-12.118252	3.2393548	56.796
-6.5325794	-9.224859	-1.0139444	56.847
-2.3439236	-7.395689	-0.5315128	56.896
-0.5243302	-5.659893	1.067814	56.946
-0.6679823	-6.3661823	2.327164	56.996
-2.292448	-7.6494746	2.1212628	57.048
-3.9336734	-8.590396	3.6703112	57.097
-3.514688	-9.176975	3.705027	57.146
-4.8219223	-12.135012	2.5079262	57.196
-8.426393	-8.663419	-4.2042184	57.246
-2.2697031	-8.374918	-1.401805	57.296
-2.220622	-10.041282	-4.1144357	57.347
-3.4009635	-8.866926	-1.3072342	57.396
-1.5143325	-6.813898	0.05746084	57.447
0.31004912	-8.523358	-2.7234044	57.497
0.075417355	-11.7782755	-1.946486	57.546
-0.60453594	-9.299079	0.34835634	57.597
-0.2753332	-8.969876	0.089782566	57.646
-0.93613285	-11.761516	-0.48003745	57.698
-1.1372458	-12.840104	-1.2078748	57.746
-1.9261353	-12.899959	-2.5677812	57.796
-5.579687	-8.993818	-0.24899697	57.867
-7.7368627	-7.4615297	3.3375173	57.896
-0.37828386	-12.187684	-1.8327614	57.946
0.89184016	-7.8302364	-1.4030021	57.996
0.2896984	-3.3602622	0.79128367	58.045
-0.50038815	-6.9982514	1.520318	58.099
-2.5737667	-11.0695915	1.4556746	58.149
-0.7613561	-8.445546	1.400608	58.196
0.91817635	-8.8645315	1.7848774	58.247
-1.2677298	-15.043966	2.2984335	58.296
-1.6531962	-12.063186	1.5358804	58.367
-4.711789	-11.671733	-0.63087213	58.397
-8.388085	-6.129156	-6.6247563	58.447
-0.23822308	-9.052477	2.1452048	58.496
-2.2529438	-8.463503	-2.5258827	58.561
-3.632004	-6.3721676	-0.23702596	58.597
-1.9452889	-6.2285156	-1.0019734	58.646
0.9804256	-9.111135	-1.3383588	58.698
1.496376	-9.969456	-0.94690675	58.746
-1.0833763	-11.262324	0.82719666	58.797
-0.51116204	-12.835316	-0.062249243	58.846
-0.49919105	-12.225991	0.2657564	58.896
-7.714118	-8.852561	-5.896919	58.946
-5.5629277	-9.205706	3.0705638	58.996
-3.503914	-12.508507	-4.237737	59.056
-0.7565677	-6.5565214	-4.747702	59.096
0.9600749	-2.3451207	2.9281087	59.148
-1.2174516	-5.9771247	0.2813187	59.196
-3.442862	-9.77792	0.25139117	59.246
-2.3187842	-11.040861	2.136825	59.311
1.0594343	-13.01129	1.7908629	59.346
0.8487445	-14.2622595	-0.009576807	59.396
-5.410896	-14.569915	-1.2976574	59.456
-7.8649526	-6.0728927	-3.4763808	59.496
-3.596091	-8.588001	-2.5079262	59.546
-3.2932243	-9.534908	-2.5510218	59.596
-2.6396074	-7.1981673	-1.8483237	59.647
-2.12246	-3.1663318	0.44651863	59.696
-2.2002714	-5.9878983	-0.93254155	59.746
-0.8463503	-9.68694	-1.6208745	59.797
-0.2873042	-9.7084875	-1.0402806	59.847
-0.80564886	-9.836577	1.2761095	59.896
0.7649474	-14.226347	-1.0199299	59.968
-5.233725	-14.632164	-4.164714	59.997
-5.1259856	-10.502166	-0.30406362	60.046
-4.957195	-7.005434	-0.07062895	60.096
-0.7182605	-9.035717	-0.21667525	60.147
-1.8267759	-7.5046253	0.15442601	60.196
-1.7381904	-6.0968347	0.47165772	60.257
-0.37229836	-7.6770077	2.1691468	60.296
-0.61291564	-9.060856	1.5286977	60.337
-2.1404164	-11.670536	2.5354595	60.397
2.4109612	-11.336545	2.944868	60.447
-1.2246342	-11.646594	-0.62249243	60.496
-7.050924	-10.362105	-4.07134	60.549
1.7741034	-6.8905125	0.29927522	60.597
-1.7369933	-9.032125	-2.0973208	60.646
-5.720945	-8.130709	-0.7649474	60.696
-3.6882677	-7.0245876	0.29209262	60.76
-0.4333505	-7.583634	-0.866701	60.779
1.4209588	-10.160992	-0.36272156	60.846
0.20111294	-11.03727	1.1085154	60.896
-0.46686932	-11.8261595	-0.5243302	60.954
-4.486734	-12.08593	-5.4551888	60.997
-5.5976434	-7.1849995	-0.17836803	61.046
-1.091756	-11.329363	3.0382419	61.096
-0.17956513	-10.317812	-3.7229836	61.147
1.3012487	-7.429208	0.93014735	61.196
-0.5746084	-8.736442	-0.40102878	61.277
-1.9620483	-8.27077	0.47405192	61.296
-1.5813702	-7.9810715	1.8183962	61.351
-2.409764	-6.615179	1.411382	61.396
-2.2661119	-8.611943	2.1068976	61.446
-7.463924	-12.849681	-2.8634653	61.497
-7.3418193	-11.936293	-8.890868	61.546
-5.011064	-11.374852	-5.6227827	61.597
-4.083311	-12.922704	0.8870517	61.646
-3.6140475	-7.2029557	-4.1706996	61.696
-2.6850972	-8.461109	-3.6894648	61.759
-2.1440077	-8.661025	-3.1603463	61.796
-2.7102363	-6.2632318	-2.9867666	61.846
-4.9176903	-7.117962	-4.5525746	61.897
-3.0502129	-8.237251	-3.0609868	61.942
-0.12569559	-12.814964	0.12808979	61.997
-1.6364368	-11.796232	-1.1911154	62.046
-1.6316484	-10.005369	1.2749124	62.096
-1.7788919	-7.633912	2.3127987	62.146
-1.4975731	-7.2628107	2.0913353	62.21
-2.802413	-8.061277	2.1511903	62.247
-2.457648	-8.750807	2.992752	62.296
-4.213795	-10.575189	2.8203697	62.347
-7.878121	-11.8261595	-4.5058875	62.396
-1.3275849	-8.517372	-1.5035586	62.47
-1.7417817	-11.291056	-3.4284968	62.496
-5.81791	-10.608707	-1.7848774	62.55
-2.8119898	-7.553706	0.07062895	62.596
0.6655881	-8.111555	-2.9340942	62.646
1.4460979	-9.564836	-2.432509	62.696
0.4381389	-8.463503	1.3910311	62.748
0.7661445	-12.452243	0.272939	62.796
0.20709845	-14.817715	-1.5107412	62.846
-6.327875	-13.532028	-4.5034933	62.896
-6.6534867	-8.119935	6.3182983	62.967
-4.2401314	-12.561179	2.1176715	62.997
-3.490746	-9.312247	-6.3829417	63.046
-0.36870706	-3.596091	1.2389994	63.096
-1.6280571	-4.0186677	2.8790276	63.146
-3.441665	-9.886856	0.22744916	63.217
-1.7046716	-9.928755	1.4389153	63.246
0.005985504	-10.366894	2.054225	63.297
1.0522517	-10.913968	2.067393	63.346
0.49919105	-11.457452	2.5378537	63.397
-10.557233	-14.881161	-2.5246856	63.447
-6.9288197	-2.4899697	-6.3601966	63.496
-0.79966336	-6.066907	-0.4249708	63.546
-4.703409	-9.072827	-4.5645456	63.596
-7.133524	-7.892486	-0.3184288	63.647
-3.514688	-7.539341	-1.3623008	63.697
-1.757344	-9.755175	-2.5797524	63.746
1.0319009	-11.9374895	-1.2916719	63.796
0.21547815	-9.38168	0.17357962	63.846
-5.5006785	-9.765948	2.1057005	63.898
-6.277597	-9.627085	-1.3934253	63.946
-6.2105594	-5.7987566	-2.6839	63.996
-2.778471	-6.063316	0.17118542	64.046
-3.0561984	-9.0476885	1.246182	64.096
-4.7165775	-12.623428	0.9588778	64.146
-2.171541	-9.691729	1.5801731	64.216
-1.234211	-9.2308445	2.695871	64.246
-3.1866825	-9.461885	2.2984335	64.293
-3.5110967	-9.121908	2.3678656	64.347
-3.2620997	-9.531317	1.9548657	64.396
-5.971139	-8.412027	-5.04578	64.447
-3.2585084	-9.077616	-3.8845923	64.497
-1.3371617	-8.977059	-2.2732944	64.558
-2.7138276	-8.352173	-0.029927522	64.597
-1.4903905	-7.8876977	0.095768064	64.646
-0.5710171	-8.47308	-1.7262194	64.696
-0.91937345	-8.230068	-0.044292733	64.746
-1.0450691	-8.356961	0.7697359	64.796
-0.47285482	-9.82341	-0.33638534	64.847
-0.29688102	-10.84334	0.22984336	64.908
-1.0642227	-10.674548	1.0546459	64.946
-0.47884035	-11.748347	0.33638534	64.997
-3.799598	-13.066356	-2.5917234	65.056
-5.7975593	-9.109938	-2.219425	65.096
-4.921282	-5.505467	-0.29807812	65.146
-2.825158	-8.049306	0.79487497	65.208
-0.878672	-12.826936	0.093373865	65.246
-1.7908629	-9.352949	0.2885013	65.307
-1.0378864	-8.377312	2.3080103	65.346
-1.9668367	-8.652645	0.60812724	65.391
-3.0011318	-8.986636	1.6280571	65.447
-2.3762453	-9.326612	0.21188685	65.496
-2.7365725	-9.099164	-0.2717419	65.548
-2.9891608	-9.536105	0.6607997	65.596
-2.7162218	-9.736021	1.0773908	65.646
-2.0913353	-9.338584	0.89303726	65.717
-1.7585411	-9.459491	0.89782566	65.746
-1.7812861	-9.258378	0.93613285	65.796
-1.9632454	-9.321824	1.3479356	65.846
-1.7561469	-9.3182335	1.2138603	65.897
-1.5622166	-9.43914	-0.035913024	65.949
-2.0219033	-9.100361	1.2593501	65.996
-1.8207904	-9.765948	1.4030021	66.046
-2.3008277	-9.48463	1.6543933	66.096
-1.8124107	-9.733627	0.8571242	66.147
-1.448492	-9.651027	0.7338228	66.197
-1.5179238	-9.457097	0.6464345	66.237
