-1.365892	-9.671378	0.6907272	0.086
-1.4317327	-9.643845	0.5626374	0.144
-1.6053122	-9.810242	0.08619126	0.199
-1.8136078	-9.606734	0.33877954	0.246
-2.2421699	-9.370906	0.89064306	0.297
-2.9484594	-9.197326	0.7206547	0.349
-2.516306	-9.566033	1.2306197	0.397
-0.40222588	-10.808623	1.2449849	0.448
0.08499416	-10.460267	1.3263878	0.496
-0.5494693	-9.050082	1.0833763	0.547
-1.4341269	-8.793902	1.6903064	0.598
-2.4528596	-9.111135	1.8064252	0.648
-3.0801406	-8.74123	1.1252748	0.697
-2.5737667	-8.929175	1.7034745	0.746
-3.0478187	-9.1255	2.0566192	0.796
-2.6168625	-8.902839	2.2062569	0.859
-1.7681179	-8.992621	1.9069817	0.896
-1.4269443	-9.223662	2.4037786	0.946
-1.3970166	-9.138668	2.6180596	0.956
-1.079785	-12.548011	1.6196774	1.046
-2.4277205	-10.036493	0.7158663	1.096
-1.0809821	-9.081207	2.2972364	1.146
-2.3092074	-9.714474	-0.12928689	1.196
-2.918532	-8.814254	-0.5542577	1.237
-1.8483237	-8.086416	-0.2908955	1.296
-0.025139118	-9.7563715	-0.997185	1.346
-0.7015011	-10.548853	-0.58298814	1.396
-0.7457938	-8.986636	0.34715924	1.446
-1.0582372	-9.326612	0.21308395	1.496
-1.0342951	-10.231621	0.05267244	1.546
0.11611878	-9.483433	0.31244332	1.598
1.234211	-9.349358	0.020350715	1.648
-0.037110128	-10.326192	-0.9720459	1.696
-1.3754689	-10.617087	-0.6811504	1.746
-1.2318168	-9.995792	-0.34356794	1.796
-0.059855044	-11.797429	-0.8559271	1.846
-3.4201171	-11.617864	-2.8203697	1.896
-2.9113493	-6.987478	0.079008654	1.946
-2.777274	-6.4858923	0.533907	1.956
-0.41060558	-11.36767	-0.30166942	2.042
-2.9831753	-9.540894	-1.553837	2.096
-1.8555063	-7.5106106	1.7980455	2.146
-1.3096284	-8.27077	0.2896984	2.196
-1.5729905	-9.240421	0.79008657	2.266
-1.2761095	-9.131485	1.186327	2.296
-0.7086837	-9.976639	0.7410054	2.35
-1.6651673	-10.04607	0.4429273	2.398
-1.3730747	-10.404003	2.1212628	2.446
-4.128801	-13.145365	-1.5406688	2.51
-4.876989	-9.528923	-3.276465	2.546
-1.8183962	-5.795165	0.6811504	2.596
0.47644615	-6.730101	-1.3958195	2.648
-0.7038953	-11.063606	-3.6284127	2.696
-3.7193923	-11.256339	-2.349909	2.746
-1.8686744	-7.28795	1.816002	2.796
-0.9900024	-8.683769	-1.0366893	2.846
0.2633622	-10.305841	-1.6232687	2.906
0.1316811	-9.7479925	-0.52073884	2.932
-0.021547815	-9.471462	0.016759412	2.956
0.3184288	-9.782708	-0.59974754	3.046
0.16879122	-9.862914	-1.0702082	3.096
0.6775591	-9.451111	-0.9935937	3.146
-1.7501614	-10.857705	-2.0913353	3.196
-3.8618474	-10.905589	0.9959879	3.246
-3.891775	-11.323377	0.1352724	3.296
-3.9145198	-8.540117	-1.7753005	3.364
0.08259996	-7.7560163	3.192668	3.398
0.58897364	-10.611102	1.5646108	3.446
-1.4556746	-9.354146	-1.769315	3.487
-1.9907787	-8.590396	3.1854854	3.546
-1.1121067	-7.795521	2.0458453	3.596
-1.1623849	-8.470686	0.9900024	3.647
-1.4269443	-9.157822	1.4065934	3.696
-2.4504654	-9.295488	2.2469583	3.746
-2.0099323	-10.342952	2.3535004	3.796
-0.59376204	-10.087969	1.2569559	3.847
1.508347	-10.754754	2.4624364	3.896
-3.3399115	-13.595474	-0.7541735	3.946
-4.7321396	-12.848483	-0.09816227	4.001
-2.2349873	-5.6886234	0.36870706	4.046
-0.6440403	-6.6642604	-1.4939818	4.096
-5.052963	-12.0571995	-2.9029696	4.14
-4.0665517	-9.633071	-0.110133275	4.196
-1.270124	-7.740454	-0.01316811	4.246
-0.32202014	-10.869676	-1.7705121	4.316
1.1468226	-9.628283	0.01436521	4.346
1.7944542	-8.465898	1.0199299	4.397
1.6795325	-9.64983	0.24420857	4.447
-0.34476504	-10.269928	-0.05626374	4.496
-0.78290397	-9.270349	1.0546459	4.544
0.37349546	-10.845734	1.3730747	4.596
-1.6759412	-12.429498	-2.1440077	4.646
-2.5354595	-11.129447	-0.6476316	4.697
-3.762488	-8.956709	-0.58538234	4.746
-3.5446155	-5.843049	-0.8870517	4.796
-1.3084313	-7.349002	2.1547816	4.846
-0.19153613	-13.56435	0.038307227	4.904
-1.5885528	-9.180567	-1.1492168	4.946
-1.0414777	-8.50181	0.21787235	4.956
-0.62488663	-8.599973	1.6352397	5.046
-1.745373	-8.995016	1.4221559	5.096
-1.1073183	-8.576031	1.2677298	5.146
-0.1592144	-9.297882	1.6567876	5.196
-0.7577648	-11.555614	1.6256629	5.246
-0.21188685	-14.094666	1.5454572	5.296
-3.5697548	-10.205285	-1.7717092	5.369
-4.0043025	-7.896077	-0.2717419	5.396
-0.79487497	-4.3766007	0.12569559	5.446
0.80924016	-8.599973	-1.9668367	5.496
-5.163096	-12.500127	-4.4220905	5.546
-4.1611223	-8.445546	1.6843209	5.596
-1.198298	-7.8266454	0.80924016	5.646
0.676362	-9.701305	-2.432509	5.714
0.7350199	-9.512163	-0.7170634	5.747
0.6991069	-9.072827	1.1707647	5.796
0.2789245	-9.700109	-0.22385786	5.846
-1.508347	-10.483012	-1.1719618	5.896
-1.1731589	-11.541249	-0.4249708	5.968
-2.2026656	-11.59033	-1.1300632	5.976
-2.586935	-11.980585	-1.6472107	6.046
-3.9839516	-8.931569	-2.0386627	6.096
-2.6443958	-5.2624555	1.0881647	6.146
-0.19393034	-8.580819	4.0653543	6.187
-1.2533646	-12.471396	-2.0015526	6.246
-1.1647792	-7.8302364	3.1675289	6.317
-0.6488287	-7.5405383	3.228581	6.346
-0.830788	-8.791509	1.1456255	6.396
-1.6160861	-9.088389	0.1364695	6.446
-0.81283146	-8.722076	1.4927847	6.496
-0.33877954	-9.776723	1.7441759	6.556
-0.39384618	-10.9343195	0.7038953	6.596
1.7154455	-11.127052	2.528277	6.646
-1.8626889	-14.285005	-0.5710171	6.696
-6.4140663	-9.136273	-1.5442601	6.746
-3.2956185	-6.4404025	0.736217	6.796
0.6847417	-6.136339	-0.8463503	6.846
-0.7278373	-9.3733	-2.9293058	6.896
-6.9503675	-11.537658	-2.492364	6.946
-3.6248214	-8.4587145	1.3623008	6.986
-1.5981296	-8.568848	-0.9696517	7.046
0.93613285	-10.104729	-1.9644425	7.096
1.1372458	-8.9998045	0.6368576	7.146
1.9596541	-9.118318	0.6727707	7.196
0.10295067	-9.832987	-0.80325466	7.246
-1.508347	-10.250774	-0.033518825	7.307
-1.8231846	-10.019734	0.9504981	7.346
-0.7015011	-10.505757	0.4285621	7.397
-1.887828	-11.903971	-0.94211835	7.446
-1.6962919	-11.288661	-0.6667852	7.496
-3.2872388	-9.012972	-3.098097	7.547
-2.9041667	-6.3661823	-0.7158663	7.596
0.9576807	-9.41041	3.8115692	7.646
-1.9452889	-12.253524	-1.5933412	7.705
-1.0378864	-8.483853	-1.0175357	7.746
0.6955156	-7.7691846	2.791639	7.796
0.010773907	-8.350976	1.5634137	7.846
-0.7218518	-8.524555	1.1432313	7.908
-1.3479356	-9.038112	0.93613285	7.946
-1.2078748	-10.560823	1.1168951	7.986
-0.18195933	-10.480618	1.1815386	8.047
2.099715	-9.629479	2.7641058	8.096
-0.009576807	-13.77504	0.40342298	8.146
-6.7983356	-12.2559185	-2.5115175	8.196
-3.0813377	-6.579266	0.1352724	8.246
-0.81761986	-5.0242324	-0.7338228	8.306
-0.5686229	-9.562442	-1.4772224	8.346
-6.7851677	-12.203246	-2.2816741	8.406
-2.9484594	-8.078036	1.2366052	8.446
-1.3383588	-8.492233	-0.3878607	8.496
-0.062249243	-10.443508	-2.6048915	8.546
-0.15562311	-8.957906	0.676362	8.596
0.21667525	-9.570822	0.20470424	8.646
-0.45609543	-10.250774	-0.34356794	8.717
-1.553837	-9.941922	-0.044292733	8.746
-0.4345476	-9.635465	0.16160862	8.796
-0.33039984	-10.732009	-0.7649474	8.846
-2.5570073	-11.631032	0.56982	8.896
-3.3446999	-10.935516	-0.06584055	8.951
-4.650737	-8.64666	-1.5981296	8.986
-2.7030537	-6.393716	0.059855044	9.046
-2.9364884	-7.8649526	1.2018893	9.096
-4.1335893	-10.493786	-0.08259996	9.146
-2.9029696	-9.854534	-0.63087213	9.211
-0.6368576	-9.400833	0.047884032	9.246
-1.6915035	-10.54167	0.4429273	9.287
-3.2489316	-9.066842	-0.17956513	9.346
-1.411382	-8.201338	1.0187328	9.396
-0.8655039	-9.800665	0.700304	9.446
-1.6831238	-9.733627	0.7326257	9.497
-1.5442601	-9.205706	1.1695676	9.547
-0.78649527	-9.688137	1.1671734	9.596
-0.9684546	-9.217676	2.087744	9.659
-1.2054806	-8.896853	2.585738	9.698
-0.5446809	-9.465476	2.0733786	9.746
-0.25977087	-10.970232	1.5143325	9.796
-3.8654387	-12.163742	-1.6591818	9.846
-4.7081976	-9.698911	0.17477672	9.898
-4.473566	-8.202535	1.6292542	9.937
-1.5933412	-8.668207	0.79966336	9.986
-3.3614593	-8.832211	-2.5965118	10.046
-2.4361002	-8.957906	-1.5921441	10.096
-1.5562311	-9.515755	-1.541866	10.146
-2.3068132	-9.825804	-1.5382746	10.196
-1.922544	-9.096769	-1.0833763	10.247
-1.1468226	-9.512163	-0.89184016	10.296
-0.5231331	-9.973047	-0.94331545	10.346
0.08020575	-9.339781	0.025139118	10.396
0.4357447	-9.287108	0.16160862	10.446
0.1376666	-9.719262	-0.16160862	10.496
-0.8738836	-10.109517	-0.17597382	10.546
-0.4285621	-9.895236	-0.2705448	10.596
-0.07182605	-10.57878	0.1400608	10.636
-1.6879122	-11.73518	0.0047884034	10.696
-2.3690627	-11.184513	-0.90261406	10.752
-3.265691	-9.120711	-1.6484078	10.796
-3.1052797	-6.706159	-0.2896984	10.846
-3.2501287	-6.429629	0.93134445	10.896
-1.496376	-12.061988	0.61770403	10.946
-2.4253263	-13.117831	-1.3982137	10.986
-0.055066638	-8.469488	1.6232687	11.046
-0.32441434	-9.083601	1.079785	11.096
0.10534488	-8.943541	0.89902276	11.146
-0.49679685	-8.5700445	1.9512744	11.196
-1.543063	-8.486248	1.9440918	11.266
-1.091756	-9.639056	1.7417817	11.296
-0.62847793	-10.080787	1.4664485	11.347
0.0011971008	-10.58716	2.1667526	11.396
-0.02633622	-14.069527	0.7422025	11.458
-4.8159366	-10.279505	-0.29688102	11.496
-3.0681696	-8.263587	1.0869676	11.546
-1.4329298	-6.894104	-0.89184016	11.616
-2.328361	-8.561666	-1.733402	11.646
-3.2249897	-10.101137	-3.252523	11.696
-3.4500446	-9.916783	-1.3934253	11.738
-2.6683378	-9.26197	0.5482722	11.796
-1.6591818	-9.03452	-1.0845734	11.846
0.24181437	-9.599552	-0.4441244	11.896
0.22744916	-9.582792	0.09696517	11.946
0.45609543	-9.284714	0.4285621	11.986
0.7158663	-9.749189	0.24779987	12.046
-0.6344634	-9.959879	0.15322891	12.096
-1.4065934	-10.17416	0.093373865	12.146
-0.45489833	-10.28549	0.45729253	12.186
-0.38187516	-11.859678	-0.41299978	12.246
-0.39983168	-10.68652	0.08020575	12.296
-2.135628	-10.149021	-2.1823149	12.348
-3.514688	-7.1526775	-2.6084828	12.396
-3.1160536	-5.819107	3.0190883	12.45
-0.34955344	-12.90355	2.8215668	12.496
-1.3982137	-9.198523	-3.478775	12.567
0.1376666	-7.007828	2.1643584	12.596
0.16639702	-7.9355817	2.8299465	12.646
-0.5315128	-9.203311	0.5626374	12.726
-0.49320555	-8.813056	1.0378864	12.746
0.17238252	-9.469068	1.590947	12.796
-0.78529817	-10.793061	1.448492	12.846
-1.0007763	-10.456676	1.532289	12.886
-0.4381389	-14.101848	0.50757074	12.946
-5.674258	-13.007698	-3.9564183	12.986
-3.0933087	-5.90889	0.79487497	13.046
-0.021547815	-6.26802	0.8511387	13.096
-0.19273324	-8.680179	-4.144363	13.146
-2.552219	-10.915166	-0.6344634	13.236
-3.5757403	-10.158598	0.50397944	13.246
-1.5753847	-7.7907324	1.0007763	13.296
0.4285621	-9.214086	-1.6543933	13.346
-0.034715924	-9.850943	-1.2090719	13.396
-0.7685388	-9.459491	0.34955344	13.436
0.32441434	-9.313444	-0.49320555	13.496
-0.017956512	-10.014946	-2.1763294	13.536
-1.2617443	-10.409989	-0.8343793	13.596
-1.3359646	-9.14585	0.7493851	13.646
-0.93493575	-10.004171	-0.08259996	13.696
-2.2613235	-12.413936	-2.408567	13.746
0.45729253	-10.419566	-0.21428105	13.796
-1.423353	-10.78109	-3.204639	13.846
-3.2632968	-6.133945	-1.8866309	13.907
-1.9620483	-5.437232	3.6822822	13.946
-0.15203181	-10.193314	2.7102363	13.986
-2.8287494	-11.464635	-5.422867	14.047
-1.5011644	-6.8486137	3.0142999	14.096
-0.8403648	-8.268375	1.3144168	14.146
-1.5981296	-9.745598	-1.0666169	14.197
-2.0697873	-8.468291	0.079008654	14.246
-1.7501614	-8.280347	1.5406688	14.3
-0.5327099	-9.807847	1.0833763	14.346
-0.04070143	-11.000159	-0.48362875	14.407
0.80086046	-10.68652	1.3910311	14.446
-1.292869	-15.816096	-1.3180081	14.496
-5.133168	-7.7213006	-2.7341783	14.566
-2.5222914	-6.2883706	1.0965444	14.596
-0.08379706	-5.554548	-0.7577648	14.646
0.33039984	-8.389283	-3.3770216	14.687
-4.5513773	-12.093113	-4.5046906	14.746
-3.904943	-8.662222	0.4429273	14.796
-2.2601264	-7.5932107	0.12928689	14.846
-0.47165772	-9.85214	-2.0123265	14.896
-0.17717093	-9.276335	-0.51235914	14.946
-0.45609543	-9.102755	0.15682021	14.986
-1.8710686	-9.957485	-0.4165911	15.046
-2.5821466	-10.389638	-0.5255273	15.096
-0.94451255	-9.677363	0.2789245	15.146
0.8343793	-9.267955	0.35673606	15.193
-0.34955344	-10.636241	-1.8626889	15.246
-1.1097125	-11.848905	-1.0271125	15.296
-2.6324248	-10.602722	-2.2122424	15.346
-2.3594859	-7.0605006	-1.1121067	15.397
-1.4640543	-6.7025676	1.1707647	15.446
0.11731588	-11.489774	0.6512229	15.496
-1.3718776	-12.193669	-2.2170308	15.547
-0.0023942017	-8.167819	1.0283096	15.596
0.19153613	-8.359355	0.7134721	15.664
-0.6488287	-9.040505	0.7194576	15.696
-0.7529764	-8.9363575	0.6619968	15.746
-0.641646	-9.11712	0.17118542	15.796
-1.2090719	-10.927136	0.1364695	15.846
-1.5705963	-10.189722	0.49679685	15.896
-0.49081135	-10.254366	0.90500826	15.946
-1.9201498	-12.53604	-2.0685902	15.986
-2.7641058	-8.649054	-2.160767	16.047
-0.08140286	-9.64145	0.31004912	16.096
-2.019509	-9.49301	-2.4229321	16.146
-1.2677298	-8.628703	-2.1033063	16.196
-1.2258313	-8.248025	-1.9201498	16.246
-0.9516952	-8.331821	-1.4437037	16.296
-0.82360536	-9.23683	-2.3056161	16.346
-2.6503813	-11.392809	-3.264494	16.396
-1.7178397	-10.075998	-0.9780314	16.446
0.05865794	-8.580819	-0.8822633	16.496
-0.9792285	-8.9040365	-1.4257472	16.546
-1.9967642	-9.362526	-0.59974754	16.596
-1.8662802	-9.762358	-1.2952632	16.646
-0.02873042	-9.625888	-2.1751323	16.696
0.415394	-9.895236	-2.267309	16.746
0.18674773	-9.580399	-1.5885528	16.796
0.24420857	-9.476251	-1.6280571	16.846
-0.025139118	-9.750386	-1.614889	16.913
-0.22026655	-9.544485	-1.1312603	16.946
-0.7350199	-10.040085	-1.4640543	16.996
-0.8331822	-10.455479	-1.520318	17.047
-0.90141696	-10.0341	-1.9393034	17.096
-1.3670892	-9.629479	-2.6288335	17.146
-2.3175871	-9.046491	-0.93373865	17.212
-2.8443117	-8.440758	-0.37948096	17.246
-2.6719291	-8.463503	-0.21188685	17.298
-1.4856021	-12.23078	0.33877954	17.346
-2.195483	-10.69849	-1.2868834	17.397
-0.6512229	-8.0445175	0.6584055	17.446
-0.49081135	-9.467871	0.4285621	17.498
-1.1923125	-8.86932	-0.4285621	17.546
-1.1180922	-7.7548194	1.2449849	17.596
-0.7721301	-8.98903	0.4417302	17.647
-0.8331822	-11.036073	-0.39145198	17.696
-0.8451532	-10.196905	-0.15801731	17.746
-0.04070143	-11.112687	0.58298814	17.796
-3.0825348	-12.508507	-1.2665327	17.849
-3.4727895	-9.13388	0.16280572	17.896
-2.3654714	-7.4244194	0.58777654	17.946
-2.055422	-8.049306	-0.8487445	17.996
-3.4249055	-9.039309	-2.3068132	18.046
-2.791639	-9.036914	-2.219425	18.096
-1.6759412	-9.872491	-1.733402	18.157
-2.4109612	-9.847352	-0.82360536	18.216
-1.2761095	-8.798691	-0.45609543	18.246
-0.5638345	-9.759963	-1.3670892	18.317
-0.14844051	-9.850943	-1.234211	18.346
0.30166942	-9.458294	-0.5231331	18.418
0.33279404	-9.54209	-0.8870517	18.446
0.1592144	-10.055647	-1.2988545	18.497
0.022744916	-9.792285	-1.3383588	18.536
0.4285621	-9.631873	-0.9636662	18.596
0.22505496	-9.91439	-0.82240826	18.646
-2.7030537	-10.31901	-0.961272	18.696
-0.16519992	-9.68694	0.44532153	18.746
-2.6779146	-10.757148	-3.5230677	18.796
-3.8295257	-8.471883	-0.39145198	18.848
-2.3930047	-7.144298	2.1188686	18.897
0.8511387	-10.759542	1.1001357	18.946
-0.8331822	-12.135012	-3.3554738	18.996
-1.839944	-8.862138	0.49799395	19.046
-0.94211835	-8.322245	1.2078748	19.096
0.090979666	-9.050082	-0.24779987	19.146
0.6667852	-9.690532	0.6979098	19.196
-0.3890578	-9.016563	0.700304	19.246
-0.49919105	-10.035296	0.51834464	19.296
-1.3742718	-10.176555	0.32202014	19.351
-0.055066638	-9.285912	2.1164744	19.396
-0.6572084	-12.130223	0.10654198	19.463
-3.8414967	-11.686098	-2.4756045	19.496
-0.8343793	-9.344569	0.4201824	19.557
-0.5446809	-9.378088	-0.93732995	19.596
-1.4544775	-7.1969705	-3.0789435	19.646
-0.24061728	-7.7548194	-2.1811178	19.703
-3.7600937	-11.389217	-3.7804444	19.75
-2.1140802	-9.564836	-0.7505822	19.796
0.260968	-8.218098	-0.58657944	19.846
-0.6380547	-8.747216	-3.2118216	19.896
-3.0693667	-9.733627	-1.5502456	19.946
-1.4951789	-9.49301	-1.0199299	19.996
-1.4951789	-9.49301	-1.0199299	19.996
-0.59735334	-10.502166	-2.1416135	20.098
-1.5155296	-11.371261	-1.3611037	20.146
-2.1787236	-12.269087	-3.393781	20.196
-2.8191724	-8.742428	-1.6292542	20.246
-2.64679	-5.3235073	-1.1420342	20.297
-0.9504981	-6.757634	1.2425907	20.336
-2.8119898	-14.568717	0.029927522	20.396
-1.9428947	-9.388862	-2.0159178	20.446
-0.6895301	-6.2763996	1.4736311	20.496
-1.6484078	-9.148245	0.5518635	20.567
-1.5263035	-9.871294	-0.5446809	20.596
-1.3156139	-9.144653	-0.16519992	20.646
-0.6955156	-8.91481	1.282095	20.7
-0.48482585	-9.822212	0.37229836	20.746
-2.195483	-14.03481	-1.2437878	20.796
-2.408567	-9.782708	-1.021127	20.866
-1.033098	-9.001001	0.11731588	20.896
-1.0474633	-6.88333	-1.1611878	20.946
-3.0250738	-8.724471	-1.7154455	20.996
-3.0250738	-9.536105	-0.9995792	21.086
0.077811554	-8.9842415	-0.78170687	21.096
-0.06943185	-8.070854	-1.079785	21.146
-0.40701428	-9.482236	-0.9768343	21.196
-0.04309563	-9.79827	-0.2861071	21.246
0.62249243	-9.55885	-2.0111294	21.313
-0.49440265	-10.109517	-1.7417817	21.346
-1.2689269	-11.077971	-0.21068975	21.396
-2.0530279	-11.173739	-1.0534488	21.459
-1.0761937	-10.332177	-0.676362	21.496
-4.155137	-9.498995	-1.2090719	21.546
-3.5422213	-6.5948286	0.02873042	21.596
-1.4520833	-9.593566	1.6053122	21.657
-1.8770541	-11.720815	-1.2533646	21.698
-2.110489	-8.77834	-1.033098	21.746
-1.7226281	-8.191761	1.4329298	21.796
-1.8411411	-8.990228	0.110133275	21.846
-1.8411411	-9.333796	-0.50038815	21.896
-0.9600749	-8.483853	0.60812724	21.946
-1.1444284	-9.258378	0.29568392	21.996
-1.5682021	-9.964667	-0.21308395	22.044
-0.25617957	-11.044453	1.1300632	22.096
-5.901707	-14.33648	-2.8790276	22.146
-2.979584	-8.787917	-1.3132197	22.196
-0.6572084	-6.303933	1.3742718	22.248
-3.915717	-7.571663	-2.633622	22.296
-5.6156	-11.853693	-1.30484	22.356
-0.2669535	-9.187749	-0.6368576	22.397
0.90859956	-8.329428	-2.0374656	22.446
-0.11731588	-9.406818	-0.62847793	22.506
-0.712275	-9.737218	0.5650316	22.546
-0.5327099	-9.818622	-1.0702082	22.596
0.038307227	-9.788693	-0.91937345	22.646
-0.011971008	-9.725247	-0.20470424	22.696
-1.1959038	-11.252748	-1.9692309	22.756
-2.8275523	-11.312603	-0.7290344	22.796
-2.9149406	-8.583213	-0.21547815	22.846
-1.2054806	-7.7691846	0.8415619	22.896
-2.3092074	-12.146982	0.16400282	22.956
-3.2190042	-10.69011	-1.0642227	22.996
-0.090979666	-7.872135	1.1935096	23.046
0.4189853	-8.200141	0.79607207	23.096
-0.8714894	-9.531317	0.9947908	23.146
-1.1204864	-10.398018	-0.2741361	23.19
-0.6955156	-11.881226	-0.15801731	23.246
-3.7445314	-11.704055	-0.8690952	23.303
-1.5825673	-8.3629465	0.79487497	23.346
-0.074220255	-9.102755	-0.62488663	23.411
-2.621651	-8.639477	-2.207454	23.446
-2.408567	-9.916783	0.5590461	23.496
-0.35434186	-9.32781	-0.9540894	23.547
-0.36870706	-8.63828	-1.4137762	23.596
-0.4441244	-8.616732	-0.5351041	23.653
0.23822308	-9.452309	-1.5035586	23.696
0.059855044	-9.285912	-2.492364	23.746
-0.7374141	-9.139865	-0.49559975	23.796
0.12569559	-8.276755	-0.7457938	23.859
-0.9816227	-7.3166804	-2.1643584	23.896
-3.515885	-7.60997	-3.1771057	23.946
-5.3462524	-11.233594	-1.2258313	23.996
-3.064578	-13.88637	0.059855044	24.046
-1.2725182	-13.819332	-2.5198972	24.096
1.1073183	-8.377312	-0.25258827	24.166
0.37948096	-8.365341	-1.851915	24.196
-3.5458126	-7.964312	-3.751714	24.246
-4.7860093	-7.867347	-1.2030864	24.293
-1.8459295	-9.167398	0.52073884	24.346
-1.0666169	-9.96347	-0.2777274	24.417
-0.5255273	-10.773908	-0.077811554	24.446
-1.0666169	-10.335769	-6.3123126	24.516
-2.0290859	-6.1183825	-2.707842	24.546
-0.49559975	-9.945514	0.31483752	24.596
-1.435324	-7.752425	-2.5510218	24.677
-0.415394	-7.5429325	-2.4384944	24.696
0.1412579	-9.640253	-2.0697873	24.746
-0.5231331	-11.134235	-2.1894975	24.796
0.45848963	-8.979453	-0.39624038	24.846
2.349909	-8.503007	-1.3850456	24.896
0.034715924	-10.117896	-2.292448	24.946
-1.7681179	-10.497377	0.8475474	24.996
-0.6895301	-10.453085	0.055066638	25.046
-0.439336	-13.104663	-4.4520183	25.112
-3.4919431	-7.7943234	-1.0235212	25.166
-4.369418	-6.245275	0.5770026	25.196
-1.3682863	-12.152967	-1.8327614	25.277
-1.1360487	-11.949461	-1.6292542	25.296
-0.62249243	-8.040926	-0.4441244	25.357
-1.4508862	-7.181408	0.7625532	25.397
-1.2198458	-8.678981	0.31004912	25.446
-0.7302315	-8.632295	-0.18315643	25.496
-0.2681506	-7.952341	1.400608	25.546
-0.49559975	-10.036493	1.8782512	25.604
-0.6548142	-10.327389	1.484405	25.646
1.578976	-8.492233	2.1021092	25.696
0.63087213	-13.8480625	0.7062895	25.746
-13.904326	-8.948329	-11.341333	25.796
2.0482395	-6.196194	4.689044	25.866
-0.017956512	-10.666168	-0.5518635	25.896
-4.999093	-8.41921	-2.2266076	25.947
-2.0685902	-6.7265096	0.14844051	25.996
1.4628572	-8.384495	-0.7649474	26.041
-0.12808979	-9.837775	-1.1324574	26.097
0.6464345	-11.050438	0.7445967	26.146
1.3706805	-11.61547	-1.3623008	26.196
-0.5770026	-13.236344	1.3335704	26.246
-4.232949	-13.017275	-2.1883004	26.296
-3.7900212	-6.3206925	-4.0665517	26.346
-2.1823149	-7.0700774	1.6915035	26.407
-0.2741361	-11.717223	-1.2629414	26.446
-1.258153	-10.760739	-0.9876082	26.496
-0.7422025	-8.170214	0.4285621	26.546
-0.44651863	-8.495825	0.25737667	26.6
-1.2306197	-7.147889	0.11133038	26.646
-1.6376339	-7.2831616	1.6867151	26.696
-2.7377696	-10.061633	0.78769237	26.76
0.053869538	-12.46182	1.2593501	26.796
0.08020575	-11.723208	0.7673417	26.846
-4.4184995	-14.736312	-1.6819267	26.896
-4.489128	-9.326612	-3.072958	26.946
0.2873042	-7.8469963	0.48841715	26.996
0.19632454	-7.195773	-0.24660277	27.006
-5.032612	-9.106346	-1.6089035	27.099
-2.9233203	-7.181408	1.3395559	27.152
0.1328782	-7.9954367	-2.0290859	27.197
1.0666169	-9.809045	-2.6443958	27.246
0.6440403	-9.746795	-0.29448682	27.286
1.2090719	-8.91481	0.03232172	27.346
-0.23942018	-9.667787	-1.2318168	27.406
-2.4791958	-11.6442	-0.7589619	27.446
-3.4979286	-11.574768	1.1336545	27.496
-5.0601454	-9.242816	-5.66109	27.546
-0.90740246	-9.3026705	4.1862617	27.598
0.39624038	-12.501324	0.029927522	27.647
1.733402	-8.391677	-2.6683378	27.696
0.7230489	-7.6829934	2.5570073	27.748
-1.9261353	-9.178172	0.78170687	27.807
-2.2110453	-7.216124	-0.33279404	27.846
-0.3172317	-7.0724716	1.1384429	27.896
-1.0737995	-9.929952	1.9321208	27.946
-1.8746599	-11.671733	0.6440403	27.996
-1.5454572	-11.241974	0.5363012	28.006
-5.6096144	-19.6133	-3.0454245	28.096
-3.4081461	-5.9052987	-5.7041855	28.146
4.546589	-6.9491706	3.0382419	28.196
-2.0506337	-9.585187	-4.8841715	28.257
-5.637148	-8.807071	-1.1360487	28.296
-1.0534488	-7.2580223	-0.05626374	28.346
1.0175357	-8.588001	-2.3582888	28.396
0.18914193	-9.387665	-1.7429788	28.455
-1.3575124	-10.449493	-0.3890578	28.499
-0.91099375	-10.210073	-1.4987702	28.546
-1.5658079	-10.654198	-0.5518635	28.596
-1.0534488	-12.654553	0.6607997	28.65
-2.5761611	-11.372458	-6.5026517	28.696
-3.7708676	-7.3549876	-3.345897	28.746
-2.7329812	-7.929596	1.2186487	28.796
-0.45250413	-9.994595	-1.4341269	28.857
0.14963761	-9.487024	-0.6931214	28.896
-1.3479356	-8.519767	-0.36391866	28.946
-2.528277	-8.747216	-0.11133038	28.996
-1.7274165	-7.85777	0.49559975	29.046
-0.92057055	-8.249222	0.25258827	29.107
-1.436521	-9.661801	0.39384618	29.146
-0.36511576	-10.761936	1.5646108	29.191
1.0079589	-10.952275	1.7010803	29.246
-2.2050598	-15.7586355	-1.6879122	29.301
-8.421604	-10.777499	-4.823119	29.336
2.1894975	-5.3713913	1.839944	29.396
1.8411411	-6.634333	-2.256535	29.446
-5.671864	-11.192893	-3.7493198	29.496
-4.699818	-7.547721	1.3958195	29.566
-0.50876784	-7.6015906	0.19991584	29.596
1.4185646	-9.586384	-2.4432828	29.646
0.062249243	-9.285912	-1.4077905	29.696
0.074220255	-9.540894	0.81761986	29.746
-0.38187516	-10.254366	-1.5969325	29.796
0.33997664	-10.924743	-0.62608373	29.846
-2.0961237	-13.1238165	-2.03148	29.907
-2.8514943	-10.503363	-0.78649527	29.946
-5.7281275	-7.6135616	-2.3139958	29.997
-5.9364233	-7.881712	1.8351556	30.056
-0.18435353	-11.639412	1.7465701	30.096
-1.5334862	-8.663419	-3.9959226	30.157
0.047884032	-7.6410947	2.2936451	30.196
-0.47644615	-8.12592	2.3558946	30.246
-1.127669	-8.516175	0.6775591	30.296
-1.6663644	-9.424775	0.79487497	30.347
-0.049081136	-9.355343	2.0159178	30.396
0.079008654	-10.333375	1.9309237	30.446
-2.2864625	-14.013263	-0.23343466	30.487
-8.232463	-12.531252	-5.064934	30.546
0.29807812	-6.1088057	1.3587095	30.596
3.0897174	-5.887342	-0.748188	30.646
-4.909311	-10.010158	-4.912902	30.696
-4.175488	-9.26197	0.5746084	30.749
-0.7350199	-7.785944	0.94690675	30.796
1.1408371	-8.76996	-1.9249382	30.846
-0.6500258	-9.739613	-0.6847417	30.896
-0.4441244	-9.2907	1.0055647	30.946
0.0023942017	-9.473856	-0.9720459	30.997
-0.107739076	-9.621099	-1.2234371	31.006
0.03232172	-10.660183	1.4556746	31.108
-1.1911154	-11.857284	-1.4329298	31.147
-1.2653356	-10.9822035	-4.497508	31.196
-4.2293572	-8.356961	-0.8283938	31.247
-1.3623008	-9.464279	1.5251064	31.296
-0.4405331	-11.675324	-0.49679685	31.35
-0.5542577	-9.67856	-2.3953989	31.396
-1.1324574	-8.385692	0.5518635	31.446
-1.6077064	-8.486248	-0.19033903	31.501
-1.5885528	-9.188946	-1.1085154	31.546
-1.4209588	-9.234436	-1.6112977	31.596
-1.1899183	-8.619126	-0.6811504	31.646
-1.5741876	-9.185355	-3.4093432	31.708
-2.8287494	-7.129933	-5.3163247	31.747
-1.8710686	-10.399215	-4.4843397	31.796
-2.871845	-9.988609	-4.578911	31.846
-0.94570965	-8.820239	-1.9572599	31.896
-0.830788	-8.118738	-4.344279	31.946
-2.135628	-9.554062	-4.6519337	31.998
-2.3786395	-9.7803135	-4.1479545	32.007
-1.270124	-9.021352	-3.8642416	32.096
-0.36152446	-8.535329	-3.5889084	32.146
-0.34715924	-9.075222	-3.9396589	32.196
0.0035913025	-8.871715	-4.4017396	32.244
0.6607997	-8.664616	-4.0402155	32.296
0.01436521	-9.606734	-4.2161894	32.377
-2.7210102	-9.797073	-4.799177	32.396
-1.1420342	-8.505402	-2.372654	32.446
-3.846285	-9.712079	-1.6436194	32.518
-4.83509	-10.784681	0.11492168	32.546
-1.388637	-10.691308	0.22864626	32.596
-0.6811504	-8.835801	-2.1906946	32.646
-3.681085	-8.880095	-1.2258313	32.696
-4.285621	-8.564059	0.78290397	32.737
-0.9900024	-8.644265	-0.46567222	32.796
-0.4165911	-9.203311	-0.38067806	32.846
-0.7565677	-8.346188	1.0007763	32.896
0.19632454	-9.500193	1.0103531	32.96
0.24660277	-10.4171715	0.6368576	33.011
-1.1875241	-11.252748	1.4065934	33.05
-0.37469256	-10.569203	2.7365725	33.099
-5.877765	-17.110163	-3.2932243	33.146
-5.592855	-6.137536	-5.6179943	33.196
1.3072342	-4.1455603	0.94211835	33.246
-0.82599956	-8.605958	-2.645593	33.296
-5.8466406	-11.293449	-1.2354081	33.346
-3.2992098	-8.433576	-0.37349546	33.396
0.061052144	-8.000225	-0.92895025	33.446
1.376666	-9.762358	-1.3215994	33.499
0.36750996	-9.398438	0.23702596	33.548
-0.045489833	-9.569624	-0.93373865	33.596
-0.36631286	-10.441113	-0.18195933	33.646
-0.6799533	-10.882844	0.80564886	33.717
-0.5267244	-10.518925	0.46567222	33.756
-2.7593174	-12.3277445	-2.743755	33.796
-3.7205894	-9.027337	-2.3582888	33.846
-3.691859	-7.8625584	1.0319009	33.896
-1.22224	-10.849325	-0.18555063	33.946
-0.37828386	-9.807847	0.30166942	33.996
0.6823475	-9.138668	0.2765303	34.016
-1.4903905	-9.4295635	0.9947908	34.096
-2.1260512	-7.445967	1.9357121	34.158
-0.80924016	-7.4603324	2.1871033	34.197
-0.44651863	-8.651448	1.0199299	34.246
-1.127669	-11.767501	1.6555905	34.308
-1.5693992	-10.984597	2.2828712	34.347
0.6871359	-12.8053875	1.0570401	34.416
-7.261614	-13.733141	-4.1491513	34.446
-4.76087	-7.3909006	-3.7229836	34.496
1.887828	-6.2524576	-1.496376	34.567
-2.9113493	-10.490194	-2.2158337	34.596
-6.35062	-10.605117	-0.35314476	34.646
-2.8670566	-8.024167	-0.5650316	34.696
0.50517654	-8.263587	-0.33997664	34.746
1.0965444	-9.489418	-0.90740246	34.797
-0.07062895	-9.344569	0.22864626	34.846
-0.1592144	-9.673772	0.33399114	34.907
0.80445176	-9.350554	0.36032736	34.946
0.34715924	-10.749966	0.20829555	34.997
-2.2613235	-12.270284	-0.50996494	35.016
-3.8750155	-10.521319	0.1388637	35.096
-5.020641	-8.012196	-1.3982137	35.146
-1.8112136	-8.53892	1.3503298	35.196
-1.2940661	-9.721656	1.400608	35.26
-0.3854665	-9.576807	0.6847417	35.296
-0.093373865	-9.446322	0.60094464	35.357
0.05865794	-7.776367	2.6360161	35.396
-0.2896984	-8.1319065	3.122039	35.446
-1.4257472	-8.559271	1.7238252	35.497
-0.8367735	-9.561244	2.930503	35.546
-0.5758055	-10.365696	2.8634653	35.596
-2.3666685	-16.25663	1.3934253	35.646
-8.948329	-11.960235	-5.5389857	35.696
-2.6324248	-3.2130187	-0.7553706	35.746
1.436521	-4.5777135	0.5351041	35.796
-4.355053	-11.633426	-4.914099	35.846
-5.4743423	-11.034876	-0.94690675	35.896
-0.7589619	-7.785944	-0.11492168	35.946
1.0606314	-8.735245	-1.4784195	35.997
1.1420342	-9.249998	-1.6771383	36.006
1.0223241	-9.064447	0.06344634	36.114
1.1899183	-9.258378	-0.005985504	36.157
-0.05746084	-9.974244	0.3196259	36.196
-1.2066777	-10.637438	1.1432313	36.247
-1.7130513	-11.331757	1.1192893	36.296
-3.8426938	-11.415554	-2.3642743	36.357
-2.5629928	-10.21965	-3.3279405	36.399
-3.821146	-7.0688806	-1.270124	36.446
-0.92655605	-9.281123	-0.8319851	36.496
-0.16998832	-12.282255	1.4975731	36.564
-1.0474633	-8.841787	-1.8459295	36.596
0.089782566	-8.91481	1.7657237	36.646
-0.89662856	-7.9714947	0.5434838	36.696
-1.0654198	-7.603985	1.543063	36.747
-0.521936	-8.468291	1.2030864	36.796
-0.4405331	-10.621876	1.555034	36.846
-0.4417302	-10.247183	0.5231331	36.896
1.103727	-10.277111	2.669535	36.946
0.62847793	-10.642226	2.054225	37.007
-4.3526587	-19.6133	-1.0307038	37.05
-7.2209125	-6.3350577	-4.8985367	37.096
0.06464344	-5.2780175	1.6244658	37.166
0.8367735	-8.35337	-1.9680338	37.196
-4.2042184	-15.0715	-4.8039656	37.247
-1.9692309	-8.929175	0.7254431	37.296
0.2896984	-6.5960255	2.1679497	37.346
0.23582886	-9.961076	-1.4544775	37.396
-0.37349546	-9.788693	-0.7721301	37.446
0.7374141	-8.599973	0.9696517	37.497
1.4856021	-8.846576	-0.2789245	37.552
-0.35673606	-10.554838	-0.2801216	37.596
-1.4664485	-10.530896	1.0534488	37.646
-1.4772224	-9.606734	1.5286977	37.696
-2.2242134	-12.492945	-1.1312603	37.747
-3.0969	-11.623849	-2.634819	37.796
-4.8614264	-7.441179	-2.3116016	37.846
-3.645172	-5.943606	-0.037110128	37.896
-1.0642227	-11.9853735	1.4676456	37.946
-0.14604631	-8.3821	-2.1811178	38.029
1.0390835	-7.868544	-0.8631097	38.046
-0.48841715	-9.227253	2.0913353	38.096
-2.1799207	-7.553706	0.79008657	38.157
-0.91219085	-6.8893156	1.8411411	38.196
-0.19512744	-9.355343	2.2158337	38.266
0.0035913025	-11.298238	1.4401124	38.296
0.18555063	-11.077971	0.5734113	38.347
1.8183962	-9.986216	3.857059	38.397
-3.751714	-17.926586	-1.2557588	38.446
-5.949591	-6.4164605	-4.3993454	38.511
0.90859956	-3.550601	1.8411411	38.547
0.5363012	-6.8007298	-1.4449008	38.596
-4.7201686	-13.281834	-2.814384	38.646
-2.2409728	-8.535329	-0.40342298	38.696
0.053869538	-7.98586	-0.6871359	38.755
1.1348516	-9.457097	-1.0342951	38.796
0.90740246	-9.563639	0.63087213	38.846
0.439336	-9.994595	-0.6380547	38.896
0.089782566	-9.64145	0.4417302	38.946
0.010773907	-10.172963	0.5422867	38.989
0.61650693	-12.861651	-0.7673417	39.046
-3.2249897	-12.871228	-3.1028855	39.097
-7.9463553	-12.435484	-0.22146365	39.146
-4.298789	-5.7305217	-0.7613561	39.196
-1.055843	-7.337031	1.3575124	39.253
-1.5646108	-10.45069	1.0606314	39.296
-2.0003555	-8.576031	-0.34955344	39.359
-0.46926352	-7.3346367	2.7030537	39.406
-0.78649527	-8.307879	1.6567876	39.446
-1.7274165	-9.076419	0.23343466	39.496
-1.8171991	-9.143456	1.6496049	39.576
-1.4927847	-9.630676	1.520318	39.596
-1.5023615	-9.5385	0.6488287	39.646
-1.0390835	-9.127894	0.59974754	39.696
-1.0414777	-9.19972	0.961272	39.757
-0.50757074	-9.315839	1.0390835	39.796
-0.7326257	-9.692925	0.8631097	39.846
-0.62847793	-9.807847	1.198298	39.896
-4.5621514	-12.00333	-0.80325466	39.946
-9.057265	-13.364434	-3.6595373	39.996
-2.9281087	-8.062474	0.5410896	40.037
-2.9281087	-8.062474	0.5410896	40.037
-6.054936	-11.389217	-2.0817583	40.158
-5.1702785	-8.631097	-0.2837129	40.196
-1.9859903	-7.735666	-1.697489	40.246
-0.8511387	-10.128671	-2.0506337	40.316
-1.0354922	-9.958682	-0.9708488	40.346
-0.06344634	-8.595184	-0.18076223	40.398
0.19871874	-9.900024	-1.2210429	40.446
-0.8798691	-10.346542	0.049081136	40.496
-1.804031	-9.753978	0.019153614	40.567
-1.7597382	-9.736021	0.079008654	40.596
-1.0761937	-9.973047	0.7350199	40.646
0.79008657	-10.196905	0.90381116	40.696
2.0374656	-9.864111	0.3172317	40.759
-2.135628	-11.268311	-0.06823475	40.796
-6.8929067	-10.472239	-3.086126	40.846
-6.646304	-7.1826053	-0.60333884	40.896
-1.7286136	-7.0449386	0.9600749	40.946
-0.8499416	-10.576386	-1.0342951	40.997
-0.5279215	-9.476251	0.59735334	41.048
0.5722142	-8.60117	1.0103531	41.111
-1.9309237	-9.137471	0.24899697	41.146
-2.5725696	-8.756793	0.32920274	41.196
-1.3455414	-8.08881	-0.1592144	41.256
-2.043451	-11.874043	-1.7178397	41.296
-4.3957543	-11.247959	-2.6803088	41.346
-3.1735144	-9.932345	-0.6955156	41.396
-4.560954	-8.584411	-1.5131354	41.446
-4.11683	-8.828619	-2.2481554	41.502
-2.098518	-8.194156	-2.7246015	41.546
-0.61411273	-8.835801	-2.574964	41.596
-0.9720459	-9.927557	-2.2469583	41.646
-1.4532804	-9.928755	-2.3199813	41.696
-1.021127	-9.184157	-1.4652514	41.746
-1.0486604	-8.913613	-0.94690675	41.796
-0.7577648	-9.721656	-1.4508862	41.846
-0.5398925	-10.140641	-1.4640543	41.896
-0.30885202	-10.052056	-1.1061212	41.946
-1.8662802	-11.255142	-2.2864625	41.996
-2.3187842	-12.525267	-1.2629414	42.046
-2.3187842	-12.525267	-1.2629414	42.046
-2.7700913	-7.5932107	-1.0007763	42.158
-2.565387	-7.052121	0.3196259	42.197
-2.1057005	-8.327033	0.0047884034	42.246
-0.89064306	-9.776723	0.021547815	42.316
-1.7537527	-9.258378	0.108936176	42.346
-2.4241292	-9.139865	0.7541735	42.397
-2.3211784	-9.449914	1.2473791	42.446
-0.93493575	-8.954314	1.0079589	42.496
0.11133038	-8.588001	1.3108255	42.549
0.19273324	-8.619126	1.6316484	42.596
-0.82240826	-9.391256	1.4305356	42.646
-0.4201824	-10.05445	2.2062569	42.696
1.0761937	-9.962274	1.851915	42.746
-3.345897	-15.810111	-1.2749124	42.796
-4.7285485	-10.502166	-2.3092074	42.846
-0.61052144	-9.742006	0.24061728	42.896
-1.769315	-6.362591	-2.2158337	42.946
-0.80924016	-6.6774287	-1.3934253	43.008
-3.3135753	-9.940725	-2.4241292	43.049
-3.0765493	-9.003395	-0.09935937	43.097
-0.94690675	-8.664616	-0.18435353	43.156
0.92296475	-9.49301	-1.8686744	43.196
-0.58418524	-9.831789	-0.9708488	43.245
-0.62847793	-9.317036	0.5422867	43.296
-0.36511576	-9.4295635	-1.3132197	43.346
-1.1731589	-10.429143	-1.5227122	43.396
-1.0869676	-10.296265	0.36990416	43.446
0.46686932	-10.217256	0.688333	43.496
0.92775315	-10.571598	-0.50637364	43.546
-1.8052281	-11.482592	-1.9476831	43.596
-2.480393	-9.516952	-2.0709844	43.646
-4.370615	-6.1207767	-0.36391866	43.716
-1.7848774	-7.5584946	2.5246856	43.746
0.2717419	-13.757083	0.90859956	43.796
-0.6847417	-10.113108	-3.867833	43.846
-0.33518824	-8.221688	1.7681179	43.896
-1.1480197	-8.503007	1.2030864	43.946
-1.496376	-7.9846625	0.748188	43.996
-0.81283146	-8.298303	0.830788	44.047
-0.91578215	-8.687361	0.6380547	44.057
-0.5734113	-10.56681	1.0654198	44.162
0.7625532	-13.729549	0.33159694	44.196
-4.4161053	-14.881161	-2.8431146	44.246
-6.5349736	-5.973533	0.51116204	44.307
-0.62608373	-3.4799721	2.220622	44.346
0.760159	-7.627927	-1.246182	44.396
-7.1107793	-12.4869585	-4.2221746	44.464
-2.9747956	-8.767567	0.9959879	44.496
-1.0378864	-7.153875	0.6464345	44.546
-0.5770026	-10.626664	-2.4875755	44.596
-0.34117374	-10.1861315	-0.7386112	44.646
0.62967503	-9.072827	0.51714754	44.696
0.47165772	-9.544485	-0.33877954	44.746
-0.39743748	-9.933543	-0.37110126	44.796
-2.0578163	-10.976217	0.4369418	44.846
-1.8148049	-12.570756	0.4333505	44.894
-3.8187518	-10.803835	-2.5103204	44.946
-3.5913026	-6.1327477	-0.6679823	44.986
-1.258153	-5.109226	3.0119057	45.047
-0.92176765	-6.3338604	3.7708676	45.056
-2.908955	-10.032902	-2.9867666	45.147
-1.6998832	-8.743625	2.4109612	45.196
-0.91817635	-8.249222	1.4041992	45.246
-0.25737667	-8.566454	1.590947	45.296
0.15801731	-9.011775	1.1971009	45.346
-1.0821792	-9.363723	0.5566519	45.397
-2.3918076	-10.15381	1.4891934	45.446
-1.6196774	-9.7958765	1.9381063	45.496
-1.4879963	-15.288175	0.47405192	45.546
-6.137536	-12.197261	-2.8886044	45.598
-3.0310593	-6.825869	0.6344634	45.646
-1.1659763	-5.5856724	-0.50038815	45.696
-2.8670566	-8.293514	-3.4225113	45.746
-5.6670756	-11.756727	-2.3475149	45.796
-0.8738836	-9.096769	-1.816002	45.846
-0.36272156	-8.578424	-1.1791444	45.908
-1.2952632	-9.830592	-1.7537527	45.946
-0.6572084	-9.582792	-1.6903064	45.996
0.39264908	-8.992621	-1.3491327	46.047
0.439336	-9.011775	-1.3299791	46.056
-1.1240777	-9.380483	-0.47285482	46.162
-1.377863	-10.168175	-0.8463503	46.197
-0.8619126	-11.32218	-1.1384429	46.246
-2.4791958	-10.5680065	-2.2517467	46.296
0.053869538	-9.696517	0.5674258	46.346
-3.549404	-10.59554	-3.2836475	46.397
-4.938041	-7.7584105	-1.3682863	46.446
-2.1045034	-7.6410947	1.9967642	46.496
0.08619126	-10.692505	-0.2813187	46.546
-3.1830912	-10.784681	-4.4448357	46.596
-2.4756045	-8.135497	1.1168951	46.666
-0.48482585	-8.76996	0.6452374	46.696
-0.866701	-9.151836	-1.340753	46.746
-2.0901382	-8.6334915	-0.29807812	46.796
-1.8602947	-9.03452	1.1779473	46.846
-1.6639702	-10.893618	0.49200845	46.926
-1.0737995	-11.6908865	0.06943185	46.946
-1.8986019	-13.178884	-2.6084828	47.005
-1.7010803	-10.175357	-0.4333505	47.048
-1.4269443	-8.043321	-0.8882488	47.098
-1.2042835	-6.5122285	-3.2261868	47.146
-2.3080103	-8.486248	-1.7549498	47.193
-2.954445	-10.435128	-0.12090719	47.246
-0.9768343	-8.586804	0.1316811	47.296
-0.51116204	-8.852561	-1.4927847	47.346
-1.1216835	-9.710882	-0.36511576	47.396
-1.1827357	-10.000581	-0.29328972	47.466
0.2801216	-9.880871	-0.8762778	47.496
0.5710171	-9.2907	-0.6955156	47.546
0.09816227	-9.624691	0.17836803	47.596
-0.4285621	-10.83496	-0.47644615	47.648
-3.1028855	-12.720393	0.65242	47.697
-3.5865142	-10.9822035	-1.163582	47.746
-3.738546	-8.317456	-1.364695	47.796
-3.3806129	-5.297171	1.1599907	47.846
-1.328782	-9.064447	3.7924154	47.906
-2.7090392	-13.437457	-0.35075054	47.946
-2.1631613	-8.337808	-0.36032736	47.996
-1.541866	-8.335413	3.040636	48.046
-2.0362685	-9.238028	1.423353	48.096
-0.6356605	-9.027337	1.1492168	48.149
-0.6332663	-8.872911	1.3120226	48.196
-1.9812019	-8.998607	2.1416135	48.264
-1.8590976	-9.323022	2.2649148	48.3
-1.1695676	-9.599552	1.6927006	48.346
-0.7326257	-9.876082	1.9081788	48.396
-1.1372458	-11.415554	2.3415294	48.446
-4.811148	-13.227964	-1.411382	48.496
-4.2066126	-9.734824	-0.051475335	48.546
-1.6795325	-6.247669	0.31244332	48.596
-0.8487445	-8.500613	-2.0362685	48.667
-3.5901055	-10.449493	-4.1276035	48.696
-5.2852	-10.657789	-2.4013844	48.746
-3.4680011	-8.226477	0.79248077	48.796
-2.585738	-9.198523	-2.280477	48.846
-0.90859956	-10.387244	-2.516306	48.887
0.4321534	-9.00579	-0.075417355	48.946
0.7625532	-9.338584	-0.30645782	48.997
0.93014735	-9.752781	-0.020350715	49.046
0.5315128	-9.7084875	0.061052144	49.094
-1.1001357	-9.68694	-0.17238252	49.149
-2.291251	-10.423157	-0.22625206	49.196
-0.7493851	-10.638636	0.7769185	49.246
0.22984336	-10.46745	0.36391866	49.296
-1.8076223	-11.3880205	-0.5327099	49.346
-3.288436	-11.112687	-3.0202854	49.422
-4.9069166	-7.381324	-2.7246015	49.446
-3.347094	-4.903325	1.328782	49.496
-1.271321	-10.577583	3.3626564	49.546
-1.4101849	-12.058397	-2.834735	49.601
0.49200845	-8.529344	0.688333	49.646
1.5741876	-8.6299	2.7868507	49.696
-1.3431472	-8.259995	0.8559271	49.746
-0.52073884	-8.652645	1.6915035	49.796
-0.33877954	-8.896853	1.3730747	49.846
-0.7398083	-11.559206	0.92416185	49.917
-0.5722142	-10.66976	1.5646108	49.946
0.0035913025	-16.186	-0.9504981	50.016
-5.8693852	-12.257115	-3.5326445	50.046
-5.839458	-10.732009	-3.454833	50.056
0.5279215	-4.0892963	0.39504328	50.146
0.50757074	-8.201338	-1.5921441	50.186
-7.297527	-12.927492	-3.788824	50.246
-3.6056678	-8.09719	1.7298107	50.297
-1.0486604	-7.418434	-0.61530983	50.349
0.7098808	-9.958682	-1.4173675	50.399
-0.19393034	-9.685743	0.15083471	50.447
0.36870706	-9.075222	0.5530606	50.496
-0.7493851	-10.275913	-0.5410896	50.546
-0.81283146	-10.126276	-0.30166942	50.604
0.1400608	-9.32781	0.82480246	50.647
-1.7477672	-11.474212	-1.5251064	50.697
-1.3838485	-11.696873	0.5566519	50.747
-4.4520183	-10.930728	-1.6938977	50.797
-3.3147724	-7.3537903	-1.0594343	50.846
-3.0538042	-6.2464724	2.2589293	50.901
-0.6835446	-10.171766	1.5215151	50.947
-2.1092918	-11.140221	-1.1324574	51.013
-0.2681506	-8.06008	1.9883845	51.047
0.9828198	-7.5668745	2.3403323	51.097
0.21428105	-8.956709	1.2521675	51.147
-1.6531962	-9.728839	1.9452889	51.196
-1.6172832	-8.7771435	1.9045875	51.25
0.038307227	-9.217676	2.3535004	51.296
0.04309563	-10.378864	1.3144168	51.346
1.292869	-11.331757	2.2960393	51.397
-3.309984	-13.585897	-0.6991069	51.446
-5.233725	-9.928755	-0.36511576	51.496
-2.304419	-6.6427126	0.47285482	51.546
-1.0474633	-6.9348054	-1.1061212	51.606
-1.2126632	-9.64983	-2.042254	51.647
-5.663484	-11.140221	-2.303222	51.696
-3.3746274	-8.949526	1.3838485	51.746
-2.432509	-8.224083	-0.46447513	51.797
0.20709845	-10.180145	-1.0199299	51.846
1.0845734	-9.227253	0.79726917	51.917
2.2242134	-9.115923	1.0749966	51.946
1.1994951	-9.392453	-0.15322891	52.007
-1.0833763	-10.260351	-0.8822633	52.046
-1.8902222	-10.426748	-0.7170634	52.066
-2.0482395	-9.315839	0.9828198	52.147
-2.1452048	-10.723629	-0.5770026	52.196
-0.8643068	-12.058397	-0.58657944	52.258
-1.9644425	-11.3138	-1.8662802	52.296
-2.303222	-7.180211	-1.934515	52.346
-1.5478514	-6.1902084	2.243367	52.397
-0.44532153	-11.100717	2.566584	52.446
-2.859874	-11.820174	-2.2301989	52.496
-0.35434186	-7.1993647	2.337938	52.547
0.81642276	-7.4746976	2.1739352	52.597
-1.1216835	-9.572019	1.1049241	52.647
-1.9141643	-8.834604	1.1899183	52.697
-0.32680854	-8.334216	1.8231846	52.746
0.051475335	-9.436746	0.60214174	52.796
0.49200845	-11.796232	0.688333	52.846
1.2952632	-11.324574	1.8555063	52.897
-4.5118732	-13.29979	-0.9935937	52.946
-5.849035	-9.02614	-1.3180081	53.0
-2.8491	-6.3781533	1.3706805	53.037
-1.0570401	-7.1945763	-1.4867992	53.1
-3.596091	-10.757148	-3.145981	53.147
-5.471948	-10.104729	-0.50876784	53.196
-2.553416	-7.9906483	1.3634979	53.247
-1.8543092	-9.069236	-2.0769699	53.296
0.19512744	-10.005369	-0.6967127	53.346
0.533907	-8.98903	0.8655039	53.409
0.08259996	-9.425972	-0.074220255	53.446
-1.4867992	-10.517728	-0.30406362	53.497
-1.2389994	-10.09156	0.17118542	53.546
-0.5650316	-10.208876	0.033518825	53.607
-2.4061728	-11.319786	-0.36870706	53.647
-2.3211784	-12.360066	0.142455	53.696
-3.6296098	-8.449138	-1.4329298	53.746
-3.0059202	-5.913678	-1.1492168	53.796
-1.6807296	-8.863335	3.0897174	53.864
-3.145981	-12.563574	0.4189853	53.897
-3.8893807	-9.503783	-2.0266917	53.946
-1.6101006	-9.01776	1.6041151	54.027
-1.839944	-8.838196	1.3227965	54.047
-1.5502456	-8.76996	1.1911154	54.067
-0.8403648	-8.615535	0.7386112	54.157
-1.6220716	-8.750807	1.3802572	54.199
-2.1799207	-10.1861315	1.7345991	54.249
-0.088585466	-10.158598	1.2138603	54.297
1.174356	-10.0903635	2.2505496	54.346
-1.2234371	-12.334928	1.7609353	54.396
-4.88058	-11.070788	0.40940848	54.447
-4.10845	-9.027337	0.4369418	54.496
-2.0135236	-7.229292	-0.1448492	54.546
-2.8311436	-7.550115	-1.5442601	54.596
-2.134431	-10.813412	-2.1631613	54.647
-2.6024973	-10.839748	-1.3036429	54.697
-2.135628	-8.323442	0.2789245	54.746
-2.2110453	-8.978256	-1.2617443	54.796
-0.6979098	-10.368091	-0.50637364	54.846
0.4177882	-9.4535055	-0.23702596	54.907
-0.1400608	-9.768343	0.16759412	54.946
-0.6536171	-9.937134	-0.04189853	54.997
-0.260968	-10.060435	0.23463176	55.047
0.059855044	-10.15381	0.062249243	55.102
-2.6024973	-9.436746	0.35314476	55.147
-2.8383262	-9.062054	0.3196259	55.196
-3.7205894	-10.29387	0.05746084	55.247
-3.6272156	-9.00579	0.25378537	55.297
-2.955642	-8.655039	1.1360487	55.337
-1.1145009	-9.764751	1.1492168	55.411
-1.1731589	-9.836577	1.401805	55.45
-1.3180081	-8.558074	2.0111294	55.496
-1.0187328	-9.13388	2.1655555	55.546
-1.4197617	-8.966286	2.1811178	55.596
-1.3215994	-8.979453	2.553416	55.647
-1.5502456	-10.176555	1.922544	55.697
-1.8483237	-9.672575	2.743755	55.746
-1.3850456	-11.101913	2.2290018	55.796
-2.8754363	-11.0935335	0.4165911	55.846
-3.6858735	-8.838196	-0.22984336	55.897
-2.3331497	-8.813056	0.93254155	55.946
-1.6843209	-8.1163435	-0.2657564	55.997
-1.5622166	-9.660604	-1.8016368	56.046
-1.5849615	-10.617087	-1.5885528	56.066
-1.2916719	-9.228451	0.7074866	56.157
-0.02873042	-8.90643	0.23582886	56.196
0.11252748	-9.591172	-0.2789245	56.247
-0.11492168	-9.61272	0.37948096	56.296
0.12689269	-9.063251	0.6727707	56.358
-0.45130703	-9.831789	-0.49320555	56.397
-1.5119383	-10.650606	-0.7613561	56.446
-0.7745243	-9.749189	-0.10175357	56.497
-1.1360487	-11.234792	-0.28491	56.546
-1.7537527	-10.588357	-0.7015011	56.617
-3.3638535	-9.929952	-0.6799533	56.646
-3.7660792	-8.020576	-1.447295	56.696
-3.1172507	-6.181829	1.0462662	56.746
-0.45848963	-11.283873	1.9045875	56.81
-3.13401	-12.325351	-2.2637177	56.849
-1.5263035	-7.9116397	1.9596541	56.897
0.47884035	-7.773973	1.8662802	56.96
-0.65242	-8.862138	0.22385786	56.997
-1.875857	-9.31105	1.3395559	57.047
-1.9129672	-8.832211	1.7286136	57.067
-0.8367735	-9.544485	1.3611037	57.151
-0.8619126	-10.001778	1.2940661	57.207
0.4213795	-10.603919	2.1583729	57.248
-2.942474	-13.350069	-0.7613561	57.296
-3.8618474	-9.28232	-0.23582886	57.347
-2.5905263	-6.8785415	0.4357447	57.417
-0.5243302	-6.503849	0.08499416	57.447
-1.733402	-10.726024	-1.8327614	57.497
-4.483143	-11.445481	-2.2541409	57.547
-1.7238252	-8.021772	1.3623008	57.621
-0.32202014	-8.1079645	-0.24181437	57.647
0.7194576	-10.225636	-0.9504981	57.697
-0.32202014	-9.824607	0.5231331	57.746
-0.36750996	-9.348161	0.4237737	57.797
-1.6687586	-10.394426	-0.8331822	57.847
-1.6160861	-10.502166	-0.427365	57.897
-2.7006595	-8.954314	0.7757214	57.957
-2.1033063	-9.415198	0.93613285	57.997
-2.5893292	-10.782288	-1.163582	58.067
-3.0334535	-9.308656	-0.50158525	58.097
-2.4875755	-7.8529816	1.8183962	58.146
-1.5334862	-9.616311	1.1001357	58.207
-0.7565677	-10.643424	1.5047557	58.247
-1.4760253	-9.921572	1.6256629	58.296
-1.9428947	-9.306262	1.9369092	58.337
-1.1025299	-7.8793178	2.5234885	58.396
-1.0414777	-8.562862	1.1061212	58.446
-2.6132712	-12.332533	0.2681506	58.496
-2.2756886	-9.431957	-0.32202014	58.549
-0.107739076	-8.432379	1.9357121	58.597
-1.3694834	-9.4535055	0.8391677	58.646
-2.9879637	-9.743204	0.22505496	58.696
-2.1787236	-9.688137	0.37110126	58.747
-1.9333179	-9.14585	1.4030021	58.797
-1.8782512	-9.7803135	2.5797524	58.889
-1.5191209	-9.7803135	2.5797524	58.889
-1.7429788	-9.332599	1.3455414	58.948
-1.5610195	-9.308656	1.7034745	58.998
-1.7896658	-9.540894	1.733402	59.047
-1.9273324	-9.563639	1.4293385	59.057
-1.7788919	-9.64145	1.1575965	59.151
-1.7824832	-9.452309	0.90141696	59.197
-2.0638018	-9.598354	0.58538234	59.246
-1.602918	-9.3182335	0.7134721	59.297
-1.6041151	-9.574412	0.5542577	59.346
-1.7717092	-9.604341	0.2645593	59.387
-1.2054806	-9.586384	0.9516952	59.447
-1.1779473	-9.927557	1.1420342	59.496
-1.541866	-9.645041	-0.47764325	59.546
