-1.0654198	-9.424775	-1.7262194	0.026
-1.0654198	-9.424775	-1.7262194	0.026
-1.0654198	-9.424775	-1.7262194	0.026
-1.8531121	-9.491813	0.23104046	0.192
-2.0733786	-9.516952	0.14963761	0.253
-1.9596541	-9.406818	0.1316811	0.293
-1.5634137	-9.576807	-0.15442601	0.344
-1.2078748	-9.628283	-0.770933	0.403
-0.6775591	-9.267955	-1.7369933	0.443
-1.5957354	-9.615114	-2.0147207	0.493
-1.8962077	-10.328587	-0.30526072	0.553
-0.676362	-9.66659	-0.78649527	0.603
-0.059855044	-8.748413	-0.8762778	0.661
-0.39504328	-9.464279	-0.272939	0.703
-0.8870517	-9.604341	-0.22744916	0.752
-0.008379706	-9.585187	-1.0881647	0.813
-0.7254431	-10.236409	-1.400608	0.852
-1.2162545	-10.352529	-0.6859388	0.895
-0.7338228	-10.348937	0.079008654	0.923
0.07062895	-12.008119	-2.8933928	0.992
0.29927522	-10.729615	-1.1468226	1.033
-2.6060886	-9.515755	-2.3199813	1.092
-2.9293058	-6.5206084	-0.31603462	1.143
-0.33159694	-9.088389	2.9376855	1.193
-1.460463	-10.621876	-4.8255134	1.252
-1.1695676	-8.76996	-1.3838485	1.292
-0.60094464	-8.341399	1.958457	1.342
-1.7226281	-8.674192	-1.2916719	1.41
-1.851915	-7.825448	0.29927522	1.443
-2.3750482	-8.025364	1.2042835	1.492
-2.0769699	-11.4359045	0.8810662	1.552
-0.8331822	-10.876859	0.94690675	1.592
0.10414778	-13.433866	-0.89782566	1.653
-4.5753193	-10.717644	-2.779668	1.703
-2.0242975	-8.9363575	-0.4225766	1.752
0.94211835	-6.253655	-1.946486	1.793
-1.5921441	-6.0285997	-3.6044707	1.843
-4.0940847	-11.5316725	-0.93373865	1.898
-4.7070007	-11.015722	-0.4177882	1.907
-0.1364695	-8.465898	-0.61052144	1.993
0.45130703	-9.672575	-2.4121583	2.052
-0.11252748	-9.503783	0.7661445	2.103
0.1376666	-9.689334	-0.21068975	2.142
-1.7980455	-11.246762	-2.0147207	2.192
-1.6244658	-11.099519	0.47764325	2.235
-3.064578	-12.118252	-0.23343466	2.293
-0.4309563	-7.1395097	-4.2078094	2.353
-1.5981296	-6.7468605	-0.22984336	2.403
0.94810385	-12.297817	3.2202013	2.443
-0.62488663	-12.999318	-3.1495724	2.485
1.0342951	-7.776367	0.4405331	2.554
0.23582886	-8.208521	0.5434838	2.593
-1.7262194	-8.330625	-0.19393034	2.653
-1.3694834	-9.024943	0.62249243	2.703
-1.2270284	-10.255563	0.60932434	2.753
-0.8583213	-9.184157	1.5825673	2.793
-0.61890113	-16.290148	-3.323152	2.863
-6.423643	-11.456255	-7.9451585	2.892
-2.8993783	-8.65025	-3.5697548	2.922
1.401805	-5.463568	-1.0534488	2.994
-2.7856536	-10.289082	-3.9863458	3.064
-2.6420016	-10.875661	-1.6938977	3.093
-0.50517654	-8.917204	-1.0857705	3.143
0.5758055	-8.838196	-1.9967642	3.203
-0.22026655	-8.665813	-0.93373865	3.242
-0.39145198	-9.397242	-1.7298107	3.292
0.40102878	-10.061633	-2.0829554	3.371
0.9576807	-10.424355	-2.0578163	3.392
0.4417302	-11.0061455	-2.3989902	3.442
-0.58897364	-11.452663	-2.2469583	3.492
-2.0901382	-11.124659	-2.6898856	3.548
-3.606865	-8.541314	-2.0207062	3.592
-6.5720835	-5.9962783	-0.7158663	3.642
-3.2309752	-8.725668	1.0989386	3.692
-0.023942016	-13.208811	-1.0893618	3.742
-1.1911154	-9.610326	-3.9947255	3.794
-1.8243817	-7.631518	1.9189527	3.843
-2.7820623	-8.170214	0.35434186	3.908
-2.4528596	-8.337808	0.45370123	3.924
-1.459266	-7.7943234	0.9756372	3.992
0.15682021	-10.716447	1.5765818	4.047
-1.4820108	-12.389994	-1.1360487	4.093
-4.9787426	-16.857574	-2.6683378	4.14
-2.1811178	-5.249287	-1.7357962	4.223
-2.231396	-6.477513	-3.596091	4.242
-4.1240125	-8.948329	-2.8634653	4.292
-3.2561142	-8.428787	-0.5746084	4.353
-1.7274165	-9.357738	-2.3882163	4.404
-0.79607207	-9.557653	-2.540248	4.442
-0.4237737	-8.568848	-0.6548142	4.492
-0.5674258	-10.041282	-1.5921441	4.543
-1.0295067	-11.09114	-1.8830396	4.606
-1.2737153	-10.029311	-1.6819267	4.643
-2.9101522	-8.967483	-2.9987376	4.692
-4.2066126	-9.88925	0.8607155	4.742
-5.046977	-8.445546	0.6667852	4.792
-2.2876596	-7.577648	-1.7022774	4.832
-2.504335	-8.433576	0.700304	4.902
-4.381389	-9.739613	-0.29328972	4.958
-4.3658266	-8.342596	-0.7062895	5.013
-3.9480386	-8.5700445	-1.1575965	5.043
-3.727772	-9.449914	-0.6596026	5.092
-2.9735985	-9.436746	-0.1340753	5.143
-1.1264719	-8.761581	0.20829555	5.192
-0.19871874	-8.854955	0.58897364	5.262
-0.6907272	-9.056067	0.91099375	5.292
-1.5119383	-8.957906	0.8319851	5.342
-1.4628572	-11.172543	0.6811504	5.393
-1.7310078	-11.326968	0.7038953	5.442
-3.8007953	-14.459781	-1.3623008	5.492
-3.180697	-9.212888	-1.0235212	5.542
-1.0199299	-7.505822	-1.6448165	5.613
-2.4145525	-6.4128695	-4.554969	5.642
-5.0900726	-9.065644	-1.2988545	5.692
-3.2441432	-8.507795	0.830788	5.742
-0.108936176	-8.025364	-0.78769237	5.792
0.48362875	-9.516952	-2.657564	5.863
-0.062249243	-9.336189	-0.5315128	5.892
-0.33039984	-10.139444	1.0235212	5.923
0.11611878	-9.890448	-1.2330139	6.001
0.8690952	-10.234015	-0.7278373	6.042
-1.2653356	-12.014104	-0.12808979	6.101
-5.9747305	-12.440272	-2.8287494	6.142
-4.6710877	-7.487866	0.62728083	6.193
-0.4165911	-8.919599	2.1990743	6.242
-1.292869	-10.848128	-2.2936451	6.292
-2.9652188	-6.105214	2.907758	6.383
0.16639702	-6.3326635	2.859874	6.393
-0.1376666	-7.8410106	0.6476316	6.442
-1.1121067	-10.313024	1.8411411	6.492
-0.91578215	-11.264719	2.1140802	6.553
0.81881696	-11.674128	2.098518	6.593
-3.466804	-15.738285	-0.7493851	6.642
-6.823475	-10.607511	-3.145981	6.692
-0.046686932	-3.6894648	-0.11611878	6.742
-0.7697359	-7.2664022	-1.62686	6.793
-4.226963	-12.794614	-1.6053122	6.836
-4.292804	-8.831013	0.5566519	6.892
-1.6723499	-8.505402	-1.1803415	6.965
2.1619642	-8.65863	-1.3467385	6.975
0.9696517	-9.186552	1.388637	7.048
0.50278234	-10.052056	0.46447513	7.094
0.6631939	-11.46224	1.2856863	7.174
-3.3446999	-12.083536	1.2138603	7.208
-5.17387	-12.668919	-1.471237	7.234
-2.742558	-6.975507	-2.7102363	7.295
-0.35553896	-7.309498	4.039018	7.354
-0.2765303	-11.672931	-1.6675615	7.404
-0.48961425	-10.849325	-1.1827357	7.454
0.9888053	-8.572439	1.8339585	7.505
-0.05746084	-7.657854	1.1252748	7.544
-1.3742718	-8.396465	0.7469909	7.594
-1.9153614	-9.095572	1.0773908	7.65
-1.6747441	-10.933122	1.8375498	7.735
-0.6344634	-12.667721	-0.320823	7.745
-4.656722	-14.08868	-4.5681367	7.797
-1.1887212	-7.145495	-0.34117374	7.844
2.896984	-5.8322754	0.22146365	7.894
-0.24301147	-9.405622	-4.4795513	7.952
-4.4113164	-9.586384	0.12090719	8.007
-2.0590134	-8.810662	0.9959879	8.014
1.851915	-8.760384	-2.0901382	8.095
1.2485762	-9.945514	-1.9644425	8.144
0.62728083	-9.321824	-0.16160862	8.184
-0.12090719	-9.8437605	-1.3982137	8.247
-1.7549498	-10.647015	-1.7477672	8.295
-1.9955671	-10.8469305	1.0462662	8.345
-2.598906	-10.842142	-1.6472107	8.395
-2.693477	-6.4870896	-3.4045548	8.465
-2.291251	-6.7492547	-0.20470424	8.494
2.3068132	-13.108254	1.9907787	8.545
-0.24779987	-12.046426	-4.158728	8.594
-0.11252748	-8.996213	-1.3670892	8.634
1.6567876	-8.771158	0.46686932	8.694
1.5239093	-9.076419	-1.7776948	8.745
0.4333505	-9.3661175	-2.4468741	8.794
-0.16400282	-9.79827	0.23343466	8.854
-0.5602432	-11.956643	-1.2162545	8.895
-4.10845	-9.680955	-8.401254	8.945
-0.29807812	-7.9487495	-3.50152	8.995
-0.56982	-7.145495	-2.870648	9.054
-0.60573304	-9.968259	-4.0653543	9.117
-0.830788	-10.514136	-5.2744265	9.145
-0.5602432	-8.529344	-2.743755	9.204
-0.1412579	-8.540117	-2.337938	9.254
-0.91219085	-9.722853	-4.489128	9.304
-1.0929531	-9.156625	-3.1052797	9.364
-1.1875241	-8.763975	-3.0142999	9.405
-1.5179238	-9.317036	-3.1639376	9.458
-0.6931214	-10.180145	-3.0071173	9.496
-0.7146692	-10.159795	-3.7181952	9.544
-1.5478514	-8.67539	-0.61650693	9.624
-0.93493575	-10.552444	-0.40222588	9.645
-2.0482395	-9.868899	-2.2661119	9.694
-1.4856021	-10.521319	-0.25737667	9.777
-3.0107086	-9.069236	-1.3706805	9.794
-2.4863784	-8.110358	0.1340753	9.844
-1.520318	-8.432379	0.8798691	9.884
-1.2318168	-8.59279	0.30526072	9.944
-0.60214174	-8.8645315	1.163582	10.004
-0.8631097	-9.874885	1.0929531	10.024
0.029927522	-10.912771	1.0127473	10.094
-2.0578163	-14.985309	-2.3942018	10.178
-6.197391	-10.899603	-2.8383262	10.195
-1.9560628	-8.265982	-0.427365	10.244
-0.6596026	-5.2648497	-2.8502972	10.294
-6.987478	-9.991004	-2.480393	10.344
-5.41329	-8.018182	1.6831238	10.409
-0.7410054	-7.478289	-1.4748282	10.445
-0.2669535	-10.17416	-2.4588451	10.495
-1.6543933	-10.483012	1.0486604	10.575
-1.5777789	-9.19134	0.56982	10.595
-1.2916719	-8.670602	-2.2146366	10.634
-1.2449849	-13.48175	-1.543063	10.694
-1.9859903	-8.9602995	2.5617957	10.766
0.8714894	-6.9228344	-0.22026655	10.805
-0.46567222	-9.48463	0.39504328	10.844
-2.8993783	-9.334992	2.777274	10.894
-1.5167267	-8.379706	1.3946224	10.945
-1.0989386	-8.208521	1.7609353	11.005
-1.863886	-8.4347725	1.8806454	11.024
-3.6523547	-9.642648	2.8658595	11.094
-2.0338743	-9.31105	2.8886044	11.165
-1.887828	-11.9746	1.638831	11.194
-5.4779334	-13.854048	-1.1959038	11.244
-1.9596541	-9.046491	-0.2801216	11.294
1.0833763	-9.358934	-2.0937295	11.344
-1.1097125	-7.309498	-5.2660465	11.397
-3.5757403	-9.118318	-0.6703765	11.445
-3.4608185	-9.543288	0.2741361	11.494
-0.8750807	-8.198944	-0.31603462	11.544
1.5885528	-8.76637	-2.4384944	11.595
0.18555063	-9.287108	-0.61650693	11.663
-1.103727	-9.783905	0.47884035	11.704
-0.44651863	-9.940725	-0.997185	11.744
-0.34835634	-11.130644	-0.48243165	11.814
0.03232172	-10.931925	0.94570965	11.844
-1.4903905	-12.016499	-1.9369092	11.894
-1.9895816	-9.479841	-4.110844	11.945
-3.9396589	-6.0022635	2.183512	12.004
-2.8550856	-7.955932	3.3363202	12.024
-2.4947581	-12.564771	-2.4277205	12.094
2.268506	-9.489418	-0.7146692	12.144
1.2234371	-8.197746	1.0319009	12.214
-1.7118542	-7.5213847	1.1695676	12.245
-1.970428	-6.884527	1.471237	12.294
-1.0929531	-7.644686	1.0127473	12.344
-0.31004912	-10.583569	1.9333179	12.394
-1.1755531	-11.901577	1.2162545	12.475
-1.875857	-16.014814	-0.415394	12.495
-5.42167	-11.186908	-2.966416	12.555
-2.03148	-7.2723875	0.02873042	12.594
1.6639702	-5.0002904	-1.4700398	12.644
-2.9508536	-9.884461	-2.979584	12.695
-7.1502833	-11.147403	-0.80564886	12.744
-2.6168625	-8.4647	0.21787235	12.795
0.46208093	-8.805874	-2.0254946	12.845
1.7633295	-9.807847	-1.8974048	12.894
1.5394717	-8.51857	1.7142484	12.945
0.7745243	-9.508572	-1.436521	12.994
0.25498247	-10.354922	-1.8866309	13.024
-1.7741034	-11.550826	1.99437	13.094
-0.59256494	-9.999383	0.4201824	13.144
-3.2070332	-12.028469	-2.4540567	13.215
-3.8283286	-8.731653	-2.2182279	13.242
-4.382586	-5.8717794	-0.973243	13.294
-0.093373865	-10.411186	1.460463	13.344
0.29568392	-14.113819	0.21428105	13.387
0.85473	-8.415619	-1.4401124	13.444
1.1456255	-8.128315	1.5454572	13.494
-1.6998832	-8.104373	1.103727	13.544
-2.2577322	-7.6650367	2.2242134	13.599
-1.3192052	-9.00579	1.1911154	13.654
-0.80924016	-12.245145	0.44651863	13.694
1.0666169	-15.478514	1.6412252	13.764
-3.7086184	-12.143391	-3.2980127	13.804
-5.6982	-6.2368956	-1.3802572	13.854
0.15083471	-3.9073372	1.0977415	13.904
-1.496376	-10.851719	-3.6750996	13.954
-7.4507556	-12.756307	-2.9281087	14.0
-6.7121444	-11.044453	-0.23702596	14.014
-6.7121444	-11.044453	-0.23702596	14.014
1.6424223	-9.730036	-1.7836803	14.144
0.7218518	-9.583989	0.29209262	14.185
0.33877954	-9.589975	0.18674773	14.244
-0.62488663	-10.275913	-0.62728083	14.299
-1.4101849	-11.903971	1.2641385	14.348
-4.238934	-13.614628	-0.7649474	14.394
-2.7856536	-12.9167185	-2.1942859	14.414
-2.8754363	-4.8123455	0.320823	14.505
-0.40821138	-6.7372837	1.5610195	14.547
-1.2737153	-14.117411	1.5406688	14.601
-2.3953989	-8.911219	-1.7058687	14.655
-0.19752164	-6.791153	2.1691468	14.715
-0.25498247	-6.483498	1.1085154	14.744
-2.396596	-9.202114	2.6994624	14.806
-3.3854012	-9.583989	1.6807296	14.832
-0.08379706	-11.744757	1.4808137	14.93
0.1412579	-15.161283	0.40940848	14.947
-7.097611	-15.399506	-2.6144683	14.994
-5.5880666	-6.303933	-2.4600422	15.035
0.1412579	-2.1871033	0.8846575	15.096
-6.575675	-13.227964	-4.9428296	15.154
-7.0449386	-9.7240505	-2.337938	15.208
-1.412579	-7.4567413	0.047884032	15.246
-1.4496891	-8.684967	-4.856638	15.304
-0.5231331	-10.5440645	-3.2225955	15.354
-0.8714894	-9.54209	-0.50996494	15.404
-1.827973	-9.279925	-2.2601264	15.454
-2.9460652	-9.888053	-1.5131354	15.504
-1.6819267	-8.437167	0.17118542	15.554
-3.5422213	-8.7125	-0.21428105	15.604
-6.6415157	-8.858546	-0.20709845	15.655
-5.3318872	-7.7105265	0.01316811	15.696
-2.110489	-8.291121	-0.700304	15.767
-2.2768857	-10.032902	0.4309563	15.808
-2.231396	-10.157401	0.2681506	15.845
-0.6631939	-8.680179	0.93732995	15.884
-0.22146365	-10.052056	0.961272	15.944
-4.5777135	-10.990582	-1.7405846	16.008
-1.4664485	-8.884883	-0.24660277	16.034
0.7338228	-6.75524	-1.021127	16.095
-2.8790276	-11.640609	-1.5251064	16.154
-2.895787	-11.027693	-0.020350715	16.195
0.45250413	-8.256405	-0.4201824	16.254
0.676362	-9.403227	-1.5622166	16.294
0.5351041	-10.309433	-0.25498247	16.344
0.7577648	-9.41879	0.08020575	16.396
1.1240777	-10.115502	-0.7074866	16.444
-0.7625532	-10.693702	-0.33039984	16.504
-1.4508862	-11.860875	0.19153613	16.554
-2.3427265	-11.872847	-1.2545617	16.605
-1.2318168	-9.646238	-2.457648	16.645
-4.155137	-5.7005944	-0.2861071	16.713
-3.3147724	-5.555745	2.360683	16.757
1.055843	-12.488156	1.1923125	16.794
-0.22026655	-12.254722	-5.088876	16.847
-1.1372458	-8.271967	1.62686	16.904
-0.7613561	-7.2352777	0.94930094	16.955
-1.2749124	-8.104373	0.12090719	17.005
-1.8052281	-8.340201	-0.11731588	17.034
-1.6867151	-10.623073	0.9900024	17.114
-0.6548142	-11.056423	1.0666169	17.135
2.2828712	-11.263522	1.435324	17.194
0.51355624	-15.474923	-1.2808979	17.244
-9.255983	-9.838972	-4.4639893	17.308
-2.9987376	-4.1144357	-0.011971008	17.345
-1.6879122	-7.845799	-2.2373815	17.404
-7.017405	-11.935096	-2.6120741	17.445
-5.153519	-8.578424	1.7357962	17.494
0.12569559	-8.372523	-1.4077905	17.544
1.9069817	-9.916783	-1.9955671	17.605
0.94810385	-9.503783	0.9816227	17.644
-0.48722005	-9.445126	0.4333505	17.696
-0.78050977	-10.832565	-0.6464345	17.755
-2.1428106	-10.491392	1.839944	17.814
-2.6420016	-10.342952	1.1947067	17.854
-2.3702598	-11.128249	-3.5733461	17.904
-2.9783869	-6.7588315	-0.7086837	17.954
-1.4951789	-6.1040173	1.3611037	18.009
-0.61770403	-6.9850836	1.6591818	18.016
-2.2038627	-11.581951	-0.51954174	18.105
-1.3024458	-8.184579	0.48841715	18.144
0.047884032	-7.763199	1.6160861	18.194
-1.0199299	-8.342596	2.0757728	18.246
-1.3706805	-8.668207	1.2976574	18.294
-2.043451	-9.149442	1.4305356	18.344
-2.2481554	-10.201694	1.1480197	18.404
-1.757344	-10.945093	1.7848774	18.456
-0.25378537	-9.544485	2.6743233	18.502
-2.0829554	-13.371616	-1.033098	18.554
-8.141483	-11.288661	-4.4005427	18.595
-1.1623849	-5.067328	-0.61052144	18.644
-0.19871874	-6.537368	-1.7298107	18.695
-5.391742	-13.22557	-1.7046716	18.744
-2.6503813	-9.14226	-1.0546459	18.796
0.6584055	-7.917625	0.12569559	18.835
2.3451207	-9.933543	-1.4065934	18.894
0.36391866	-10.192117	0.80924016	18.945
0.90141696	-9.3421755	1.4437037	19.004
2.2541409	-9.385271	0.07182605	19.034
1.6687586	-9.376891	0.30047232	19.094
-3.4727895	-13.391967	0.8523358	19.144
-4.39336	-12.419921	-0.8595184	19.202
-1.7429788	-6.578069	-1.3874398	19.264
0.5410896	-5.21936	2.0817583	19.294
-2.6527755	-12.248735	0.62847793	19.344
-4.4460325	-10.1382475	-0.62368953	19.394
-0.11372458	-7.8517847	2.1859062	19.444
0.02873042	-9.156625	1.8171991	19.496
-1.6938977	-8.813056	0.50038815	19.544
-1.1085154	-7.4735007	2.0207062	19.604
-1.6543933	-7.8062944	2.0482395	19.644
-1.9285295	-9.156625	1.6436194	19.715
-1.7968484	-10.210073	2.1918917	19.744
-2.31639	-10.577583	2.1583729	19.795
-0.9708488	-9.334992	2.0099323	19.844
-2.6431987	-15.753847	-0.7110779	19.894
-7.6003933	-12.095507	-2.4384944	19.934
-0.50876784	-8.799889	-0.34356794	19.994
-2.3475149	-5.1487308	-4.050989	20.034
-4.4340615	-8.207323	-2.2098482	20.094
-4.355053	-11.297041	-0.62009823	20.154
-2.3451207	-9.953894	-0.90261406	20.178
-0.24540567	-8.480263	-1.0941502	20.244
-0.6691794	-9.621099	-0.5446809	20.294
-1.3132197	-8.814254	0.19871874	20.344
-0.17717093	-8.781932	-0.50996494	20.394
-0.1604115	-10.553641	-0.49081135	20.464
-0.7577648	-11.131841	-0.3196259	20.477
0.19512744	-9.241618	0.16280572	20.545
-3.1016884	-12.142194	-1.9931729	20.595
-3.9432502	-13.043611	0.78529817	20.644
-6.0956373	-7.9307933	-0.17238252	20.695
-3.321955	-4.5178585	-2.1906946	20.744
-1.7657237	-7.0090256	4.0545807	20.796
-4.709395	-13.138182	0.8511387	20.845
-2.9484594	-8.963891	-2.3750482	20.894
1.1707647	-8.900445	2.0003555	20.948
-1.3347675	-8.024167	2.2385786	20.995
-2.3475149	-8.511387	2.3104045	21.035
-1.3922282	-8.839393	2.3127987	21.096
-0.2621651	-10.103531	2.4432828	21.145
-1.0582372	-11.621455	2.3403323	21.214
-0.30645782	-13.139379	2.0326772	21.252
-6.787562	-14.032416	-1.1683705	21.294
-4.307169	-4.7046065	-1.3623008	21.344
0.7529764	-4.819528	0.7218518	21.394
-3.5422213	-11.365275	-3.1316159	21.445
-6.573281	-10.674548	0.32321724	21.497
-1.186327	-7.193379	0.22625206	21.545
1.0426749	-9.592369	-1.9800048	21.594
0.5566519	-9.604341	0.48003745	21.644
0.35793316	-9.211691	0.6727707	21.707
1.1647792	-9.883265	-0.9876082	21.745
0.6428431	-9.56723	0.35434186	21.794
0.10175357	-11.712435	0.6967127	21.865
-2.348712	-13.036428	-0.5410896	21.904
-3.7576995	-11.868058	-0.30047232	21.954
-4.687847	-7.559692	-1.4568717	22.005
-3.6415808	-5.0661306	-0.090979666	22.035
-0.1412579	-9.794679	1.5526398	22.104
-2.1990743	-11.48738	-1.6795325	22.154
-1.5406688	-8.176199	0.9876082	22.195
-0.45010993	-7.8505874	2.1799207	22.245
-1.2856863	-8.579621	0.9983821	22.304
-1.2605472	-8.559271	2.4528596	22.354
0.06344634	-9.218874	2.5079262	22.394
0.019153614	-12.071565	0.79487497	22.445
0.6859388	-14.836868	1.2425907	22.504
-2.3068132	-13.804967	-1.3874398	22.555
-5.5222263	-6.381745	-2.1308396	22.595
0.770933	-4.119224	0.15562311	22.655
-0.48482585	-9.460688	-2.385822	22.697
-7.7452426	-10.919954	-0.24301147	22.754
-2.6491842	-7.345411	1.9656396	22.795
-0.50517654	-8.11395	-1.483208	22.845
0.6536171	-10.289082	-1.4389153	22.894
0.2861071	-9.0237465	1.3682863	22.955
1.4616601	-9.184157	-0.11611878	23.004
0.45729253	-9.400833	-0.80205756	23.034
-1.7393875	-11.631032	1.3263878	23.094
-3.9935284	-12.417527	-0.062249243	23.16
-3.53863	-12.107478	-2.5067291	23.205
-4.995502	-6.7767878	-0.7062895	23.254
-3.5362358	-5.0278234	1.5526398	23.304
-0.6871359	-9.80665	1.958457	23.344
-1.7729063	-12.00333	-0.7134721	23.394
-2.4468741	-8.008605	0.5530606	23.447
-1.1264719	-8.171411	1.7896658	23.495
-1.6484078	-8.0445175	1.0893618	23.554
-1.9021933	-8.379706	1.6819267	23.594
-1.3730747	-10.19451	1.7753005	23.666
-0.7445967	-11.070788	1.8303672	23.695
-1.3120226	-14.1629	1.6065093	23.748
-5.058948	-16.344017	-1.7585411	23.795
-5.2995653	-5.7400985	-3.2980127	23.844
0.94570965	-2.7353754	2.195483	23.894
-1.400608	-8.84059	-3.2573113	23.944
-7.8649526	-12.631808	-2.3989902	23.994
-1.8531121	-7.6626425	1.5131354	24.044
1.1875241	-8.050503	-1.2761095	24.094
1.827973	-9.78989	-1.7848774	24.149
0.93613285	-8.882488	1.6460136	24.194
1.009156	-9.812635	-0.7649474	24.244
-0.5734113	-10.933122	-0.4213795	24.294
-0.7386112	-11.659762	1.4784195	24.344
-3.9001546	-12.534843	-1.0151415	24.395
-1.3850456	-9.229648	-2.3762453	24.444
-3.4476504	-6.5720835	-0.1364695	24.494
-2.232593	-7.6949644	0.8619126	24.546
-0.047884032	-13.227964	0.5626374	24.594
-0.07182605	-10.498574	-0.60573304	24.647
-0.45609543	-8.378509	1.4077905	24.707
-0.3866636	-7.538144	1.9153614	24.752
-1.6304513	-7.5884223	2.079364	24.794
-1.8698715	-8.907627	1.388637	24.856
-0.9768343	-10.759542	0.8595184	24.905
0.6440403	-12.223597	1.863886	24.945
-0.60214174	-16.912642	0.20231004	24.994
-6.8785415	-12.11107	-3.6248214	25.044
-2.7581203	-4.19943	-0.130484	25.094
0.30526072	-4.7046065	-0.12569559	25.145
-5.01705	-12.633005	-4.1659107	25.204
-6.211756	-9.329007	0.32441434	25.244
-1.6543933	-7.7787614	0.6775591	25.304
0.33159694	-9.634268	-2.765303	25.349
0.44651863	-9.216479	0.12090719	25.394
0.25617957	-9.3026705	1.3132197	25.454
-1.9680338	-10.400413	-1.3611037	25.495
-2.1739352	-10.311827	0.4261679	25.544
-2.0769699	-10.648212	0.9708488	25.595
-3.7588966	-10.969035	-0.5327099	25.644
-3.2393548	-9.764751	-0.1400608	25.716
-3.6044707	-8.366538	-1.9680338	25.755
-4.1000705	-6.302736	-0.48722005	25.804
-3.857059	-7.273585	1.4508862	25.844
-4.1599255	-11.155783	1.0666169	25.898
-4.19105	-10.642226	-2.3223755	25.944
-2.100912	-8.832211	-0.090979666	25.994
-1.471237	-8.091205	1.1097125	26.045
-3.903746	-9.667787	0.9672575	26.095
-3.7924154	-8.319851	0.9708488	26.177
-2.3319526	-7.878121	1.3802572	26.195
-2.8814218	-8.453926	2.2409728	26.244
-2.7688942	-8.9363575	2.1583729	26.304
-1.899799	-9.351752	2.6288335	26.345
-1.7669208	-8.799889	2.078167	26.394
-4.501099	-8.848969	-0.65242	26.455
-2.4516625	-7.1849995	0.17717093	26.504
-2.9053638	-11.676521	-1.0414777	26.554
-2.918532	-11.699266	-2.9101522	26.594
-0.088585466	-8.571242	-0.2717419	26.639
0.48602295	-8.397662	-1.0103531	26.704
-0.7541735	-10.3932295	-0.748188	26.754
-1.4053963	-9.694122	0.23463176	26.795
-0.31483752	-9.232041	0.23582886	26.844
-0.23822308	-11.480197	-0.46088383	26.915
-1.7477672	-11.365275	-0.20829555	26.947
-0.6392518	-10.526108	0.2681506	26.994
-0.9684546	-11.872847	-0.7745243	27.044
-2.1655555	-11.110293	-0.688333	27.094
-4.620809	-7.60997	-2.585738	27.139
-1.6915035	-6.203377	1.614889	27.195
0.015562311	-11.106702	1.9895816	27.244
-1.532289	-10.364499	-3.8067808	27.294
-0.20231004	-8.626308	2.3439236	27.344
-1.151611	-9.594764	1.6172832	27.413
-2.1212628	-8.074445	0.44771573	27.446
-0.82240826	-7.061698	1.6711528	27.504
-0.7290344	-10.25676	1.6651673	27.546
-2.1655555	-11.251551	0.6871359	27.594
0.8571242	-12.13142	2.2756886	27.649
-0.20949265	-16.284163	-1.3443443	27.701
-4.7884035	-6.3829417	-1.1360487	27.744
-1.292869	-4.226963	-0.36990416	27.815
-0.31124622	-10.795456	-2.7114334	27.855
-6.769605	-12.7335615	-1.6124948	27.895
-3.0382419	-7.3537903	1.5765818	27.956
-0.4405331	-8.0924015	-0.2657564	27.994
0.49320555	-9.812635	-1.8650831	28.044
0.5781997	-9.174581	0.8595184	28.104
0.8726865	-9.568427	-0.45609543	28.153
-0.6332663	-10.508151	-0.80924016	28.194
-1.7166426	-10.776301	1.9393034	28.254
-1.3706805	-11.04565	0.61411273	28.294
-2.2242134	-12.182896	-2.791639	28.344
-3.7193923	-8.626308	-1.934515	28.394
-3.2872388	-5.753267	0.010773907	28.464
-0.7613561	-10.90918	1.4628572	28.504
-1.411382	-11.559206	-1.8112136	28.564
-0.46088383	-8.763975	-0.48243165	28.605
0.7146692	-7.6949644	1.2485762	28.665
-0.712275	-8.118738	1.2976574	28.694
-1.4089876	-9.136273	1.1228806	28.757
-1.673547	-9.922769	0.7529764	28.794
-0.8367735	-9.41041	2.3008277	28.844
0.90979666	-10.772711	2.385822	28.907
-0.94211835	-14.982914	-2.0111294	28.945
-3.762488	-9.244013	-1.8938135	28.994
-0.07182605	-9.149442	1.8100165	29.044
-0.34835634	-6.5002575	-4.0186677	29.094
-0.50278234	-8.829816	-1.1264719	29.155
-2.932897	-11.6442	-0.6931214	29.194
0.35075054	-7.952341	-0.031124622	29.254
2.0087352	-8.135497	-1.3922282	29.304
0.80205756	-9.478644	-1.365892	29.354
-0.20949265	-9.340978	-0.20231004	29.395
0.04070143	-9.850943	-1.8351556	29.446
-2.0518308	-10.831368	-0.6404489	29.515
-1.4748282	-11.562798	1.0414777	29.545
-1.1025299	-11.583148	-2.4504654	29.605
-0.076614454	-9.277532	-1.7250223	29.665
-2.6527755	-8.578424	-2.2972364	29.694
-4.471172	-6.4751186	-1.1300632	29.745
-1.400608	-10.996569	1.6077064	29.804
-0.6931214	-14.42746	-0.9744401	29.845
-1.1336545	-9.465476	-3.205836	29.896
-0.3196259	-6.8186865	2.695871	29.944
-1.2366052	-8.4587145	0.5590461	29.994
-1.5801731	-8.51857	-0.19033903	30.044
-0.60693014	-8.091205	1.508347	30.094
-0.8367735	-10.415975	0.90141696	30.148
-0.2837129	-11.170148	1.5155296	30.204
0.39025488	-14.936227	-0.40102878	30.244
-4.811148	-12.11466	-2.0853498	30.294
-2.1990743	-8.802282	1.0785879	30.355
0.6619968	-7.1407065	-0.62249243	30.395
-1.8004397	-8.110358	-4.1383777	30.444
-4.334702	-9.841366	0.7398083	30.514
-1.3335704	-8.607155	0.32800564	30.544
0.8403648	-7.831434	-1.4987702	30.595
0.664391	-9.124303	-1.6603789	30.644
-0.45010993	-9.703699	0.14724341	30.696
-0.7661445	-10.21127	-1.1695676	30.745
-1.9069817	-10.672154	-1.021127	30.794
-1.1659763	-10.431537	2.0242975	30.846
-1.1623849	-11.002554	1.3682863	30.885
-1.6400281	-11.238382	-5.1966147	30.945
-1.3611037	-5.899313	-0.15801731	30.996
-0.053869538	-8.027759	1.0187328	31.045
-0.053869538	-8.027759	1.0187328	31.045
0.23702596	-10.952275	-2.328361	31.146
2.1547816	-8.001422	0.06703765	31.194
0.82480246	-8.775947	-1.7908629	31.244
-1.6531962	-8.907627	-2.3942018	31.304
-0.6727707	-9.041702	-0.5770026	31.346
-1.4748282	-10.286688	-2.0278888	31.396
-3.1854854	-10.603919	-4.1276035	31.444
-2.731784	-6.8905125	-2.6312277	31.504
-1.8171991	-7.539341	-3.9743748	31.554
-1.8291701	-9.26556	-4.829105	31.595
-0.9923966	-9.659407	-3.1052797	31.663
-0.39264908	-10.04607	-4.3981485	31.695
-0.92895025	-9.285912	-4.07134	31.744
-1.436521	-8.809465	-2.2972364	31.794
-1.9333179	-9.218874	-2.9903579	31.846
-0.8595184	-8.719683	-2.991555	31.894
-0.25019407	-8.287529	-4.060566	31.944
0.2657564	-9.053674	-5.1906295	31.994
-0.50517654	-9.57561	-3.5984852	32.045
-0.6512229	-9.688137	-3.4320881	32.1
-0.7350199	-10.741586	-3.098097	32.144
-1.6089035	-9.021352	-2.303222	32.194
-4.7800236	-8.358158	-0.641646	32.244
-3.5865142	-10.821792	-1.0079589	32.314
-2.6013002	-10.105926	-1.7776948	32.345
-4.3634324	-7.9451585	-1.3455414	32.394
-4.167108	-7.5764513	1.353921	32.466
-1.7082629	-9.1590185	0.6835446	32.504
0.4297592	-9.846154	-0.60573304	32.548
0.5770026	-9.428367	0.62488663	32.604
0.7254431	-8.949526	1.3718776	32.652
1.0163386	-10.69011	-0.49200845	32.695
-0.5386954	-12.26789	0.14724341	32.754
-3.9851487	-15.070303	-0.878672	32.805
-6.8079123	-9.078813	-4.618415	32.844
-1.7836803	-2.6743233	-0.094570965	32.904
-1.1180922	-6.0740895	-1.1121067	32.944
-8.586804	-11.549629	-2.8993783	33.005
-5.118803	-8.025364	0.59495914	33.055
-1.8219875	-7.359776	-0.4237737	33.103
0.077811554	-10.079589	-3.0466216	33.145
0.9935937	-9.343372	0.088585466	33.195
1.4556746	-8.892065	0.025139118	33.244
0.18794483	-10.365696	-2.2218192	33.295
-1.400608	-10.189722	1.0139444	33.345
-2.1583729	-11.1174755	1.1599907	33.394
-2.2301989	-11.5316725	-2.0254946	33.456
-1.163582	-10.79785	-0.81283146	33.494
-3.3075895	-7.2711906	-1.1264719	33.564
-3.0538042	-7.2711906	0.010773907	33.601
0.60214174	-10.13705	2.432509	33.646
-1.0307038	-10.03769	-1.2497733	33.698
-1.0067618	-8.280347	-0.20470424	33.744
-0.93613285	-7.681796	2.0254946	33.809
-1.2761095	-7.5908165	1.1611878	33.845
-1.4341269	-8.742428	1.3455414	33.894
-0.91458505	-11.326968	1.5490485	33.954
0.04189853	-11.832145	0.8487445	34.005
1.6364368	-12.920309	1.7764976	34.045
-5.7987566	-14.026431	-2.6767175	34.097
-5.7257333	-6.719327	-2.3930047	34.144
0.5434838	-2.802413	1.0043676	34.194
-4.408922	-11.803414	-2.8754363	34.244
-8.641871	-10.967838	-0.8571242	34.305
-2.15957	-7.517793	0.39624038	34.344
0.9900024	-8.6299	-1.436521	34.394
2.007538	-9.733627	0.020350715	34.455
1.8698715	-9.048885	0.94810385	34.504
0.30286652	-9.736021	-0.82480246	34.544
-2.2397757	-11.571177	1.0714053	34.616
-3.2333694	-11.349713	1.9752164	34.655
-4.614824	-11.183316	-1.1133038	34.695
-2.7868507	-10.109517	-3.502717	34.744
-2.4995465	-6.4260373	0.19512744	34.795
0.142455	-9.898827	-0.58538234	34.845
-0.49440265	-10.759542	0.8355764	34.894
-1.258153	-8.124723	0.0011971008	34.944
-0.23463176	-8.119935	1.6256629	34.994
-0.9876082	-8.441956	1.6005238	35.065
-2.3247697	-8.556877	1.9093759	35.076
-0.80684596	-9.546879	1.7812861	35.154
0.3878607	-11.650186	1.1085154	35.204
1.2641385	-15.212758	0.7673417	35.244
-5.009867	-9.15423	-2.4875755	35.315
-3.7720647	-4.6902413	-0.61530983	35.345
0.90261406	-3.9492357	0.09816227	35.398
-1.910573	-12.363658	-3.527856	35.454
-7.547721	-12.469003	-1.9369092	35.484
-2.6671407	-7.6375036	1.401805	35.544
0.80684596	-7.989451	-0.62009823	35.599
2.0099323	-9.8916445	-1.7238252	35.644
0.62967503	-9.314642	0.93493575	35.704
-0.34356794	-9.765948	-0.7517793	35.764
-0.80804306	-10.401609	-0.08020575	35.815
-2.1763294	-11.310209	1.0785879	35.845
-4.1359835	-13.77504	-1.9608512	35.895
-3.1771057	-10.314221	-0.9516952	35.944
-2.574964	-5.8203044	-0.9768343	36.012
-0.5506664	-9.295488	1.1264719	36.051
-0.46686932	-10.85531	2.0015526	36.076
-2.4516625	-8.662222	-1.4867992	36.144
-0.65242	-7.9810715	1.9883845	36.194
-0.9648633	-6.540959	1.839944	36.245
-2.4169466	-8.577228	2.4133554	36.299
-2.5833437	-10.147824	0.7350199	36.345
0.7649474	-9.974244	1.353921	36.394
2.7856536	-16.426619	-0.36152446	36.446
-4.542998	-15.14572	-3.3051953	36.494
-6.4344172	-7.52737	0.015562311	36.554
0.36870706	-3.2465374	1.2497733	36.594
-3.300407	-11.912351	-3.2716765	36.648
-8.652645	-11.781867	-4.0701427	36.694
-2.7928362	-7.523779	1.5682021	36.745
-2.6264393	-10.483012	-3.369839	36.814
-0.7098808	-11.075577	-2.9101522	36.844
0.6775591	-9.083601	-0.6727707	36.894
-0.7206547	-9.714474	-0.6919243	36.944
-5.0517654	-10.6158905	-1.1408371	36.995
-4.4220905	-9.203311	-1.7561469	37.045
-3.3423057	-6.2704144	-1.8746599	37.074
-0.20949265	-9.964667	2.755726	37.145
-3.7086184	-12.053609	-0.035913024	37.194
-1.9476831	-9.123106	-0.053869538	37.254
1.3946224	-10.472239	1.8842367	37.314
0.36032736	-9.898827	1.2737153	37.355
-1.6603789	-8.283937	2.870648	37.395
-1.9536686	-8.6813755	2.0769699	37.444
-2.4504654	-8.732851	1.3311762	37.497
-1.5514427	-10.107122	3.0765493	37.544
-3.3566709	-12.725182	0.11372458	37.606
-3.2980127	-10.016143	0.8367735	37.645
0.015562311	-12.065579	0.22266077	37.694
-4.5992613	-10.5680065	-2.9771898	37.744
-2.8060043	-7.4962454	-1.9991584	37.794
-2.0602105	-7.705738	-1.8231846	37.854
-2.086547	-9.127894	-1.0761937	37.894
-1.2808979	-8.807071	-0.7206547	37.95
-0.21667525	-9.507375	-1.3251907	38.005
0.91219085	-10.006566	-0.6907272	38.045
1.186327	-9.00579	0.51595044	38.084
0.712275	-8.508993	0.30765492	38.144
-1.4652514	-10.848128	-0.6356605	38.194
-1.1216835	-10.9822035	1.2641385	38.269
-0.59855044	-11.402386	1.7298107	38.298
-2.1894975	-11.805809	-2.1511903	38.344
-4.43885	-8.422802	-2.4779987	38.405
-4.830302	-5.333084	-0.37588966	38.454
-0.7158663	-12.500127	1.1240777	38.514
1.0594343	-14.112622	-0.092176765	38.554
0.076614454	-10.645818	-3.8606503	38.601
0.09935937	-7.37055	2.2828712	38.645
-1.6101006	-7.231686	1.364695	38.695
-2.7449522	-8.7532015	0.7505822	38.775
-1.9608512	-8.7532015	0.7505822	38.775
-0.019153614	-11.092337	-0.033518825	38.844
0.9756372	-11.525687	2.5821466	38.894
2.0578163	-13.232753	0.439336	38.945
-6.0345855	-12.972981	-2.8562827	38.996
-5.8346696	-6.549339	-0.08738836	39.045
-1.2318168	-4.4220905	0.5303157	39.084
0.5386954	-9.623494	-2.4887726	39.145
-5.9867015	-11.304223	0.020350715	39.212
-2.9999347	-7.943961	1.4688427	39.245
-0.61530983	-8.258799	-0.89064306	39.294
1.0354922	-10.295067	-0.89782566	39.345
1.0426749	-8.748413	1.1719618	39.394
1.3323733	-9.264363	0.16639702	39.45
-0.9552865	-10.892421	-1.2437878	39.495
-0.8690952	-10.365696	1.745373	39.563
-0.82599956	-13.050794	-0.9624691	39.605
-1.2270284	-12.324153	-3.0933087	39.644
-2.12246	-8.744822	-1.3323733	39.715
-2.9903579	-5.2995653	-1.5251064	39.751
-1.127669	-7.904457	1.3862427	39.794
-1.5454572	-14.999674	0.40462008	39.844
-1.1432313	-8.98903	-1.9919758	39.894
-0.92535895	-7.15986	1.7417817	39.965
-1.4041992	-7.7608047	1.7130513	39.994
-1.2629414	-8.192958	0.78529817	40.044
-0.8678981	-8.467094	0.90500826	40.084
0.4177882	-11.48738	2.1883004	40.146
1.6879122	-11.198878	2.019509	40.206
-0.059855044	-19.6133	-3.6212301	40.255
-6.4140663	-7.0545154	-3.9695864	40.294
-1.0534488	-2.777274	2.136825	40.344
1.7992426	-5.756858	-1.2677298	40.394
-3.1675289	-13.214796	-4.8027687	40.44
-4.3634324	-10.647015	-0.053869538	40.495
-0.5781997	-7.2687964	0.4405331	40.544
0.7218518	-8.981848	-2.1547816	40.594
0.29209262	-10.139444	-0.6943185	40.644
0.11133038	-8.827422	-0.7625532	40.712
-0.7565677	-9.452309	-1.2593501	40.745
-2.0685902	-10.817003	-0.6787562	40.794
-1.3000516	-10.7990465	1.3551182	40.844
1.0319009	-9.622296	0.31483752	40.894
0.5554548	-11.768699	-1.9524715	40.945
-2.2864625	-10.089166	-2.6898856	40.994
-3.1483753	-7.007828	-1.827973	41.044
-3.2321723	-6.3338604	0.56982	41.084
0.59017074	-13.432669	-0.0023942017	41.146
0.8762778	-11.008539	-2.2493525	41.195
-0.4249708	-8.207323	-0.2873042	41.244
-0.7793127	-8.783129	0.3172317	41.294
-1.0295067	-8.797494	-0.32441434	41.344
-0.8798691	-9.169792	-1.0103531	41.4
-1.590947	-9.7719345	-0.23463176	41.444
-1.3599066	-10.044873	0.272939	41.506
-0.29927522	-9.985018	0.7326257	41.545
0.025139118	-9.408015	0.7781156	41.594
-2.6527755	-15.040375	-6.0704985	41.657
-2.6240451	-8.082825	-4.1599255	41.697
0.93493575	-7.08564	0.8583213	41.755
0.78170687	-7.5441294	-4.0641575	41.804
-0.4249708	-8.708909	-4.673482	41.854
-2.0362685	-10.132261	-3.2202013	41.924
-3.2956185	-10.352529	-3.3482912	41.945
-1.6627731	-9.543288	-3.6355953	41.994
-0.16519992	-8.4587145	-2.0530279	42.044
-0.39025488	-8.374918	-2.2230163	42.085
-1.2521675	-9.568427	-3.750517	42.146
-1.5741876	-9.296685	-3.915717	42.216
-1.5933412	-8.537724	-3.5362358	42.245
-1.4544775	-8.895657	-4.0198646	42.315
-0.58418524	-8.945934	-3.894169	42.344
-0.31244332	-8.825027	-3.5745432	42.402
-1.4772224	-9.301474	-3.38181	42.444
-2.7808652	-10.449493	-3.9133227	42.497
-0.9780314	-9.827001	-2.3187842	42.544
-1.7238252	-7.7428484	-1.2964603	42.594
-1.7741034	-10.134656	-0.44771573	42.652
-1.7058687	-12.357672	-1.2952632	42.695
-1.0510546	-7.577648	-1.5921441	42.745
-1.8650831	-8.718486	-0.7314286	42.805
-2.8909986	-9.212888	-0.94092125	42.845
-1.5334862	-9.015367	-0.6655881	42.895
-1.13964	-8.542512	-0.39145198	42.944
-1.1408371	-8.847773	-0.5686229	42.994
-0.49081135	-10.127473	-0.5674258	43.054
-0.9624691	-10.435128	-0.59615624	43.084
-0.22146365	-10.164583	0.9588778	43.151
-2.018312	-15.197195	-2.6611552	43.205
-6.703765	-11.602302	-3.630807	43.244
-3.0023289	-4.2880154	-0.58897364	43.315
1.1851299	-5.0134583	-1.4784195	43.344
-0.80924016	-10.159795	-4.4316673	43.395
-7.1849995	-11.234792	-1.6184803	43.445
-2.7449522	-7.3537903	0.34835634	43.512
-0.28491	-8.307879	-2.2158337	43.555
0.6404489	-9.828198	-2.0482395	43.595
-0.39025488	-8.9279785	0.24301147	43.644
-0.10055647	-9.494206	-1.316811	43.712
-1.5466543	-11.320983	-1.6304513	43.745
-1.2389994	-11.050438	0.6871359	43.804
-1.4628572	-12.217611	-0.47764325	43.854
-1.7597382	-11.240777	-4.498705	43.895
-2.385822	-6.315904	0.34955344	43.964
-2.2852654	-6.1207767	-0.79726917	43.995
-0.8463503	-11.960235	0.20829555	44.045
-1.2629414	-12.715605	0.010773907	44.084
-0.2801216	-8.221688	-0.34237084	44.144
-0.19991584	-8.267179	0.92057055	44.194
-1.5143325	-7.627927	0.82001406	44.246
-1.8459295	-8.095993	1.0773908	44.294
-1.8183962	-10.800244	0.46567222	44.366
-0.2633622	-10.692505	0.6811504	44.394
2.123657	-11.513716	1.8411411	44.445
-1.6879122	-16.74026	-2.2601264	44.495
-7.345411	-8.207323	-2.3092074	44.557
-1.0031705	-3.4512417	0.050278235	44.594
0.4381389	-5.7065797	-1.0522517	44.645
-6.991069	-12.551602	-2.9364884	44.694
-4.7560816	-8.238448	1.436521	44.758
-1.6519991	-7.466318	0.5386954	44.794
0.2669535	-9.799467	-2.8694508	44.844
0.44532153	-9.688137	-1.0103531	44.894
-1.0067618	-9.548077	1.4628572	44.934
-2.8574798	-9.940725	-1.0546459	44.995
-2.030283	-9.294291	-0.16879122	45.054
-4.209007	-9.938332	-0.0023942017	45.084
-3.2345665	-10.989386	-1.5131354	45.145
-2.4492683	-9.352949	-1.2138603	45.194
-1.4532804	-7.8170686	-2.0506337	45.234
-1.0079589	-9.279925	2.2493525	45.305
-2.6479871	-10.745177	2.0159178	45.334
-1.8363527	-9.731233	0.15682021	45.405
-0.25139117	-7.6231384	1.8267759	45.475
-0.62368953	-7.9236107	2.4947581	45.494
-3.156755	-8.780735	3.0969	45.545
-3.9228995	-9.888053	1.6998832	45.605
-3.5697548	-9.653421	3.4392707	45.675
-2.96881	-12.1840925	2.3630772	45.694
-7.0784574	-11.191696	-0.81043726	45.755
-3.5110967	-7.3418193	-1.0522517	45.789
-0.9900024	-7.40766	-2.0326772	45.855
-3.0142999	-8.875306	-4.7776294	45.894
-2.1212628	-10.144233	-1.8662802	45.955
-0.93613285	-8.92319	-1.3072342	46.008
-0.8726865	-9.15423	-0.51954174	46.054
-1.5693992	-9.531317	-1.0079589	46.084
-1.2785037	-9.0476885	-0.4201824	46.144
0.051475335	-9.357738	-0.36391866	46.204
0.7158663	-9.572019	-0.521936	46.253
0.40701428	-10.200497	-0.6931214	46.291
-0.6368576	-10.498574	-0.8571242	46.345
-1.1707647	-12.485762	-1.127669	46.405
-1.9249382	-12.051214	-2.2649148	46.445
-4.770447	-7.050924	-0.58897364	46.505
-3.241749	-6.3470287	0.8595184	46.544
0.6380547	-11.973403	0.7565677	46.605
-1.1216835	-9.709685	-3.3842041	46.655
-0.31124622	-8.269572	0.50517654	46.695
-0.581791	-7.451953	1.2952632	46.755
-2.110489	-8.470686	0.47285482	46.805
-2.408567	-8.716091	0.91099375	46.854
-0.59017074	-10.448297	1.3060371	46.905
-0.30645782	-10.44231	1.1300632	46.954
1.9129672	-10.893618	2.3187842	47.004
-1.1432313	-15.995662	-1.1504139	47.048
-6.951565	-10.350134	-3.252523	47.085
-2.8658595	-4.2916064	0.5614403	47.155
0.8451532	-7.654263	-1.2006922	47.205
-3.7576995	-11.328165	-3.7110126	47.244
-6.75524	-8.672996	0.93732995	47.307
-1.377863	-7.529764	0.90620536	47.345
0.56982	-9.020155	-1.6723499	47.394
1.127669	-9.685743	-1.0354922	47.452
0.35314476	-9.255983	0.15322891	47.504
-0.81642276	-9.989806	-0.8750807	47.555
-1.7860745	-10.335769	-0.6380547	47.595
-1.6065093	-11.356895	0.90261406	47.654
-3.4201171	-12.865243	-1.8124107	47.695
-1.7681179	-8.282741	-1.9452889	47.755
-3.095703	-5.459977	-0.6679823	47.815
-2.2828712	-7.1395097	1.0426749	47.851
-2.0626047	-13.951014	0.866701	47.904
-1.2030864	-10.392033	-2.219425	47.944
-0.31004912	-8.368932	1.4951789	47.994
-0.5386954	-7.08564	1.2150574	48.056
-1.614889	-7.6003933	2.1619642	48.099
-2.0374656	-9.19134	0.9504981	48.146
-0.7577648	-9.894038	0.49440265	48.194
1.2797008	-11.882423	0.7673417	48.244
-1.9273324	-15.130157	-1.6101006	48.305
-7.5549035	-10.764331	-2.5031378	48.345
-3.2944214	-3.1004913	0.8451532	48.404
-1.9764135	-6.159084	-0.9504981	48.449
-7.3059063	-11.899182	-5.4192758	48.494
-4.5382094	-9.816227	-2.315193	48.545
-2.4971523	-7.667431	-1.6077064	48.605
-2.4193408	-8.89805	-4.3119574	48.64
-0.38187516	-10.223241	-2.896984	48.695
-1.7142484	-8.491036	-1.7226281	48.754
-2.7808652	-9.436746	-1.3275849	48.803
-3.6846764	-9.143456	-1.4820108	48.845
-2.753332	-9.002198	0.58897364	48.894
-3.4093432	-9.487024	0.33758244	48.944
-2.859874	-8.47308	0.985214	49.004
-1.567005	-8.811859	1.9237411	49.044
-2.146402	-9.31943	2.3415294	49.104
-3.0753522	-9.228451	2.7760768	49.154
-3.1364043	-8.307879	2.3918076	49.195
-5.843049	-13.866019	0.33039984	49.244
-6.381745	-9.459491	-2.0278888	49.295
0.093373865	-6.0166287	-1.2126632	49.354
-0.79128367	-9.587581	-4.4663835	49.405
-5.711368	-11.100717	-1.8602947	49.454
-3.7253778	-9.247604	-1.4389153	49.508
0.19871874	-8.935161	-2.3187842	49.545
0.9600749	-9.775525	-0.92535895	49.604
-0.061052144	-9.697714	0.19871874	49.656
0.82240826	-9.078813	-0.32561144	49.705
0.8619126	-9.622296	-0.62249243	49.754
-0.9864111	-10.582372	-0.22505496	49.797
-1.3479356	-10.9103775	0.7577648	49.848
-1.2952632	-12.0967045	-0.676362	49.904
-3.2585084	-11.4359045	-2.1296425	49.954
-3.6403837	-9.768343	-1.4915876	49.992
-3.7301662	-6.5804634	0.12090719	50.047
0.29807812	-11.057621	0.4165911	50.104
0.095768064	-11.016919	0.089782566	50.149
-0.5434838	-8.11395	-0.78170687	50.194
-0.009576807	-8.143877	1.6041151	50.245
-1.1420342	-8.89805	1.0271125	50.314
-2.007538	-8.860941	1.1061212	50.346
-0.48722005	-10.308235	1.3826514	50.425
-1.0247183	-11.154586	0.78888947	50.454
-1.1109096	-11.355699	2.3092074	50.484
-1.3814543	-15.2367	0.33159694	50.544
-7.3765354	-8.953117	-3.7469256	50.602
-1.6687586	-4.256891	0.8607155	50.645
1.6292542	-6.817489	-1.2437878	50.704
-4.727351	-11.936293	-4.8099513	50.744
-6.054936	-9.904813	-0.22625206	50.795
-2.3582888	-7.3909006	1.3443443	50.845
0.7350199	-9.457097	-1.9776106	50.904
1.6340426	-9.5492735	-0.15801731	50.967
1.6376339	-9.425972	-0.2908955	51.016
1.1073183	-9.639056	-0.5638345	51.045
-1.3491327	-10.480618	0.031124622	51.104
-1.9213469	-11.212047	0.90500826	51.155
-0.62249243	-10.480618	-0.7410054	51.204
-1.3563153	-11.171345	-5.2768207	51.255
-2.457648	-8.356961	-1.9728222	51.297
-2.384625	-8.589199	1.1240777	51.355
0.6344634	-11.395203	-1.8435353	51.405
0.41180268	-10.245986	-0.736217	51.454
-0.7697359	-9.020155	-0.6548142	51.508
-1.5885528	-8.348581	-0.11133038	51.554
-1.7549498	-8.058883	0.110133275	51.615
-1.8818425	-8.567651	0.17836803	51.645
-2.2493525	-10.672154	1.0319009	51.704
-0.40462008	-10.104729	1.9297266	51.766
1.4149733	-10.714052	1.9297266	51.775
-4.474763	-11.969811	-4.9787426	51.844
-1.4999673	-9.306262	0.8391677	51.894
0.60333884	-7.015011	0.60333884	51.934
-0.4249708	-8.036138	-3.6535518	51.994
-4.39336	-11.133038	-1.9716251	52.044
-1.3359646	-8.734048	0.12808979	52.094
0.36631286	-7.9032598	0.4345476	52.114
1.3922282	-8.973468	-3.430891	52.194
-1.436521	-10.180145	-0.7026982	52.264
-0.770933	-9.913192	-1.1647792	52.294
-0.94810385	-10.234015	-2.3331497	52.344
-1.353921	-10.560823	-1.0031705	52.395
-1.5382746	-11.104307	0.51355624	52.454
-1.258153	-12.648567	-3.5661635	52.494
-2.1068976	-7.5082164	-2.3714569	52.563
-3.654749	-5.2959743	-0.04309563	52.604
-1.2449849	-8.250419	1.5286977	52.644
-1.2186487	-13.623008	-3.2441432	52.705
-1.1827357	-9.709685	-3.252523	52.744
-0.4285621	-7.393295	1.6328455	52.804
-1.4149733	-8.514978	0.320823	52.844
-1.9045875	-8.334216	0.2633622	52.908
-1.5227122	-8.218098	0.45010993	52.947
-0.6512229	-10.777499	0.92296475	52.995
-0.24301147	-11.206061	0.18794483	53.045
1.6184803	-12.0488205	0.58777654	53.095
0.6332663	-14.629769	-1.0043676	53.115
-5.828684	-8.034941	-1.9476831	53.194
-1.377863	-4.2437224	-0.33159694	53.267
0.4249708	-6.691794	-1.6244658	53.294
-6.10282	-11.818976	-2.4492683	53.365
-4.1659107	-8.25401	0.89902276	53.394
-1.3599066	-7.4842744	0.6895301	53.445
0.8475474	-9.652225	-2.9352913	53.496
1.1827357	-9.821015	-0.92176765	53.534
1.5095441	-8.7771435	0.63087213	53.596
-0.7182605	-9.80665	-2.2218192	53.644
-3.4464533	-11.128249	-0.009576807	53.694
-3.1603463	-11.11987	1.5059528	53.745
-0.075417355	-9.204509	0.39384618	53.794
-1.2066777	-11.86686	-5.628768	53.844
-2.087744	-7.7691846	-1.5346833	53.894
-1.7130513	-11.488577	0.37229836	53.974
0.51714754	-12.452243	-2.0614076	54.004
0.985214	-10.409989	-0.6859388	54.055
-0.089782566	-8.465898	0.021547815	54.094
-0.4237737	-8.043321	-0.6631939	54.15
-0.107739076	-8.699332	-1.6328455	54.184
-0.2777274	-8.937555	-1.6962919	54.245
-0.6476316	-10.267534	-2.6001031	54.316
-3.834314	-11.674128	-4.995502	54.345
-3.4261026	-7.2687964	-5.3235073	54.404
-0.142455	-7.735666	-3.5613751	54.445
-1.021127	-9.728839	-4.7309427	54.494
-0.6500258	-10.18254	-3.551798	54.548
-0.7517793	-8.690952	-4.6040497	54.595
-1.1552023	-8.341399	-3.3865983	54.644
-2.0398598	-9.28232	-4.2185836	54.698
-1.9692309	-9.362526	-3.9240966	54.745
-1.3215994	-8.24563	-2.8383262	54.805
-1.0642227	-8.694544	-3.3758245	54.846
-0.6584055	-9.443929	-4.173094	54.904
0.46686932	-9.096769	-3.7301662	54.945
-2.542642	-8.802282	-5.199009	54.994
-1.1001357	-9.406818	-0.6787562	55.045
-3.3327289	-12.503718	-1.8004397	55.094
-3.8139634	-10.036493	0.4345476	55.16
-0.7170634	-8.583213	0.14604631	55.204
-1.9536686	-8.099585	-0.60812724	55.244
-3.0214825	-8.321048	0.33758244	55.295
-1.091756	-9.074024	0.2885013	55.345
0.079008654	-9.460688	-0.47405192	55.406
-0.7110779	-9.139865	0.017956512	55.446
-0.9564836	-8.577228	1.1097125	55.494
-0.49081135	-9.781511	0.62967503	55.555
-0.8451532	-10.832565	-0.2789245	55.594
-0.08379706	-11.130644	1.4987702	55.665
-0.9780314	-15.589845	-1.4856021	55.705
-7.6829934	-9.2308445	-3.6834793	55.754
-3.1663318	-3.5446155	0.6619968	55.804
-0.33638534	-6.3206925	-0.6572084	55.847
-4.783615	-11.780669	-3.78643	55.889
-5.4767365	-8.998607	-0.034715924	55.945
-1.4760253	-7.916428	0.10055647	56.004
0.5566519	-9.895236	-1.745373	56.054
0.9804256	-9.020155	-0.039504327	56.104
0.8643068	-8.75799	0.60333884	56.114
-0.48123455	-10.158598	-1.258153	56.205
-0.91219085	-10.41358	0.5554548	56.254
-2.9819782	-12.419921	-0.6344634	56.294
-1.8100165	-12.472593	-1.6962919	56.345
-4.394557	-8.3868885	-1.0283096	56.403
-2.5605986	-5.997475	0.80804306	56.455
-0.6344634	-9.288305	2.5198972	56.494
-2.2996306	-10.92594	-2.111686	56.555
-1.0067618	-8.1402855	0.6751649	56.594
0.40940848	-7.4926543	1.6017209	56.654
-1.5179238	-7.926005	1.4808137	56.695
-2.9652188	-9.091981	1.9297266	56.744
-1.4664485	-9.352949	1.8327614	56.804
-0.16639702	-11.159374	1.3575124	56.854
0.1352724	-13.323732	0.6344634	56.9
-5.029021	-12.913127	-3.5877113	56.954
-3.1854854	-3.4512417	-0.027533319	57.004
1.2378023	-2.954445	0.2621651	57.054
-4.5202527	-12.743138	-3.9791632	57.104
-8.321048	-13.326127	-3.6535518	57.114
-3.5685577	-7.5932107	1.520318	57.19
0.46327803	-8.4647	-1.721431	57.244
1.6663644	-9.762358	-1.4580688	57.306
2.0638018	-8.850166	1.4077905	57.345
0.90021986	-9.968259	-1.6927006	57.394
-1.6651673	-11.11987	-1.3802572	57.445
-2.3068132	-11.468226	2.8263552	57.494
-0.37708676	-10.86369	-1.9847932	57.565
-2.8909986	-11.77229	-2.1511903	57.595
-3.4213142	-8.099585	-1.5729905	57.644
-2.8682537	-6.71813	0.10055647	57.695
-1.4856021	-10.399215	1.0055647	57.745
-1.471237	-12.051214	1.1420342	57.794
0.59256494	-8.324639	-0.7625532	57.844
0.9804256	-8.003817	1.8794483	57.9
-1.3443443	-8.246828	1.2785037	57.944
-1.9405005	-8.269572	2.3870192	57.994
-1.2533646	-9.02614	1.8567034	58.044
0.053869538	-11.464635	0.5566519	58.094
1.1372458	-12.477382	0.6548142	58.114
-1.043872	-14.653711	-0.077811554	58.194
-7.896077	-10.360908	-2.0841527	58.244
-3.5063083	-5.005079	-0.23582886	58.295
0.260968	-6.1183825	-1.4772224	58.344
-5.0517654	-12.458228	-2.6144683	58.414
-5.5485625	-9.024943	1.2725182	58.444
-1.1456255	-7.811083	-0.58777654	58.494
0.16160862	-9.900024	-3.2632968	58.545
1.2593501	-9.61272	1.733402	58.604
1.9333179	-8.871715	-0.30526072	58.655
0.34835634	-10.342952	-1.5717934	58.694
-1.9572599	-10.401609	0.10175357	58.744
-2.4384944	-9.613917	1.0869676	58.804
-0.053869538	-8.816648	0.62129533	58.86
-3.347094	-11.654974	-0.58777654	58.898
-3.204639	-12.107478	0.08259996	58.954
-4.3646297	-8.9998045	0.0011971008	58.994
-3.1615434	-6.1327477	-2.1739352	59.044
-1.6256629	-6.6175733	2.8383262	59.104
-1.9716251	-11.657368	2.2828712	59.153
-5.3821654	-9.394848	-1.7286136	59.215
-2.1990743	-9.161413	0.81043726	59.254
-2.006341	-8.817844	0.4309563	59.314
-3.0382419	-8.413225	0.8379706	59.344
-2.9987376	-8.620323	0.7326257	59.388
-2.8933928	-9.297882	0.48482585	59.445
-2.835932	-9.041702	2.1787236	59.494
-2.5570073	-8.887277	1.851915	59.545
-1.448492	-8.604761	1.2126632	59.594
-0.7410054	-8.973468	1.9237411	59.634
-1.9189527	-9.030929	 3.05141	59.695
-3.192668	-11.100717	1.0773908	59.744
-5.318719	-10.260351	-0.65242	59.794
-5.1116204	-8.3821	       -0.8475474	59.844
-0.90021986	-8.568848	-0.16639702	59.897
-0.90620536	-9.737218	-3.1172507	59.944
-1.6831238	-10.229227	-2.3139958	59.994
-1.5741876	-8.690952	-0.8415619	60.044
