6.9360023	-0.7230489	6.621165	0.176
7.6746135	-1.0498575	6.411672	0.204
7.539341	-1.7836803	6.1902084	0.244
7.0102224	-1.8171991	6.549339	0.294
6.227319	-1.6639702	6.933608	0.344
6.447585	-1.2354081	7.345411	0.394
6.375759	-1.484405	7.023391	0.444
5.4911017	-1.6304513	7.013814	0.494
5.5401826	-1.2641385	7.8266454	0.544
5.595249	-0.748188	6.9288197	0.595
5.946	-1.2389994	7.854179	0.644
5.659893	-0.9660604	7.3322425	0.694
5.979519	-1.532289	7.225701	0.744
7.1706343	-1.0773908	7.77517	0.794
6.981492	-1.0271125	7.2352777	0.854
7.3909006	-3.3746274	6.6654577	0.894
7.065289	-1.0702082	5.8909335	0.944
5.6670756	-0.8834604	4.9907136	0.964
5.9962783	0.23223756	4.3777976	1.045
8.617929	-2.5151088	4.8757915	1.106
12.067974	-2.919729	5.3474493	1.154
10.170568	-1.2282255	4.787206	1.194
6.43322	1.3275849	4.332308	1.245
6.587646	1.2892777	1.3156139	1.294
9.758766	-0.23223756	1.2054806	1.344
10.596737	-0.025139118	-1.7106571	1.424
10.259154	-0.37828386	-4.059369	1.454
9.124303	-0.39384618	-5.0984526	1.504
8.6574335	-0.2669535	-6.209362	1.554
7.8170686	-0.2861071	-7.2664022	1.604
7.249643	-0.48482585	-7.7081323	1.654
7.091625	-0.51954174	-7.8206596	1.694
7.381324	-0.5686229	-7.514202	1.755
7.5764513	-0.5506664	-7.025785	1.794
7.929596	-0.5674258	-6.408081	1.854
8.9279785	-0.34955344	-5.0541596	1.9
9.625888	-0.15682021	-4.373009	1.948
9.763555	-0.6679823	-3.6966474	2.004
10.480618	-1.1839328	-3.028665	2.034
9.931149	-0.9816227	0.05746084	2.105
11.46224	-0.6667852	0.61411273	2.154
10.960655	-0.7374141	1.8183962	2.203
9.312247	-1.7968484	3.0334535	2.249
5.591658	-1.62686	5.0745106	2.294
2.553416	-1.3790601	7.07726	2.344
2.8419175	-2.0578163	7.526173	2.404
3.359065	-2.1631613	7.3873096	2.445
2.0566192	-1.7106571	7.8062944	2.494
2.1894975	-1.6280571	7.949947	2.545
3.1962593	-1.4891934	7.3549876	2.604
5.261258	-1.9033904	6.0525417	2.654
6.8462195	-1.1133038	4.626795	2.704
10.480618	-0.29927522	2.4708161	2.754
12.000936	-0.22385786	0.22984336	2.816
11.526884	0.044292733	0.60693014	2.854
10.6158905	0.11731588	-0.4297592	2.904
10.07121	-0.038307227	-1.8171991	2.954
9.599552	-0.46686932	-3.5901055	3.004
9.218874	-0.5710171	-4.211401	3.044
9.203311	-0.5410896	-5.0505686	3.095
9.455899	-0.4357447	-4.697424	3.154
9.516952	-0.19871874	-3.5362358	3.215
9.767146	-0.11851298	-3.4715924	3.245
10.653001	0.16998832	-3.240552	3.294
11.139024	0.033518825	-2.6719291	3.354
10.8624935	-0.17717093	-1.3838485	3.394
10.705673	-0.51954174	0.045489833	3.437
10.629059	-0.9648633	1.2066777	3.495
9.431957	-0.8499416	2.789245	3.544
7.299921	-1.5215151	5.4623713	3.605
5.282806	-1.3730747	6.3182983	3.644
3.6355953	-1.5610195	6.9527617	3.694
2.7234044	-1.982399	7.3418193	3.744
3.3901896	-1.7178397	8.368932	3.814
3.5936968	-1.7776948	7.893683	3.875
3.525462	-1.9716251	7.690176	3.894
3.5087025	-1.6328455	7.642292	3.944
3.6116533	-1.5885528	7.4591355	3.966
4.882974	-1.4700398	6.9252286	4.044
6.4068837	-1.5155296	6.245275	4.094
8.267179	-1.1947067	4.759673	4.144
10.638636	-0.24779987	1.091756	4.197
11.113884	0.5710171	3.6511576	4.244
10.869676	0.49919105	2.3068132	4.295
10.181343	0.019153614	0.81283146	4.344
10.539276	-0.107739076	-1.2521675	4.395
10.603919	0.044292733	-1.1336545	4.444
10.455479	-0.48123455	-2.1296425	4.494
10.455479	-0.29328972	-2.3080103	4.56
10.374076	-0.077811554	-1.151611	4.604
10.837354	-0.005985504	-0.21188685	4.654
10.680533	0.19153613	0.23702596	4.715
10.365696	-0.32202014	2.554613	4.754
9.587581	-0.6536171	3.2632968	4.804
10.111911	-0.7015011	4.298789	4.844
6.603208	-2.2014685	2.9592333	4.894
5.1906295	-3.2142158	5.7065797	4.951
5.475539	-3.1651347	6.041768	4.964
5.145139	-1.8590976	6.588843	5.044
5.497087	-2.2397757	6.567295	5.094
6.1183825	-1.8854338	5.9567738	5.144
6.4643445	-1.1456255	5.1690817	5.197
6.7767878	-0.80325466	5.379771	5.244
10.15381	-0.49440265	4.6016555	5.295
9.390059	0.37229836	3.6715083	5.345
5.555745	2.956839	4.594473	5.404
13.685257	0.5446809	-1.271321	5.465
15.133749	0.61411273	6.5601125	5.504
12.376825	1.0690111	4.6698904	5.545
9.640253	1.6651673	0.676362	5.594
5.4061074	0.8487445	-1.4077905	5.654
3.7134068	0.40701428	1.7753005	5.704
6.1542954	0.92895025	2.0614076	5.754
9.022549	1.3467385	4.626795	5.804
11.001357	2.03148	7.821857	5.854
8.833407	0.5351041	8.62152	5.914
7.5094137	0.6488287	7.4687123	5.954
6.8522053	0.82240826	7.28795	5.964
8.767567	0.8643068	5.631162	6.054
6.8869214	-0.47285482	5.7808	6.104
5.647922	-0.34715924	7.1646485	6.154
2.9053638	-1.0187328	10.445902	6.204
2.7976246	-0.6895301	10.117896	6.265
3.1986535	-0.2801216	9.100361	6.305
2.4133554	-1.2174516	8.553286	6.346
1.4425066	-0.5674258	9.040505	6.405
0.5542577	0.60573304	9.635465	6.465
0.7386112	0.33758244	9.975441	6.506
0.49440265	-0.37349546	10.357317	6.554
0.29448682	0.19871874	9.797073	6.614
0.4357447	0.05746084	9.399636	6.643
-1.5885528	0.6452374	9.903615	6.694
-2.2720973	0.25258827	8.851364	6.747
-3.264494	-0.5374983	8.53892	6.795
-3.6212301	0.21308395	9.668983	6.844
-4.3861775	0.7254431	9.275137	6.894
-5.2265425	0.20111294	8.907627	6.934
-4.9943047	-0.4345476	8.149862	6.965
-4.344279	-0.6428431	8.523358	7.045
-3.669114	0.16400282	9.124303	7.094
-2.2266076	0.0011971008	9.776723	7.144
-0.7266402	-0.45010993	9.792285	7.194
0.59256494	-0.7374141	8.962694	7.246
2.0973208	-0.521936	9.950302	7.294
3.0490158	-0.49559975	9.153033	7.347
3.2872388	-1.0354922	9.046491	7.394
3.964798	-1.4640543	8.963891	7.454
4.453215	-1.6567876	8.845378	7.494
5.0625396	-1.352724	8.334216	7.574
5.459977	-1.2629414	8.231265	7.604
5.2744265	-1.1168951	7.65546	7.654
4.6040497	-0.9959879	7.1083846	7.708
6.1985884	-0.8643068	7.019799	7.744
7.8158712	-0.44651863	8.209718	7.804
8.965088	-0.23702596	5.427655	7.854
9.197326	-0.2705448	6.325481	7.925
9.634268	-0.2657564	6.469133	7.944
9.510966	-0.25977087	5.8107276	7.964
9.659407	-0.45010993	5.068525	8.044
9.692925	-0.5231331	5.424064	8.104
9.081207	-0.7673417	5.9172697	8.154
8.317456	-1.0031705	6.89171	8.214
7.165846	-1.34195	7.9331875	8.254
5.729325	-1.2150574	8.644265	8.299
4.0701427	-0.9660604	9.0716305	8.355
2.681506	-1.0019734	8.196549	8.404
0.9576807	-0.6715736	8.007407	8.465
-0.2693477	-0.37948096	8.683769	8.504
-3.5853171	-0.61530983	9.105149	8.55
-4.584896	-0.70509243	8.961497	8.595
-4.083311	-0.272939	9.301474	8.654
-4.2305546	-0.20709845	8.870518	8.707
-3.6332011	-0.2705448	8.829816	8.744
-3.3423057	-0.24181437	9.475053	8.794
-2.6443958	-0.073023155	9.458294	8.844
-2.1092918	0.18076223	9.288305	8.894
-1.7549498	-0.8690952	9.239224	8.977
-1.5562311	-0.90979666	9.417592	8.984
-1.0426749	-1.1360487	9.667787	9.044
-0.45130703	-1.0175357	9.683349	9.104
0.8487445	-1.2210429	9.070433	9.154
2.0254946	-1.484405	9.350554	9.198
2.7138276	-1.6496049	8.750807	9.244
3.2249897	-1.4951789	8.699332	9.304
4.3538556	-1.508347	8.335413	9.335
5.8262897	-1.541866	7.9068513	9.404
6.7013707	-1.5286977	7.273585	9.454
7.088034	-1.460463	6.527791	9.505
8.277952	-1.2605472	6.7384806	9.554
7.819463	-0.79248077	6.619968	9.604
8.350976	-0.81163436	5.6826377	9.654
8.149862	-0.80924016	6.355408	9.708
8.688558	-0.8559271	5.389348	9.754
9.375694	-0.58538234	4.5418005	9.804
10.631453	-0.4165911	4.39336	9.854
10.481815	-0.7230489	3.751714	9.906
10.457873	-1.033098	3.7900212	9.95
9.562442	-0.8295909	5.273229	9.994
8.823831	-0.8882488	7.1766195	10.044
7.7332716	-1.435324	7.3083005	10.104
3.6116533	-1.3144168	8.461109	10.144
1.6292542	-1.1468226	8.942344	10.205
-0.5650316	-0.7338228	8.329428	10.244
-2.6084828	-0.46447513	7.9487495	10.294
-2.8658595	-0.4225766	8.623915	10.343
-4.477157	-0.8451532	9.306262	10.396
-4.0198646	-0.8559271	8.882488	10.444
-4.024653	-0.78290397	9.00579	10.507
-3.6607344	-0.4297592	8.992621	10.544
-3.681085	-0.16998832	9.485827	10.594
-3.288436	-0.031124622	8.860941	10.661
-2.3654714	-0.4285621	8.90643	10.696
-1.5622166	-1.0893618	9.027337	10.744
-0.79367787	-1.2509704	9.651027	10.794
0.35434186	-1.3634979	9.44752	10.844
1.7525556	-1.7238252	8.677784	10.914
2.4887726	-2.0099323	8.078036	10.944
3.028665	-2.0685902	8.74961	10.994
6.531382	-1.8567034	4.6495395	11.054
10.532093	-0.25378537	7.5944076	11.104
10.508151	0.073023155	6.143522	11.144
11.073183	0.4441244	3.645172	11.204
10.184934	-0.12449849	4.009091	11.255
9.703699	-0.39264908	3.9025488	11.294
10.204087	-0.8798691	4.0054994	11.354
9.415198	-0.78050977	5.505467	11.404
9.743204	-0.5267244	4.417302	11.454
9.646238	-0.7278373	4.272453	11.501
9.605537	-0.25378537	4.9428296	11.55
8.9998045	-0.61770403	6.2021794	11.604
8.6813755	-0.6476316	7.1143703	11.666
6.355408	-0.010773907	8.178593	11.704
2.6048915	-0.093373865	8.828619	11.754
0.17717093	-0.51834464	8.72088	11.804
-1.6136919	-0.15083471	8.7951	11.884
-2.7988217	-0.107739076	9.076419	11.904
-3.0909145	-0.46806642	8.8645315	11.954
-3.453636	-0.5662287	9.696517	11.994
-3.228581	-0.30406362	9.5732155	12.044
-3.016694	-0.1400608	8.626308	12.104
-3.1543608	0.33279404	9.039309	12.157
-2.7042508	-0.039504327	9.336189	12.204
-2.1535845	-1.3072342	9.496601	12.274
-0.91458505	-1.5442601	9.203311	12.304
0.2777274	-1.3000516	8.967483	12.355
2.517503	-1.7729063	9.1350765	12.404
3.6403837	-2.0614076	8.099585	12.456
4.8003745	-1.875857	7.49026	12.495
7.675811	-1.6280571	6.090849	12.554
9.507375	-0.7625532	5.133168	12.609
10.394426	-0.30047232	4.4639893	12.647
9.635465	0.36391866	5.819107	12.704
9.679757	-0.022744916	4.865018	12.754
9.949105	-0.090979666	3.9312792	12.804
10.419566	-0.35314476	6.015432	12.854
9.56723	-0.48722005	4.0438066	12.895
8.839393	-1.435324	4.0617633	12.954
8.774749	-1.484405	4.2904096	12.994
7.7943234	-1.4089876	5.105635	13.044
7.406463	-0.17597382	7.855376	13.094
7.0329676	0.34356794	8.354567	13.155
6.730101	-0.2681506	9.258378	13.204
5.523423	-0.25019407	9.097966	13.244
2.5677812	-0.5327099	9.224859	13.294
0.18914193	-0.107739076	7.517793	13.344
-1.460463	-0.45609543	7.394492	13.412
-2.7629087	-0.93254155	9.375694	13.445
-4.4580035	-1.0486604	9.931149	13.484
-4.997896	-0.33758244	9.625888	13.544
-4.7321396	-0.41299978	7.478289	13.594
-4.27365	-0.6548142	8.115147	13.634
-2.8790276	-0.92176765	9.713276	13.695
-1.3790601	-0.8571242	9.660604	13.744
-0.1448492	-0.65242	8.747216	13.794
1.388637	-1.2653356	8.842984	13.844
2.9113493	-1.6962919	9.636662	13.894
3.4703953	-2.2337902	9.137471	13.944
3.7181952	-1.6831238	8.196549	13.994
4.6591167	-1.2653356	8.139089	14.044
4.808754	-0.93732995	7.3298483	14.094
4.921282	-1.3455414	5.919664	14.141
8.9363575	-0.8750807	7.189788	14.197
10.657789	0.30047232	7.654263	14.244
11.736377	0.736217	0.8415619	14.294
10.152613	0.44771573	4.7189717	14.344
9.763555	-1.1480197	2.9149406	14.404
9.834184	-1.4532804	3.5290532	14.444
9.277532	-1.1204864	4.6124296	14.494
8.874108	-0.760159	5.3462524	14.544
8.682572	-0.075417355	6.0262055	14.604
8.913613	0.45370123	6.075287	14.638
9.044097	0.7517793	6.2704144	14.692
7.679402	-0.36870706	6.2620344	14.744
7.4483614	-0.8822633	7.2927384	14.794
6.7372837	-0.50637364	8.62152	14.839
4.177882	-1.1707647	9.082404	14.904
1.1420342	-1.3946224	7.3777328	14.944
-2.1691468	-0.37588966	8.049306	14.994
-3.9025488	-0.30406362	9.349358	15.054
-4.4161053	-1.1875241	8.397662	15.105
-4.501099	-0.8631097	9.38168	15.144
-4.2437224	-0.2825158	9.257181	15.194
-3.7792473	0.5434838	9.144653	15.251
-3.6655228	0.4285621	8.965088	15.305
-2.8802247	-0.2825158	8.506598	15.345
-1.2629414	-1.4077905	9.018958	15.394
0.1316811	-1.6903064	9.440337	15.444
0.58777654	-1.3383588	9.6845455	15.494
1.9536686	-1.3395559	8.962694	15.555
2.8646624	-1.7417817	9.069236	15.594
3.6475663	-1.9213469	8.169016	15.654
3.9492357	-1.292869	7.418434	15.704
5.5617304	-1.7381904	6.611588	15.744
10.629059	-0.36870706	7.60997	15.814
11.071986	0.7781156	5.8933277	15.844
10.593145	0.9660604	4.9105077	15.894
9.405622	-0.06703765	3.9432502	15.944
9.728839	-0.7015011	4.322731	15.994
9.728839	-0.7015011	4.322731	15.994
8.935161	-0.31603462	5.7389016	16.094
9.123106	0.05865794	5.7628436	16.144
9.630676	0.14604631	5.619191	16.185
9.853337	-0.107739076	5.768829	16.244
8.529344	-1.3982137	6.9012866	16.294
6.5265937	-1.7956513	7.632715	16.344
1.8962077	-1.1791444	9.029732	16.404
1.0881647	-0.93254155	8.911219	16.454
-0.8571242	-0.9935937	7.9032598	16.504
-1.5358804	-0.7541735	7.8996687	16.565
-3.515885	-0.9696517	8.469488	16.594
-4.923676	-1.1444284	10.024523	16.654
-4.083311	-0.8475474	9.141062	16.704
-3.490746	-0.7134721	8.762778	16.755
-2.882619	-0.62728083	9.235633	16.804
-2.1284454	-0.44532153	9.7084875	16.844
-1.4867992	-0.34955344	9.471462	16.894
-0.80205756	-0.93613285	8.971074	16.944
0.0023942017	-1.2653356	9.276335	16.984
0.0023942017	-1.8782512	9.43076	17.075
1.9117701	-2.0087352	8.868123	17.094
2.4013844	-1.8962077	8.617929	17.148
2.8514943	-1.8471266	8.763975	17.194
4.2161894	-1.8219875	8.271967	17.25
6.017826	-1.5729905	8.137892	17.294
7.6889787	-1.1827357	6.021417	17.356
7.811083	-0.5470751	6.5026517	17.396
8.064868	-0.107739076	7.3178773	17.444
8.65863	-0.32800564	6.3242836	17.494
9.1829605	-0.61530983	5.6323595	17.555
9.161413	-0.6739678	5.2301335	17.594
9.361329	-0.32680854	4.8745947	17.644
9.88925	-0.1388637	4.9344497	17.694
10.362105	-0.44532153	4.983531	17.734
9.758766	-1.1552023	4.759673	17.802
9.13388	-0.61291564	6.279991	17.854
8.161834	-0.9516952	7.451953	17.904
7.103596	-1.4808137	8.559271	17.944
3.6762967	-0.94810385	8.789114	17.994
2.0374656	-0.7685388	8.323442	18.045
-0.45489833	-0.19153613	7.8948803	18.095
-0.9696517	0.15682021	7.7308774	18.144
-1.9452889	-0.8690952	9.702502	18.214
-3.9803603	-0.7374141	9.928755	18.254
-4.473566	-0.49679685	9.904813	18.288
-3.8594532	-0.39025488	8.688558	18.344
-3.2213984	-0.39983168	8.966286	18.397
-3.05141	-0.05626374	9.677363	18.445
-2.7509377	-0.29448682	8.360553	18.494
-1.0498575	-0.29209262	10.013748	18.544
-0.82121116	-0.6607997	9.267955	18.604
0.47644615	-1.3215994	9.081207	18.644
1.400608	-1.5526398	9.1350765	18.694
1.7848774	-1.9141643	8.848969	18.745
2.967613	-1.6831238	8.748413	18.794
4.656722	-1.484405	7.752425	18.844
6.7719994	-1.5646108	6.873753	18.894
9.498995	-0.8379706	5.5617304	18.944
10.427945	-0.22505496	5.329493	18.994
9.715671	-0.14963761	4.709395	19.076
9.959879	-0.18914193	5.3462524	19.095
9.4774475	-0.23223756	5.115212	19.144
8.900445	-0.23104046	4.8698063	19.195
9.214086	-0.12569559	5.0254292	19.244
9.765948	0.22625206	4.5418005	19.294
10.746374	0.016759412	3.9612067	19.344
10.326192	0.10534488	4.3239284	19.404
10.411186	0.39264908	4.9224787	19.444
9.293094	-0.3890578	5.3282957	19.494
7.9331875	-2.1308396	7.443573	19.555
5.5521536	-1.258153	8.412027	19.594
1.946486	-0.80684596	8.497022	19.644
-0.14604631	-1.1013328	8.130709	19.704
-1.9979613	-1.0546459	7.2568254	19.744
-3.0801406	-0.81283146	9.24521	19.804
-3.2980127	-0.79248077	10.237606	19.854
-3.3279405	-0.79846627	9.651027	19.894
-3.2489316	-0.6727707	9.058462	19.954
-2.6264393	-0.5422867	9.472659	19.994
-1.934515	-0.8451532	8.845378	20.044
-1.2270284	-0.94570965	9.519346	20.114
-0.9720459	-1.0857705	9.727641	20.145
0.23343466	-1.650802	9.415198	20.208
1.5957354	-1.7621324	8.692149	20.244
2.8299465	-1.9165585	8.383297	20.294
3.6367924	-1.9201498	8.072051	20.351
4.945224	-1.650802	6.823475	20.394
7.350199	-1.7142484	5.7484784	20.455
10.673351	-0.59376204	4.710592	20.494
10.16578	0.4141969	4.0426097	20.554
10.58716	0.08259996	4.220978	20.594
10.409989	0.2657564	3.9875429	20.644
9.676167	0.016759412	3.6655228	20.695
9.991004	-0.45250413	3.2992098	20.744
9.998186	-0.29568392	3.9683893	20.794
9.91798	-0.30885202	3.7600937	20.854
10.327389	-0.025139118	4.1120415	20.894
10.18254	0.2777274	4.104859	20.944
10.383653	-0.075417355	4.593276	20.994
8.671799	-0.8738836	5.877765	21.045
6.8426285	-1.6077064	7.2113357	21.095
5.571307	-0.79248077	8.939949	21.144
2.6479871	-0.9660604	7.8266454	21.208
-1.2473791	-1.0235212	7.5405383	21.244
-2.9137435	-0.60333884	8.101978	21.294
-3.2860417	-0.90859956	9.157822	21.355
-3.9480386	-0.7422025	10.17416	21.394
-4.261679	-0.62847793	9.021352	21.445
-3.7217865	-0.61650693	8.279149	21.514
-2.9340942	-1.0055647	8.4647	21.544
-1.9776106	-1.4460979	9.351752	21.594
-0.78529817	-1.483208	9.7240505	21.644
0.78649527	-1.423353	9.334992	21.694
1.6160861	-1.459266	8.948329	21.748
3.2609026	-1.7238252	8.832211	21.794
4.656722	-1.9620483	8.439561	21.844
6.081272	-1.1288661	7.0952168	21.894
7.1706343	-0.5410896	6.7121444	21.934
8.53054	-1.2617443	5.637148	21.994
9.054871	-0.44771573	5.9771247	22.054
9.279925	0.5506664	7.2089415	22.095
8.608353	0.2873042	5.90889	22.144
9.618706	0.11133038	3.9576154	22.209
10.79785	0.06344634	4.213795	22.255
10.238804	0.11971009	3.727772	22.304
10.048465	-0.1364695	4.197036	22.345
9.568427	-0.2873042	5.1607018	22.396
9.14585	0.29688102	6.167464	22.454
8.360553	0.48602295	7.049727	22.511
7.1023993	-0.5686229	7.8182654	22.547
5.412093	-0.51355624	8.637083	22.594
3.4871547	-0.23582886	8.643068	22.644
0.51116204	-0.89064306	7.8757267	22.704
-2.64679	-0.93732995	7.3968863	22.765
-2.8574798	-0.7374141	9.387665	22.804
-3.9109285	-0.7637503	10.103531	22.844
-3.9911342	-0.81761986	9.712079	22.904
-3.2010477	-0.47285482	9.115923	22.954
-2.3116016	-0.51714754	8.939949	22.998
-2.3116016	-0.51714754	8.939949	22.998
-2.2385786	-1.1264719	9.11712	23.104
-1.6543933	-1.4532804	9.124303	23.156
0.49799395	-2.5079262	9.749189	23.194
3.4476504	-2.2026656	8.954314	23.239
5.3678	-2.1380222	6.975507	23.294
6.75524	-1.9835961	6.682217	23.344
8.602366	-1.1899183	5.2121773	23.394
9.271546	-0.11372458	4.662708	23.444
10.000581	1.0067618	5.033809	23.495
10.208876	0.62368953	6.26802	23.544
9.7863	-0.31483752	4.4939165	23.594
9.697714	0.110133275	4.498705	23.654
9.391256	0.30645782	4.0138793	23.714
9.76116	-0.1352724	4.146757	23.759
9.52174	-0.31244332	4.2820296	23.804
9.783905	0.04189853	5.0278234	23.854
9.767146	0.11252748	5.4551888	23.904
9.844957	0.09816227	6.254852	23.955
8.971074	-0.34955344	5.8238955	23.998
6.96593	-1.2641385	8.23366	24.054
4.280833	-0.35434186	8.330625	24.126
1.9237411	-0.32321724	8.237251	24.134
-2.4169466	-1.0749966	8.215703	24.196
-2.3415294	-1.1480197	7.800309	24.257
-1.7549498	-1.4856021	9.109938	24.295
-2.8072014	-1.151611	9.757569	24.339
-4.912902	-0.79966336	8.492233	24.395
-3.0442274	-1.1192893	9.664195	24.445
-2.2505496	-1.6986861	9.046491	24.501
-1.2389994	-1.4532804	9.599552	24.543
0.664391	-1.6244658	9.181764	24.595
1.578976	-1.8231846	9.011775	24.645
2.432509	-1.9141643	9.045294	24.695
4.31076	-1.7860745	8.306683	24.745
4.8015714	-1.7357962	7.6494746	24.795
5.6946087	-1.3443443	7.6003933	24.845
7.0784574	-0.7577648	6.363788	24.895
7.819463	-0.81043726	5.866991	24.945
8.913613	-0.89064306	6.5385647	24.995
9.090784	-0.12689269	5.523423	25.055
10.068815	0.2633622	4.4196963	25.095
10.378864	0.18076223	3.6870706	25.152
10.223241	0.18674773	3.6367924	25.196
10.268731	-0.053869538	3.4368765	25.245
10.228029	-0.077811554	3.8187518	25.315
10.4171715	-0.029927522	4.441244	25.345
9.7803135	-0.11372458	4.6040497	25.395
8.765172	-0.47405192	5.5485625	25.448
7.657854	-0.93613285	6.7444663	25.495
6.6534867	-1.2593501	7.716512	25.545
5.41329	-0.6655881	8.542512	25.595
3.0765493	-0.6344634	8.281544	25.649
0.20829555	-0.8451532	7.9714947	25.695
-1.0378864	-0.49799395	8.605958	25.745
-1.4053963	-0.89543146	9.002198	25.805
-1.5765818	-1.1659763	9.423578	25.845
-2.7222073	-0.79248077	9.613917	25.896
-3.252523	-0.90141696	8.926781	25.945
-2.7832594	-1.1312603	8.972271	26.015
-2.3918076	-1.1719618	8.767567	26.015
-0.8607155	-1.3958195	9.220071	26.095
0.29328972	-1.3239936	9.203311	26.165
2.2601264	-1.2916719	9.119514	26.195
3.679888	-1.5945383	9.198523	26.237
4.4927197	-2.0733786	8.058883	26.295
4.8638206	-1.7537527	6.9850836	26.345
6.682217	-1.0366893	6.679823	26.406
8.589199	-0.7433996	5.8143187	26.455
9.548077	-0.34955344	5.98311	26.505
9.770737	-0.039504327	5.0385976	26.545
9.38168	-0.095768064	5.5126495	26.605
9.380483	-0.074220255	5.118803	26.645
9.554062	-0.08020575	4.1276035	26.705
9.880871	0.007182605	4.3382936	26.755
10.081984	0.053869538	4.035427	26.795
10.065224	0.038307227	4.3119574	26.845
9.952697	0.1352724	4.7620673	26.895
9.719262	0.48961425	5.2480903	26.955
8.767567	-0.63087213	6.3206925	27.005
7.9702973	-1.4616601	7.4471645	27.055
4.4556093	-0.5781997	8.196549	27.1
2.3020248	-0.61650693	8.532935	27.145
0.090979666	-1.0522517	8.72088	27.195
-0.9947908	-0.7589619	8.461109	27.249
-1.5897499	-0.5626374	8.785523	27.295
-2.942474	-0.81163436	9.379285	27.335
-2.597709	-0.81283146	9.736021	27.395
-2.8335378	-1.1372458	9.419987	27.445
-2.4516625	-1.3323733	8.574833	27.495
-1.2808979	-1.6112977	8.628703	27.545
-0.5434838	-1.4891934	9.601946	27.595
0.18435353	-1.5454572	9.487024	27.639
1.8986019	-1.388637	9.181764	27.696
4.23654	-2.066196	8.718486	27.745
5.246893	-2.3211784	7.0593038	27.796
5.6826377	-1.8243817	7.0952168	27.845
5.601235	-1.4341269	6.895301	27.904
8.561666	-0.8643068	4.9643774	27.945
9.458294	-0.005985504	6.932411	27.995
9.285912	0.34955344	7.035362	28.015
9.970653	0.29688102	4.6471453	28.109
9.78989	0.108936176	4.548983	28.145
9.922769	-0.10654198	4.0414124	28.212
9.740809	-0.21787235	4.098873	28.255
9.454702	-0.18076223	5.175067	28.295
8.871715	-0.10055647	5.5521536	28.345
9.111135	-0.05746084	6.247669	28.426
8.201338	-0.50038815	6.6079965	28.445
6.4284315	-0.80804306	7.548918	28.495
5.2169657	-0.9600749	8.487445	28.545
3.9636009	-0.82001406	8.571242	28.6
2.3331497	-1.4951789	8.383297	28.645
0.49679685	-0.92535895	8.366538	28.695
-0.7745243	-0.6751649	8.661025	28.745
-1.7549498	-0.93613285	9.672575	28.795
-2.0111294	-0.91937345	9.827001	28.861
-2.337938	-1.115698	9.303867	28.895
-2.6779146	-1.0785879	8.723274	28.945
-2.4612393	-0.9947908	9.229648	29.006
-2.1871033	-0.93613285	9.175778	29.015
-0.6967127	-1.0175357	9.7563715	29.108
0.50038815	-1.5849615	8.920795	29.155
2.597709	-1.6663644	8.968679	29.205
4.0665517	-1.8507179	8.24204	29.265
4.4903255	-1.8255788	7.8865004	29.295
5.5258174	-1.6950948	7.5225816	29.355
7.255628	-0.8619126	5.246893	29.415
9.209297	-0.7445967	7.03177	29.455
9.487024	0.06344634	5.3342814	29.495
9.692925	0.724246	4.486734	29.545
9.870096	0.15562311	4.7046065	29.605
10.016143	-0.51714754	4.358644	29.649
9.896433	-0.427365	4.545392	29.695
9.671378	0.22146365	4.7919946	29.755
9.787497	0.18555063	5.7400985	29.805
9.545682	0.05626374	6.003461	29.845
7.7248917	-0.2861071	6.8450227	29.895
6.777985	-0.4441244	8.016984	29.945
4.06296	-0.7170634	8.429984	29.995
3.5242648	-0.78769237	8.613141	30.015
2.111686	-0.961272	8.623915	30.115
0.39743748	-1.198298	7.7320743	30.155
-1.0366893	-1.412579	8.9998045	30.235
-1.1312603	-1.3742718	9.320627	30.245
-2.504335	-1.1779473	9.986216	30.305
-4.223372	-0.581791	7.9307933	30.365
-4.8506527	-0.724246	7.7584105	30.395
-3.8163576	-0.8726865	9.667787	30.445
-1.9812019	-1.6591818	10.044873	30.505
0.6332663	-1.6196774	9.300277	30.545
1.6053122	-1.555034	8.728063	30.596
2.0685902	-2.2541409	8.969876	30.645
2.1990743	-1.9632454	9.1255	30.695
2.4504654	-2.0254946	9.313444	30.745
3.357868	-1.5179238	8.492233	30.806
5.040992	-1.459266	7.347805	30.846
6.941988	-2.1152773	6.465542	30.905
8.853758	-1.5598224	4.697424	30.953
9.344569	-0.46208093	7.6375036	31.01
9.32781	-0.077811554	6.136339	31.051
9.242816	0.0023942017	5.3713913	31.105
9.336189	-0.1352724	5.5701103	31.145
9.428367	-0.272939	4.9895163	31.209
9.348161	-0.24899697	5.261258	31.245
9.184157	-0.21787235	5.6706667	31.305
9.616311	0.07062895	6.167464	31.345
9.425972	-0.093373865	6.827066	31.4
8.549694	-0.5482722	7.429208	31.455
6.2584434	-1.0594343	8.288726	31.495
4.5896845	-0.61770403	9.030929	31.545
0.5650316	-0.8283938	7.2699933	31.609
-0.35314476	0.17477672	6.591237	31.645
-1.2413936	-0.06344634	8.558074	31.705
-4.507085	-1.9261353	8.467094	31.755
-6.835446	-1.9273324	9.489418	31.795
-5.7903767	-0.82599956	8.908825	31.855
-4.5082817	-0.82240826	8.584411	31.905
-4.2066126	-0.93254155	8.580819	31.946
-2.7150247	-1.1456255	9.572019	32.005
-1.70946	-1.2306197	9.228451	32.025
0.35913026	-1.484405	9.205706	32.095
1.186327	-1.7824832	9.062054	32.175
2.0410569	-1.8579005	8.901642	32.195
2.8060043	-1.9644425	8.780735	32.25
4.176685	-2.315193	8.602366	32.295
4.8243165	-1.9847932	7.9607205	32.345
5.6898203	-1.6101006	7.469909	32.405
6.591237	-1.567005	6.896498	32.445
8.124723	-1.4748282	6.1626754	32.495
9.247604	-0.7038953	6.241684	32.545
9.193734	-0.24061728	6.129156	32.595
9.198523	-0.2717419	5.470751	32.646
9.715671	-0.4141969	4.461595	32.695
9.77792	-0.2705448	4.818331	32.745
10.041282	-0.1592144	4.8099513	32.795
9.731233	-0.48482585	4.847061	32.845
9.671378	-0.320823	5.5138464	32.891
9.009381	-0.39504328	6.3087215	32.949
7.704541	-1.2808979	7.121553	32.995
6.92044	-1.6867151	7.4615297	33.026
4.132392	-1.1168951	8.623915	33.095
3.0346506	-1.0283096	8.157045	33.145
1.7357962	-0.6703765	7.5584946	33.195
0.32920274	-1.2856863	8.389283	33.245
-0.7374141	-2.2110453	9.667787	33.295
-3.0226796	-1.5263035	9.552865	33.345
-2.8383262	-1.0498575	9.068039	33.395
-3.0597897	-1.6819267	8.661025	33.443
-1.8794483	-2.0530279	9.515755	33.495
-1.0307038	-2.256535	8.967483	33.545
-0.22146365	-2.030283	8.833407	33.585
1.3335704	-2.1643584	9.2308445	33.645
2.348712	-2.4169466	8.552089	33.695
3.8486793	-1.9800048	8.189367	33.745
4.818331	-1.6699557	7.098808	33.795
7.608773	-1.7968484	4.545392	33.855
10.700885	0.17597382	5.0517654	33.905
11.183316	1.1384429	6.051345	33.945
11.110293	0.56982	4.0222588	33.995
10.346542	0.17477672	3.5936968	34.035
10.376471	0.36152446	3.7205894	34.095
10.160992	0.077811554	3.9923313	34.145
9.945514	-0.33039984	4.155137	34.196
10.06283	-0.2765303	4.7668557	34.246
10.99178	0.1328782	4.5274353	34.295
10.490194	-0.033518825	5.365406	34.355
8.86932	-0.91458505	5.7604494	34.385
5.2768207	-1.7166426	7.773973	34.445
2.574964	-1.1839328	8.033744	34.495
1.1959038	0.2789245	7.7931266	34.56
-0.4381389	-0.2825158	8.465898	34.598
-2.0494366	-1.4736311	10.14543	34.645
-3.2860417	-2.0518308	8.925584	34.695
-3.726575	-1.2366052	8.833407	34.745
-3.7253778	-1.1791444	8.555679	34.795
-3.4871547	-1.496376	9.600749	34.851
-1.520318	-1.7226281	9.137471	34.895
-0.6488287	-1.5215151	9.210494	34.953
1.0690111	-1.5598224	9.002198	35.0
2.3439236	-1.7381904	9.141062	35.035
3.8666358	-2.0015526	8.750807	35.092
4.724957	-1.9093759	7.9714947	35.144
4.999093	-1.4209588	7.620744	35.195
5.866991	-1.1575965	6.870162	35.255
8.392874	-1.0869676	5.3606176	35.295
9.716867	-0.17477672	5.4444146	35.355
10.195708	0.47046062	6.695385	35.395
9.827001	0.08140286	4.0916905	35.455
10.016143	0.15801731	3.594894	35.495
10.19451	0.35314476	3.657143	35.565
9.951499	0.04070143	3.38181	35.595
10.131064	-0.16879122	4.059369	35.655
9.755175	-0.009576807	4.132392	35.705
10.462662	0.8607155	5.3606176	35.755
11.071986	1.1180922	5.494693	35.805
8.992621	-0.31364042	5.9041014	35.846
6.9000893	-1.4532804	8.008605	35.905
3.5458126	-1.2210429	8.025364	35.955
0.89303726	-0.8463503	8.714894	35.999
0.5279215	-0.5674258	7.049727	36.035
-0.9720459	-1.1097125	7.905654	36.095
-3.098097	-1.8064252	10.07121	36.145
-5.056554	-1.5682021	9.512163	36.195
-5.055357	-1.1552023	8.875306	36.249
-4.0904937	-0.9600749	8.74961	36.295
-3.1998506	-1.1611878	8.813056	36.345
-1.6304513	-1.6005238	9.337387	36.425
-0.3890578	-1.5179238	8.649054	36.445
1.5813702	-1.3108255	8.860941	36.495
3.5470097	-1.9177556	8.540117	36.545
4.4999022	-2.2385786	8.416816	36.585
4.5166616	-1.887828	7.777564	36.645
6.4846954	-1.6101006	6.6403184	36.695
8.200141	-1.1204864	5.4551888	36.745
9.90601	-0.24181437	5.5617304	36.805
10.113108	0.6356605	4.402937	36.845
10.007763	0.5494693	5.675455	36.905
9.581595	0.39743748	4.429273	36.945
9.428367	0.2885013	4.131195	36.995
10.052056	0.2837129	3.572149	37.035
9.920375	0.3184288	3.8235402	37.096
10.576386	0.6679823	4.015076	37.145
11.116279	1.0151415	3.6511576	37.197
11.678916	1.2725182	4.425682	37.25
10.941502	-0.059855044	5.3845596	37.295
9.041702	-1.103727	6.4380083	37.345
4.8039656	-0.63087213	8.101978	37.395
1.9033904	-0.6667852	8.323442	37.445
-0.1448492	-0.34356794	6.623559	37.495
-1.8052281	-1.0139444	4.675876	37.545
-3.4596214	-1.9668367	11.591528	37.605
-6.7851677	-1.496376	10.250774	37.645
-6.408081	-0.5398925	8.039729	37.695
-5.273229	-0.9816227	7.121553	37.745
-4.050989	-1.0953473	9.722853	37.795
-2.0039468	-1.4496891	8.902839	37.845
-0.31603462	-1.4389153	8.920795	37.896
1.1803415	-1.3036429	9.130288	37.955
2.9137435	-1.401805	8.8884735	37.995
4.5753193	-1.887828	8.669404	38.035
4.5753193	-1.887828	8.098388	38.101
7.169437	-1.3036429	7.1526775	38.145
7.654263	-0.49081135	6.469133	38.199
6.944382	-0.7170634	4.4999022	38.245
8.714894	-0.17118542	7.559692	38.295
9.652225	0.23942018	6.489484	38.345
9.1255	0.50996494	3.726575	38.415
9.922769	0.2873042	3.7337575	38.445
9.605537	0.18195933	4.0581717	38.505
9.642648	-0.3878607	3.5326445	38.545
9.591172	-0.06823475	4.605247	38.6
10.522516	0.8870517	4.156334	38.645
11.604695	1.8112136	4.1491513	38.695
10.31063	1.3311762	4.663905	38.745
9.229648	0.32441434	5.4300494	38.795
8.494628	0.055066638	7.4603324	38.865
6.145916	-0.095768064	7.656657	38.895
2.718616	-0.19991584	8.529344	38.948
-0.31004912	-0.5279215	8.167819	38.995
-0.8403648	-0.5734113	6.7324953	39.035
-0.81043726	-1.2844892	8.328231	39.089
-4.3981485	-1.7369933	9.263166	39.145
-6.0956373	-1.0151415	9.223662	39.201
-5.106832	-0.8403648	8.377312	39.255
-4.120421	-1.5741876	8.671799	39.295
-3.2345665	-1.8148049	9.072827	39.36
-2.2649148	-1.0522517	8.866926	39.405
0.61530983	-0.6392518	9.172187	39.455
2.2349873	-0.9516952	9.004593	39.495
4.44723	-1.5837644	8.672996	39.555
5.6179943	-1.3682863	8.063671	39.616
6.277597	-1.0809821	7.8876977	39.645
6.503849	-0.91937345	7.2424603	39.695
7.097611	-1.2773066	7.0102224	39.745
7.356185	-1.1707647	5.5856724	39.805
8.597578	-0.062249243	7.1371155	39.865
8.718486	0.11731588	6.8450227	39.895
9.419987	-0.062249243	5.305551	39.955
9.750386	0.21547815	3.8498764	40.005
9.637859	0.30645782	4.2054152	40.045
9.812635	0.35075054	4.7896004	40.096
10.044873	0.60693014	4.8267107	40.145
9.793482	0.7769185	5.4061074	40.204
9.779117	0.6727707	6.0728927	40.255
9.144653	0.007182605	6.2608376	40.305
7.2185183	-1.0773908	6.721721	40.347
4.5034933	-1.1468226	8.737639	40.395
3.288436	-0.5351041	9.533711	40.445
1.9405005	-0.90859956	7.7787614	40.495
-0.12330139	-0.6500258	7.0066314	40.555
-1.1432313	-0.866701	8.548497	40.618
-3.0346506	-1.3215994	9.03452	40.655
-5.12838	-0.8475474	10.407595	40.705
-4.68665	-0.49559975	9.451111	40.755
-3.489549	-1.0809821	8.141483	40.795
-3.0969	-2.4947581	8.670602	40.865
-2.2816741	-2.2146366	8.631097	40.895
-0.81043726	-1.1312603	9.404425	40.946
0.6907272	-1.270124	9.063251	40.995
2.432509	-1.7992426	9.01776	41.053
5.237316	-2.2349873	7.869741	41.095
6.657078	-1.520318	7.1754227	41.145
7.0605006	-1.1204864	6.2608376	41.215
8.0445175	-1.2018893	5.7125654	41.245
9.500193	-0.6488287	6.0238113	41.295
9.227253	-0.2789245	6.3182983	41.355
9.1590185	-0.22864626	5.1762643	41.395
9.202114	-0.25139117	5.0134583	41.445
8.992621	-0.08499416	4.5621514	41.495
8.839393	-0.41180268	4.9045224	41.548
8.857349	-0.3842694	5.3474493	41.595
9.246407	0.17836803	5.3845596	41.645
9.721656	0.93254155	5.380968	41.695
10.603919	1.2521675	5.7041855	41.745
9.807847	1.1192893	5.401319	41.795
9.030929	0.09816227	6.289568	41.861
8.817844	-0.2789245	6.943185	41.895
5.535394	-0.81522566	6.645107	41.945
2.1739352	-0.45968673	8.731653	41.995
0.6440403	-0.32561144	8.295909	42.045
-1.6256629	-0.44891283	7.6375036	42.096
-2.6252422	-1.9991584	9.030929	42.175
-5.058948	-2.0242975	8.88608	42.195
-5.1930237	-1.1240777	8.910022	42.256
-5.3941364	-0.7015011	7.893683	42.305
-4.489128	-0.6596026	9.634268	42.355
-2.8323407	-1.2605472	9.482236	42.395
-1.0905589	-1.0606314	9.61272	42.448
-0.2896984	-0.92057055	9.095572	42.495
1.1408371	-0.79128367	8.908825	42.545
2.755726	-0.9636662	8.980651	42.595
4.4017396	-1.541866	8.652645	42.657
5.3438582	-1.8602947	7.752425	42.695
5.5581393	-1.638831	7.7224975	42.745
5.9064956	-0.92655605	7.1287355	42.795
7.219715	-1.0953473	6.2105594	42.855
8.301894	-0.9828198	5.746084	42.917
8.955511	-0.32680854	6.2728086	42.946
9.270349	-0.20231004	4.933253	42.995
9.200917	0.010773907	5.345055	43.055
9.433155	-0.090979666	4.1491513	43.095
9.829395	0.25019407	3.7553053	43.145
9.762358	0.93493575	4.939238	43.196
9.835381	0.62847793	2.9843724	43.263
10.508151	0.7218518	3.4739866	43.308
10.8948145	0.8714894	4.5022964	43.345
10.922348	0.5758055	5.100847	43.395
10.588357	0.06703765	5.009867	43.435
8.209718	-0.45010993	6.6415157	43.495
4.675876	-0.62728083	7.926005	43.545
2.6599581	-0.62488663	7.8745294	43.595
-1.3718776	-0.29448682	7.9463553	43.663
-1.7046716	-0.50757074	8.082825	43.697
-1.5502456	-1.2509704	8.863335	43.745
-3.6355953	-1.8543092	8.8777	43.795
-4.8135424	-0.7278373	9.981427	43.845
-4.882974	-0.4309563	9.0716305	43.895
-3.894169	-1.1073183	9.817424	43.977
-2.8263552	-1.328782	9.582792	43.995
-1.7896658	-1.4903905	8.7125	44.053
0.14724341	-1.079785	8.945934	44.105
1.6807296	-1.1073183	8.892065	44.155
3.7193923	-1.7154455	8.797494	44.207
4.6830587	-2.15957	8.376115	44.245
5.2002063	-1.9800048	7.81228	44.305
5.3857565	-1.3299791	7.5094137	44.345
6.613982	-1.1468226	6.895301	44.395
7.9691005	-0.9935937	6.5505357	44.456
9.762358	-0.40940848	6.5002575	44.495
8.980651	-0.22266077	5.4264584	44.545
8.74123	-0.47524905	4.8422728	44.605
8.862138	-0.7374141	5.199009	44.662
8.780735	-0.6619968	5.2061915	44.695
8.506598	-0.5446809	5.4384294	44.745
9.400833	-0.0023942017	5.469554	44.795
10.178948	0.5398925	5.461174	44.845
9.838972	0.48362875	5.6802435	44.895
9.215282	0.4309563	5.717354	44.945
8.409634	0.074220255	6.5828576	44.995
6.7708025	-0.78410107	7.061698	45.045
4.146757	-0.9696517	9.078813	45.095
2.7353754	-0.641646	8.463503	45.165
1.4209588	-0.6847417	8.206126	45.195
-0.50637364	-1.22224	8.303091	45.265
-1.9405005	-1.0582372	8.716091	45.295
-2.966416	-0.94570965	9.655815	45.345
-3.6415808	-0.7469909	9.604341	45.396
-3.5625722	-0.6512229	9.44752	45.445
-3.3159695	-0.62847793	8.329428	45.495
-2.4372973	-1.0522517	8.785523	45.545
-1.3239936	-1.4927847	9.688137	45.613
0.12090719	-1.7788919	8.779537	45.646
0.25139117	-1.7130513	9.54209	45.705
1.3371617	-1.7286136	9.130288	45.745
3.775656	-1.9740193	8.221688	45.795
5.121197	-1.9979613	7.8027034	45.845
7.0688806	-1.2641385	6.655881	45.916
7.69257	-1.043872	6.291962	45.945
7.8050976	-0.8870517	5.01705	46.025
9.514558	-0.51116204	5.7963624	46.045
9.51336	-0.32321724	6.3003416	46.055
9.181764	-0.046686932	5.0182467	46.155
9.14585	-0.37948096	4.689044	46.195
9.295488	-0.48841715	4.396951	46.265
9.411607	-0.2621651	4.4603977	46.305
9.314642	-0.14604631	4.620809	46.345
9.574412	-0.20231004	4.9320555	46.395
9.654618	-0.077811554	5.3462524	46.445
8.969876	0.110133275	5.827487	46.495
8.4347725	-0.17477672	6.501455	46.545
8.214506	-0.2645593	6.7468605	46.595
6.731298	-0.688333	8.074445	46.645
5.7544637	-0.4213795	8.961497	46.695
2.7497406	-1.3144168	7.6770077	46.745
-0.6380547	-0.9780314	8.093599	46.795
-0.7649474	-0.9564836	8.383297	46.845
-1.5394717	-1.3431472	9.740809	46.915
-2.8203697	-1.1240777	9.858126	46.945
-4.380192	-1.3084313	8.257602	47.005
-3.393781	-1.946486	9.046491	47.046
-3.1675289	-2.100912	9.150639	47.056
-2.2637177	-1.3024458	9.173384	47.145
-0.7254431	-1.270124	8.9363575	47.206
1.7142484	-1.4975731	8.983045	47.245
3.7002387	-1.7405846	8.929175	47.295
5.461174	-1.8219875	7.303512	47.355
5.651513	-1.2593501	6.7564373	47.395
7.1586633	-1.364695	5.9448028	47.445
10.149021	-0.8403648	4.644751	47.495
10.753557	0.5793968	6.9108634	47.545
9.714474	0.439336	3.8414967	47.611
9.385271	0.12210429	4.9823337	47.645
9.775525	-0.079008654	4.5322237	47.695
9.403227	-0.20470424	4.924873	47.745
9.932345	0.29209262	4.4520183	47.795
10.521319	0.7565677	4.933253	47.845
10.753557	1.5753847	5.616797	47.925
10.20289	0.59256494	6.1040173	47.955
8.937555	-0.29209262	6.4272346	47.996
5.81791	-0.62967503	6.9719152	48.048
1.7142484	-0.7398083	7.869741	48.095
0.62488663	-0.82121116	8.194156	48.165
-1.3994108	-1.0259154	7.394492	48.195
-1.9800048	-1.091756	9.886856	48.246
-2.1164744	-1.6867151	10.479421	48.295
-4.2760444	-1.4281414	8.3150625	48.355
-3.867833	-1.3335704	9.216479	48.41
-3.015497	-1.7896658	8.808268	48.445
-2.2649148	-1.4257472	9.120711	48.495
-1.079785	-1.5394717	8.863335	48.545
1.4281414	-1.6950948	8.947132	48.595
3.2752678	-1.9309237	8.567651	48.665
5.353435	-2.1140802	8.336611	48.695
6.3338604	-1.1623849	7.2568254	48.745
7.3609734	-0.6500258	6.295553	48.795
7.9475527	-0.93613285	5.7125654	48.845
8.682572	-0.62488663	5.5629277	48.908
9.674969	-0.19033903	5.8346696	48.945
9.483433	0.077811554	5.5258174	48.995
9.442732	0.32202014	5.005079	49.046
9.534908	0.36631286	5.129577	49.055
9.689334	0.60214174	4.559757	49.157
9.895236	0.557849	4.4939165	49.195
9.736021	0.4225766	4.593276	49.245
9.436746	0.22146365	5.7125654	49.307
9.536105	-0.050278235	6.4739213	49.355
9.622296	-0.009576807	7.4016747	49.405
8.24563	0.61530983	8.273164	49.445
4.4939165	0.15322891	8.158242	49.495
2.043451	-0.81402856	7.07726	49.555
-1.0893618	-0.6823475	6.847417	49.595
-0.8738836	-1.1109096	8.847773	49.665
-1.9321208	-1.8171991	9.44752	49.695
-6.045359	-2.2290018	9.676167	49.755
-5.4408236	-0.9624691	10.212467	49.795
-5.127183	-0.664391	6.7133417	49.845
-3.5170822	-1.3395559	8.993818	49.895
-1.5298948	-2.3403323	8.4347725	49.945
0.20829555	-1.5646108	9.190144	49.995
2.3714569	-1.1803415	9.046491	50.045
2.7497406	-1.292869	8.835801	50.055
6.105214	-1.9237411	8.202535	50.146
6.317101	-1.5885528	7.6351094	50.2
7.055712	-1.0905589	6.751649	50.245
6.2165446	-1.0881647	5.130774	50.316
9.095572	-0.7649474	5.8909335	50.345
9.727641	-0.094570965	6.623559	50.395
9.478644	0.37828386	4.9296613	50.456
9.42238	0.29448682	4.5034933	50.495
9.733627	0.2896984	4.189853	50.545
9.697714	0.50996494	3.9983168	50.605
9.980229	0.90740246	4.757279	50.66
9.749189	0.81881696	4.894945	50.707
9.895236	1.1432313	5.4204726	50.745
10.29387	1.0666169	5.9531827	50.795
9.255983	-0.8379706	5.7628436	50.855
6.271611	-1.7345991	7.896077	50.91
2.9735985	-1.2198458	8.945934	50.945
2.042254	-0.8283938	9.132683	51.005
0.89902276	-1.2114661	8.095993	51.047
-0.6512229	-1.4149733	8.027759	51.097
-0.8643068	-1.508347	8.9602995	51.145
-1.0833763	-1.9728222	9.1350765	51.195
-2.7844565	-1.9249382	8.704121	51.254
-3.928885	-1.436521	8.937555	51.295
-3.1794999	-1.6723499	9.472659	51.355
-1.7669208	-1.5298948	9.540894	51.398
-0.91578215	-1.3814543	9.016563	51.445
0.5506664	-1.6627731	9.060856	51.505
1.7226281	-1.8459295	8.89446	51.555
2.718616	-2.0578163	9.072827	51.607
4.3754034	-1.8531121	8.3868885	51.645
4.349067	-1.5765818	8.160637	51.695
5.770026	-1.2665327	6.719327	51.745
7.952341	-1.578976	5.1523223	51.805
10.432734	-0.51954174	5.2684407	51.845
10.156203	0.59376204	5.2265425	51.905
9.465476	0.4177882	4.404134	51.945
10.005369	0.25857377	4.794389	51.995
9.79827	0.51834464	4.146757	52.045
9.554062	0.6380547	4.2664676	52.065
9.624691	0.45489833	4.7201686	52.147
9.49301	0.50158525	5.3199162	52.195
9.197326	0.62009823	5.865794	52.265
8.969876	0.6500258	7.0126166	52.295
8.450335	0.046686932	7.8386164	52.345
7.144298	0.6859388	7.7129207	52.398
4.5633483	0.12449849	8.079233	52.445
1.8195933	-0.45010993	7.2448545	52.495
-1.2677298	-0.94930094	7.277176	52.545
-1.447295	-1.30484	9.734824	52.615
-1.3096284	-2.256535	9.433155	52.655
-3.5338416	-2.1906946	8.91481	52.695
-4.7740383	-1.328782	8.546103	52.745
-4.4400473	-1.364695	8.731653	52.795
-2.6683378	-2.0805612	8.813056	52.847
-1.2545617	-1.7322049	9.580399	52.896
0.46926352	-1.5095441	8.761581	52.945
2.2218192	-1.6436194	8.74123	52.995
4.679467	-1.6531962	8.714894	53.045
5.5617304	-1.9692309	7.089231	53.112
6.349423	-0.9888053	7.0341644	53.155
7.7332716	-0.89662856	6.137536	53.195
8.611943	-0.91817635	4.900931	53.246
9.977836	-0.48482585	6.242881	53.299
9.405622	-0.04070143	5.2037973	53.345
9.247604	0.16400282	4.868609	53.41
9.635465	0.39983168	4.449624	53.449
9.354146	0.46208093	4.734534	53.495
9.601946	0.5303157	5.0362034	53.545
9.479841	0.78050977	4.969166	53.595
9.436746	0.6967127	5.9448028	53.675
9.81503	0.37828386	5.957971	53.705
8.798691	-0.6691794	6.6870055	53.745
6.549339	-1.091756	7.1981673	53.805
4.4244847	-0.7433996	8.993818	53.855
3.383007	-0.89423436	9.100361	53.895
2.1739352	-1.0953473	8.37013	53.945
0.7757214	-1.2904748	8.295909	54.001
-0.40581718	-1.1228806	8.902839	54.045
-0.80445176	-1.1994951	9.520543	54.065
-1.9153614	-1.2785037	9.483433	54.147
-3.6092591	-0.8463503	8.508993	54.195
-3.6595373	-1.7345991	9.629479	54.265
-2.8909986	-2.0350714	9.275137	54.295
-1.5502456	-1.8351556	8.573636	54.345
0.48961425	-2.2637177	9.081207	54.406
2.2170308	-2.5115175	8.921992	54.445
4.9775453	-2.2816741	8.209718	54.495
6.3542113	-2.0350714	6.981492	54.545
7.442376	-1.3192052	5.971139	54.606
8.611943	-0.7182605	4.8817773	54.645
9.44752	-0.19632454	5.4264584	54.695
9.469068	-0.15801731	6.3781533	54.745
9.161413	-0.14844051	5.935226	54.795
8.602366	-0.25378537	5.2875943	54.845
9.227253	0.36152446	5.0996494	54.895
10.059238	0.8559271	4.176685	54.945
10.71525	0.7685388	3.645172	55.015
11.668142	0.7218518	3.918111	55.045
11.83813	0.5422867	4.27365	55.065
8.853758	-0.09935937	5.756858	55.145
6.751649	-0.2896984	8.311471	55.203
4.3777976	-0.58538234	8.689755	55.245
2.2709002	-0.50158525	8.177396	55.295
0.22026655	-0.9660604	7.3298483	55.345
-0.90141696	-1.0462662	7.4866686	55.395
-1.5370775	-1.3192052	8.608353	55.445
-2.0386627	-1.6531962	10.146626	55.495
-3.8355112	-1.5239093	9.661801	55.555
-5.064934	-1.1528081	8.626308	55.595
-4.808754	-0.7625532	8.256405	55.645
-2.9317	-1.5286977	8.625112	55.705
-1.5646108	-1.9428947	8.774749	55.745
1.2533646	-1.7046716	8.611943	55.805
3.799598	-1.3192052	8.89805	55.846
5.755661	-1.6136919	8.015787	55.911
6.730101	-1.6065093	7.678205	55.947
7.750031	-1.2976574	6.8689647	55.995
7.8446016	-1.1288661	6.029797	56.076
7.3346367	-1.1719618	5.979519	56.085
7.6171527	-0.6631939	6.5325794	56.145
8.971074	0.05626374	7.4723034	56.196
8.796297	-0.034715924	6.326678	56.255
8.919599	-0.20111294	4.6782703	56.307
9.698911	-0.15682021	3.7553053	56.345
10.933122	0.7781156	3.453636	56.405
10.945093	0.5781997	3.8977604	56.445
11.000159	0.40581718	4.5980644	56.495
10.058042	-0.062249243	5.5270147	56.545
7.65546	-0.6572084	6.6606693	56.605
5.4767365	-0.47165772	8.47308	56.645
3.799598	0.19512744	9.411607	56.695
2.3463178	-0.3878607	8.522161	56.745
0.15083471	-1.1025299	7.37055	56.796
-0.5470751	-0.997185	7.9487495	56.855
-0.25977087	-1.5717934	9.2907	56.905
-2.6683378	-1.5334862	9.5732155	56.945
-3.8845923	-1.0690111	10.238804	56.996
-3.904943	-0.62967503	8.955511	57.045
-3.5206735	-0.80445176	8.889671	57.085
-1.8303672	-1.423353	8.6299	57.145
-0.34835634	-1.401805	8.874108	57.195
1.4149733	-1.3970166	9.089587	57.246
2.7401638	-1.6412252	8.746018	57.295
4.0797195	-1.9835961	8.645462	57.345
5.2181625	-2.2900538	7.7332716	57.395
5.946	-1.4748282	6.8773446	57.462
7.338228	-1.2473791	6.0465565	57.496
9.190144	-0.6823475	5.249287	57.545
9.664195	0.050278235	5.9388175	57.595
9.64145	0.58777654	5.0026846	57.645
9.77792	0.4441244	4.6160207	57.695
9.611523	0.3172317	4.1934443	57.755
9.736021	0.36032736	4.0797195	57.795
9.624691	0.2813187	3.8786068	57.845
9.40203	0.17357962	4.402937	57.895
9.586384	0.14724341	3.928885	57.955
9.7479925	0.7769185	6.2979474	57.995
8.924387	0.2801216	5.5976434	58.045
8.425196	-0.30406362	6.030994	58.085
8.360553	-0.8822633	6.5948286	58.149
6.7109475	-0.46926352	7.991845	58.205
4.423288	-0.025139118	8.680179	58.247
3.1184478	-0.8331822	8.240842	58.3
0.641646	-1.3754689	7.8469963	58.355
-0.39624038	-1.2653356	8.236053	58.395
-0.91697925	-1.0965444	9.610326	58.445
-2.3427265	-1.186327	9.340978	58.505
-3.0693667	-1.1336545	7.827842	58.555
-3.8833952	-1.7824832	9.616311	58.605
-4.4316673	-1.9297266	9.562442	58.645
-0.82719666	-1.3120226	8.781932	58.709
0.62847793	-1.2533646	9.238028	58.745
2.0638018	-1.3227965	9.264363	58.795
3.5697548	-1.6496049	8.996213	58.842
5.094861	-1.721431	7.687782	58.905
5.553351	-1.3934253	7.2185183	58.95
8.027759	-0.9959879	6.384139	58.995
8.500613	-0.6703765	5.875371	59.063
8.599973	-0.50397944	5.731719	59.085
8.993818	-0.41180268	5.8023477	59.146
9.475053	-0.23702596	5.6108117	59.195
9.218874	0.050278235	5.2720323	59.255
9.169792	0.29568392	4.5896845	59.305
9.3733	-0.15083471	4.1096473	59.345
9.536105	-0.30286652	4.2401314	59.405
9.289502	-0.12090719	4.83509	59.465
9.214086	-0.019153614	5.0146556	59.495
9.260772	-0.06464344	5.7400985	59.555
9.131485	-0.59855044	6.1782374	59.605
7.843405	-1.1025299	6.566098	59.645
5.637148	-1.1563994	7.351396	59.695
4.1742907	-1.3084313	8.603564	59.755
3.3554738	-1.1145009	9.188946	59.805
2.385822	-1.1504139	9.168595	59.845
1.234211	-1.1731589	8.870518	59.917
0.8822633	-1.2880806	9.106346	59.956
0.30047232	-1.42455	8.577228	60.005
-0.21308395	-1.5442601	9.502586	60.065
-1.2844892	-1.3479356	9.569624	60.095
-2.005144	-1.1959038	9.683349	60.145
-2.7102363	-1.1336545	9.003395	60.198
-2.505532	-0.866701	8.819042	60.245
-1.5346833	-0.9528923	9.396045	60.295
-0.24181437	-1.5370775	9.609129	60.345
1.8602947	-1.958457	8.851364	60.405
2.906561	-2.48159	8.258799	60.475
3.7181952	-2.2278047	8.117541	60.493
4.200627	-1.389834	7.2221093	60.555
7.4136457	-0.89662856	6.0465565	60.605
10.115502	-0.16519992	4.5501804	60.655
11.585542	0.6799533	5.1559134	60.689
9.967062	1.033098	5.159505	60.746
10.443508	0.6991069	3.4009635	60.799
10.5045595	0.7386112	3.9073372	60.855
10.569203	0.7086837	4.9943047	60.895
10.563218	0.9708488	3.0107086	60.945
9.382876	-0.32202014	3.5637693	61.005
9.326612	-0.50757074	3.3399115	61.045
8.907627	-0.088585466	7.3645644	61.095
7.4471645	-0.031124622	6.754043	61.145
6.579266	-0.5422867	8.042124	61.212
5.1439424	-0.33997664	8.783129	61.255
2.409764	-0.6991069	7.740454	61.305
0.9708488	-0.7182605	8.207323	61.345
0.32920274	-0.7086837	8.457518	61.395
-1.0498575	-1.1887212	7.8972745	61.445
-3.240552	-1.8375498	8.662222	61.495
-5.602432	-2.480393	9.672575	61.545
-4.3718123	-1.4688427	10.188525	61.595
-2.9592333	-1.2485762	8.084022	61.645
-1.055843	-1.4616601	8.828619	61.697
0.82001406	-1.2545617	9.214086	61.746
1.6531962	-1.2629414	8.961497	61.805
1.5251064	-1.2605472	9.360131	61.845
3.0992942	-1.412579	9.652225	61.914
4.250905	-1.8854338	8.676587	61.945
5.5521536	-1.8339585	6.331466	62.015
6.0764837	-1.6915035	5.9172697	62.076
8.172607	-1.4532804	5.5497594	62.089
7.515399	-0.6548142	6.0681043	62.147
7.2065473	-0.48123455	7.631518	62.198
7.6351094	-1.2330139	6.8007298	62.247
9.588778	-2.042254	5.828684	62.296
8.608353	-1.2844892	4.6112323	62.345
8.935161	-1.5885528	4.5178585	62.395
8.579621	-1.5574282	5.246893	62.445
7.9343843	-2.043451	5.971139	62.495
7.4351935	-1.8710686	6.851008	62.545
7.952341	-1.0965444	7.169437	62.595
8.02297	-0.79367787	9.509769	62.645
7.33344	-0.6476316	7.275979	62.687
6.6283474	-0.90141696	6.4667387	62.745
3.9564183	-1.2808979	8.954314	62.795
2.1691468	-2.468422	7.703344	62.845
1.7537527	-2.790442	7.7093296	62.9
1.8028339	-3.1878796	8.26239	62.945
0.7398083	-3.7098155	8.698134	63.005
0.688333	-3.4500446	9.642648	63.055
0.34237084	-3.2824504	9.532514	63.095
0.34237084	-3.2824504	9.532514	63.095
1.3503298	-2.373851	8.635885	63.195
1.7992426	-2.207454	8.552089	63.245
2.2062569	-2.0853498	9.212888	63.295
3.1555579	-2.1918917	8.746018	63.345
3.1663318	-2.1452048	8.615535	63.395
3.8007953	-2.6156654	8.316259	63.445
4.9679685	-2.7401638	8.740033	63.495
4.9703627	-2.31639	9.111135	63.545
4.6579194	-2.7832594	7.7584105	63.595
5.3582234	-2.6659436	8.89446	63.645
5.0637364	-2.670732	8.111555	63.695
5.875371	-3.084929	6.789956	63.745
5.683835	-3.0142999	7.454347	63.795
6.235698	-3.0897174	7.4854717	63.845
6.63553	-2.6910827	7.5884223	63.895
6.599617	-3.027468	7.1754227	63.96
6.1542954	-2.5761611	7.047333	64.021
6.2584434	-2.9029696	6.823475	64.045
6.2979474	-3.052607	6.8929067	64.086
6.481104	-2.4540567	7.589619	64.15
5.872977	-2.846706	7.2005615	64.195
5.861006	-2.8335378	7.1945763	64.245
6.157887	-2.7329812	7.4148426	64.295
6.291962	-2.4899697	7.098808	64.345
