7.1275387	-0.7757214	6.6654577	0.148
7.117962	-0.8415619	6.6044054	0.198
7.0808516	-0.89303726	6.5565214	0.248
7.1071877	-0.91099375	6.707356	0.298
7.327454	-0.9552865	6.7253127	0.351
7.2831616	-0.8607155	6.4008985	0.399
7.0209966	-0.78529817	6.4846954	0.448
7.1371155	-0.7793127	6.579266	0.507
7.1790137	-0.8355764	6.64391	0.55
7.21373	-0.89423436	6.5349736	0.598
7.1754227	-0.9804256	6.373365	0.638
7.2568254	-0.9995792	6.47033	0.696
7.157466	-0.9911995	6.447585	0.752
7.132327	-0.997185	6.5098343	0.796
7.1945763	-0.9540894	6.5744777	0.846
7.219715	-0.90620536	6.5840545	0.896
7.252037	-0.8643068	6.578069	0.966
7.3202715	-0.830788	6.528988	0.977
7.0102224	-0.9696517	6.4739213	1.046
7.026982	-0.8631097	6.7624226	1.096
7.0940194	-0.6955156	6.727707	1.151
7.1059904	-0.6895301	6.6510925	1.196
6.9527617	-0.8283938	6.543353	1.246
7.0461354	-0.91219085	6.5864487	1.296
7.1371155	-0.8882488	6.6762314	1.346
7.1766195	-0.79846627	6.6391215	1.396
7.4507556	-0.61890113	6.6965823	1.458
7.369353	-0.7086837	6.611588	1.496
7.2664022	-0.7218518	6.575675	1.559
7.0700774	-0.7158663	6.6295447	1.597
6.884527	-0.7637503	6.7229185	1.646
6.673837	-0.8331822	6.8869214	1.697
6.6307416	-0.7565677	6.9120603	1.746
6.7863646	-0.7278373	6.823475	1.796
7.0928226	-0.7374141	6.7109475	1.846
7.1526775	-0.7445967	6.603208	1.896
7.3633676	-0.7158663	6.525397	1.947
7.547721	-0.6943185	6.527791	1.979
7.5908165	-0.770933	6.5098343	2.026
7.303512	-0.8439561	6.543353	2.097
7.1191587	-0.89902276	6.659472	2.147
7.0485296	-0.91099375	6.8079123	2.197
6.915652	-0.9528923	6.6642604	2.237
6.733692	-0.9828198	6.7133417	2.298
6.703765	-1.0079589	6.634333	2.348
6.8929067	-0.93972415	6.670246	2.398
7.2185183	-0.830788	6.5948286	2.448
7.289147	-0.842759	6.423643	2.498
7.36217	-0.8643068	6.3362546	2.548
7.644686	-0.8415619	6.375759	2.598
7.7344685	-0.8319851	6.4272346	2.646
7.4148426	-0.92895025	6.384139	2.697
7.049727	-0.9911995	6.525397	2.746
6.9228344	-0.93493575	6.82946	2.808
6.825869	-0.94570965	6.8282633	2.848
6.793547	-0.9540894	6.71813	2.896
6.7612257	-0.9528923	6.728904	2.954
6.71813	-0.90979666	6.7444663	2.967
7.0904284	-0.7529764	6.7265096	3.046
7.326257	-0.7110779	6.482301	3.108
7.2664022	-0.7649474	6.477513	3.147
7.369353	-0.736217	6.5744777	3.196
7.656657	-0.7338228	6.7480574	3.246
7.6889787	-0.6895301	6.495469	3.296
7.0808516	-0.8714894	6.5804634	3.347
6.8198833	-1.0103531	6.7947445	3.396
6.851008	-1.0714053	6.813898	3.446
6.9467764	-1.0259154	6.691794	3.496
6.8486137	-0.9552865	6.6774287	3.546
6.8450227	-0.9552865	6.6750345	3.617
7.041347	-0.8858546	6.6403184	3.646
7.3418193	-0.93972415	6.4427967	3.704
7.4256167	-0.94690675	6.317101	3.746
7.41604	-0.9672575	6.208165	3.796
7.577648	-0.9756372	6.2488666	3.846
7.715315	-0.8798691	6.501455	3.896
7.550115	-0.9564836	6.215348	3.948
7.180211	-1.0654198	6.31351	3.977
6.975507	-0.9840169	6.8067155	4.046
7.1251445	-0.9708488	6.244078	4.11
7.1861963	-0.8355764	6.0920463	4.149
6.597223	-0.8559271	7.07726	4.197
7.418434	-0.6799533	6.137536	4.247
7.5884223	-0.4285621	6.2883706	4.297
7.3406224	-0.5446809	6.2763996	4.346
7.619547	-0.5243302	6.069301	4.416
7.7464395	-0.45489833	6.2380924	4.447
7.7907324	-0.427365	6.325481	4.498
7.7440453	-0.3866636	6.4248405	4.546
7.314286	-0.5638345	6.517017	4.596
7.123947	-0.61052144	6.815095	4.646
7.005434	-0.7517793	6.7265096	4.699
6.953959	-0.7565677	6.70975	4.746
6.6187706	-0.91219085	6.4763155	4.796
6.659472	-0.88944596	6.588843	4.846
7.0593038	-0.79966336	6.731298	4.896
7.487866	-0.7194576	6.567295	4.946
7.57286	-0.7398083	6.341043	4.996
7.469909	-0.7793127	6.2141504	5.044
7.78355	-0.80804306	6.327875	5.11
7.785944	-0.8762778	6.253655	5.156
7.2592196	-0.9744401	6.303933	5.196
6.9479733	-1.0163386	6.549339	5.246
6.9360023	-0.9516952	6.7743936	5.296
6.867768	-0.90620536	6.6546836	5.366
6.8007298	-0.90141696	6.6726403	5.397
6.739678	-0.91817635	6.730101	5.446
6.967127	-0.8535329	6.766014	5.496
7.265205	-0.7769185	6.5206084	5.546
7.3897038	-0.7326257	6.5230026	5.603
7.489063	-0.7445967	6.3482256	5.646
7.5764513	-0.7721301	6.319495	5.697
7.72968	-0.7661445	6.3925185	5.747
7.5884223	-0.8367735	6.327875	5.796
7.1287355	-0.90261406	6.673837	5.866
7.001843	-0.878672	6.799533	5.896
6.9360023	-1.0726024	6.657078	5.946
6.6989765	-1.0893618	6.4631476	5.996
6.6882024	-1.0893618	6.543353	6.046
6.8605847	-0.92895025	6.697779	6.109
7.1766195	-0.79846627	6.4966664	6.156
7.515399	-0.7074866	6.38773	6.196
7.5800424	-0.6919243	6.319495	6.246
7.7308774	-0.7457938	6.341043	6.296
7.750031	-0.81043726	6.2943563	6.379
7.539341	-0.8343793	6.3470287	6.397
7.098808	-0.8499416	6.6403184	6.446
6.932411	-0.8355764	6.8079123	6.496
6.6882024	-0.91219085	6.781576	6.546
6.611588	-0.78888947	6.793547	6.626
6.5816603	-0.81881696	6.799533	6.646
6.839037	-0.7661445	6.8486137	6.696
7.0581064	-0.7062895	6.851008	6.747
7.3190746	-0.6548142	6.5146227	6.807
7.619547	-0.6368576	6.271611	6.847
7.6243353	-0.557849	6.303933	6.896
7.657854	-0.6667852	6.4416	6.947
7.441179	-0.79607207	6.5948286	6.996
7.0186024	-0.866701	6.719327	7.046
6.9120603	-0.9600749	6.817489	7.108
6.7684083	-1.0606314	6.8210807	7.146
6.817489	-1.0522517	6.7145386	7.196
6.7384806	-0.9792285	6.531382	7.246
6.9048777	-0.90141696	6.63553	7.297
7.144298	-0.8595184	6.6307416	7.347
7.356185	-0.8870517	6.423643	7.396
7.48188	-0.81642276	6.3446345	7.446
7.529764	-0.8595184	6.2021794	7.496
7.7488337	-0.7517793	6.399701	7.547
7.73806	-0.8511387	6.325481	7.586
7.505822	-1.0342951	6.329072	7.646
7.656657	-0.7781156	6.283582	7.697
6.695385	-0.748188	6.9467764	7.746
6.7229185	-0.8595184	6.319495	7.806
7.3310456	-0.7146692	6.114791	7.846
7.1311297	-0.61770403	6.4224463	7.899
7.2065473	-0.7685388	6.314707	7.948
7.6985555	-0.6775591	5.993884	7.996
7.845799	-0.46806642	5.7604494	8.056
7.4842744	-0.4345476	6.279991	8.098
8.443152	-0.29927522	5.6790466	8.146
8.046912	-0.39145198	6.171055	8.196
7.714118	-0.47764325	5.829881	8.246
7.5884223	-0.40222588	6.2524576	8.286
7.0605006	-0.45130703	6.277597	8.346
7.2723875	-0.58777654	6.397307	8.396
7.37055	-0.56982	6.113594	8.446
7.1059904	-0.48602295	6.2404866	8.496
7.526173	-0.29448682	6.155493	8.586
7.687782	-0.30406362	6.0704985	8.596
7.77517	-0.33877954	5.9986725	8.646
8.106767	-0.2765303	5.9052987	8.696
8.238448	-0.19752164	5.9412117	8.746
8.032547	-0.41180268	5.840655	8.816
7.5932107	-0.47405192	6.069301	8.847
7.417237	-0.39145198	6.337452	8.926
7.183802	-0.45848963	6.39611	8.946
7.064092	-0.6584055	6.1650696	8.996
7.1083846	-0.45250413	6.3230867	9.06
7.165846	-0.46208093	6.3003416	9.098
7.3789296	-0.39983168	6.2991447	9.146
7.773973	-0.260968	5.969942	9.196
7.916428	-0.1352724	5.9304376	9.246
8.067263	-0.30406362	5.9005103	9.297
8.052897	-0.19871874	5.9388175	9.346
8.067263	-0.2801216	5.864597	9.396
7.7129207	-0.2861071	6.160281	9.446
7.2268977	-0.32202014	6.39611	9.496
7.2568254	-0.37469256	6.4392056	9.546
7.180211	-0.4357447	6.411672	9.597
6.9240313	-0.4369418	6.3769565	9.646
6.9048777	-0.45968673	6.5708866	9.716
7.3669586	-0.4309563	6.1423244	9.746
7.5812397	-0.49799395	6.35062	9.817
7.893683	-0.4357447	6.364985	9.846
7.632715	-0.35913026	5.7987566	9.899
8.046912	-0.31483752	5.9878983	9.946
8.500613	-0.36032736	5.9867015	9.996
7.6027875	-0.47165772	6.220136	10.046
7.183802	-0.4261679	6.459556	10.116
7.2987237	-0.49200845	6.2644286	10.146
7.1347213	-0.62249243	6.393716	10.196
6.927623	-0.7026982	6.315904	10.246
6.8581905	-0.59974754	6.4858923	10.298
7.1466923	-0.3854665	6.3542113	10.346
7.469909	-0.33638534	6.227319	10.396
7.905654	-0.33518824	6.0585275	10.446
7.943961	-0.3196259	5.889736	10.496
8.106767	-0.29688102	5.8574142	10.547
8.222886	-0.2873042	6.1207767	10.597
7.7667904	-0.3842694	6.1004257	10.646
7.264008	-0.5303157	6.363788	10.707
7.1993647	-0.49081135	6.471527	10.746
7.0664864	-0.56982	6.244078	10.807
6.9012866	-0.48841715	6.331466	10.846
6.951565	-0.5542577	6.5589156	10.895
7.153875	-0.40342298	6.567295	10.946
7.4112515	-0.4189853	6.2464724	10.996
7.6889787	-0.40342298	6.05733	11.047
7.904457	-0.34715924	5.9268465	11.096
8.101978	-0.35314476	5.9962783	11.146
8.170214	-0.33997664	5.9759274	11.196
7.8649526	-0.45729253	6.019023	11.246
7.3885064	-0.545878	6.319495	11.296
7.2221093	-0.44771573	6.6630635	11.346
7.147889	-0.45370123	6.50744	11.396
6.4619503	-0.6392518	6.3709707	11.446
7.03177	-0.8415619	6.505046	11.498
7.439982	-0.61890113	6.229713	11.557
7.36217	-0.45609543	6.2141504	11.596
7.691373	-0.427365	6.1507044	11.658
7.9451585	-0.2621651	6.05733	11.696
8.079233	-0.10055647	6.339846	11.767
7.9355817	-0.19752164	6.314707	11.796
7.523779	-0.6715736	6.385336	11.859
7.062895	-0.7398083	6.907272	11.906
7.053318	-0.7134721	6.953959	11.946
6.8103065	-0.7757214	6.815095	11.996
6.9360023	-0.91338795	6.3482256	12.068
6.682217	-0.8738836	6.2763996	12.096
6.871359	-0.8846575	6.6606693	12.146
7.089231	-0.8846575	6.609194	12.196
7.1754227	-0.89184016	6.4583592	12.286
7.45315	-0.8583213	6.364985	12.296
7.711724	-0.7146692	6.253655	12.346
7.9092455	-0.6727707	6.136339	12.396
7.785944	-0.7433996	6.223727	12.446
7.4232225	-0.90021986	6.4416	12.496
7.1191587	-0.89782566	6.609194	12.546
6.7480574	-0.9708488	6.7564373	12.6
6.706159	-0.85473	6.8222775	12.646
6.600814	-0.8846575	6.6989765	12.712
6.716933	-0.842759	6.8079123	12.749
6.9252286	-0.7625532	6.8103065	12.796
7.109582	-0.7038953	6.4990606	12.857
7.586028	-0.6811504	6.3949127	12.896
7.5465236	-0.59256494	6.3601966	12.946
7.827842	-0.5710171	6.351817	12.996
7.777564	-0.7158663	6.3542113	13.046
7.3298483	-0.8690952	6.482301	13.096
6.96593	-0.92296475	6.7133417	13.146
6.896498	-0.8702923	6.8007298	13.207
6.791153	-0.9888053	6.7564373	13.246
6.600814	-0.92895025	6.554127	13.296
6.6391215	-0.9900024	6.6606693	13.346
6.908469	-0.90979666	6.615179	13.396
7.15986	-0.80325466	6.3889275	13.459
7.577648	-0.6943185	6.4164605	13.496
7.5944076	-0.6452374	6.3709707	13.546
7.77517	-0.6488287	6.355408	13.596
7.839813	-0.581791	6.361394	13.646
7.3789296	-0.8535329	6.408081	13.699
6.9587474	-0.91338795	6.669049	13.746
6.835446	-0.80325466	6.841431	13.816
6.704962	-0.80205756	6.879739	13.846
6.691794	-0.7649474	6.8079123	13.896
6.669049	-0.7386112	6.7229185	13.967
6.7923503	-0.676362	6.7025676	13.996
7.028179	-0.59974754	6.7013707	14.046
7.277176	-0.62009823	6.56131	14.096
7.4148426	-0.59376204	6.551733	14.159
7.716512	-0.62129533	6.4763155	14.196
7.8865004	-0.5758055	6.527791	14.246
7.469909	-0.6799533	6.4631476	14.296
6.9850836	-0.8331822	6.615179	14.346
6.933608	-0.7697359	6.8330517	14.406
6.8007298	-0.91937345	6.8893156	14.436
6.6546836	-0.9780314	6.669049	14.496
6.551733	-0.9744401	6.647501	14.557
6.661866	-0.94810385	6.739678	14.596
7.1047935	-0.78529817	6.6367273	14.659
7.465121	-0.7086837	6.4858923	14.696
7.5968018	-0.6955156	6.4068837	14.741
7.562086	-0.7194576	6.209362	14.8
8.038532	-0.6440403	6.3985043	14.846
7.8769236	-0.736217	6.31351	14.896
7.153875	-1.0833763	6.384139	14.947
6.849811	-1.033098	6.728904	14.996
6.6786256	-1.0893618	6.719327	15.046
6.6367273	-0.9756372	6.71813	15.096
6.5577183	-0.94690675	6.7444663	15.176
6.6175733	-0.90021986	6.7767878	15.197
7.017405	-0.80924016	6.6846113	15.246
7.3669586	-0.6799533	6.5361705	15.296
7.5908165	-0.676362	6.339846	15.346
7.7691846	-0.6667852	6.2871737	15.397
7.9224133	-0.60693014	6.420052	15.436
7.608773	-0.748188	6.381745	15.496
7.0569096	-0.8702923	6.691794	15.547
6.754043	-0.8439561	6.8905125	15.596
6.5960255	-0.8367735	6.967127	15.647
6.517017	-0.8319851	6.8773446	15.696
6.409278	-0.8595184	6.8438253	15.747
6.6510925	-0.7781156	6.8569937	15.796
6.992266	-0.6811504	6.793547	15.846
7.4375877	-0.5638345	6.531382	15.907
7.5561004	-0.60453594	6.3901243	15.946
7.547721	-0.5494693	6.4104753	15.996
7.7572136	-0.5410896	6.5098343	16.048
7.607576	-0.61171854	6.506243	16.104
7.0186024	-0.8750807	6.7145386	16.147
6.683414	-0.8774749	6.906075	16.196
6.6630635	-0.90261406	6.9168487	16.246
6.7360864	-0.92176765	6.851008	16.296
6.76362	-0.88944596	6.6666546	16.359
6.777985	-0.8822633	6.6666546	16.397
6.993463	-0.80205756	6.7324953	16.446
7.309498	-0.7697359	6.5457473	16.496
7.429208	-0.7661445	6.4763155	16.548
7.4974427	-0.7733272	6.3482256	16.596
7.6889787	-0.7769185	6.4164605	16.656
7.773973	-0.6715736	6.385336	16.696
7.431602	-0.89902276	6.447585	16.738
6.9587474	-1.0307038	6.613982	16.796
6.777985	-0.9959879	6.7468605	16.846
6.7923503	-0.94211835	6.7468605	16.896
6.742072	-0.9672575	6.6079965	16.946
6.721721	-0.9911995	6.6403184	16.996
6.932411	-0.8451532	6.71813	17.046
7.2711906	-0.7493851	6.5601125	17.098
7.466318	-0.736217	6.4463882	17.148
7.514202	-0.6739678	6.3865333	17.196
7.6746135	-0.6739678	6.3925185	17.246
7.703344	-0.6368576	6.51582	17.296
7.2388687	-0.82480246	6.5720835	17.35
6.967127	-0.8451532	6.76362	17.399
6.8641763	-0.7182605	6.9527617	17.446
6.7480574	-0.8834604	6.8402343	17.507
6.673837	-0.82719666	6.781576	17.546
6.5625067	-0.80325466	6.8545995	17.596
6.8653736	-0.7445967	6.8103065	17.646
7.1407065	-0.6859388	6.6642604	17.697
7.33344	-0.6428431	6.5720835	17.746
7.5333557	-0.6907272	6.471527	17.796
7.526173	-0.7182605	6.329072	17.856
7.8793178	-0.58418524	6.491878	17.896
7.4723034	-0.78290397	6.397307	17.946
7.0126166	-1.1252748	6.8773446	17.996
7.0126166	-1.1252748	6.8773446	17.996
6.603208	-1.0414777	6.6427126	18.097
6.578069	-0.8774749	6.7253127	18.146
6.703765	-0.91338795	6.7229185	18.196
6.769605	-0.9923966	6.6056023	18.246
7.1263413	-0.8631097	6.706159	18.296
7.5465236	-0.7541735	6.205771	18.366
7.541735	-0.7182605	6.2009826	18.396
7.964312	-0.60453594	6.0800753	18.448
8.213309	-0.58418524	6.209362	18.497
7.7009497	-0.8439561	6.126762	18.556
7.2185183	-1.0115502	6.2763996	18.596
7.0006456	-0.91338795	6.564901	18.646
6.8318543	-0.8511387	6.779182	18.697
6.754043	-0.8331822	6.815095	18.746
6.659472	-0.82480246	6.6762314	18.805
6.697779	-0.8846575	6.6750345	18.846
7.1047935	-0.7697359	6.5445504	18.896
7.454347	-0.7254431	6.4308257	18.946
7.5549035	-0.7086837	6.23091	18.996
7.679402	-0.6344634	6.2584434	19.047
7.801506	-0.58897364	6.397307	19.098
7.7093296	-0.58777654	6.4727244	19.146
7.2149267	-0.78888947	6.566098	19.196
6.8869214	-0.80205756	6.884527	19.246
6.7265096	-0.8475474	6.8869214	19.296
6.6882024	-0.82599956	6.813898	19.346
6.6067996	-0.82360536	6.757634	19.411
6.6271505	-0.78649527	6.769605	19.457
6.931214	-0.7062895	6.859388	19.496
7.3083005	-0.59136784	6.661866	19.546
7.499837	-0.5746084	6.4978633	19.596
7.53575	-0.58777654	6.338649	19.647
7.7560163	-0.641646	6.4607534	19.708
7.7584105	-0.5710171	6.5026517	19.742
7.380127	-0.80325466	6.591237	19.789
6.8881183	-0.94331545	6.76362	19.848
6.799533	-0.9624691	6.8222775	19.926
6.88333	-0.8511387	6.8079123	19.948
6.6079965	-1.0510546	6.5864487	19.998
6.599617	-1.033098	6.658275	20.048
6.7803793	-0.92895025	6.6247563	20.113
7.043741	-0.91817635	6.599617	20.138
7.3885064	-0.8631097	6.423643	20.198
7.5189905	-0.7254431	6.2584434	20.248
8.018182	-0.61171854	6.257246	20.298
8.031349	-0.6823475	6.405687	20.348
7.6590514	-0.92057055	6.326678	20.398
7.3310456	-0.985214	6.5218053	20.46
6.8881183	-0.9648633	6.7624226	20.498
6.8246717	-0.997185	6.7480574	20.548
6.6295447	-1.0307038	6.730101	20.598
6.465542	-0.9983821	6.7324953	20.664
6.623559	-0.9864111	6.495469	20.698
6.8246717	-0.7577648	6.8306575	20.748
7.48188	-0.62129533	6.5349736	20.798
7.563283	-0.6607997	6.4164605	20.847
7.835025	-0.5614403	6.1806316	20.898
8.252813	-0.49559975	6.266823	20.948
7.9810715	-0.6488287	6.221333	20.998
7.252037	-1.033098	6.3865333	21.048
6.791153	-0.90381116	6.9360023	21.11
6.5601125	-0.91219085	7.0329676	21.148
6.453571	-0.8858546	6.9743094	21.198
6.397307	-0.973243	6.8605847	21.247
6.411672	-0.9552865	6.8067155	21.298
6.9407907	-0.79607207	6.727707	21.348
7.4387846	-0.7170634	6.443994	21.408
7.5644803	-0.7493851	6.317101	21.448
7.8888946	-0.60932434	6.2225304	21.509
8.167819	-0.62129533	6.2752028	21.548
8.067263	-0.7637503	6.2129536	21.61
7.2867527	-1.0570401	6.355408	21.648
6.853402	-1.0295067	6.645107	21.693
6.5936313	-1.0809821	6.8749504	21.748
6.611588	-0.9911995	6.8905125	21.798
6.647501	-1.0247183	6.6534867	21.851
6.609194	-1.0546459	6.612785	21.898
6.906075	-1.0007763	6.6283474	21.947
7.2472486	-0.8511387	6.4128695	21.998
7.3537903	-0.81163436	6.3601966	22.008
7.589619	-0.7493851	6.2165446	22.099
7.884106	-0.7158663	6.293159	22.148
8.483853	-0.5805939	5.6898203	22.198
7.615956	-0.6488287	6.5349736	22.247
6.647501	-0.6955156	6.999449	22.298
6.9024835	-0.9600749	6.364985	22.364
7.0964136	-0.7625532	6.566098	22.401
6.8581905	-0.6715736	6.7085533	22.448
6.695385	-0.878672	6.3949127	22.499
6.853402	-0.8619126	6.3578024	22.548
7.4591355	-0.58897364	6.4978633	22.598
7.845799	-0.48961425	5.9280434	22.649
7.644686	-0.5638345	6.0716953	22.698
8.008605	-0.33638534	6.1650696	22.758
8.440758	-0.25139117	5.9412117	22.798
7.9463553	-0.641646	5.979519	22.848
7.2747817	-0.90859956	6.1411276	22.895
6.8210807	-0.7613561	6.667852	22.948
6.8402343	-0.7062895	6.859388	22.998
6.791153	-0.63206923	6.8162923	23.048
6.657078	-0.7158663	6.7384806	23.098
6.6510925	-0.7218518	6.6534867	23.169
7.0126166	-0.7110779	6.6163764	23.198
7.3657618	-0.62129533	6.513426	23.247
7.5549035	-0.62129533	6.373365	23.298
7.5920134	-0.5255273	6.3578024	23.348
7.8876977	-0.427365	6.4020953	23.398
7.9427643	-0.35673606	6.528988	23.448
7.2484455	-0.7661445	6.609194	23.498
6.8450227	-0.8511387	6.8773446	23.558
6.6654577	-0.81522566	6.915652	23.598
6.645107	-0.80086046	6.870162	23.648
6.513426	-0.9708488	6.743269	23.698
6.525397	-0.9959879	6.7025676	23.758
6.7971387	-0.8607155	6.7480574	23.809
7.277176	-0.6823475	6.657078	23.848
7.4926543	-0.7745243	6.38773	23.898
7.52737	-0.7206547	6.253655	23.951
7.9954367	-0.60932434	6.3123126	23.999
8.078036	-0.5650316	6.293159	24.048
7.6267295	-0.8678981	6.2883706	24.099
6.9132576	-1.1168951	6.506243	24.148
6.6403184	-1.0654198	6.811504	24.198
6.715736	-0.9516952	6.879739	24.248
6.6522894	-1.0163386	6.7145386	24.298
6.564901	-0.9564836	6.6989765	24.347
6.6175733	-0.8822633	6.703765	24.398
7.0329676	-0.6572084	6.5565214	24.479
7.4842744	-0.7517793	6.381745	24.498
7.5106106	-0.6895301	6.327875	24.561
7.892486	-0.5734113	6.3685765	24.599
8.007407	-0.545878	6.349423	24.648
7.7440453	-0.6356605	6.4463882	24.699
7.07726	-0.94451255	6.5720835	24.748
6.657078	-0.92296475	6.908469	24.814
6.579266	-0.81043726	7.0006456	24.849
6.599617	-0.7733272	6.919243	24.898
6.5325794	-0.8535329	6.8330517	24.948
6.4643445	-0.81163436	6.8749504	25.014
6.6905966	-0.7517793	6.89171	25.028
7.3466077	-0.59376204	6.646304	25.098
7.5453267	-0.62009823	6.445191	25.148
7.539341	-0.61291564	6.343437	25.211
7.765593	-0.5602432	6.4368114	25.248
7.77517	-0.6548142	6.4882865	25.298
7.3885064	-0.8475474	6.554127	25.348
6.8306575	-0.9696517	6.7145386	25.398
6.6606693	-1.0067618	6.8881183	25.448
6.646304	-0.9804256	6.879739	25.498
6.667852	-0.89782566	6.6666546	25.538
6.679823	-0.9636662	6.68102	25.599
6.7767878	-0.9588778	6.6750345	25.648
7.0209966	-0.8523358	6.5002575	25.708
7.5070195	-0.7170634	6.4008985	25.748
7.4567413	-0.736217	6.302736	25.797
7.8170686	-0.79966336	6.2392898	25.848
7.955932	-0.700304	6.4044895	25.898
7.7368627	-0.7661445	6.279991	25.948
7.047333	-1.0079589	6.5349736	25.998
6.847417	-0.9756372	6.775591	26.028
6.6486983	-0.89902276	6.882133	26.098
6.6965823	-0.8499416	6.817489	26.162
6.633136	-0.8870517	6.745663	26.198
6.6666546	-0.89543146	6.8186865	26.248
7.086837	-0.7541735	6.733692	26.298
7.4735007	-0.6667852	6.5230026	26.347
7.529764	-0.6655881	6.3542113	26.413
7.5453267	-0.6596026	6.420052	26.451
7.7560163	-0.7314286	6.3901243	26.498
7.728483	-0.7577648	6.31351	26.548
7.3106947	-0.92296475	6.4427967	26.598
6.963536	-0.9516952	6.7013707	26.648
6.813898	-1.0007763	6.7839704	26.698
6.715736	-1.0139444	6.752846	26.748
6.694188	-0.9696517	6.6247563	26.798
6.6870055	-0.9911995	6.637924	26.848
6.92044	-0.90979666	6.671443	26.898
7.290344	-0.7338228	6.5457473	26.948
7.5285673	-0.6847417	6.409278	26.998
7.563283	-0.7158663	6.3230867	27.028
7.740454	-0.6919243	6.4344172	27.098
7.928399	-0.7038953	6.447585	27.178
7.430405	-0.89423436	6.4846954	27.198
6.862979	-0.9564836	6.646304	27.248
6.661866	-0.89662856	6.944382	27.298
6.5469446	-0.92176765	6.867768	27.348
6.602011	-0.8595184	6.781576	27.428
6.5349736	-0.8523358	6.791153	27.448
6.731298	-0.7326257	6.8127007	27.498
7.192182	-0.5650316	6.659472	27.548
7.405266	-0.5530606	6.5864487	27.599
7.45315	-0.5805939	6.465542	27.645
7.606379	-0.60214174	6.455965	27.699
7.7667904	-0.5590461	6.575675	27.748
7.687782	-0.5542577	6.5696893	27.792
6.9731126	-0.90859956	6.703765	27.848
6.63553	-0.8595184	6.9360023	27.898
6.5601125	-0.8762778	6.9826894	27.948
6.6522894	-0.79726917	6.89171	27.998
6.6295447	-0.8678981	6.7971387	28.028
6.655881	-0.8822633	6.731298	28.098
6.955156	-0.7302315	6.625953	28.168
7.419631	-0.6667852	6.5804634	28.198
7.53575	-0.7517793	6.3829417	28.248
7.502231	-0.6967127	6.3302693	28.298
7.765593	-0.6919243	6.4068837	28.348
7.7943234	-0.6392518	6.4008985	28.398
7.3083005	-0.9636662	6.479907	28.448
6.8773446	-0.9888053	6.727707	28.498
6.661866	-1.0462662	6.7612257	28.548
6.695385	-0.9648633	6.707356	28.608
6.6726403	-0.9911995	6.6486983	28.648
6.631939	-0.94810385	6.7001734	28.71
6.915652	-0.81043726	6.6654577	28.748
7.347805	-0.676362	6.5696893	28.798
7.515399	-0.7625532	6.3925185	28.868
7.466318	-0.6931214	6.3242836	28.898
7.7452426	-0.7026982	6.3865333	28.948
7.8649526	-0.5482722	6.5230026	28.998
7.7548194	-0.6488287	6.4499793	29.018
6.8366427	-0.90021986	6.8809357	29.098
6.811504	-0.94451255	7.017405	29.148
6.7360864	-0.89782566	6.7444663	29.198
6.6271505	-0.91219085	6.7923503	29.248
6.5828576	-1.0007763	6.6295447	29.296
6.8450227	-1.0630256	6.649895	29.348
7.285556	-0.8535329	6.5601125	29.398
7.5082164	-0.80205756	6.209362	29.458
7.4687123	-0.866701	6.131551	29.498
7.717709	-0.8343793	6.375759	29.578
7.9571295	-0.80086046	6.3242836	29.598
7.7009497	-0.91099375	6.223727	29.648
7.1275387	-1.0450691	6.423643	29.698
6.7971387	-1.0402806	6.7803793	29.748
6.7947445	-1.0223241	6.751649	29.798
6.775591	-0.92535895	6.6367273	29.848
6.657078	-1.0283096	6.6415157	29.898
6.683414	-0.9876082	6.70975	29.948
7.1059904	-0.89303726	6.5864487	29.999
7.45315	-0.7170634	6.447585	30.048
7.620744	-0.7086837	6.435614	30.095
7.7201033	-0.58418524	6.271611	30.148
7.788338	-0.62847793	6.4248405	30.198
7.6494746	-0.6799533	6.4260373	30.248
7.0461354	-0.9923966	6.703765	30.318
6.779182	-0.9528923	6.88333	30.348
6.695385	-0.90261406	6.92044	30.399
6.7803793	-0.82360536	6.873753	30.45
6.7253127	-0.8331822	6.6905966	30.498
6.619968	-0.8415619	6.739678	30.568
6.8462195	-0.78529817	6.8091097	30.598
7.2867527	-0.7266402	6.6774287	30.648
7.5082164	-0.6751649	6.528988	30.698
7.5309615	-0.6691794	6.3709707	30.748
7.675811	-0.6739678	6.35062	30.808
7.8302364	-0.79008657	6.3985043	30.848
7.313089	-0.9780314	6.3422403	30.898
6.9491706	-1.0103531	6.621165	30.948
6.8689647	-1.0247183	6.781576	31.018
6.853402	-1.0115502	6.7241154	31.048
6.7145386	-1.0199299	6.613982	31.098
6.7971387	-1.0235212	6.6307416	31.148
6.95755	-1.0007763	6.6079965	31.198
7.253234	-0.92296475	6.453571	31.256
7.541735	-0.830788	6.2991447	31.298
7.5680714	-0.830788	6.1040173	31.348
7.620744	-0.94570965	6.1770406	31.408
7.831434	-0.8475474	6.373365	31.448
7.776367	-0.9983821	6.317101	31.518
7.1466923	-1.0402806	6.530185	31.548
6.9240313	-0.9900024	6.7492547	31.595
6.813898	-1.0690111	6.8450227	31.648
6.849811	-1.0247183	6.6905966	31.698
6.7983356	-1.0414777	6.4906807	31.746
6.757634	-1.0462662	6.4870896	31.798
7.050924	-0.9900024	6.4882865	31.848
7.3633676	-0.8595184	6.4308257	31.898
7.4483614	-0.8702923	6.326678	31.962
7.8039002	-0.80564886	6.232107	32.0
8.145074	-0.59855044	6.362591	32.048
7.9008656	-0.7098808	6.2620344	32.098
7.311892	-1.1216835	6.5696893	32.148
6.751649	-1.033098	6.7731967	32.198
6.6079965	-1.0462662	6.669049	32.251
6.661866	-1.1456255	6.76362	32.298
6.5385647	-1.198298	6.530185	32.348
6.3805475	-0.8714894	6.8198833	32.412
6.8306575	-0.60094464	6.823475	32.448
7.4615297	-0.48243165	6.4858923	32.504
7.7943234	-0.61052144	6.2009826	32.548
7.747637	-0.7589619	6.199785	32.598
7.893683	-0.82719666	6.1399302	32.66
8.304289	-0.60214174	6.1746464	32.698
8.009802	-0.7673417	6.199785	32.748
6.9982514	-1.1408371	6.4427967	32.798
6.549339	-1.0929531	6.75524	32.848
6.5445504	-1.0606314	6.791153	32.898
6.621165	-1.0354922	6.859388	32.948
6.4667387	-1.0965444	6.6774287	32.998
6.4990606	-1.0259154	6.7947445	33.048
6.8689647	-0.8535329	6.7205243	33.098
7.5704656	-0.62608373	6.518214	33.148
7.8505874	-0.5638345	6.256049	33.198
7.7488337	-0.7158663	6.31351	33.261
7.941567	-0.736217	6.291962	33.298
8.049306	-0.6619968	6.3099184	33.348
7.3178773	-0.92416185	6.4104753	33.398
6.7827735	-0.94211835	6.811504	33.448
6.4619503	-0.9648633	7.0365586	33.498
6.319495	-0.8379706	7.055712	33.548
6.295553	-0.8678981	6.977901	33.599
6.47033	-0.94092125	6.9982514	33.648
6.941988	-0.80804306	6.7001734	33.698
7.2113357	-0.6500258	6.619968	33.758
7.6602483	-0.6823475	6.4104753	33.798
7.787141	-0.7314286	6.160281	33.848
7.9331875	-0.7290344	6.254852	33.898
8.094796	-0.688333	6.302736	33.948
7.357382	-1.0869676	6.314707	33.998
6.9132576	-1.1145009	6.6056023	34.048
6.6522894	-1.1623849	6.8162923	34.098
6.659472	-1.1480197	6.8127007	34.147
6.549339	-1.103727	6.465542	34.207
6.528988	-1.1851299	6.707356	34.248
6.8366427	-1.0773908	6.861782	34.298
7.5453267	-0.80564886	6.137536	34.368
7.680599	-0.82360536	6.0046577	34.398
7.536947	-0.8774749	6.0106435	34.451
7.869741	-0.90620536	6.5505357	34.498
8.289924	-0.6584055	6.090849	34.548
7.831434	-0.9696517	6.3697734	34.608
6.9599442	-1.0366893	6.6846113	34.648
6.7492547	-1.115698	6.76362	34.698
6.7324953	-1.1444284	6.7085533	34.728
6.6044054	-1.0726024	6.549339	34.798
6.531382	-1.1540052	6.5708866	34.848
6.754043	-1.0773908	6.683414	34.898
7.267599	-0.7326257	6.5349736	34.958
7.7093296	-0.7158663	6.421249	34.998
7.583634	-0.770933	6.2165446	35.048
7.914034	-0.7266402	6.295553	35.099
8.12233	-0.6691794	6.194997	35.148
7.5201874	-1.0510546	6.247669	35.198
7.0485296	-1.0510546	6.5924344	35.248
6.9288197	-1.0295067	6.7827735	35.298
6.673837	-1.0582372	6.8198833	35.348
6.6247563	-0.9923966	6.633136	35.398
6.566098	-1.0450691	6.6846113	35.459
6.835446	-1.0486604	6.5218053	35.498
7.111976	-0.8738836	6.489484	35.568
7.5932107	-0.81761986	6.3230867	35.598
7.6147585	-0.78888947	6.196194	35.648
7.9391727	-0.5722142	6.361394	35.721
8.428787	-0.427365	6.339846	35.748
7.5848308	-1.0618285	6.117185	35.798
7.0245876	-1.2090719	6.5110316	35.848
6.6415157	-1.0845734	6.7564373	35.898
6.531382	-1.0845734	6.8450227	35.948
6.563704	-1.0103531	6.8665705	35.998
6.493075	-0.9828198	6.8246717	36.048
6.793547	-0.93972415	6.645107	36.098
7.326257	-0.82001406	6.491878	36.147
7.7129207	-0.78649527	6.1902084	36.198
7.704541	-0.78769237	6.1100025	36.248
7.8469963	-0.7278373	6.194997	36.298
8.135497	-0.6368576	6.2943563	36.358
7.9343843	-0.7769185	6.2261214	36.398
7.261614	-1.0342951	6.432023	36.461
6.7719994	-1.0307038	6.7564373	36.498
6.655881	-1.0953473	6.791153	36.548
6.645107	-0.90261406	6.719327	36.598
6.530185	-1.0055647	6.6522894	36.648
6.63553	-1.0247183	6.692991	36.713
7.133524	-0.80804306	6.5385647	36.748
7.6375036	-0.641646	6.3805475	36.798
7.788338	-0.7338228	6.1112	36.848
7.9463553	-0.7074866	6.135142	36.898
8.185776	-0.6356605	6.223727	36.968
7.890092	-0.82121116	6.1411276	36.998
7.0940194	-1.0498575	6.411672	37.048
6.8103065	-1.0402806	6.751649	37.098
6.622362	-1.0414777	6.847417	37.148
6.622362	-0.9672575	6.70975	37.218
6.613982	-0.9816227	6.6726403	37.248
6.658275	-1.0031705	6.59004	37.294
7.28795	-0.8319851	6.479907	37.348
7.6530657	-0.6775591	6.3099184	37.411
7.9331875	-0.7206547	5.919664	37.448
8.6574335	-0.51834464	4.950012	37.498
7.359776	-0.4285621	7.1371155	37.548
8.110358	-0.5662287	5.710171	37.598
7.7703815	-0.40222588	6.1985884	37.648
7.1754227	-0.6368576	6.6774287	37.699
6.612785	-0.82480246	6.5110316	37.748
6.743269	-0.545878	6.5864487	37.798
6.9348054	-0.37828386	6.3685765	37.848
7.0485296	-0.45489833	6.481104	37.898
7.406463	-0.4417302	6.26802	37.948
7.953538	-0.19393034	5.9867015	37.998
8.043321	-0.2873042	5.907693	38.048
8.167819	-0.2765303	5.6539073	38.098
8.2276745	-0.06584055	6.0681043	38.148
8.1881695	0.005985504	5.674258	38.202
7.422025	-0.30885202	6.2704144	38.248
7.335834	-0.2693477	6.3087215	38.299
6.871359	-0.5315128	6.242881	38.348
6.9647326	-0.35434186	6.2500634	38.397
7.2245035	-0.055066638	6.3111157	38.448
7.0102224	-0.32202014	6.6044054	38.505
7.2604165	-0.10414778	6.161478	38.552
8.346188	0.24061728	6.0704985	38.598
7.941567	0.037110128	5.7508726	38.648
7.9870567	-0.17357962	5.6467247	38.698
8.543709	0.51954174	6.242881	38.748
8.4826565	0.10055647	6.0800753	38.798
6.9024835	-0.6428431	6.2392898	38.848
6.861782	-0.31364042	6.4499793	38.898
7.007828	-0.04070143	6.7624226	38.948
6.631939	-0.5470751	6.041768	38.998
6.8486137	-0.41060558	6.6522894	39.048
7.1861963	0.093373865	6.542156	39.098
7.85777	0.11611878	5.9124813	39.148
7.9008656	-0.23104046	6.0262055	39.199
8.026561	0.15442601	5.8095303	39.248
8.645462	0.39504328	5.911284	39.298
8.051701	0.062249243	5.9184666	39.348
7.703344	0.01436521	6.093243	39.398
7.311892	0.16280572	6.4416	39.448
6.6163764	-0.22146365	6.537368	39.498
6.8462195	-0.21906945	6.4260373	39.548
7.201759	0.22026655	6.5325794	39.601
6.8773446	0.06943185	6.327875	39.648
7.1047935	-0.36750996	6.208165	39.698
7.9451585	0.50637364	6.194997	39.748
8.14268	0.6919243	6.2752028	39.807
7.728483	0.08140286	5.708974	39.848
7.937976	0.01316811	6.0884547	39.898
8.003817	0.62847793	6.181829	39.948
7.1502833	0.1592144	6.941988	39.998
7.4148426	0.05746084	6.8210807	40.048
7.4148426	0.05746084	6.8210807	40.048
6.8605847	-0.6835446	6.283582	40.148
6.791153	-0.7757214	6.435614	40.21
7.1706343	-0.51834464	6.566098	40.248
7.273585	-0.31483752	6.839037	40.298
7.417237	-0.3866636	6.0226145	40.348
7.5932107	-0.37349546	5.482722	40.398
7.7548194	-0.7350199	6.075287	40.438
7.8912888	-0.56982	5.955577	40.498
8.11395	0.14604631	6.3111157	40.548
7.687782	-0.4297592	6.2249246	40.618
7.183802	-0.6500258	6.4523735	40.648
7.1754227	-0.47884035	6.429629	40.698
6.92044	-0.50158525	6.363788	40.748
6.88333	-0.7170634	6.1411276	40.799
7.062895	-0.51714754	6.4583592	40.848
7.4866686	-0.3184288	6.3422403	40.898
7.502231	-0.6703765	5.729325	40.948
8.22528	-0.3184288	5.603629	40.998
8.599973	0.36511576	6.242881	41.038
8.599973	0.36511576	6.242881	41.038
7.773973	-0.21547815	6.1219735	41.148
7.2484455	-0.10414778	6.575675	41.198
7.0688806	-0.30526072	6.6427126	41.248
7.019799	-0.32800564	6.6367273	41.288
6.873753	-0.5710171	6.341043	41.348
7.1347213	-0.49919105	6.3470287	41.401
7.356185	-0.22625206	6.7001734	41.448
7.2472486	-0.521936	6.39611	41.498
7.443573	-0.32202014	6.241684	41.548
7.5584946	-0.17118542	5.943606	41.599
8.049306	0.2908955	6.3350577	41.648
7.7584105	0.009576807	6.706159	41.698
7.5046253	-0.21547815	6.2991447	41.748
7.4016747	-0.4357447	6.3362546	41.805
7.1826053	-0.37349546	6.6726403	41.858
7.3083005	-0.4309563	6.3338604	41.898
6.8522053	-0.533907	6.6654577	41.948
6.6067996	-0.37110126	6.6367273	41.998
6.8282633	-0.34117374	6.659472	42.048
7.2664022	-0.33638534	6.329072	42.1
7.633912	-0.21906945	6.457162	42.148
7.595605	-0.23942018	6.1219735	42.206
7.905654	-0.17836803	6.157887	42.248
8.10557	-0.038307227	6.302736	42.298
7.8757267	-0.2657564	6.2644286	42.36
7.467515	-0.30765492	6.3326635	42.398
7.1227503	-0.4141969	6.623559	42.448
6.6762314	-0.36272156	6.915652	42.498
6.527791	-0.5315128	6.8486137	42.548
6.367379	-0.47764325	6.8641763	42.628
6.5481415	-0.47165772	6.779182	42.648
7.061698	-0.32920274	6.6247563	42.698
7.679402	-0.24420857	6.367379	42.748
7.8027034	-0.32920274	6.155493	42.828
8.070854	-0.37828386	6.1770406	42.848
7.929596	-0.29328972	6.3422403	42.898
7.6255326	-0.29807812	6.457162	42.948
7.0940194	-0.45130703	6.575675	42.998
6.739678	-0.49081135	6.9731126	43.07
6.621165	-0.45130703	6.9527617	43.078
6.4966664	-0.50278234	6.8773446	43.145
6.528988	-0.688333	6.83784	43.198
6.611588	-0.7769185	6.7731967	43.248
7.195773	-0.4225766	6.637924	43.298
7.7488337	-0.2801216	6.381745	43.348
7.65546	-0.33518824	6.2404866	43.388
7.869741	-0.31004912	6.4583592	43.448
7.8529816	-0.320823	6.411672	43.498
7.4028716	-0.5482722	6.505046	43.568
6.9731126	-0.7290344	6.7839704	43.598
6.7480574	-0.581791	6.9120603	43.648
6.719327	-0.58418524	6.907272	43.698
6.5505357	-0.62249243	6.8450227	43.768
6.455965	-0.5542577	6.907272	43.799
6.827066	-0.46926352	6.8450227	43.848
7.37055	-0.41060558	6.5146227	43.898
7.645883	-0.5793968	6.269217	43.948
7.678205	-0.6344634	6.271611	43.989
7.869741	-0.33279404	6.3901243	44.048
7.827842	-0.29688102	6.4511766	44.078
7.169437	-0.45489833	6.7001734	44.148
6.9108634	-0.5422867	7.0820484	44.198
7.3885064	-0.5638345	6.459556	44.258
6.633136	-0.6859388	6.172252	44.298
6.399701	-0.5746084	6.8653736	44.368
7.1502833	-0.39504328	6.2883706	44.398
7.337031	-0.2896984	6.633136	44.448
7.7919292	-0.19871874	6.0716953	44.518
7.717709	-0.24061728	6.075287	44.548
7.8876977	-0.027533319	5.943606	44.598
8.111555	-0.12569559	6.0046577	44.648
8.049306	-0.2753332	5.910087	44.728
7.441179	-0.18435353	6.4104753	44.748
7.1550717	0.044292733	6.8079123	44.798
7.265205	-0.61291564	6.0968347	44.848
6.343437	-0.61291564	6.4619503	44.898
6.3362546	-0.050278235	6.457162	44.979
7.4507556	0.6979098	6.4882865	44.998
8.204929	0.40222588	6.1926026	45.059
8.178593	0.40222588	6.1926026	45.059
8.043321	-0.07062895	6.353014	45.148
8.175002	-0.075417355	5.717354	45.198
7.8637557	-0.14604631	5.645528	45.248
7.1849995	-0.11731588	6.9707184	45.299
6.979098	0.19512744	6.493075	45.348
7.0820484	0.47524905	6.919243	45.398
6.4308257	0.019153614	6.7253127	45.448
6.694188	-0.39504328	6.117185	45.498
6.861782	0.044292733	6.908469	45.548
7.668628	0.4177882	6.203377	45.598
7.9248075	0.34955344	6.576872	45.648
8.25401	0.12808979	6.0321913	45.698
8.384495	0.02633622	5.449203	45.748
8.322245	-0.029927522	5.901707	45.798
7.49026	-0.12569559	6.0681043	45.848
6.870162	0.061052144	6.655881	45.911
7.1993647	0.088585466	6.647501	45.954
6.8749504	-0.2789245	6.1806316	45.998
6.3709707	-0.7469909	6.3793507	46.048
6.727707	-0.2657564	6.603208	46.088
7.3226657	0.39025488	6.4188547	46.163
7.799112	0.08499416	6.223727	46.208
8.00621	0.11252748	5.969942	46.248
8.25401	0.30166942	5.9244523	46.298
8.558074	0.20231004	5.614403	46.348
7.5932107	-0.20829555	6.211756	46.398
7.33344	0.24660277	6.3242836	46.458
7.1263413	0.22026655	6.751649	46.498
7.120356	0.08619126	6.8246717	46.548
6.5840545	-0.35194764	6.362591	46.598
6.667852	-0.33039984	6.588843	46.647
6.88333	0.007182605	6.655881	46.712
7.156269	0.10534488	6.602011	46.748
7.4615297	-0.007182605	6.2644286	46.798
7.7488337	-0.074220255	6.353014	46.848
7.93199	-0.076614454	6.329072	46.898
8.158242	-0.15203181	6.283582	46.958
7.6375036	-0.18555063	6.227319	46.998
7.123947	-0.31244332	6.7708025	47.068
6.8545995	-0.24301147	6.932411	47.088
6.7109475	-0.2621651	7.0964136	47.157
6.5098343	-0.51714754	6.7684083	47.198
6.337452	-0.7469909	6.7863646	47.248
6.5146227	-0.5482722	6.8641763	47.308
6.882133	-0.36990416	6.825869	47.348
7.5692687	-0.15682021	6.5924344	47.398
7.6853876	-0.20829555	6.4068837	47.449
7.8050976	-0.19991584	6.4188547	47.498
7.78355	-0.36391866	6.39611	47.548
7.422025	-0.4381389	6.566098	47.598
6.969521	-0.5398925	7.016208	47.672
6.716933	-0.47405192	7.08564	47.698
6.4751186	-0.46327803	7.0006456	47.748
6.3422403	-0.7781156	6.873753	47.798
6.4404025	-0.6799533	6.8306575	47.848
6.599617	-0.45130703	7.017405	47.908
7.181408	-0.35913026	6.7708025	47.948
7.727286	-0.38187516	6.6067996	47.998
7.8733325	-0.4237737	6.3769565	48.048
7.800309	-0.46567222	6.227319	48.09
7.619547	-0.6631939	6.039374	48.149
7.892486	-0.6715736	6.0238113	48.209
7.0593038	-0.62488663	6.9850836	48.248
6.2009826	-0.81283146	6.528988	48.328
6.7253127	-0.36032736	6.537368	48.348
6.706159	0.4333505	6.7983356	48.398
6.9348054	0.36152446	6.849811	48.443
7.189788	-0.20949265	6.4727244	48.498
7.4687123	-0.1436521	6.375759	48.548
7.9272017	0.36870706	5.8945246	48.598
7.762002	0.31124622	6.1902084	48.648
8.171411	0.6392518	6.4104753	48.698
7.6746135	0.7158663	6.351817	48.748
7.3047094	0.25498247	6.8450227	48.798
7.101202	-0.031124622	6.3458314	48.848
6.7612257	0.18076223	6.6391215	48.913
6.906075	-0.14963761	7.451953	48.958
6.951565	-0.0047884034	6.587646	48.998
6.8162923	0.16639702	6.363788	49.048
7.8446016	0.11851298	5.5377884	49.088
7.9726915	-0.31603462	6.39611	49.152
7.9355817	-0.4189853	6.4739213	49.198
7.837419	-0.16280572	6.169858	49.248
7.3166804	-0.61291564	6.283582	49.318
7.181408	-0.4369418	6.5565214	49.348
7.455544	-0.22984336	6.8988924	49.398
7.091625	-0.40821138	6.5936313	49.438
6.3685765	-0.89543146	6.339846	49.498
5.781997	-0.93373865	6.5361705	49.548
6.2871737	-0.61650693	7.2424603	49.598
6.9850836	-0.1316811	7.133524	49.649
7.511808	-0.095768064	6.8665705	49.698
7.9846625	-0.2705448	6.179435	49.748
8.252813	-0.48123455	5.533	49.798
8.880095	-0.3184288	5.5581393	49.848
8.655039	-0.4369418	5.829881	49.898
7.740454	-0.748188	6.160281	49.958
6.7851677	-0.6560113	6.7708025	49.998
6.1123967	-0.8595184	7.33344	50.08
6.161478	-0.8367735	7.351396	50.088
6.279991	-0.79367787	6.9479733	50.149
6.1507044	-0.9576807	6.625953	50.198
6.2979474	-0.90021986	6.805518	50.248
6.775591	-0.47644615	6.7839704	50.301
7.884106	-0.25617957	6.3302693	50.348
7.8912888	-0.40940848	6.467936	50.398
7.645883	-0.62847793	6.2165446	50.458
7.8422074	-0.61411273	6.247669	50.498
8.396465	-0.40581718	6.194997	50.548
7.878121	-0.58657944	6.0920463	50.598
6.859388	-0.8643068	6.8127007	50.661
6.341043	-0.830788	7.193379	50.698
6.0681043	-0.7350199	7.2460513	50.748
6.3003416	-0.724246	6.908469	50.798
6.135142	-0.91697925	6.859388	50.848
6.417658	-0.81642276	7.0245876	50.918
6.7588315	-0.7074866	6.9012866	50.948
7.3789296	-0.48003745	6.399701	51.01
7.955932	-0.45250413	6.209362	51.048
8.098388	-0.48961425	6.042965	51.099
8.098388	-0.48961425	6.042965	51.099
8.058883	-0.6476316	6.0800753	51.198
7.193379	-0.7697359	6.6307416	51.268
6.669049	-0.7649474	6.955156	51.298
6.47033	-0.82001406	7.1514807	51.348
6.4188547	-0.90381116	7.00304	51.418
6.59004	-0.8750807	6.915652	51.448
6.3206925	-0.8391677	6.740875	51.498
6.4272346	-0.6631939	6.953959	51.548
6.9479733	-0.5590461	6.841431	51.599
7.345411	-0.51595044	6.7324953	51.648
7.6626425	-0.58298814	6.3925185	51.698
7.819463	-0.45370123	6.1782374	51.748
8.130709	-0.59256494	6.123171	51.798
7.868544	-0.6931214	6.2380924	51.848
7.228095	-0.7433996	6.623559	51.9
6.733692	-0.760159	6.9623384	51.948
6.5469446	-0.7314286	7.147889	51.998
6.399701	-0.8331822	6.8869214	52.048
6.3589997	-0.93014735	6.884527	52.098
6.2512608	-0.79726917	6.918046	52.148
6.423643	-0.6536171	6.943185	52.193
7.2604165	-0.47285482	6.721721	52.248
7.5704656	-0.59136784	6.51582	52.298
7.821857	-0.5781997	6.2584434	52.348
8.067263	-0.58418524	6.0824695	52.398
7.937976	-0.6703765	6.1327477	52.448
7.5932107	-0.6895301	6.3542113	52.498
6.9144545	-0.7721301	6.873753	52.548
6.697779	-0.6835446	7.189788	52.598
6.399701	-0.8499416	6.9144545	52.648
6.373365	-0.92775315	6.9623384	52.698
6.3949127	-0.91817635	7.103596	52.748
6.647501	-0.7422025	6.791153	52.798
6.9767036	-0.60214174	6.6846113	52.851
7.6530657	-0.6703765	6.3458314	52.898
7.753622	-0.8463503	5.9280434	52.968
8.106767	-0.81283146	5.9807158	52.998
7.9427643	-0.7469909	6.1507044	53.044
7.575254	-0.7793127	6.1279593	53.098
7.606379	-0.82480246	6.5577183	53.147
5.828684	-1.1623849	7.4627266	53.218
6.0561333	0.31124622	6.9360023	53.248
6.7492547	0.24301147	7.3202715	53.298
6.872556	-0.44651863	7.1251445	53.348
6.895301	-0.89543146	6.0238113	53.398
7.868544	-0.16280572	6.3218894	53.448
8.239645	0.18195933	6.337452	53.498
8.08881	-0.4369418	5.9986725	53.538
7.499837	-0.30526072	6.489484	53.598
7.189788	-0.16639702	6.2740054	53.648
6.9982514	-0.33638534	6.9012866	53.698
7.0186024	-0.092176765	6.5804634	53.748
6.7959414	-0.29568392	6.599617	53.798
7.169437	-0.12808979	6.2704144	53.848
7.0904284	-0.095768064	6.704962	53.898
7.27957	-0.21068975	6.295553	53.969
7.501034	-0.3866636	6.2728086	53.998
7.350199	-0.2813187	6.4272346	54.058
7.4926543	-0.073023155	6.481104	54.098
7.4603324	0.1340753	6.5984197	54.143
7.5572977	-0.023942016	6.5804634	54.198
7.4244194	-0.051475335	6.505046	54.248
7.301118	0.009576807	6.649895	54.303
7.240066	-0.05746084	6.3769565	54.348
7.047333	-0.2717419	6.4463882	54.398
6.733692	-0.48003745	6.6103907	54.448
6.870162	-0.29807812	6.645107	54.498
7.169437	-0.07182605	6.691794	54.548
7.5441294	0.20949265	6.5457473	54.598
7.6530657	-0.142455	6.542156	54.648
7.715315	-0.1376666	6.3422403	54.698
7.4028716	-0.50038815	6.3338604	54.748
7.043741	-0.5470751	6.7121444	54.807
7.1191587	-0.3890578	6.751649	54.848
6.7708025	-0.5422867	6.8462195	54.906
7.3059063	-0.32441434	6.851008	54.948
7.1909847	-0.6751649	6.4272346	54.998
6.7863646	-0.61770403	6.683414	55.048
6.697779	-0.6512229	6.7767878	55.098
6.657078	-0.7422025	6.805518	55.108
7.6770077	-0.2873042	6.227319	55.198
7.5968018	-0.2669535	6.3865333	55.248
7.7667904	-0.31483752	6.254852	55.308
7.565677	-0.48003745	6.3099184	55.348
7.275979	-0.3842694	6.519411	55.398
7.141904	-0.39264908	6.555324	55.448
6.823475	-0.39145198	6.8929067	55.498
6.915652	-0.5506664	6.7731967	55.546
6.7983356	-0.5781997	6.6726403	55.598
6.918046	-0.46926352	6.4763155	55.648
7.1646485	-0.23582886	6.5936313	55.698
7.575254	-0.088585466	6.555324	55.748
7.632715	0.039504327	6.5948286	55.778
7.4735007	-0.31244332	6.277597	55.848
7.515399	-0.24540567	6.554127	55.899
7.36217	-0.2908955	6.409278	55.948
7.0964136	-0.45729253	6.6283474	55.998
7.019799	-0.16519992	6.8450227	56.048
7.1167645	-0.09816227	6.6654577	56.098
6.805518	-0.33279404	6.811504	56.17
6.8929067	-0.2789245	6.752846	56.198
6.872556	-0.2777274	6.897695	56.248
6.9491706	-0.11731588	6.754043	56.298
7.3286514	-0.053869538	6.5744777	56.348
7.2328835	-0.35673606	6.803124	56.398
7.0784574	-0.44771573	6.5864487	56.448
7.410054	-0.59376204	6.3781533	56.498
7.765593	-0.47405192	6.4966664	56.548
7.6003933	-0.06943185	6.9024835	56.598
7.3418193	-0.050278235	6.841431	56.647
7.0712748	-0.5446809	6.525397	56.698
6.5601125	-1.2318168	6.6846113	56.748
6.0764837	-1.1611878	6.5565214	56.798
5.8562174	-0.9504981	7.064092	56.848
6.1411276	-0.3878607	7.1766195	56.918
6.8486137	-0.21308395	7.2328835	56.948
7.4256167	-0.24301147	6.975507	57.0
7.6626425	-0.37229836	6.5481415	57.048
7.747637	-0.7218518	5.9926867	57.098
8.426393	-0.2621651	6.019023	57.168
8.847773	-0.17717093	6.117185	57.198
8.028955	-0.7254431	5.993884	57.248
6.8689647	-0.62847793	6.68102	57.298
6.2345014	-0.7733272	7.0090256	57.348
5.9148755	-0.94331545	7.3047094	57.398
6.007052	-0.93254155	6.9407907	57.448
5.837064	-1.0941502	7.0186024	57.509
6.2141504	-0.8379706	7.098808	57.548
6.7480574	-0.50517654	7.016208	57.598
7.467515	-0.24061728	6.777985	57.648
8.046912	-0.21188685	6.3805475	57.698
7.997831	-0.5793968	5.9843073	57.758
8.459911	-0.48003745	5.9304376	57.798
8.641871	-0.45609543	5.681441	57.848
7.8386164	-0.78170687	6.0082493	57.898
6.7767878	-0.91697925	6.7480574	57.95
6.0681043	-0.8523358	7.2939353	57.998
6.021417	-0.7649474	7.273585	58.048
6.1770406	-0.81402856	7.0724716	58.079
6.191406	-1.0247183	6.791153	58.128
6.338649	-0.90620536	7.067683	58.198
6.9024835	-0.51954174	7.023391	58.262
7.9272017	-0.41180268	6.7719994	58.298
8.27077	-0.38187516	5.9747305	58.348
8.274361	-0.5327099	5.7520695	58.398
8.512584	-0.5650316	5.935226	58.448
8.005013	-1.1013328	5.8885393	58.498
7.2687964	-1.1001357	6.10282	58.548
6.7648168	-1.0953473	6.4104753	58.598
6.411672	-1.0773908	6.9767036	58.648
6.939594	-0.7613561	6.0800753	58.698
6.655881	-1.1085154	6.6486983	58.748
6.1806316	-0.6560113	6.7265096	58.814
7.1742253	0.020350715	7.067683	58.848
7.526173	-0.20949265	6.1040173	58.898
8.276755	-0.50158525	5.6551046	58.948
8.519767	-0.37349546	6.0166287	58.998
8.76637	-0.28491	5.354632	59.048
8.281544	-0.48482585	5.7149596	59.098
7.6590514	-0.5638345	6.0082493	59.128
7.061698	-0.50876784	6.482301	59.201
7.207744	-0.2645593	6.745663	59.249
7.047333	-0.7685388	6.3925185	59.298
6.5086374	-1.0534488	6.0980315	59.348
6.0405707	-0.7158663	7.1131735	59.398
6.8198833	-0.33159694	7.1526775	59.448
8.00621	-0.16639702	6.1626754	59.498
8.395268	-0.48003745	5.401319	59.548
8.602366	-0.39743748	5.3486466	59.598
9.056067	-0.31004912	5.2983685	59.648
8.281544	-0.62009823	5.6323595	59.708
7.393295	-0.641646	6.2261214	59.748
6.8809357	-0.49081135	6.733692	59.798
6.579266	-0.59855044	7.350199	59.848
6.862979	-1.2497733	6.5720835	59.898
6.0046577	-1.0714053	6.4751186	59.959
5.7508726	-0.9923966	6.9132576	59.998
6.2979474	-0.5518635	7.277176	60.048
7.702147	-0.23822308	7.0305734	60.098
8.129512	-0.20949265	6.671443	60.128
8.349778	-0.7158663	5.3594203	60.207
8.706514	-0.5722142	5.1355624	60.249
8.761581	-0.48961425	5.363012	60.298
7.9786773	-0.5291186	5.895722	60.348
7.064092	-0.770933	6.82946	60.398
6.2859764	-0.8355764	7.502231	60.448
6.611588	-0.7529764	6.896498	60.498
6.429629	-1.1336545	6.3206925	60.548
5.99149	-1.2761095	6.6762314	60.598
7.00304	-1.0402806	5.923255	60.648
7.299921	0.45010993	7.035362	60.718
8.123527	0.44771573	6.5265937	60.748
8.194156	-0.25977087	5.5042696	60.802
8.24563	-0.5602432	5.4144874	60.848
8.531737	-0.19033903	5.675455	60.913
8.582016	-0.10414778	5.4779334	60.95
8.291121	-0.2789245	6.0477533	60.998
7.4627266	-0.58657944	6.093243	61.048
6.707356	-0.5398925	6.6163764	61.098
6.5948286	-0.5422867	6.739678	61.128
6.706159	-0.61890113	6.551733	61.198
6.6403184	-0.748188	6.4882865	61.248
6.7121444	-0.80086046	6.349423	61.298
7.338228	-0.48003745	6.4164605	61.348
7.878121	-0.2657564	6.0501475	61.398
8.238448	-0.046686932	5.864597	61.448
8.200141	-0.19033903	5.8119245	61.498
8.397662	-0.10534488	5.8095303	61.548
8.494628	-0.20590134	5.816713	61.598
7.751228	-0.5710171	5.7149596	61.661
7.2484455	-0.58538234	6.1519012	61.698
6.813898	-0.47165772	6.6271505	61.748
6.6893997	-0.50757074	6.9958572	61.811
6.575675	-0.6572084	6.7983356	61.848
6.623559	-0.6799533	6.6403184	61.908
6.7600284	-0.6380547	6.682217	61.948
7.2209125	-0.6368576	6.55293	61.998
7.7799582	-0.50517654	6.421249	62.048
7.825448	-0.48123455	6.227319	62.098
7.7248917	-0.6476316	6.14831	62.138
7.9355817	-0.664391	6.1985884	62.2
7.9631147	-0.7445967	6.209362	62.248
7.551312	-0.82480246	6.26802	62.298
7.0461354	-1.043872	6.692991	62.378
6.7109475	-1.0582372	6.7624226	62.398
6.799533	-1.0103531	6.789956	62.448
6.8007298	-1.0007763	6.4523735	62.498
6.530185	-1.0821792	6.445191	62.548
6.5505357	-0.94451255	6.8605847	62.638
6.769605	-0.94451255	6.8605847	62.638
7.8206596	-0.58418524	6.3889275	62.698
7.9188223	-0.51235914	6.1076083	62.75
8.103176	-0.52073884	6.077681	62.798
8.323442	-0.6703765	5.590461	62.858
8.37372	-0.91697925	5.0840874	62.898
6.915652	-0.6799533	7.1383123	62.948
6.528988	-0.3854665	6.349423	62.998
7.2807674	-0.6584055	6.6403184	63.048
6.8869214	-0.8643068	6.667852	63.098
6.4260373	-0.7386112	6.6067996	63.148
6.781576	-0.533907	6.5206084	63.199
7.291541	-0.29448682	6.1387334	63.248
7.597999	-0.16998832	6.4020953	63.298
7.6363063	-0.5506664	5.6323595	63.356
8.568848	0.60333884	6.220136	63.398
8.6334915	0.62009823	5.8562174	63.448
8.010999	0.22266077	6.0202203	63.498
7.073669	-0.25737667	6.169858	63.548
7.0221934	0.4249708	6.673837	63.598
6.9527617	0.40342298	6.815095	63.658
6.847417	-0.008379706	6.2847795	63.698
6.839037	-0.19393034	6.399701	63.748
6.5206084	0.02873042	6.588843	63.798
6.7719994	0.059855044	6.503849	63.856
7.539341	0.06584055	5.8119245	63.91
8.153454	0.08499416	6.254852	63.948
8.7125	0.36750996	5.6682725	63.998
8.828619	0.40701428	5.591658	64.048
8.23366	0.20470424	5.829881	64.098
7.747637	0.011971008	6.2823853	64.148
7.747637	-0.4261679	6.021417	64.218
6.349423	-0.62368953	5.7377043	64.246
7.0724716	0.08020575	6.884527	64.298
7.2664022	0.20231004	6.695385	64.348
6.895301	-0.24540567	6.385336	64.398
6.6175733	-0.62488663	6.271611	64.448
7.27957	-0.0023942017	7.0090256	64.498
8.073248	0.47884035	6.1076083	64.548
8.121132	0.22385786	6.302736	64.598
8.117541	-0.05746084	5.8466406	64.648
8.08881	-0.11252748	5.674258	64.698
8.252813	0.19393034	6.1890116	64.748
7.563283	-0.010773907	6.1686606	64.808
7.064092	-0.079008654	6.9599442	64.847
6.625953	-0.24061728	6.7947445	64.898
6.743269	-0.24420857	6.885724	64.948
6.8043213	-0.22864626	6.6415157	64.998
6.6905966	-0.3866636	6.7001734	65.048
6.7360864	-0.36990416	6.787562	65.098
7.253234	-0.30885202	6.349423	65.148
7.253234	-0.30885202	6.349423	65.148
7.8948803	-0.24061728	6.5505357	65.249
7.8745294	-0.36750996	6.3099184	65.298
7.73806	-0.40102878	6.2524576	65.348
7.619547	-0.7410054	6.18542	65.398
7.3885064	-0.89543146	6.143522	65.468
8.046912	-0.7386112	5.710171	65.498
6.5349736	-0.46806642	7.505822	65.548
6.0860605	-0.8355764	6.8210807	65.598
6.7839704	-0.07062895	6.4607534	65.648
6.728904	0.09696517	7.183802	65.7
6.5481415	-0.36511576	7.0090256	65.748
7.33344	-0.4237737	6.1507044	65.808
8.261193	0.079008654	5.949591	65.848
8.368932	0.11731588	5.997475	65.892
8.100781	-0.36511576	5.7640405	65.948
8.413225	-0.3172317	5.509058	65.998
8.152257	0.4249708	6.6175733	66.048
6.5265937	-0.14844051	6.8282633	66.098
6.373365	-0.40102878	6.7719994	66.145
6.4128695	-0.47524905	6.6774287	66.157
6.5337763	-0.61530983	6.5744777	66.248
6.8186865	-0.5494693	6.483498	66.298
7.0664864	-0.2693477	6.5708866	66.348
7.553706	0.011971008	6.469133	66.398
8.019379	-0.142455	6.0321913	66.448
8.02297	-0.31364042	6.155493	66.498
7.9152308	-0.19273324	5.947197	66.548
8.110358	-0.2645593	5.9986725	66.598
7.94037	-0.36870706	6.1782374	66.658
7.5932107	-0.533907	6.290765	66.698
7.109582	-0.5303157	6.733692	66.778
6.745663	-0.5602432	6.851008	66.798
6.7492547	-0.63087213	6.659472	66.878
6.591237	-0.70509243	6.5708866	66.898
6.621165	-0.700304	6.659472	66.948
7.004237	-0.58897364	6.602011	66.998
7.547721	-0.4165911	6.254852	67.048
7.716512	-0.39384618	6.205771	67.098
7.908048	-0.30526072	6.136339	67.148
7.9810715	-0.31603462	6.133945	67.158
8.057686	-0.48243165	6.0968347	67.248
7.514202	-0.6619968	6.1123967	67.298
7.079654	-0.5793968	6.597223	67.348
6.9407907	-0.5746084	6.870162	67.398
6.719327	-0.5530606	7.0221934	67.448
6.50744	-0.7182605	6.683414	67.498
6.4248405	-0.81402856	6.745663	67.561
6.6666546	-0.7290344	6.7947445	67.598
7.0102224	-0.5758055	6.682217	67.648
7.607576	-0.48003745	6.51582	67.698
7.77517	-0.4141969	6.362591	67.748
7.811083	-0.44651863	6.289568	67.788
7.9116397	-0.45609543	6.3063273	67.828
7.9224133	-0.59974754	6.063316	67.898
7.2544312	-0.5494693	6.6415157	67.949
6.543353	-0.6679823	6.92044	67.998
6.599617	-0.78769237	7.0090256	68.048
6.75524	-0.7386112	6.8318543	68.102
6.393716	-0.8283938	6.721721	68.148
6.353014	-0.8391677	6.757634	68.158
6.777985	-0.5470751	6.8246717	68.247
7.192182	-0.40821138	6.661866	68.302
7.69257	-0.46686932	6.432023	68.348
7.679402	-0.46567222	6.307524	68.398
7.8709383	-0.45130703	6.3063273	68.448
7.81228	-0.5650316	6.3242836	68.498
7.4986396	-0.6344634	6.4499793	68.563
7.1191587	-0.82121116	6.9982514	68.618
6.7480574	-0.7697359	7.1275387	68.648
6.5720835	-0.7086837	7.0593038	68.698
6.6079965	-0.89782566	6.6510925	68.748
6.566098	-0.9624691	6.3769565	68.788
6.3302693	-0.7697359	6.7624226	68.848
6.987478	-0.40581718	6.9826894	68.914
7.539341	-0.36391866	6.579266	68.958
7.559692	-0.51714754	6.455965	68.998
7.6650367	-0.5446809	6.3063273	69.048
8.082825	-0.51834464	6.2620344	69.098
8.208521	-0.6488287	6.029797	69.148
7.60997	-0.78410107	6.3685765	69.199
6.9479733	-0.8523358	6.727707	69.248
6.757634	-0.90740246	7.03177	69.307
6.5086374	-0.94331545	7.04015	69.348
6.4404025	-1.0187328	6.8091097	69.398
6.384139	-1.0857705	6.6271505	69.448
6.549339	-1.043872	6.7324953	69.498
6.9120603	-0.89423436	6.6067996	69.547
7.4986396	-0.688333	6.3578024	69.598
7.6889787	-0.7457938	6.194997	69.648
7.892486	-0.80325466	6.078878	69.7
8.180987	-0.5506664	6.3889275	69.748
8.161834	-0.724246	6.191406	69.798
7.4244194	-1.0546459	6.4906807	69.848
6.7564373	-0.9528923	6.6546836	69.912
6.435614	-1.115698	6.8569937	69.949
6.3985043	-1.0821792	7.052121	69.998
6.4260373	-1.0761937	7.0341644	70.048
6.325481	-1.1133038	6.733692	70.1
6.341043	-0.9816227	6.7827735	70.148
6.7384806	-0.78170687	6.754043	70.198
8.079233	-0.35553896	6.4547677	70.248
7.9487495	-0.59495914	6.0441623	70.305
7.60997	-0.82240826	6.2512608	70.348
8.036138	-0.6488287	6.4511766	70.398
8.402451	-0.50278234	6.113594	70.448
7.777564	-0.9636662	6.027403	70.498
6.7719994	-1.1168951	6.5230026	70.547
6.4463882	-1.0342951	7.005434	70.598
6.4140663	-1.13964	6.9647326	70.648
6.6654577	-0.93014735	6.8067155	70.712
6.408081	-1.0833763	6.6307416	70.748
6.283582	-1.186327	6.751649	70.787
7.026982	-0.7038953	6.8162923	70.848
7.52737	-0.44532153	6.4032927	70.905
7.835025	-0.5518635	6.2488666	70.948
7.60997	-0.7374141	6.2392898	70.998
7.691373	-0.8595184	6.1183825	71.048
8.057686	-0.6619968	6.2345014	71.098
7.9954367	-0.7565677	6.169858	71.147
7.0904284	-1.0893618	6.423643	71.198
6.5230026	-0.9780314	6.979098	71.248
6.4727244	-0.8643068	7.100005	71.32
6.6654577	-0.90740246	6.921637	71.348
6.341043	-1.1049241	6.707356	71.398
6.343437	-1.0354922	6.896498	71.448
6.728904	-0.7721301	6.839037	71.498
7.2843585	-0.5243302	6.4990606	71.56
7.73806	-0.5805939	6.3901243	71.598
7.771579	-0.6871359	6.301539	71.648
8.093599	-0.60214174	6.1530986	71.698
8.160637	-0.5255273	6.2345014	71.748
7.5321584	-0.985214	6.14831	71.799
6.8091097	-1.0450691	6.6642604	71.848
6.646304	-0.93972415	7.005434	71.898
6.56131	-0.80564886	7.121553	71.955
6.3206925	-0.82599956	6.933608	71.998
6.3721676	-0.93254155	6.576872	72.048
6.409278	-0.6727707	6.8426285	72.099
6.9886746	-0.533907	6.894104	72.148
7.454347	-0.46447513	6.495469	72.168
7.8769236	-0.37229836	6.232107	72.248
7.905654	-0.4201824	6.1447186	72.3
8.141483	-0.33877954	6.2644286	72.349
8.032547	-0.59615624	5.755661	72.398
7.145495	-0.6440403	6.621165	72.448
6.9599442	-0.39145198	6.6654577	72.498
6.6044054	-0.5351041	7.1083846	72.547
6.671443	-0.5422867	7.1766195	72.588
6.567295	-0.6727707	6.4751186	72.648
6.105214	-0.7254431	6.8869214	72.693
6.6989765	-0.58418524	6.9467764	72.748
7.2185183	-0.24420857	6.622362	72.798
7.560889	-0.11971009	6.5349736	72.848
7.7799582	-0.39025488	6.211756	72.899
7.800309	-0.41299978	6.4511766	72.948
8.008605	-0.30645782	6.4104753	72.998
7.953538	-0.5650316	6.221333	73.052
7.088034	-0.7278373	6.4020953	73.098
6.631939	-0.7613561	6.941988	73.148
6.518214	-0.6751649	7.2592196	73.198
6.5122285	-0.6464345	7.1586633	73.248
6.453571	-0.8295909	7.0090256	73.299
6.50744	-0.8738836	6.6965823	73.348
6.7743936	-0.7745243	6.8569937	73.398
7.358579	-0.6536171	6.443994	73.448
7.6770077	-0.6775591	6.1123967	73.498
7.57286	-0.82599956	6.0824695	73.554
7.821857	-0.79128367	5.9364233	73.599
8.779537	-0.58298814	5.1439424	73.648
9.502586	-0.2717419	7.607576	73.718
5.851429	-0.842759	7.5321584	73.748
5.9029045	-0.15322891	6.290765	73.792
7.469909	0.046686932	6.8905125	73.848
6.7743936	-0.7086837	6.82946	73.906
6.634333	-0.93852705	6.3685765	73.949
7.2328835	-0.40821138	6.4906807	73.998
6.944382	-0.19033903	6.3578024	74.048
8.532935	0.051475335	5.8442464	74.099
8.553286	0.05746084	5.3857565	74.148
7.825448	-0.10654198	5.8454432	74.195
8.831013	0.39624038	5.6922145	74.248
8.6095495	0.25857377	6.0465565	74.288
7.405266	-0.23223756	6.030994	74.349
6.4068837	-0.7649474	5.9041014	74.398
6.884527	0.017956512	6.6989765	74.448
7.204153	0.034715924	6.563704	74.498
6.8905125	-0.18794483	6.609194	74.548
6.739678	-0.581791	6.137536	74.598
7.4363904	0.06344634	6.6391215	74.648
8.079233	0.40102878	6.0082493	74.698
8.129512	-0.010773907	5.7269306	74.748
8.256405	-0.033518825	5.711368	74.798
8.414422	0.24660277	5.4408236	74.848
8.652645	0.25737667	5.6179943	74.898
7.920019	-0.076614454	5.9543796	74.948
7.1143703	0.31004912	6.3422403	74.998
6.8162923	0.46327803	7.587225	75.048
7.249643	0.49559975	7.577648	75.108
7.2209125	-0.5542577	5.568913	75.148
6.7145386	-1.2557588	6.0477533	75.198
6.769605	-1.2773066	6.3781533	75.248
7.153875	-0.6703765	6.218939	75.307
7.735666	-0.3890578	6.1770406	75.352
7.7919292	-0.46447513	6.0980315	75.398
7.8865004	-0.82001406	5.8358665	75.448
7.955932	-0.6823475	5.0625396	75.498
7.2819643	-0.91338795	5.98311	75.548
8.297106	-1.0702082	6.005855	75.628
8.012196	-0.6404489	6.009446	75.648
6.7612257	-0.46088383	6.987478	75.698
6.4978633	-0.58298814	7.101202	75.748
6.691794	-0.90740246	6.4978633	75.798
6.622362	-1.0103531	6.457162	75.849
6.751649	-0.9600749	6.7360864	75.898
6.956353	-0.8451532	6.6666546	75.948
7.7703815	-0.62728083	6.2380924	75.999
7.93199	-0.545878	5.8634	76.048
8.1642275	-0.50278234	5.9926867	76.098
8.356961	-0.5243302	6.030994	76.148
8.209718	-0.63087213	6.0022635	76.168
7.335834	-0.8690952	6.271611	76.248
6.8342485	-0.89064306	6.7743936	76.298
6.6606693	-0.866701	6.908469	76.348
6.542156	-1.0163386	6.6786256	76.398
6.5445504	-0.92416185	6.527791	76.448
6.7013707	-0.91338795	6.7241154	76.498
7.028179	-0.7541735	6.5936313	76.548
7.615956	-0.5793968	6.2752028	76.613
7.8745294	-0.5746084	6.0681043	76.648
8.0445175	-0.6715736	6.0202203	76.698
8.293514	-0.533907	6.0142345	76.748
8.091205	-0.7350199	5.9807158	76.798
7.4735007	-0.8475474	6.4008985	76.868
7.01142	-0.89543146	6.6056023	76.898
6.9743094	-0.78290397	6.7109475	76.96
6.6726403	-0.8726865	6.455965	76.998
6.278794	-0.89303726	6.5110316	77.048
6.849811	-0.79248077	6.506243	77.108
7.273585	-0.50637364	6.539762	77.138
7.4711065	-0.40222588	6.291962	77.169
7.953538	-0.3890578	5.825093	77.238
8.4647	-0.23942018	5.8143187	77.298
8.603564	-0.18195933	5.793968	77.368
8.231265	-0.48362875	5.7424927	77.398
7.6841903	-0.62967503	5.923255	77.448
7.049727	-0.49200845	6.1638722	77.498
6.939594	-0.36870706	6.621165	77.548
7.038953	-0.41299978	6.563704	77.598
6.76362	-0.8678981	5.985504	77.648
6.135142	-1.2485762	5.397728	77.698
7.3071036	-0.47524905	6.9731126	77.748
8.350976	0.06464344	6.3661823	77.804
8.232463	0.22505496	5.436035	77.849
8.439561	-0.16519992	5.649119	77.909
9.082404	-0.12210429	4.951209	77.948
9.425972	-0.20350714	5.007473	77.998
8.724471	-0.61770403	4.999093	78.058
7.4483614	-0.7422025	5.497087	78.1
7.0712748	-0.30645782	6.932411	78.148
7.026982	-0.2908955	6.953959	78.168
6.6283474	-0.9720459	6.0800753	78.248
6.777985	-0.89423436	6.326678	78.318
6.873753	-0.79367787	6.4104753	78.348
7.631518	-0.5446809	6.135142	78.398
8.220491	-0.34356794	5.734113	78.448
8.5473	-0.28491	5.0757074	78.498
8.983045	-0.25857377	5.4899044	78.568
9.02614	-0.06344634	5.5748987	78.598
8.895657	0.16879122	5.5030727	78.643
7.5213847	-0.82121116	5.699397	78.699
6.669049	-0.78050977	6.1123967	78.748
6.6187706	-0.2825158	7.0245876	78.808
6.975507	-0.32321724	6.8557963	78.848
7.156269	-0.6619968	6.217742	78.899
7.20535	-0.78170687	6.029797	78.948
7.0712748	-0.56982	6.6989765	78.998
7.1706343	-0.092176765	6.254852	79.043
7.9224133	0.047884032	6.38773	79.098
7.9547353	-0.22625206	6.1219735	79.148
7.8589673	-0.29927522	5.98311	79.168
7.8386164	-0.34835634	6.0465565	79.248
7.714118	-0.39025488	5.8502316	79.288
7.5070195	-0.021547815	6.4882865	79.348
7.1466923	-0.18315643	6.6905966	79.398
7.064092	-0.5530606	6.692991	79.448
6.975507	-0.58897364	6.191406	79.498
6.975507	-0.5446809	6.481104	79.549
6.8785415	-0.08619126	6.853402	79.598
7.380127	0.20829555	6.2141504	79.678
8.127118	0.1388637	6.1926026	79.698
7.9188223	-0.2885013	5.9531827	79.749
7.7009497	-0.2873042	6.18542	79.798
7.763199	-0.074220255	6.397307	79.847
7.747637	0.11133038	6.0681043	79.898
7.478289	-0.18076223	6.0465565	79.947
7.252037	-0.2896984	6.968324	79.997
6.740875	-0.47524905	6.6079965	80.051
6.221333	-0.6859388	6.9886746	80.098
6.1219735	-0.48003745	6.7648168	80.147
6.2967505	-0.23223756	6.6774287	80.167
8.212111	0.19991584	5.907693	80.247
8.35337	-0.038307227	5.707777	80.298
8.309077	0.08379706	5.9783216	80.347
8.433576	0.22984336	6.0202203	80.397
8.152257	-0.011971008	6.157887	80.447
7.181408	-0.16280572	6.3446345	80.497
6.8557963	-0.33638534	6.6307416	80.548
6.619968	-0.37588966	5.565322	80.598
6.4906807	0.20949265	7.4124484	80.648
7.53575	-0.025139118	6.505046	80.698
7.07726	-0.021547815	6.501455	80.747
7.1155677	0.4285621	6.7013707	80.798
7.5800424	0.16400282	5.6766524	80.847
8.224083	0.5602432	6.242881	80.905
7.9487495	0.4261679	6.254852	80.958
8.013393	0.5542577	6.215348	80.997
7.848193	0.31603462	5.9867015	81.047
7.41604	0.19153613	6.133945	81.098
6.8773446	-0.04070143	6.8079123	81.147
6.8653736	0.25258827	6.8929067	81.167
6.7013707	-0.23942018	6.661866	81.247
6.7983356	-0.19273324	6.6103907	81.328
6.918046	-0.15801731	6.5230026	81.347
6.733692	-0.025139118	6.7133417	81.397
7.433996	-0.17238252	6.5816603	81.447
7.997831	-0.21787235	6.1399302	81.497
8.025364	-0.24660277	5.9160724	81.587
8.280347	-0.22864626	5.9304376	81.599
8.269572	-0.21787235	6.06571	81.66
7.8865004	-0.44532153	6.0489507	81.698
7.067683	-0.5626374	6.50744	81.747
6.8043213	-0.5506664	6.8905125	81.798
6.847417	-0.7577648	6.622362	81.847
6.549339	-0.6691794	6.494272	81.898
6.50744	-0.7493851	6.6750345	81.947
6.5577183	-0.59017074	6.7947445	81.997
6.941988	-0.427365	6.7947445	82.048
7.5848308	-0.32321724	6.566098	82.098
8.056489	-0.2717419	6.090849	82.148
8.046912	-0.2801216	6.0202203	82.167
8.404845	-0.51834464	5.8885393	82.247
8.540117	-0.32441434	5.934029	82.298
7.429208	-0.8295909	6.0369797	82.347
6.8222775	-0.8451532	6.613982	82.397
6.5505357	-0.8463503	7.0006456	82.447
6.5218053	-0.78888947	6.953959	82.497
6.364985	-0.82599956	6.5708866	82.548
6.114791	-0.9624691	6.767211	82.597
6.4392056	-0.878672	6.7588315	82.647
7.2580223	-0.3842694	6.6079965	82.697
8.078036	-0.039504327	6.483498	82.747
8.15106	-0.22146365	6.1662664	82.797
8.4108305	-0.37948096	5.717354	82.858
8.724471	-0.2741361	5.674258	82.897
8.3150625	-0.47884035	5.9603653	82.947
7.2544312	-0.9780314	6.457162	83.007
6.4978633	-0.8858546	6.7887588	83.047
6.351817	-0.93613285	6.82946	83.097
6.3889275	-1.0486604	6.715736	83.147
6.3206925	-1.0390835	6.743269	83.167
6.5828576	-0.7781156	6.8330517	83.248
6.6965823	-0.5590461	6.757634	83.297
7.2328835	-0.46806642	6.6750345	83.347
7.884106	-0.33039984	6.235698	83.397
7.821857	-0.50397944	6.041768	83.447
8.159439	-0.60693014	6.0501475	83.497
8.459911	-0.46567222	6.053739	83.548
8.090008	-0.58298814	6.033388	83.597
7.3322425	-0.92176765	6.355408	83.649
6.5816603	-1.021127	6.7708025	83.698
6.315904	-0.85473	7.013814	83.747
6.3230867	-0.90021986	6.8749504	83.802
6.041768	-1.1073183	6.921637	83.847
6.25964	-0.94810385	7.047333	83.897
6.8186865	-0.47644615	6.659472	83.968
7.7320743	-0.4213795	6.3242836	83.997
7.8912888	-0.58777654	6.1519012	84.047
8.086416	-0.5710171	6.105214	84.097
8.397662	-0.48362875	6.1064115	84.148
8.281544	-0.641646	6.0848637	84.197
7.3968863	-0.8571242	6.3206925	84.247
6.563704	-0.9504981	7.0664864	84.297
6.362591	-0.8475474	7.321469	84.347
6.447585	-0.8678981	6.9108634	84.398
6.0968347	-0.9840169	6.615179	84.448
6.0956373	-0.9900024	7.0102224	84.511
6.539762	-0.79008657	6.9132576	84.547
7.2472486	-0.48482585	6.679823	84.597
7.867347	-0.30047232	6.1327477	84.66
8.12233	-0.46567222	6.0740895	84.698
8.319851	-0.5638345	5.8334723	84.748
8.523358	-0.47285482	5.8681884	84.798
7.8469963	-0.8319851	6.0202203	84.848
7.1023993	-0.80564886	6.621165	84.898
6.540959	-0.80564886	7.055712	84.953
6.3889275	-0.9900024	7.0090256	84.998
6.4870896	-0.9756372	6.7348895	85.047
6.3470287	-0.973243	6.742072	85.107
6.537368	-0.90261406	6.8905125	85.147
6.8127007	-0.7625532	6.7743936	85.187
6.8127007	-0.7625532	6.7743936	85.187
7.878121	-0.47165772	6.1866174	85.297
7.868544	-0.5662287	6.136339	85.347
8.084022	-0.59855044	6.220136	85.397
8.173804	-0.5770026	6.2285156	85.458
7.6949644	-0.82480246	6.2871737	85.497
6.8569937	-0.9768343	6.70975	85.547
6.4523735	-1.0151415	7.023391	85.61
6.363788	-0.91697925	7.061698	85.647
6.281188	-0.8391677	6.8869214	85.704
6.2009826	-0.94930094	6.847417	85.748
6.4224463	-0.8535329	6.980295	85.797
7.0784574	-0.5363012	6.825869	85.848
7.644686	-0.40940848	6.4152637	85.897
7.8386164	-0.58657944	6.2021794	85.947
7.892486	-0.58657944	6.244078	85.997
8.222886	-0.4405331	6.329072	86.049
7.97748	-0.6943185	6.209362	86.097
7.267599	-0.8607155	6.4739213	86.147
6.637924	-0.90859956	6.870162	86.187
6.637924	-0.8331822	7.2747817	86.258
6.2979474	-0.8319851	7.0605006	86.297
6.245275	-0.90620536	6.817489	86.347
6.31351	-0.92655605	6.9407907	86.397
6.588843	-0.7577648	6.927623	86.447
7.169437	-0.48123455	6.50744	86.518
7.845799	-0.5470751	6.283582	86.547
7.7931266	-0.5518635	6.295553	86.6
7.94037	-0.51954174	6.2632318	86.648
8.030152	-0.5434838	6.23091	86.707
7.562086	-0.82719666	6.367379	86.747
6.9120603	-0.8750807	6.7851677	86.797
6.539762	-0.8571242	7.2149267	86.877
6.337452	-0.8738836	7.1909847	86.897
6.417658	-0.878672	6.89171	86.947
6.339846	-0.93732995	6.730101	86.998
6.528988	-0.8463503	6.8545995	87.049
6.873753	-0.7026982	6.823475	87.097
7.3729444	-0.5805939	6.670246	87.147
7.7464395	-0.63087213	6.355408	87.197
7.7464395	-0.59136784	6.3925185	87.278
8.021772	-0.59136784	6.3721676	87.297
7.771579	-0.8487445	6.2105594	87.347
7.4112515	-0.8355764	6.3709707	87.397
6.8342485	-1.0247183	6.825869	87.447
6.63553	-0.9864111	7.015011	87.499
6.542156	-0.94570965	7.0700774	87.549
6.3589997	-1.0809821	6.7600284	87.607
6.362591	-1.1312603	6.706159	87.647
6.691794	-0.94331545	6.767211	87.697
7.03177	-0.7793127	6.5924344	87.75
7.679402	-0.7146692	6.3985043	87.797
7.7105265	-0.7410054	6.3003416	87.85
7.9272017	-0.6847417	6.2584434	87.897
8.061277	-0.7314286	6.2045736	87.947
7.7105265	-0.9600749	6.2045736	88.017
7.129933	-0.9708488	6.4380083	88.047
6.694188	-1.0869676	6.83784	88.098
6.6415157	-1.0187328	7.089231	88.147
6.4260373	-0.9911995	6.8545995	88.188
6.351817	-1.0247183	6.7444663	88.247
6.670246	-1.0079589	6.851008	88.297
6.9850836	-0.8559271	6.6546836	88.347
7.3729444	-0.7182605	6.4906807	88.398
7.666234	-0.81402856	6.2404866	88.447
7.9702973	-0.79607207	6.289568	88.497
8.127118	-0.61411273	6.184223	88.547
7.868544	-0.79846627	6.208165	88.597
7.37055	-0.89184016	6.4008985	88.656
6.8342485	-1.0307038	6.7887588	88.698
6.5230026	-1.043872	7.026982	88.747
6.4260373	-1.0342951	7.050924	88.788
6.3123126	-1.0570401	6.811504	88.847
6.4188547	-0.9840169	6.92044	88.897
6.8007298	-0.8762778	6.791153	88.947
7.4351935	-0.6715736	6.540959	88.997
7.7332716	-0.7505822	6.229713	89.047
7.821857	-0.7254431	6.159084	89.097
8.152257	-0.6428431	6.302736	89.147
7.9667063	-0.79487497	6.1327477	89.197
7.5094137	-0.90021986	6.31351	89.247
6.835446	-0.9792285	6.803124	89.297
6.5146227	-1.0151415	7.0425444	89.347
6.55293	-1.0067618	6.7360864	89.401
6.2967505	-1.1013328	6.5565214	89.447
6.1387334	-1.1348516	6.518214	89.497
6.5924344	-0.8415619	6.7205243	89.557
7.893683	-0.45130703	6.3242836	89.598
8.295909	-0.4417302	6.2500634	89.647
8.271967	-0.39863458	5.8215013	89.697
8.659827	-0.45130703	5.5509567	89.748
8.701726	-0.49320555	5.544971	89.808
8.100781	-0.8798691	5.8095303	89.847
7.053318	-0.9516952	6.612785	89.897
6.481104	-0.9516952	6.849811	89.967
6.5577183	-1.0019734	6.731298	89.997
6.5337763	-0.9864111	6.742072	90.047
6.6391215	-0.91697925	6.6546836	90.107
6.5218053	-0.8846575	6.70975	90.147
6.7971387	-0.7302315	6.6247563	90.197
7.5812397	-0.50397944	6.4248405	90.248
7.9511437	-0.50278234	6.0357823	90.297
7.7943234	-0.6452374	6.0860605	90.347
8.106767	-0.61052144	6.1387334	90.4
8.435969	-0.5231331	6.021417	90.447
8.133103	-0.7517793	5.8837504	90.498
7.0844426	-0.9792285	6.337452	90.549
6.6247563	-1.0366893	6.7947445	90.598
6.715736	-0.81043726	7.00304	90.647
6.50744	-0.90859956	6.588843	90.697
6.3566055	-1.0283096	6.7731967	90.747
6.408081	-0.94570965	6.8581905	90.807
6.967127	-0.7338228	6.6846113	90.847
7.72968	-0.5386954	6.3446345	90.898
7.872135	-0.61171854	6.009446	90.95
8.161834	-0.6584055	5.947197	90.997
8.461109	-0.48003745	6.0238113	91.047
8.246828	-0.7182605	5.907693	91.097
7.6231384	-0.8535329	6.1770406	91.154
6.7803793	-1.0187328	6.7708025	91.199
6.6415157	-1.0319009	6.8330517	91.207
6.6630635	-0.770933	6.799533	91.297
6.393716	-1.0630256	6.588843	91.347
6.4523735	-1.0606314	6.8665705	91.397
6.7444663	-0.8631097	6.6762314	91.447
7.3897038	-0.62249243	6.4404025	91.497
7.8733325	-0.59615624	6.05733	91.557
7.9954367	-0.6631939	6.081272	91.597
8.359355	-0.50637364	6.113594	91.647
8.303091	-0.6727707	5.9687448	91.697
7.7428484	-0.81881696	6.0046577	91.747
7.004237	-0.9672575	6.63553	91.798
6.634333	-0.9816227	6.851008	91.848
6.5864487	-0.94810385	6.825869	91.913
6.2752028	-0.9684546	6.7013707	91.951
6.184223	-1.0055647	6.9407907	91.997
6.6522894	-0.81761986	6.8689647	92.047
7.335834	-0.61291564	6.576872	92.097
7.7332716	-0.59974754	6.1399302	92.179
7.9786773	-0.61890113	6.1040173	92.197
8.0445175	-0.6392518	6.078878	92.207
8.24563	-0.60333884	6.0262055	92.297
7.72968	-0.7493851	6.173449	92.347
7.017405	-0.8702923	6.645107	92.399
6.706159	-0.91219085	7.0006456	92.448
6.679823	-0.90500826	6.805518	92.51
6.2967505	-0.9540894	6.769605	92.548
6.0944405	-1.0510546	6.8689647	92.598
6.5206084	-0.92775315	6.882133	92.648
7.023391	-0.7062895	6.673837	92.697
7.6267295	-0.58418524	6.4044895	92.749
7.8410106	-0.59017074	6.2967505	92.777
8.23366	-0.58418524	6.0728927	92.847
8.402451	-0.5386954	6.0166287	92.899
8.0684595	-0.7673417	6.0285997	92.937
7.1849995	-0.91937345	6.4751186	92.997
6.591237	-0.973243	6.981492	93.047
6.5241995	-0.9696517	7.0066314	93.106
6.4607534	-1.0785879	6.6247563	93.148
6.1566896	-1.0737995	6.531382	93.197
6.123171	-1.0809821	6.646304	93.208
6.8091097	-0.770933	6.599617	93.297
8.076839	-0.21428105	6.517017	93.347
8.12233	-0.40940848	6.0285997	93.399
8.413225	-0.4261679	5.8107276	93.448
8.797494	-0.3878607	5.5940523	93.498
8.652645	-0.4345476	5.662287	93.547
7.8410106	-0.7529764	6.2141504	93.598
6.5960255	-1.0606314	6.530185	93.647
6.4044895	-0.9660604	6.8402343	93.727
6.578069	-0.90620536	6.825869	93.747
6.3769565	-1.009156	6.7480574	93.798
6.325481	-0.9780314	6.7348895	93.847
6.647501	-0.6691794	6.8581905	93.897
7.41604	-0.49200845	6.5146227	93.948
7.991845	-0.4189853	6.161478	93.998
8.076839	-0.44532153	5.889736	94.047
8.197746	-0.58777654	5.919664	94.097
8.544906	-0.51595044	5.9124813	94.148
8.0924015	-0.7386112	5.9041014	94.197
7.716512	-0.7793127	6.090849	94.217
7.5225816	-1.067814	6.3697734	94.297
5.922058	-0.760159	6.7133417	94.347
5.7903767	-0.65242	8.4587145	94.389
6.82946	-0.22026655	6.301539	94.448
6.921637	-0.47644615	6.9743094	94.498
7.025785	-0.58538234	6.0716953	94.547
7.7344685	-0.08499416	5.9807158	94.627
8.560468	0.51595044	5.8454432	94.647
8.453926	0.45489833	5.9064956	94.698
8.826224	0.415394	5.66109	94.748
8.074445	-0.2621651	5.6407394	94.797
7.4986396	-0.062249243	6.0477533	94.847
6.9144545	0.019153614	6.5218053	94.897
6.3230867	-0.25857377	6.364985	94.947
6.931214	-0.50996494	6.779182	94.997
7.2340803	0.15442601	6.5840545	95.048
6.8306575	-0.011971008	6.030994	95.117
6.8785415	-0.16519992	6.751649	95.147
8.204929	0.44532153	6.009446	95.197
8.4108305	0.59136784	5.9519854	95.247
7.926005	-0.035913024	5.756858	95.297
8.480263	0.19153613	5.771223	95.35
8.710106	0.46806642	5.841852	95.397
7.0341644	-0.35194764	6.0130377	95.459
7.117962	-0.130484	6.4104753	95.498
6.9360023	0.38187516	6.6846113	95.547
6.6187706	0.14724341	6.817489	95.6
6.721721	-0.3854665	6.2847795	95.647
6.8773446	-0.47884035	6.625953	95.707
7.201759	-0.04070143	6.4380083	95.747
7.574057	0.047884032	6.519411	95.797
8.034941	-0.076614454	6.3889275	95.858
8.018182	-0.24420857	5.687426	95.897
7.917625	-0.58897364	5.967548	95.947
7.952341	-0.7230489	6.0884547	95.997
7.8876977	-0.78888947	6.0848637	96.062
7.5405383	-0.93014735	6.211756	96.098
6.859388	-1.0570401	6.6965823	96.147
6.602011	-0.9624691	6.9719152	96.197
6.612785	-0.90740246	6.963536	96.207
6.4631476	-1.2282255	6.494272	96.298
6.5265937	-1.2665327	6.6067996	96.348
6.7612257	-1.0881647	6.645107	96.413
7.061698	-0.80924016	6.2632318	96.457
7.61835	-0.7649474	6.23091	96.497
7.8050976	-0.7745243	6.325481	96.568
8.222886	-0.6751649	6.1447186	96.598
8.166622	-0.6512229	6.149507	96.648
7.6590514	-0.92775315	6.14831	96.697
7.2005615	-0.961272	6.477513	96.747
6.7265096	-1.0043676	6.933608	96.799
6.578069	-0.997185	7.097611	96.848
6.375759	-1.1049241	6.793547	96.897
6.2847795	-1.1420342	6.7971387	96.947
6.611588	-1.0175357	6.8569937	96.998
6.939594	-0.830788	6.704962	97.048
7.515399	-0.7062895	6.4667387	97.097
7.789535	-0.6871359	6.2380924	97.147
7.86615	-0.7386112	6.205771	97.197
7.9487495	-0.7422025	6.194997	97.207
7.9116397	-0.9552865	6.078878	97.294
7.1275387	-0.93134445	6.4727244	97.359
6.659472	-1.103727	6.9024835	97.398
6.4858923	-1.0737995	7.0712748	97.447
6.50744	-0.93613285	6.8402343	97.498
6.481104	-1.0749966	6.6774287	97.547
6.56131	-1.0845734	6.805518	97.606
6.915652	-0.89423436	6.719327	97.647
7.404069	-0.7182605	6.530185	97.697
7.595605	-0.7326257	6.266823	97.769
7.7799582	-0.7697359	6.242881	97.798
8.064868	-0.6715736	6.18542	97.847
8.064868	-0.8379706	6.1387334	97.897
7.607576	-0.91338795	6.256049	97.948
6.7827735	-1.0726024	6.727707	97.997
6.576872	-1.0881647	6.987478	98.047
6.6367273	-0.9995792	6.7265096	98.098
6.671443	-1.1408371	6.528988	98.147
6.779182	-1.1312603	6.2943563	98.193
6.6510925	-1.1683705	6.0968347	98.206
7.4256167	-0.6536171	6.7241154	98.297
7.680599	-0.4309563	6.6295447	98.347
8.018182	-0.4297592	5.8813562	98.397
8.076839	-0.8355764	5.6802435	98.477
8.498219	-0.78170687	5.5760956	98.497
8.41921	-0.7541735	5.3498435	98.537
7.9236107	-0.6919243	6.0728927	98.597
7.1383123	-0.92057055	6.47033	98.647
6.787562	-0.92895025	6.611588	98.696
6.903681	-0.92416185	6.637924	98.747
6.793547	-1.1013328	6.3578024	98.797
6.667852	-1.0714053	6.481104	98.847
6.8905125	-0.9552865	6.5481415	98.887
7.27957	-0.6667852	6.4164605	98.947
7.856573	-0.4213795	6.215348	98.997
7.9547353	-0.47524905	6.0010667	99.047
7.9475527	-0.8583213	5.852626	99.097
8.282741	-0.6703765	5.934029	99.148
8.27077	-0.63206923	5.849035	99.207
8.176199	-0.676362	5.889736	99.217
7.219715	-1.1528081	6.10282	99.288
6.8438253	-1.0773908	6.539762	99.348
6.919243	-1.0139444	6.673837	99.398
6.805518	-1.0809821	6.6247563	99.449
6.423643	-0.9720459	6.673837	99.497
6.5948286	-0.7374141	6.8198833	99.549
7.2352777	-0.6392518	6.5361705	99.598
7.7560163	-0.7230489	6.2763996	99.647
8.087613	-0.7266402	5.901707	99.717
8.020576	-0.7398083	5.876568	99.747
8.087613	-0.748188	5.919664	99.797
7.8493905	-0.6428431	6.1806316	99.847
7.2687964	-0.79248077	6.591237	99.898
6.7983356	-0.93493575	6.8881183	99.947
6.70975	-0.92655605	6.8127007	99.997
7.0006456	-0.9983821	6.6522894	100.047
6.743269	-1.1408371	6.203377	100.108
6.6067996	-1.0510546	6.579266	100.148
6.9491706	-0.7793127	6.7959414	100.198
7.109582	-0.6452374	6.7001734	100.217
7.477092	-0.62129533	6.3230867	100.327
7.7320743	-0.6823475	6.1100025	100.347
7.9307933	-0.80924016	5.955577	100.398
8.384495	-0.7086837	5.920861	100.447
8.117541	-0.7062895	5.967548	100.501
7.291541	-0.997185	6.1638722	100.548
6.8067155	-1.0366893	6.6067996	100.598
6.669049	-0.9672575	6.867768	100.663
6.667852	-0.9600749	6.817489	100.702
6.63553	-1.0151415	6.7731967	100.747
6.715736	-1.0067618	6.673837	100.799
6.943185	-0.78649527	6.6486983	100.847
7.275979	-0.6572084	6.479907	100.91
7.6961613	-0.6835446	6.3709707	100.938
7.7572136	-0.7158663	6.1088057	100.997
7.6841903	-0.7541735	6.2225304	101.047
7.8422074	-0.81522566	6.253655	101.097
7.6841903	-0.91219085	6.2345014	101.147
7.2328835	-0.9923966	6.4739213	101.2
7.165846	-0.9900024	6.5577183	101.213
6.9240313	-1.0307038	6.646304	101.307
7.0006456	-1.0953473	6.5840545	101.349
6.919243	-1.1731589	6.493075	101.397
6.813898	-1.0749966	6.5206084	101.457
6.8893156	-0.9744401	6.519411	101.497
7.153875	-0.81522566	6.5469446	101.548
7.548918	-0.7445967	6.3589997	101.598
7.4375877	-0.81642276	6.245275	101.647
7.538144	-0.92176765	6.23091	101.703
8.046912	-0.7398083	6.302736	101.75
8.12233	-0.78290397	6.05733	101.797
7.60997	-0.9552865	5.9998693	101.847
7.007828	-1.0666169	6.4667387	101.897
6.740875	-1.0247183	6.7612257	101.947
6.706159	-0.973243	7.004237	101.997
6.4392056	-1.0426749	6.7731967	102.047
6.283582	-1.0570401	6.8342485	102.097
6.6534867	-0.7745243	6.789956	102.163
7.0221934	-0.5805939	6.537368	102.202
7.4723034	-0.5446809	6.503849	102.218
7.7679873	-0.6500258	6.2225304	102.297
7.675811	-0.6847417	6.18542	102.35
7.85777	-0.6392518	6.4008985	102.397
7.7811556	-0.81163436	6.517017	102.467
7.229292	-0.9744401	6.5565214	102.498
6.7719994	-0.9864111	6.907272	102.558
6.5265937	-0.9600749	6.847417	102.597
6.5337763	-0.9840169	6.9886746	102.647
6.7468605	-0.89662856	6.667852	102.708
6.637924	-0.9876082	6.733692	102.748
6.8785415	-0.8595184	6.691794	102.797
7.2867527	-0.7386112	6.573281	102.847
7.574057	-0.70509243	6.409278	102.896
7.503428	-0.8726865	6.2740054	102.947
7.524976	-0.842759	6.4104753	102.997
7.6746135	-0.7721301	6.423643	103.048
7.7201033	-0.8499416	6.331466	103.097
7.4124484	-0.9911995	6.5457473	103.177
7.0090256	-1.0354922	6.549339	103.198
6.9120603	-1.0534488	6.579266	103.217
6.9599442	-1.0582372	6.6630635	103.298
6.745663	-1.2078748	6.4547677	103.347
6.5385647	-1.1492168	6.5601125	103.398
6.8605847	-0.9504981	6.682217	103.448
7.1610575	-0.8774749	6.537368	103.498
7.4232225	-0.8283938	6.363788	103.547
7.6710224	-0.8690952	6.277597	103.598
7.872135	-0.78529817	6.253655	103.649
8.189367	-0.6799533	6.1566896	103.697
8.008605	-0.8595184	5.9412117	103.747
7.2352777	-0.9923966	6.361394	103.797
6.909666	-0.9935937	6.8342485	103.867
6.6534867	-0.93373865	6.9862804	103.897
6.493075	-1.0546459	6.8186865	103.947
6.3063273	-1.0785879	6.7612257	103.997
6.4224463	-0.8810662	6.9371996	104.047
6.939594	-0.7218518	6.733692	104.098
7.4950485	-0.5446809	6.4858923	104.149
7.765593	-0.47046062	6.4487824	104.197
7.6865845	-0.4345476	6.3003416	104.228
8.101978	-0.6332663	6.277597	104.297
8.240842	-0.533907	6.2045736	104.348
7.5405383	-0.8882488	6.343437	104.397
7.017405	-0.997185	6.7001734	104.449
6.477513	-1.0187328	6.915652	104.498
6.4188547	-0.9935937	7.1143703	104.547
6.6187706	-0.9696517	6.7743936	104.598
6.471527	-1.1360487	6.645107	104.648
6.647501	-0.9624691	6.7001734	104.697
7.181408	-0.81163436	6.6056023	104.747
7.751228	-0.6787562	6.302736	104.797
7.711724	-0.6931214	6.2392898	104.848
7.7943234	-0.7757214	6.1519012	104.897
8.185776	-0.7757214	6.0046577	104.947
8.08881	-0.8403648	6.015432	104.997
7.5333557	-1.0055647	6.2045736	105.047
6.8653736	-1.1779473	6.6786256	105.108
6.7444663	-1.1719618	6.7983356	105.147
6.6247563	-1.1013328	6.825869	105.197
6.5720835	-1.1288661	6.649895	105.227
6.417658	-1.13964	6.7085533	105.297
6.8881183	-0.8702923	6.4990606	105.377
7.4387846	-0.770933	6.4008985	105.397
7.7201033	-0.7194576	6.2464724	105.448
7.777564	-0.7445967	6.217742	105.497
7.9547353	-0.770933	6.1938	105.548
8.024167	-0.7230489	6.1662664	105.588
7.717709	-0.8798691	6.1902084	105.647
7.0221934	-0.9947908	6.5230026	105.697
6.7708025	-1.0295067	6.8605847	105.747
6.576872	-0.94092125	6.981492	105.798
6.655881	-0.8882488	6.7971387	105.848
6.43322	-1.0139444	6.7480574	105.897
6.6163764	-0.81881696	6.906075	105.947
6.969521	-0.7038953	6.7743936	105.997
7.374141	-0.6392518	6.51582	106.047
7.619547	-0.6344634	6.4068837	106.138
7.6363063	-0.641646	6.4308257	106.147
7.8266454	-0.6548142	6.31351	106.207
8.013393	-0.6404489	6.2763996	106.223
7.4926543	-0.82001406	6.3661823	106.297
6.9360023	-0.9588778	6.7480574	106.348
6.615179	-0.9756372	6.993463	106.397
6.7001734	-0.9995792	6.9467764	106.447
6.481104	-1.0773908	6.6403184	106.497
6.3745623	-1.0654198	6.751649	106.547
6.716933	-0.9816227	6.7468605	106.603
7.2089415	-0.8559271	6.5349736	106.647
7.5644803	-0.760159	6.4344172	106.697
7.6614456	-0.82599956	6.2644286	106.747
7.8469963	-0.82480246	6.184223	106.798
8.030152	-0.79726917	6.0848637	106.867
7.9104424	-0.9636662	6.0010667	106.897
7.2687964	-1.0426749	6.337452	106.947
6.9024835	-1.0977415	6.5349736	106.997
6.731298	-1.0821792	6.8450227	107.047
6.757634	-1.0354922	6.9371996	107.095
6.6965823	-1.210269	6.4284315	107.147
6.517017	-1.1875241	6.645107	107.199
6.7241154	-1.1204864	6.6882024	107.228
7.273585	-0.8379706	6.453571	107.299
7.6267295	-0.7230489	6.31351	107.368
7.669825	-0.80086046	6.218939	107.398
7.917625	-0.82599956	6.1530986	107.448
8.237251	-0.6775591	6.089652	107.499
7.905654	-0.89543146	5.9843073	107.547
7.097611	-1.0163386	6.47033	107.605
6.667852	-0.9804256	6.7743936	107.648
6.5565214	-1.0007763	7.0365586	107.697
6.692991	-0.9756372	6.8438253	107.747
6.362591	-1.0534488	6.8186865	107.812
6.375759	-0.94810385	6.8689647	107.85
6.8929067	-0.7565677	6.7444663	107.897
7.4854717	-0.5734113	6.564901	107.947
7.6985555	-0.62608373	6.3661823	107.997
7.65546	-0.7038953	6.266823	108.048
7.9092455	-0.5398925	6.3350577	108.137
7.9702973	-0.58657944	6.341043	108.149
7.5704656	-0.830788	6.459556	108.209
7.0605006	-0.8822633	6.5948286	108.228
6.5708866	-0.9588778	6.9970546	108.297
6.56131	-0.8391677	7.1059904	108.35
6.63553	-0.8714894	6.8486137	108.397
6.405687	-1.0139444	6.8569937	108.468
6.63553	-0.92057055	6.8282633	108.498
7.061698	-0.79008657	6.6606693	108.547
7.463924	-0.6919243	6.5002575	108.587
7.53575	-0.78290397	6.3362546	108.647
7.7213006	-0.7637503	6.307524	108.697
7.9846625	-0.61890113	6.3218894	108.747
7.9451585	-0.78410107	6.2261214	108.798
7.3406224	-1.0103531	6.277597	108.848
6.88333	-1.0845734	6.6642604	108.897
6.658275	-1.0821792	6.9407907	108.947
6.619968	-1.0342951	6.9850836	108.997
6.505046	-1.1611878	6.7851677	109.068
6.447585	-1.127669	6.839037	109.097
6.930017	-1.0761937	6.591237	109.148
7.4124484	-0.8690952	6.375759	109.197
7.5668745	-0.8295909	6.277597	109.227
7.5668745	-0.8295909	6.277597	109.227
7.9188223	-0.81163436	6.1447186	109.347
7.9475527	-0.985214	6.005855	109.427
7.548918	-0.9923966	6.0681043	109.444
7.1251445	-1.0031705	6.4882865	109.497
6.823475	-1.0247183	6.7887588	109.537
6.659472	-0.9959879	7.0964136	109.598
6.6642604	-0.94690675	6.7719994	109.647
6.4020953	-1.0259154	6.697779	109.697
6.7241154	-0.9684546	6.6905966	109.747
7.0221934	-0.79607207	6.6762314	109.807
7.487866	-0.7026982	6.4619503	109.847
7.6494746	-0.6703765	6.4032927	109.897
7.750031	-0.6775591	6.329072	109.947
8.046912	-0.5626374	6.3338604	109.997
7.7823524	-0.8619126	6.2584434	110.059
7.451953	-0.8870517	6.4008985	110.099
6.999449	-0.89303726	6.591237	110.147
6.549339	-0.94331545	7.100005	110.188
6.3913217	-1.0690111	7.028179	110.237
6.5098343	-1.1444284	6.7564373	110.297
6.682217	-1.174356	6.647501	110.348
7.1347213	-1.0582372	6.38773	110.397
7.417237	-0.91099375	6.2500634	110.459
7.73806	-0.82599956	6.242881	110.497
8.067263	-0.8367735	6.135142	110.547
8.1402855	-0.8571242	5.9029045	110.608
7.880515	-1.043872	5.8574142	110.647
7.345411	-1.0821792	6.123171	110.698
7.028179	-1.1623849	6.579266	110.747
6.882133	-1.1312603	6.82946	110.801
6.5337763	-1.0187328	6.897695	110.848
6.3925185	-1.0510546	6.8581905	110.897
6.673837	-1.0642227	6.721721	110.947
7.1706343	-0.9911995	6.513426	110.997
7.4232225	-0.93732995	6.361394	111.047
7.645883	-0.7469909	6.3003416	111.105
7.9188223	-0.8343793	6.183026	111.148
8.12592	-0.78170687	6.077681	111.198
8.024167	-0.93972415	5.947197	111.238
7.356185	-0.997185	6.1243677	111.298
6.9838862	-1.0881647	6.517017	111.35
6.76362	-1.0354922	7.0365586	111.397
6.7839704	-1.0235212	6.779182	111.448
6.6271505	-1.1097125	6.351817	111.497
6.301539	-0.91578215	6.353014	111.547
6.859388	-0.8379706	6.801927	111.598
8.359355	-0.533907	6.2524576	111.647
7.860164	-0.30406362	5.878962	111.697
8.449138	-0.31004912	5.755661	111.747
7.8589673	-0.48722005	6.0681043	111.798
8.453926	-0.17597382	5.2421045	111.847
8.165425	-0.11971009	6.06571	111.897
7.479486	-0.4297592	6.245275	111.947
6.4008985	-0.6607997	6.3326635	111.997
7.2233067	-0.1448492	6.6666546	112.048
6.7001734	-0.1364695	6.43322	112.098
6.779182	-0.4381389	6.337452	112.163
6.993463	-0.4345476	6.2392898	112.197
7.8326306	0.12808979	6.2045736	112.237
8.051701	0.2657564	6.0944405	112.307
8.279149	-0.0023942017	5.981913	112.347
8.34499	-0.05267244	5.638345	112.398
8.4826565	-0.14963761	5.685032	112.448
7.7428484	-0.16160862	5.7616463	112.497
7.049727	-0.24779987	6.63553	112.547
6.8761473	-0.2633622	6.6367273	112.597
6.707356	-0.22146365	6.8318543	112.647
6.4368114	-0.35434186	6.894104	112.697
6.7851677	-0.4441244	6.661866	112.764
7.40766	-0.24301147	6.3458314	112.803
7.5441294	-0.24061728	6.2009826	112.847
7.86615	-0.19153613	6.2859764	112.897
8.246828	-0.29328972	6.030994	112.947
8.118738	-0.21547815	6.099229	112.997
7.905654	-0.5506664	6.0106435	113.068
7.338228	-0.50996494	6.2823853	113.097
6.896498	-0.5267244	6.83784	113.157
6.6295447	-0.62608373	7.147889	113.197
6.6079965	-0.5650316	7.1155677	113.233
6.70975	-0.5662287	6.655881	113.297
6.555324	-0.6655881	6.692991	113.368
6.968324	-0.59974754	6.645107	113.397
7.3310456	-0.6667852	6.682217	113.447
7.739257	-0.46327803	6.317101	113.497
7.833828	-0.48961425	6.361394	113.559
8.019379	-0.6476316	6.3123126	113.597
7.8865004	-0.8726865	5.9783216	113.647
7.5309615	-0.82360536	6.14831	113.697
8.027759	-0.9696517	5.401319	113.778
6.609194	-0.6464345	6.968324	113.8
5.9723363	-0.82719666	7.73806	113.847
6.733692	-0.48602295	6.1626754	113.897
6.6079965	-0.545878	6.927623	113.947
7.0102224	-0.6631939	6.445191	113.992
7.6494746	-0.59017074	6.2883706	114.048
8.09719	-0.049081136	5.849035	114.097
8.364143	-0.0047884034	5.9364233	114.147
8.602366	-0.24420857	5.603629	114.197
8.476671	-0.22026655	5.807136	114.248
7.973889	-0.2885013	5.8322754	114.298
7.0425444	-0.6572084	6.2512608	114.358
6.742072	-0.6667852	6.531382	114.398
6.7719994	-0.51116204	6.647501	114.448
6.5936313	-0.6895301	6.4607534	114.497
6.695385	-0.664391	6.5445504	114.548
7.2544312	-0.30406362	6.375759	114.598
7.823054	-0.11492168	6.093243	114.647
8.087613	-0.1376666	5.935226	114.697
8.307879	-0.21428105	5.723339	114.747
8.3390045	-0.08259996	5.829881	114.807
8.628703	-0.2705448	5.494693	114.847
7.8266454	-0.51235914	5.81791	114.897
7.2951326	-0.47165772	6.295553	114.947
6.9862804	-0.41180268	6.5146227	114.997
6.612785	-0.5386954	6.8222775	115.067
6.5696893	-0.6584055	6.6163764	115.097
6.5565214	-0.7074866	6.4511766	115.148
7.076063	-0.4261679	6.5086374	115.198
7.6267295	-0.30166942	6.211756	115.247
7.6267295	-0.18914193	5.837064	115.318
8.329428	-0.1388637	5.852626	115.347
8.312668	-0.1340753	5.840655	115.398
8.480263	-0.23822308	5.7005944	115.448
7.9152308	-0.3866636	5.708974	115.497
7.338228	-0.50876784	6.3063273	115.547
6.9252286	-0.49320555	6.6762314	115.598
6.7145386	-0.47764325	6.8222775	115.647
6.530185	-0.7206547	6.4416	115.697
6.603208	-0.700304	6.602011	115.747
6.987478	-0.48841715	6.5206084	115.798
7.5561004	-0.29209262	6.317101	115.847
8.104373	-0.25378537	5.8681884	115.897
8.075643	-0.31124622	5.9172697	115.947
8.176199	-0.32202014	5.9005103	116.013
8.291121	-0.32920274	5.813122	116.058
7.9822683	-0.45250413	5.8622026	116.098
7.6171527	-0.5554548	6.1387334	116.146
7.0090256	-0.59136784	6.721721	116.197
6.6307416	-0.557849	7.0928226	116.247
6.6307416	-0.557849	7.0928226	116.247
6.447585	-0.9816227	6.6295447	116.348
6.479907	-0.78649527	6.7444663	116.401
6.999449	-0.7398083	6.6882024	116.449
7.419631	-0.6368576	6.489484	116.497
7.8266454	-0.6548142	6.196194	116.552
8.082825	-0.7769185	6.0704985	116.597
8.309077	-0.7254431	5.851429	116.647
8.166622	-0.6464345	6.0250087	116.697
7.5225816	-0.8655039	6.159084	116.748
6.9144545	-1.0498575	6.8198833	116.817
6.609194	-1.0594343	6.873753	116.848
6.471527	-1.0067618	6.853402	116.897
6.2512608	-1.2090719	6.7384806	116.948
6.4104753	-1.1575965	6.895301	116.997
6.907272	-0.89303726	6.706159	117.051
7.4507556	-0.8355764	6.3422403	117.097
7.836222	-0.712275	6.137536	117.148
7.9846625	-0.79248077	5.9926867	117.198
8.161834	-0.6919243	6.1207767	117.248
8.161834	-0.6919243	6.1207767	117.248
7.5333557	-0.8571242	6.1890116	117.349
7.2268977	-0.985214	6.64391	117.401
6.6750345	-1.0522517	6.8785415	117.447
6.566098	-0.93493575	7.035362	117.497
6.4487824	-1.0247183	6.703765	117.552
6.3685765	-1.0390835	6.7743936	117.598
6.739678	-0.78050977	6.805518	117.647
7.27957	-0.6667852	6.6056023	117.698
7.675811	-0.52073884	6.417658	117.747
7.627927	-0.62249243	6.3182983	117.798
7.839813	-0.6715736	6.301539	117.847
8.018182	-0.5686229	6.269217	117.897
7.704541	-0.7410054	6.2967505	117.947
7.0904284	-0.8499416	6.6079965	117.998
6.743269	-0.90859956	6.8222775	118.047
6.5864487	-0.85473	7.123947	118.087
6.2883706	-0.8415619	7.049727	118.147
6.2165446	-0.9636662	6.9048777	118.198
6.4966664	-0.8726865	6.9850836	118.248
6.578069	-0.8607155	6.943185	118.257
7.551312	-0.59376204	6.393716	118.347
7.777564	-0.58538234	6.421249	118.398
8.495825	-0.46447513	6.0716953	118.447
8.809465	-0.6727707	4.642357	118.497
6.9467764	-0.20590134	7.4004774	118.558
7.1395097	-0.62488663	6.05733	118.598
6.8067155	-0.36152446	7.0593038	118.647
6.4966664	-0.545878	7.2029557	118.697
5.8693852	-0.6703765	7.1586633	118.747
6.1926026	-0.61890113	6.8246717	118.798
7.231686	-0.272939	6.987478	118.847
8.356961	-0.5470751	3.775656	118.897
6.9862804	0.12808979	8.6334915	118.947
8.221688	0.48243165	5.403713	118.997
8.678981	0.60214174	5.0637364	119.047
7.9092455	-0.2621651	6.291962	119.097
8.000225	0.10295067	6.129156	119.147
7.536947	0.046686932	6.1399302	119.197
6.673837	0.093373865	6.6726403	119.26
6.7468605	0.19393034	6.6175733	119.268
7.2113357	0.14724341	6.283582	119.349
6.752846	-0.10534488	6.4020953	119.418
6.8905125	0.03232172	6.481104	119.447
7.4627266	0.37349546	6.495469	119.497
7.5525093	0.21667525	6.1279593	119.538
7.9714947	0.48482585	6.179435	119.597
8.598776	0.5279215	5.8215013	119.647
8.127118	0.18315643	5.6239796	119.697
7.821857	0.027533319	6.081272	119.748
7.382521	0.20470424	6.325481	119.798
6.742072	0.16160862	6.2644286	119.847
7.0724716	0.05746084	7.0006456	119.897
6.8318543	0.35434186	6.715736	119.947
6.5864487	-0.11133038	6.517017	119.998
6.8438253	-0.23104046	6.591237	120.048
7.735666	0.50517654	6.1985884	120.115
7.9571295	0.5793968	6.2464724	120.149
7.7009497	0.12689269	6.078878	120.197
8.095993	0.30406362	5.9184666	120.248
8.324639	0.44891283	5.934029	120.287
7.8793178	0.053869538	6.6391215	120.397
7.443573	0.08020575	6.6391215	120.397
7.499837	0.48841715	6.603208	120.447
7.103596	-0.10175357	6.3458314	120.506
6.4248405	-0.4189853	6.2620344	120.548
6.575675	-0.19153613	6.8103065	120.598
7.2927384	0.3890578	6.6163764	120.647
7.6853876	0.34237084	6.3949127	120.697
7.691373	0.28491	6.173449	120.751
8.0924015	0.4417302	6.0477533	120.798
8.384495	0.4321534	5.681441	120.847
8.403648	0.32920274	6.06571	120.897
7.144298	-0.29927522	5.577293	120.947
7.004237	-0.0035913025	6.679823	120.998
7.3753386	0.46926352	6.4404025	121.047
7.1849995	0.15562311	6.6044054	121.108
7.015011	-0.142455	6.205771	121.149
6.8581905	-0.5506664	6.3087215	121.197
6.992266	0.007182605	6.6307416	121.248
7.630321	0.5793968	6.63553	121.288
7.7488337	0.4285621	6.317101	121.347
7.916428	0.11372458	6.215348	121.394
7.867347	-0.22625206	5.7508726	121.447
8.182184	-0.15322891	5.8262897	121.511
7.8757267	0.39743748	6.4020953	121.548
7.3202715	0.6464345	6.5505357	121.597
7.275979	0.24061728	7.3885064	121.647
7.3406224	0.22146365	7.20535	121.697
6.6762314	-0.9684546	5.2768207	121.748
7.6530657	-1.2425907	5.7855883	121.797
7.404069	-0.8571242	6.25964	121.847
6.945579	-0.5363012	6.6750345	121.897
7.374141	-0.81761986	6.505046	121.947
7.559692	-0.8882488	6.05733	121.998
7.6961613	-0.90500826	6.041768	122.048
8.020576	-0.90021986	5.9424086	122.098
8.183381	-1.1073183	5.483919	122.167
7.8637557	-1.0378864	5.3701944	122.197
7.4351935	-1.1097125	5.829881	122.248
7.2472486	-1.1791444	6.471527	122.287
7.135918	-1.079785	6.5625067	122.347
6.827066	-1.033098	6.5936313	122.387
6.613982	-1.1994951	6.661866	122.447
6.7767878	-0.93373865	6.613982	122.509
7.1634517	-0.8595184	6.3913217	122.551
7.691373	-0.81163436	6.217742	122.597
7.94037	-0.80325466	6.1040173	122.647
8.118738	-0.8774749	6.0238113	122.697
8.292317	-0.8726865	5.7305217	122.751
7.78355	-0.9552865	5.825093	122.797
7.386112	-1.0546459	6.23091	122.847
7.0186024	-1.0690111	6.575675	122.897
6.6905966	-0.9744401	6.8605847	122.959
6.55293	-0.9720459	6.637924	122.998
6.603208	-1.1264719	6.7504516	123.047
6.930017	-0.9744401	6.5230026	123.118
7.3549876	-0.91697925	6.314707	123.147
7.7608047	-0.7745243	6.160281	123.198
8.034941	-0.7290344	6.007052	123.247
8.081628	-0.78649527	5.967548	123.278
8.081628	-0.78649527	5.967548	123.278
7.7081323	-0.93852705	6.069301	123.397
7.1730285	-1.0139444	6.477513	123.464
6.8581905	-1.0929531	6.733692	123.507
6.75524	-0.9983821	6.779182	123.547
6.6846113	-1.0259154	6.5337763	123.597
6.88333	-1.0426749	6.655881	123.647
7.1634517	-0.8858546	6.3338604	123.738
7.380127	-0.8415619	6.331466	123.748
7.6171527	-0.82240826	6.2632318	123.797
7.8170686	-0.7505822	6.3206925	123.847
8.104373	-0.81043726	6.0465565	123.897
8.109161	-0.8774749	5.8478374	123.947
7.6267295	-0.9528923	6.0166287	123.998
7.183802	-1.1121067	6.2464724	124.047
6.8893156	-1.1563994	6.64391	124.098
6.7013707	-1.0390835	6.896498	124.147
6.543353	-0.985214	6.6295447	124.198
6.600814	-0.9780314	6.694188	124.248
6.967127	-0.9768343	6.5684924	124.287
7.4268136	-0.8499416	6.3350577	124.348
7.7703815	-0.7302315	6.3123126	124.397
7.845799	-0.748188	6.1195793	124.457
8.033744	-0.842759	6.05733	124.498
7.9331875	-0.8559271	6.045359	124.547
7.441179	-0.9816227	6.221333	124.597
7.0664864	-1.0737995	6.411672	124.647
6.8186865	-0.9888053	6.8689647	124.718
6.575675	-0.90141696	6.8689647	124.747
6.4846954	-1.0019734	6.7468605	124.797
6.7025676	-0.9684546	6.7851677	124.847
7.103596	-0.8750807	6.4858923	124.897
7.4854717	-0.78410107	6.494272	124.948
7.741651	-0.6739678	6.3206925	124.998
7.6530657	-0.7733272	6.184223	125.047
7.7667904	-0.62847793	6.337452	125.097
7.773973	-0.7697359	6.2632318	125.147
7.4711065	-0.79607207	6.393716	125.209
7.017405	-0.8619126	6.6307416	125.247
6.7468605	-0.9864111	6.918046	125.288
6.752846	-0.8846575	6.992266	125.349
6.489484	-0.9636662	6.767211	125.397
6.4140663	-0.8331822	6.8067155	125.452
6.733692	-0.7673417	6.7743936	125.498
7.1993647	-0.80325466	6.75524	125.547
7.4854717	-0.6943185	6.429629	125.597
7.752425	-0.61291564	6.355408	125.648
8.0445175	-0.6955156	6.205771	125.688
8.042124	-0.8283938	5.947197	125.747
7.4962454	-0.90141696	6.2728086	125.797
6.932411	-0.9923966	6.625953	125.847
6.591237	-1.0582372	7.035362	125.912
6.3697734	-1.0187328	7.01142	125.958
6.405687	-1.0402806	6.8569937	125.998
6.483498	-1.0785879	6.775591	126.048
7.017405	-0.9935937	6.5696893	126.098
7.445967	-0.89782566	6.329072	126.147
7.7105265	-0.80564886	6.253655	126.207
7.785944	-0.80804306	6.191406	126.247
7.917625	-0.7422025	6.242881	126.298
7.917625	-0.7422025	6.242881	126.298
7.4471645	-0.93134445	6.245275	126.397
6.9946604	-1.0546459	6.6666546	126.477
6.7229185	-1.0163386	6.839037	126.497
6.671443	-0.90261406	7.03177	126.547
6.4787097	-1.0235212	6.777985	126.598
6.4404025	-0.9995792	6.721721	126.648
6.7600284	-0.8655039	6.752846	126.697
7.1347213	-0.7433996	6.6283474	126.748
7.5213847	-0.6452374	6.539762	126.797
7.517793	-0.5793968	6.3542113	126.847
7.9224133	-0.5410896	6.329072	126.897
8.300697	-0.6548142	6.039374	126.968
7.644686	-0.8319851	6.030994	126.998
7.0006456	-0.91578215	6.573281	127.048
6.5804634	-0.9828198	6.981492	127.097
6.4846954	-0.81043726	7.2592196	127.148
6.1926026	-0.8762778	7.019799	127.198
6.18542	-0.985214	7.023391	127.26
6.575675	-0.8523358	6.9132576	127.287
7.28795	-0.7230489	6.585252	127.35
7.78355	-0.7026982	6.3362546	127.397
7.7584105	-0.664391	6.2225304	127.468
7.8757267	-0.6871359	6.244078	127.497
7.8733325	-0.7577648	6.2225304	127.547
7.562086	-0.8523358	6.353014	127.597
7.145495	-0.91817635	6.6415157	127.651
6.715736	-1.0450691	6.977901	127.698
6.3470287	-1.1994951	6.9479733	127.747
6.3338604	-1.0845734	6.7803793	127.797
6.471527	-1.0366893	6.7851677	127.847
6.8438253	-0.92176765	6.5828576	127.918
7.2604165	-0.8702923	6.5589156	127.948
7.501034	-0.79846627	6.47033	127.997
7.69257	-0.7062895	6.2632318	128.057
7.9236107	-0.7493851	6.1076083	128.098
7.9714947	-0.7493851	6.1662664	128.137
7.599196	-0.91937345	6.221333	128.197
7.0425444	-1.009156	6.602011	128.247
6.697779	-0.6488287	4.855441	128.297
6.513426	-0.7433996	7.3190746	128.348
6.3721676	-1.0055647	6.9587474	128.397
6.295553	-1.0989386	6.6630635	128.447
6.588843	-0.89902276	7.038953	128.497
7.3633676	-0.91697925	6.3350577	128.547
7.631518	-0.6775591	6.3829417	128.598
7.763199	-0.79726917	6.331466	128.647
7.6147585	-0.700304	6.3745623	128.697
7.4375877	-0.842759	6.445191	128.747
6.9024835	-0.8762778	6.670246	128.797
6.88333	-0.9816227	6.2261214	128.848
6.6522894	-0.90859956	6.8988924	128.898
6.697779	-1.2401965	6.8091097	128.948
6.8162923	-0.8559271	7.2101383	128.999
6.813898	-1.0905589	7.1251445	129.046
7.005434	-0.92775315	7.1730285	129.098
7.3202715	-0.8607155	5.878962	129.148
