1.9656396	-9.412804	1.7405846	0.156
2.0015526	-9.320627	1.9440918	0.195
1.8974048	-9.361329	1.9273324	0.244
1.9057846	-9.556456	1.9788077	0.292
1.7621324	-9.088389	1.946486	0.336
2.7246015	-9.193734	2.3810337	0.406
3.265691	-9.589975	1.9201498	0.445
1.7166426	-9.357738	0.9828198	0.494
1.2246342	-9.188946	1.6555905	0.544
1.5478514	-9.64145	1.5562311	0.605
1.067814	-9.363723	1.8567034	0.644
0.49679685	-9.223662	2.3774424	0.694
0.40222588	-9.478644	2.5378537	0.744
1.0965444	-9.5013895	2.3020248	0.794
1.4915876	-9.496601	1.9141643	0.844
1.8567034	-9.3661175	1.7405846	0.895
2.4013844	-9.362526	1.1695676	0.944
2.8000188	-9.39365	1.1312603	0.964
3.1172507	-9.397242	1.2270284	1.054
3.2513258	-9.089587	0.9684546	1.094
3.028665	-9.299079	0.7230489	1.154
3.098097	-9.7084875	1.614889	1.194
1.8902222	-9.428367	1.8914193	1.246
0.94092125	-9.223662	2.0494366	1.294
0.7374141	-9.574412	1.9859903	1.364
0.48602295	-9.455899	1.8339585	1.404
0.38307226	-9.179369	2.1547816	1.454
0.5255273	-9.446322	2.1942859	1.495
0.8858546	-9.5492735	2.184709	1.544
1.3263878	-9.585187	1.7298107	1.615
1.8662802	-9.61272	1.5526398	1.644
2.2266076	-9.423578	1.4173675	1.694
2.8383262	-9.27394	1.2018893	1.761
3.3183637	-9.094376	1.0462662	1.801
3.2752678	-9.124303	1.1587936	1.844
3.120842	-9.351752	1.0570401	1.894
2.6276364	-9.527725	0.82240826	1.944
2.1775265	-9.731233	1.3515269	2.0
1.9177556	-9.483433	1.8567034	2.04
1.3108255	-9.184157	2.421735	2.098
0.7673417	-9.242816	2.328361	2.146
0.3890578	-9.065644	2.528277	2.196
0.24540567	-9.569624	2.5127146	2.246
-0.076614454	-9.561244	2.2014685	2.296
0.5722142	-9.391256	2.0745757	2.345
1.8112136	-9.714474	1.6172832	2.397
2.505532	-9.424775	1.1216835	2.446
3.1387985	-9.078813	1.5753847	2.514
3.7349546	-9.112331	1.1899183	2.554
3.5817258	-9.001001	1.5275006	2.596
3.4883518	-9.056067	0.8738836	2.646
2.6264393	-9.722853	0.35194764	2.694
2.1380222	-9.80665	0.7457938	2.744
1.8471266	-9.645041	1.9081788	2.806
1.0426749	-9.089587	2.36188	2.844
0.59376204	-8.881291	2.4133554	2.894
0.50397944	-9.137471	2.397793	2.944
0.60932434	-9.594764	2.3343468	2.998
-0.10295067	-9.677363	2.0470424	3.044
-0.47285482	-9.166202	1.7286136	3.094
0.78888947	-9.800665	1.8902222	3.144
2.6491842	-9.858126	0.40581718	3.194
2.882619	-9.315839	0.89662856	3.244
3.0083144	-9.315839	1.3982137	3.304
3.41892	-9.520543	-0.18076223	3.344
2.504335	-9.391256	1.3383588	3.395
2.8311436	-9.046491	1.4281414	3.436
3.2477345	-9.190144	0.39863458	3.494
2.2146366	-9.738416	0.14724341	3.544
1.2330139	-9.560047	0.8415619	3.594
0.23343466	-9.911995	0.6967127	3.644
-1.127669	-9.466674	0.7026982	3.698
-1.6017209	-9.421184	0.8319851	3.744
-0.93972415	-9.840169	0.3172317	3.794
-0.7158663	-9.737218	0.34476504	3.844
-0.1604115	-10.013748	-1.0486604	3.904
-0.760159	-10.230424	-1.0618285	3.954
-0.65242	-10.183737	-1.067814	3.964
0.78649527	-10.257957	-1.1408371	4.054
1.0342951	-9.39365	-0.6536171	4.135
1.1647792	-9.416395	-0.5686229	4.15
1.3299791	-9.654618	-0.19512744	4.196
1.827973	-9.440337	-0.2621651	4.246
0.7529764	-9.55047	-0.09935937	4.296
-0.1388637	-9.55047	-0.4213795	4.346
-0.20350714	-9.495404	-0.79726917	4.424
-0.5422867	-9.512163	-0.89662856	4.448
-1.2773066	-9.944317	-1.1767502	4.512
-2.1212628	-9.464279	-0.9516952	4.547
-2.8119898	-8.9279785	-0.4237737	4.594
-2.7748797	-9.226056	-0.5710171	4.644
-2.6803088	-10.155006	-0.7757214	4.694
-3.2010477	-9.715671	-1.0642227	4.765
-2.7269957	-9.568427	-1.5921441	4.794
-1.7130513	-9.7958765	-2.2146366	4.844
-0.79248077	-9.750386	-1.7812861	4.895
-0.16639702	-9.952697	-1.377863	4.944
0.1436521	-9.975441	-0.94331545	4.964
0.9804256	-9.19134	-0.130484	5.046
0.78529817	-9.600749	0.090979666	5.094
0.31483752	-9.3182335	0.050278235	5.144
-0.1448492	-9.475053	0.2777274	5.194
-0.30885202	-9.665392	-0.24899697	5.244
-0.94092125	-9.435549	-0.16998832	5.294
-1.8650831	-10.086772	-0.5686229	5.344
-1.8950106	-9.630676	-0.25737667	5.402
-2.4349031	-9.234436	0.38067806	5.444
-3.0334535	-9.087193	0.11611878	5.494
-2.244564	-9.923966	-0.06943185	5.544
-2.565387	-10.02572	-0.2801216	5.594
-2.3594859	-9.475053	-0.34955344	5.644
-1.5275006	-9.799467	-1.0654198	5.694
-0.7182605	-10.078392	-1.1456255	5.744
-0.10414778	-9.801862	-1.0749966	5.8
0.46567222	-10.042479	-0.46327803	5.844
1.1324574	-9.370906	-0.027533319	5.899
1.353921	-9.099164	0.5602432	5.944
1.6256629	-9.463082	0.40102878	5.964
0.33997664	-9.160215	0.15083471	6.044
-0.30406362	-9.764751	-0.6715736	6.094
-0.7422025	-9.757569	-1.0893618	6.147
-1.3323733	-9.877279	-0.557849	6.194
-1.4796166	-9.7324295	-0.89543146	6.244
-2.421735	-9.288305	-0.82719666	6.294
-2.9532478	-9.48463	-0.5602432	6.362
-2.5222914	-10.21965	-1.4700398	6.415
-2.2852654	-9.991004	-1.5586253	6.444
-1.7393875	-9.647436	-1.6807296	6.486
-1.0319009	-9.720459	-1.8327614	6.544
-0.4321534	-9.821015	-1.7369933	6.594
0.051475335	-9.8042555	-1.0390835	6.644
1.2258313	-9.630676	-0.31483752	6.702
1.6759412	-9.43076	-0.079008654	6.744
1.471237	-9.570822	-0.320823	6.794
0.8451532	-9.372103	0.5255273	6.865
0.50996494	-9.41041	0.074220255	6.904
0.035913024	-9.645041	-0.0011971008	6.944
-0.2896984	-9.5971575	0.18435353	6.964
-0.7182605	-9.988609	-0.14724341	7.044
-1.0223241	-9.953894	-0.015562311	7.104
-1.4867992	-9.294291	0.1412579	7.144
-1.4867992	-9.221268	0.21428105	7.194
-2.1152773	-9.472659	-0.095768064	7.244
-1.9979613	-10.147824	-0.48243165	7.294
-1.9572599	-10.163386	-0.51475334	7.344
-1.4676456	-9.768343	-0.80086046	7.394
-0.6476316	-9.744401	-1.0187328	7.456
-0.09935937	-9.884461	-0.6667852	7.494
0.5267244	-9.958682	-0.5686229	7.554
0.7685388	-9.7563715	-0.16160862	7.594
0.9720459	-9.239224	-0.055066638	7.644
1.2246342	-9.563639	0.2861071	7.694
0.8319851	-9.482236	0.19871874	7.744
0.49440265	-9.406818	0.0035913025	7.794
0.415394	-9.67018	-0.48003745	7.844
0.005985504	-9.564836	-0.61530983	7.894
-0.8331822	-9.742006	-0.89303726	7.944
-1.198298	-9.616311	-1.1971009	8.034
-2.066196	-9.451111	-1.2737153	8.049
-2.7712884	-8.955511	-1.0821792	8.094
-1.9955671	-9.241618	-1.2952632	8.144
-2.054225	-10.13705	-2.0614076	8.194
-2.469619	-9.779117	-1.6687586	8.258
-1.8207904	-9.774328	-2.2278047	8.304
-0.8535329	-9.473856	-1.8590976	8.366
-0.24779987	-9.463082	-1.5634137	8.387
0.25019407	-9.720459	-1.3371617	8.444
1.0498575	-9.696517	-1.0271125	8.504
1.5526398	-9.56723	-0.7697359	8.544
1.4389153	-9.459491	-0.5686229	8.594
1.2904748	-9.427169	-0.46088383	8.644
0.94331545	-9.293094	-0.5315128	8.694
0.3854665	-9.518148	-0.5662287	8.744
0.005985504	-9.714474	-0.92655605	8.794
-1.0163386	-9.898827	-0.6428431	8.844
-1.2749124	-9.66659	-0.8415619	8.894
-1.6160861	-9.514558	-0.6739678	8.944
-1.8267759	-9.451111	-0.7302315	8.964
-2.7257986	-9.779117	-0.61171854	9.044
-2.6408045	-10.127473	-1.1360487	9.094
-2.4552538	-9.621099	-1.6352397	9.144
-1.2605472	-9.187749	-1.8854338	9.194
-0.5602432	-10.187328	-1.7190368	9.244
0.44771573	-10.0903635	-0.8702923	9.294
1.3299791	-9.832987	-0.89064306	9.363
2.1188686	-9.156625	-0.4225766	9.394
1.9321208	-9.476251	0.15682021	9.444
1.7669208	-9.509769	-0.37349546	9.486
1.0582372	-8.899248	-0.30166942	9.534
0.82360536	-9.625888	-0.49320555	9.595
0.25498247	-9.533711	-0.5315128	9.644
-0.80924016	-9.457097	-1.0139444	9.694
-1.0666169	-10.517728	-1.4879963	9.744
-1.5634137	-9.706094	-1.1180922	9.794
-2.0015526	-9.112331	-0.90979666	9.844
-1.9405005	-9.651027	-1.9393034	9.914
-2.0949266	-9.821015	-2.1703439	9.946
-2.1787236	-9.76116	-2.2505496	9.969
-1.3575124	-9.601946	-2.018312	10.044
-0.7589619	-9.576807	-2.1619642	10.094
-0.10534488	-9.763555	-1.8686744	10.144
0.21667525	-9.856929	-1.5023615	10.214
0.6404489	-9.803059	-1.3108255	10.244
0.92176765	-9.64145	-0.80086046	10.288
1.6783354	-9.539697	-0.38067806	10.354
1.3850456	-9.370906	-0.5267244	10.394
0.79008657	-9.32781	-0.48003745	10.444
0.30286652	-9.645041	-0.33638534	10.504
-0.29927522	-9.665392	-0.35194764	10.544
-0.6488287	-9.938332	-0.44891283	10.594
-1.1109096	-9.740809	-0.41060558	10.644
-1.352724	-9.465476	-0.4429273	10.694
-1.7429788	-9.548077	-0.6572084	10.744
-2.0254946	-9.545682	-0.7410054	10.804
-2.2038627	-9.5253315	-0.9696517	10.855
-2.0757728	-9.714474	-0.61052144	10.904
-1.3491327	-9.750386	-0.6715736	10.944
-1.1623849	-9.7863	-0.7517793	10.964
-0.5805939	-9.706094	-0.6691794	11.044
-0.1604115	-9.822212	-0.6679823	11.094
0.2645593	-9.783905	-0.4405331	11.15
0.5793968	-9.65821	-0.16519992	11.194
0.676362	-9.459491	-0.049081136	11.244
0.6356605	-9.5971575	-0.08499416	11.305
0.34715924	-9.515755	-0.22744916	11.344
0.30526072	-9.5492735	-0.50757074	11.426
-0.110133275	-9.637859	-0.59136784	11.444
-0.5542577	-9.969456	-0.6799533	11.509
-1.0785879	-9.694122	-0.62847793	11.554
-1.3503298	-9.476251	-0.38307226	11.594
-1.5023615	-9.568427	-0.48123455	11.644
-1.8543092	-9.69532	-0.5566519	11.696
-2.0207062	-9.6845455	-0.5602432	11.754
-1.7310078	-9.763555	-0.7170634	11.794
-1.5957354	-9.585187	-0.61411273	11.844
-1.079785	-9.827001	-0.9516952	11.894
-0.830788	-9.811439	-0.78888947	11.944
-0.581791	-9.872491	-0.7278373	11.964
0.415394	-9.805453	-0.4225766	12.044
0.5422867	-9.519346	0.077811554	12.094
0.61530983	-9.498995	-0.21068975	12.175
0.39743748	-9.463082	-0.033518825	12.204
0.090979666	-9.448717	0.20350714	12.256
-0.2801216	-9.454702	-0.10175357	12.284
-0.7733272	-9.938332	-0.49320555	12.358
-1.1731589	-9.810242	-0.20829555	12.394
-1.3084313	-9.495404	-0.4177882	12.464
-1.4903905	-9.564836	-0.78888947	12.506
-1.887828	-9.483433	-1.1133038	12.544
-2.19668	-9.634268	-1.2497733	12.594
-1.5466543	-9.730036	-1.1001357	12.674
-1.8567034	-9.494206	-1.0821792	12.694
-1.5251064	-9.647436	-1.4975731	12.744
-1.271321	-9.824607	-1.6603789	12.794
-0.9923966	-9.455899	-0.9504981	12.847
-0.33638534	-9.707291	-0.9684546	12.895
0.32680854	-9.882068	-0.89303726	12.944
0.24181437	-9.812635	-0.48722005	12.999
-0.2908955	-9.532514	-0.39863458	13.044
-0.6368576	-9.409213	-0.40102878	13.094
-0.62249243	-9.722853	-0.5758055	13.162
-0.78769237	-9.738416	-0.6775591	13.196
-0.45609543	-9.799467	-0.6691794	13.244
-0.20590134	-9.7084875	0.04309563	13.324
-0.19393034	-9.757569	-0.17956513	13.344
-1.0175357	-9.470264	0.581791	13.397
-0.93254155	-9.394848	0.49559975	13.444
-1.3982137	-9.475053	0.6811504	13.494
-1.3359646	-9.424775	0.61411273	13.574
-0.59495914	-9.827001	0.35913026	13.594
-0.92775315	-9.767146	0.17238252	13.644
-1.1767502	-9.810242	0.017956512	13.694
-1.0941502	-9.8437605	-0.45370123	13.744
-0.21787235	-9.859323	-0.12569559	13.804
0.2717419	-10.044873	-0.05267244	13.854
0.22625206	-9.991004	-0.3196259	13.915
0.36032736	-9.227253	-0.34237084	13.944
0.58298814	-9.811439	-0.7685388	14.005
-0.1400608	-9.797073	-0.34117374	14.044
-0.32920274	-9.53012	-0.02633622	14.094
-1.0067618	-9.5732155	0.1400608	14.144
-0.9768343	-10.040085	0.19393034	14.206
-1.283292	-9.813833	0.31603462	14.244
-1.459266	-9.44752	0.80205756	14.315
-1.5071499	-9.582792	0.06344634	14.355
-1.7405846	-9.606734	0.24301147	14.394
-1.7836803	-9.240421	0.62249243	14.474
-2.148796	-9.281123	0.15322891	14.494
-0.9816227	-9.636662	-0.7326257	14.547
-0.23463176	-9.982624	-0.34237084	14.594
-0.2885013	-9.623494	0.5243302	14.644
1.3467385	-10.004171	-0.46806642	14.696
1.7896658	-9.861717	-0.038307227	14.744
1.4867992	-9.822212	0.34955344	14.794
0.15442601	-9.664195	-0.22625206	14.844
-0.38067806	-9.682152	-0.59256494	14.895
-1.2689269	-9.80665	-1.4305356	14.944
-1.3790601	-9.836577	-0.8571242	14.974
-0.6895301	-9.657013	-0.32441434	15.044
-0.93254155	-9.836577	-0.439336	15.094
-0.79607207	-9.813833	0.1592144	15.144
-0.3184288	-9.985018	1.745373	15.2
1.34195	-9.218874	2.0147207	15.244
1.8363527	-9.155427	2.7090392	15.315
1.804031	-9.339781	2.3546975	15.344
1.0893618	-9.202114	2.7210102	15.394
0.9935937	-9.375694	2.0721815	15.444
0.5482722	-9.563639	1.7190368	15.497
-0.15322891	-9.745598	0.92176765	15.544
-0.14844051	-9.871294	-0.29688102	15.594
-1.7513585	-9.640253	-0.415394	15.656
-1.6783354	-9.306262	-0.33518824	15.694
-1.8531121	-9.624691	-0.60693014	15.744
-2.0733786	-9.920375	-0.89543146	15.794
-2.3786395	-9.828198	-0.93972415	15.844
-1.899799	-9.879673	-0.9528923	15.895
-1.9249382	-10.01734	-1.067814	15.944
-0.9576807	-9.727641	-0.70509243	15.974
0.24301147	-9.566033	1.0546459	16.054
0.7445967	-9.2907	1.3479356	16.104
1.0450691	-9.087193	1.4987702	16.144
1.0271125	-9.412804	1.6795325	16.194
-0.20111294	-9.725247	1.6412252	16.244
-0.14963761	-9.227253	1.0271125	16.324
0.5374983	-9.376891	0.8571242	16.344
-0.17357962	-9.841366	0.9911995	16.407
-1.1540052	-9.472659	0.8655039	16.445
-1.3694834	-9.210494	0.6596026	16.494
-1.721431	-9.690532	-0.08020575	16.574
-2.1775265	-9.570822	-0.14844051	16.604
-2.3235726	-9.497798	-0.009576807	16.654
-1.6041151	-9.605537	-0.095768064	16.698
-1.4341269	-9.94312	-0.2765303	16.744
-1.508347	-10.087969	-0.545878	16.794
-0.6584055	-10.13705	-0.44651863	16.844
-0.09696517	-9.689334	-0.16519992	16.894
0.7218518	-10.096349	0.034715924	16.955
0.7410054	-9.981427	-0.06703765	16.974
0.91697925	-9.27394	0.2885013	17.044
1.0737995	-9.55885	0.2717419	17.094
0.60812724	-9.605537	0.24420857	17.144
-0.10295067	-9.497798	0.4381389	17.213
-0.25019407	-9.623494	0.15322891	17.244
-0.3184288	-9.600749	-0.08619126	17.294
-0.9888053	-9.629479	-0.49919105	17.374
-1.30484	-9.560047	-0.60214174	17.394
-1.7872716	-9.49301	-0.61411273	17.448
-2.0745757	-9.491813	-1.0462662	17.494
-2.3415294	-9.399636	-1.0546459	17.544
-2.4253263	-9.64145	-1.151611	17.594
-2.303222	-9.680955	-1.2593501	17.654
-1.9596541	-9.639056	-1.3239936	17.714
-1.5466543	-9.69532	-1.3323733	17.744
-1.2940661	-9.783905	-1.3718776	17.794
-0.7278373	-9.731233	-1.1707647	17.844
-0.20470424	-9.662998	-0.712275	17.894
0.12928689	-9.622296	-0.5446809	17.944
0.29688102	-9.540894	-0.60453594	17.974
0.4225766	-9.595961	-0.3878607	18.044
0.020350715	-9.394848	-0.46327803	18.094
-0.40701428	-9.431957	-0.56982	18.144
-0.59615624	-9.628283	-0.7026982	18.194
-0.6943185	-9.96347	-0.79248077	18.244
-1.4772224	-9.745598	-0.6500258	18.304
-1.5705963	-9.437943	-0.6871359	18.344
-1.6460136	-9.49301	-0.92176765	18.405
-1.9644425	-9.483433	-0.8607155	18.444
-1.9955671	-9.568427	-0.93852705	18.504
-1.8962077	-9.574412	-1.0654198	18.544
-1.8854338	-9.7240505	-1.1755531	18.594
-1.7082629	-9.731233	-1.2844892	18.652
-1.1480197	-9.807847	-1.3204023	18.694
-0.8810662	-9.752781	-0.973243	18.744
-0.6344634	-9.478644	-0.5566519	18.794
-0.25139117	-9.595961	-0.22744916	18.844
0.24779987	-9.494206	-0.37828386	18.914
0.16759412	-9.625888	-0.45968673	18.944
-0.16400282	-9.720459	-0.46806642	18.974
-0.29209262	-9.610326	-0.40102878	19.044
-0.46806642	-9.762358	-0.533907	19.094
-0.91937345	-9.762358	-0.8343793	19.147
-0.8810662	-9.445126	-0.39863458	19.194
-1.1623849	-9.325416	-0.50397944	19.244
-1.614889	-9.320627	-0.80684596	19.325
-1.6519991	-9.355343	-0.89303726	19.344
-1.8124107	-9.753978	-1.1061212	19.399
-2.1679497	-9.767146	-1.1085154	19.444
-2.4289176	-9.764751	-1.0989386	19.494
-2.3247697	-9.645041	-1.2078748	19.544
-1.5945383	-9.633071	-1.4580688	19.594
-0.6356605	-9.7479925	-1.2593501	19.644
-0.07182605	-9.7240505	-0.79726917	19.694
0.08140286	-9.593566	-0.5482722	19.744
0.2908955	-9.445126	-0.30885202	19.794
0.4321534	-9.5732155	-0.4321534	19.845
-0.23223756	-9.719262	-1.0582372	19.894
-0.21787235	-9.534908	-0.7134721	19.954
-0.19273324	-9.507375	-0.6811504	19.974
-0.5781997	-9.595961	-0.78529817	20.044
-1.2605472	-9.653421	-0.7146692	20.094
-1.4030021	-9.633071	-0.6907272	20.144
-1.6807296	-9.566033	-0.58538234	20.194
-2.1392193	-9.457097	-0.6715736	20.242
-3.3746274	-9.609129	-1.2186487	20.294
-3.7349546	-9.566033	-1.4760253	20.365
-2.2852654	-9.627085	-1.5047557	20.394
-1.1192893	-9.7863	-1.7932571	20.444
-0.533907	-9.964667	-1.2952632	20.494
-0.1316811	-9.976639	-0.688333	20.544
0.78290397	-9.744401	0.18674773	20.594
1.3335704	-9.43914	0.037110128	20.644
0.985214	-9.31943	0.5231331	20.694
0.6392518	-9.331401	0.4333505	20.761
0.10055647	-9.362526	0.4237737	20.796
-0.6655881	-9.606734	0.59735334	20.844
-0.6859388	-9.326612	0.5279215	20.894
-0.8822633	-9.837775	-0.1604115	20.944
-1.2737153	-9.861717	-0.21906945	20.974
-2.054225	-9.460688	-0.5638345	21.064
-2.456451	-9.379285	-0.62488663	21.094
-2.7150247	-9.124303	-0.7553706	21.144
-2.5438392	-9.774328	-0.79487497	21.2
-3.120842	-9.79827	-1.1504139	21.245
-2.4744074	-9.615114	-0.8678981	21.294
-1.8926164	-9.721656	-1.2378023	21.344
-1.1755531	-9.824607	-1.0821792	21.412
-0.8319851	-9.983821	-0.7350199	21.454
-0.29209262	-9.813833	-0.08738836	21.504
0.7733272	-9.713276	0.05267244	21.545
1.4628572	-9.466674	0.89662856	21.614
1.6867151	-9.414001	0.59735334	21.644
0.32920274	-9.358934	0.4405331	21.704
-0.32800564	-9.16261	0.9588778	21.754
-0.59017074	-9.589975	0.427365	21.804
-0.7110779	-9.759963	-0.4165911	21.854
-1.1228806	-9.776723	-0.23343466	21.894
-1.389834	-9.672575	-0.5542577	21.944
-1.7753005	-9.554062	-0.7673417	21.984
-2.2577322	-9.498995	-0.8475474	22.044
-2.8886044	-9.66659	-1.3587095	22.084
-3.8031895	-9.849746	-1.283292	22.154
-2.718616	-9.345766	-1.0462662	22.194
-1.8351556	-9.5013895	-1.1947067	22.262
-1.3323733	-9.739613	-0.8283938	22.294
-0.59855044	-10.075998	-0.33997664	22.344
-0.11611878	-9.713276	-0.40102878	22.424
0.40581718	-9.710882	-0.21428105	22.454
0.94810385	-9.49301	0.3196259	22.494
1.0187328	-9.259575	0.48003745	22.544
0.39025488	-9.551667	0.21308395	22.594
-0.272939	-9.314642	0.37708676	22.644
-0.41299978	-9.330204	0.108936176	22.694
-0.50517654	-9.720459	-0.6859388	22.757
-1.1923125	-9.731233	-0.92296475	22.796
-1.8303672	-9.645041	-1.0115502	22.854
-2.3570917	-9.423578	-1.4987702	22.904
-2.5151088	-9.370906	-1.460463	22.954
-2.6719291	-9.196129	-1.3108255	22.984
-3.301604	-9.702502	-2.0446482	23.054
-3.144784	-9.694122	-1.9955671	23.094
-1.9835961	-9.579201	-1.6412252	23.134
-1.3922282	-9.722853	-1.8914193	23.194
-1.340753	-9.773131	-1.7310078	23.244
-1.0666169	-9.718064	-1.0941502	23.304
-0.1364695	-9.648633	-0.92057055	23.344
0.58538234	-9.762358	-0.29568392	23.405
0.79248077	-9.289502	-0.029927522	23.454
0.7445967	-9.3661175	-0.095768064	23.494
0.35673606	-9.594764	-0.06703765	23.564
-0.31244332	-9.329007	0.108936176	23.594
-0.58418524	-9.463082	-0.010773907	23.644
-0.58298814	-9.855731	-0.38187516	23.694
-0.90500826	-9.674969	-0.5327099	23.744
-1.7082629	-9.633071	-0.6895301	23.794
-2.1392193	-9.43914	-1.1061212	23.844
-2.2493525	-9.5253315	-1.1671734	23.894
-2.767697	-9.358934	-1.3946224	23.944
-3.4919431	-9.540894	-1.4975731	24.024
-2.396596	-9.537302	-1.5370775	24.049
-1.6484078	-9.759963	-1.4975731	24.094
-1.2030864	-9.799467	-1.4939818	24.144
-1.1432313	-9.659407	-0.94690675	24.209
-0.8415619	-9.755175	-0.7098808	24.247
-0.22864626	-9.679757	-0.49799395	24.294
0.5566519	-9.611523	-0.108936176	24.344
1.352724	-9.546879	0.49679685	24.394
0.7565677	-9.396045	0.34715924	24.444
-0.47884035	-9.490616	-0.1376666	24.484
-1.1803415	-9.391256	0.50996494	24.544
-0.9672575	-9.727641	0.14724341	24.594
-0.8319851	-9.725247	0.090979666	24.644
-0.7254431	-9.690532	-0.022744916	24.694
-0.7469909	-9.537302	-0.56982	24.774
-1.2425907	-9.537302	-0.545878	24.794
-1.2521675	-9.676167	-0.51954174	24.874
-1.471237	-9.752781	-0.48482585	24.894
-1.8363527	-9.9550905	-1.0271125	24.947
-1.3611037	-9.785102	-0.81761986	24.994
-0.50996494	-9.854534	-0.878672	25.054
-0.21188685	-9.953894	-1.2294226	25.106
-0.6835446	-9.807847	-0.58657944	25.154
-0.7697359	-9.564836	0.34237084	25.194
-0.47644615	-9.548077	0.4345476	25.252
0.94331545	-9.858126	0.18076223	25.294
1.4891934	-9.546879	0.92655605	25.344
1.3335704	-9.334992	1.0498575	25.394
0.63206923	-9.458294	0.7278373	25.445
0.3842694	-9.435549	0.49081135	25.494
0.6392518	-9.600749	0.5386954	25.544
0.29927522	-9.783905	0.47405192	25.594
-0.40102878	-9.733627	0.09816227	25.654
-1.2437878	-9.722853	0.01316811	25.694
-1.4341269	-9.642648	-0.21787235	25.746
-1.5981296	-9.463082	-0.08259996	25.794
-1.9740193	-9.688137	-0.32920274	25.844
-2.1583729	-9.651027	-0.36750996	25.894
-1.7345991	-9.630676	0.16160862	25.944
-1.3742718	-9.956287	-0.3196259	25.994
-1.3180081	-9.959879	-0.4405331	26.004
-0.33039984	-9.79827	-0.009576807	26.094
0.4225766	-9.929952	0.33159694	26.144
0.8702923	-9.768343	-0.093373865	26.194
1.376666	-9.579201	0.50278234	26.244
1.6244658	-9.204509	1.0043676	26.294
1.1121067	-9.629479	0.36750996	26.344
-0.053869538	-9.603143	0.24301147	26.394
-0.17597382	-9.409213	0.46327803	26.476
0.16639702	-9.489418	0.34117374	26.494
-0.5542577	-9.877279	-0.011971008	26.544
-1.0989386	-9.775525	-0.2813187	26.594
-1.412579	-9.572019	-0.34356794	26.644
-1.6232687	-9.581595	-0.6859388	26.694
-2.0362685	-9.532514	-0.9528923	26.774
-2.6420016	-9.647436	-0.9804256	26.794
-2.0949266	-9.690532	-0.9828198	26.855
-1.8183962	-9.709685	-0.8774749	26.895
-1.7022774	-9.750386	-0.6512229	26.958
-1.4065934	-9.657013	-0.78050977	26.995
-0.81163436	-9.888053	-0.7637503	27.054
-0.4405331	-9.773131	-0.34356794	27.114
-0.015562311	-9.572019	0.11731588	27.144
0.14724341	-9.445126	0.14724341	27.194
0.0011971008	-10.1226845	0.19991584	27.244
0.077811554	-9.433155	0.06703765	27.294
0.12330139	-9.445126	-0.035913024	27.344
-0.094570965	-9.546879	-0.23702596	27.394
-0.05626374	-9.526528	-0.037110128	27.444
-0.8643068	-9.701305	-0.12928689	27.494
-0.9959879	-9.478644	-0.20470424	27.544
-1.2258313	-9.652225	-0.49679685	27.594
-2.517503	-9.5492735	-1.4401124	27.645
-2.8754363	-9.19134	-1.115698	27.714
-2.6922798	-9.294291	-1.3670892	27.744
-3.132813	-9.787497	-1.2557588	27.794
-2.5390508	-9.578004	-1.2138603	27.844
-2.0027497	-9.776723	-1.7776948	27.894
-1.6938977	-9.722853	-1.1121067	27.964
-0.94451255	-9.79827	-0.8595184	27.994
-0.82360536	-9.858126	-0.8439561	28.004
0.6679823	-9.750386	-0.17717093	28.096
1.1180922	-9.331401	0.8499416	28.144
1.0235212	-9.160215	0.7745243	28.207
0.9911995	-9.527725	0.7086837	28.234
-0.19991584	-9.463082	0.92655605	28.304
-0.34117374	-9.463082	0.7577648	28.344
-0.6380547	-9.625888	0.31244332	28.394
-1.271321	-9.563639	-0.17118542	28.445
-1.4796166	-9.776723	-0.36511576	28.494
-1.9021933	-9.685743	-0.7565677	28.544
-2.1152773	-9.585187	-0.90021986	28.594
-2.042254	-9.764751	-1.0474633	28.658
-2.4061728	-9.712079	-0.58777654	28.714
-1.7465701	-9.52174	-0.4381389	28.744
-1.6112977	-9.7719345	-0.2908955	28.794
-1.7657237	-9.880871	-0.0011971008	28.854
-1.4987702	-9.543288	0.32920274	28.894
-0.830788	-9.625888	0.6715736	28.954
-0.23104046	-9.671378	0.49799395	29.004
0.51954174	-9.846154	0.8403648	29.049
0.7733272	-9.634268	0.7182605	29.094
0.5590461	-9.380483	1.1312603	29.164
0.2801216	-9.619903	0.8499416	29.194
-0.79248077	-9.765948	0.33159694	29.244
-0.9624691	-9.582792	0.82480246	29.294
-0.5374983	-9.580399	0.15442601	29.347
-1.4700398	-9.494206	1.0366893	29.399
-1.7980455	-9.689334	0.015562311	29.444
-1.5215151	-9.404425	0.16639702	29.494
-2.110489	-9.481039	0.58418524	29.544
-2.6479871	-9.41041	0.4177882	29.595
-3.58412	-9.592369	0.47405192	29.644
-3.3327289	-9.490616	0.39743748	29.694
-2.385822	-9.604341	0.12330139	29.745
-1.780089	-9.848549	-0.22026655	29.8
-1.0833763	-10.019734	0.06703765	29.858
-0.18914193	-9.949105	0.2908955	29.904
0.053869538	-9.745598	0.22385786	29.944
0.6596026	-9.52174	0.94092125	30.005
0.9756372	-9.16261	1.0103531	30.047
0.51834464	-9.485827	0.8750807	30.104
-0.415394	-9.475053	1.0259154	30.148
-1.0522517	-9.387665	0.9888053	30.204
-1.0773908	-9.283517	0.7577648	30.244
-1.1061212	-9.657013	0.24061728	30.294
-1.2114661	-9.742006	-0.36032736	30.344
-2.0207062	-9.56723	-0.89303726	30.415
-2.315193	-9.466674	-0.8678981	30.449
-2.3810337	-9.466674	-0.90979666	30.494
-3.107674	-9.7324295	-1.2988545	30.544
-3.3243492	-9.664195	-1.4975731	30.594
-2.480393	-9.630676	-1.5071499	30.654
-1.3575124	-9.810242	-1.6364368	30.699
-1.0905589	-9.921572	-1.5334862	30.744
-0.94570965	-9.946711	-0.89782566	30.79
0.5243302	-9.745598	0.24420857	30.844
0.93014735	-9.750386	-0.33638534	30.894
0.9935937	-9.39365	0.32561144	30.944
1.198298	-9.325416	0.90620536	30.994
0.9720459	-9.394848	0.7493851	31.014
-0.36631286	-9.388862	1.1049241	31.094
-0.7182605	-9.67018	0.8822633	31.144
-0.78410107	-9.593566	0.78410107	31.198
-1.1803415	-9.53012	0.39504328	31.246
-1.7082629	-9.660604	0.1436521	31.294
-2.1440077	-9.503783	-0.21787235	31.344
-2.2900538	-9.285912	-0.49200845	31.394
-2.4133554	-9.528923	-0.5734113	31.462
-3.1387985	-9.742006	-0.81043726	31.494
-2.8634653	-9.605537	-1.0510546	31.544
-2.1547816	-9.783905	-1.3742718	31.594
-1.5155296	-9.809045	-1.2545617	31.66
-0.9696517	-9.827001	-0.91578215	31.694
-0.24420857	-9.982624	-0.37469256	31.744
0.31603462	-9.791088	-0.439336	31.794
0.6548142	-9.449914	0.20111294	31.844
1.1025299	-9.385271	0.29328972	31.917
1.5693992	-9.368511	0.30885202	31.954
0.16998832	-9.279925	0.35553896	32.005
-0.22625206	-9.411607	0.33638534	32.014
-1.8004397	-9.680955	-0.2789245	32.094
-1.6831238	-9.564836	-0.30526072	32.144
-1.7166426	-9.7803135	-0.8738836	32.207
-2.067393	-9.7324295	-1.0881647	32.244
-2.2840683	-9.277532	-1.2282255	32.304
-2.4768016	-9.435549	-0.90500826	32.344
-3.1531637	-9.9550905	-0.9696517	32.394
-2.5246856	-9.730036	-1.3144168	32.444
-1.5586253	-9.67018	-1.3108255	32.494
-1.3718776	-9.750386	-1.3215994	32.544
-0.7517793	-9.950302	-0.49559975	32.594
0.23702596	-10.126276	-0.24301147	32.654
0.6727707	-9.922769	-0.2801216	32.698
1.2808979	-9.215282	0.58897364	32.744
1.685518	-9.281123	1.2569559	32.794
1.2042835	-9.380483	0.91338795	32.844
0.9840169	-9.2907	1.4568717	32.905
0.36272156	-9.313444	1.2737153	32.944
-0.5482722	-9.634268	1.3359646	33.015
-0.6835446	-9.645041	1.0690111	33.024
-0.8571242	-9.682152	0.4429273	33.095
-1.198298	-9.862914	-0.045489833	33.144
-1.7621324	-9.66659	-0.1352724	33.197
-1.9632454	-9.503783	-0.39384618	33.244
-2.1452048	-9.469068	-0.31004912	33.294
-2.4109612	-9.874885	-0.18076223	33.344
-2.1535845	-9.551667	-0.031124622	33.394
-1.3084313	-9.759963	-0.18435353	33.444
-1.3634979	-10.030508	-0.7589619	33.494
-1.1575965	-9.9790325	-0.12569559	33.544
-0.37588966	-9.921572	0.25977087	33.594
0.7673417	-9.865308	0.16759412	33.644
1.555034	-9.634268	0.46088383	33.694
1.5753847	-9.259575	0.7505822	33.744
1.3096284	-9.16261	0.6931214	33.784
0.5291186	-9.4535055	0.5363012	33.844
0.142455	-9.461885	0.59615624	33.91
-0.1400608	-9.859323	0.08020575	33.954
-0.47764325	-9.7324295	-0.41060558	34.004
-0.7793127	-9.667787	-0.5530606	34.024
-1.7106571	-9.755175	-1.1623849	34.094
-1.9416976	-9.765948	-1.4149733	34.161
-2.5342624	-9.487024	-1.2569559	34.197
-3.2357635	-9.536105	-0.94331545	34.244
-2.7269957	-9.516952	-0.81761986	34.294
-1.5239093	-9.728839	-0.9900024	34.344
-1.555034	-9.849746	-0.8571242	34.395
-1.2952632	-9.838972	-0.2741361	34.445
-0.39863458	-10.007763	-0.009576807	34.494
-0.090979666	-9.880871	-0.10295067	34.544
0.2681506	-9.434352	0.4249708	34.594
0.56982	-9.629479	0.6847417	34.645
0.50996494	-9.435549	0.6596026	34.685
0.2801216	-9.434352	1.0869676	34.744
-0.61770403	-9.475053	1.0414777	34.794
-0.9528923	-9.349358	1.1755531	34.844
-0.6907272	-9.436746	0.49679685	34.904
-0.5793968	-9.615114	0.06823475	34.947
-1.7393875	-9.877279	-0.61530983	34.994
-2.4301147	-9.572019	-0.6619968	35.024
-2.3307555	-9.2547865	-0.44532153	35.094
-2.0386627	-9.810242	-0.5770026	35.144
-2.7629087	-9.838972	-1.3036429	35.224
-3.120842	-9.730036	-1.1300632	35.244
-2.2996306	-9.5492735	-0.93613285	35.304
-1.6340426	-9.722853	-1.0187328	35.344
-1.1001357	-10.0029745	-0.47046062	35.4
-0.688333	-9.776723	-0.045489833	35.444
-0.021547815	-9.64145	-0.005985504	35.494
0.9983821	-9.664195	0.45130703	35.544
1.3826514	-9.382876	0.712275	35.594
1.3515269	-9.466674	0.6584055	35.655
0.18195933	-9.487024	0.36750996	35.694
-0.2908955	-9.391256	0.6655881	35.754
-0.1340753	-9.859323	0.4141969	35.806
-0.5231331	-9.76954	0.33159694	35.844
-0.9696517	-9.64145	0.10534488	35.894
-1.5119383	-9.753978	-0.089782566	35.944
-1.7393875	-9.533711	-0.25617957	35.994
-1.8746599	-9.433155	-0.2837129	36.031
-2.111686	-9.643845	-0.2896984	36.09
-2.8886044	-9.785102	-0.7529764	36.144
-2.4121583	-9.475053	-0.6847417	36.195
-1.7741034	-9.661801	-0.62608373	36.244
-1.7417817	-9.864111	-0.6596026	36.294
-1.2773066	-9.909601	-0.39384618	36.344
-0.6344634	-9.964667	-0.093373865	36.384
-0.22744916	-9.673772	0.24779987	36.455
0.4441244	-9.57561	0.38187516	36.494
0.6679823	-9.363723	0.5255273	36.544
0.760159	-9.333796	0.7134721	36.594
0.39384618	-9.645041	0.6452374	36.64
-0.31124622	-9.481039	0.7565677	36.695
-0.4417302	-9.674969	0.40821138	36.767
-0.79367787	-9.581595	0.04070143	36.806
-1.3060371	-9.627085	-0.034715924	36.844
-1.7944542	-9.733627	-0.37229836	36.895
-2.0530279	-9.372103	-0.5303157	36.944
-2.055422	-9.48463	-0.61411273	37.008
-2.2361844	-9.713276	-0.80924016	37.047
-2.4720132	-9.762358	-1.0079589	37.094
-2.566584	-9.586384	-0.9959879	37.144
-2.054225	-9.5253315	-0.94211835	37.194
-1.7226281	-9.68694	-1.009156	37.244
-1.377863	-9.859323	-0.47524905	37.304
-0.89902276	-9.876082	-0.22266077	37.344
-0.5518635	-9.838972	-0.4381389	37.394
-0.10534488	-9.570822	0.17357962	37.464
0.34955344	-9.609129	0.45968673	37.504
0.5674258	-9.497798	0.48841715	37.543
0.50278234	-9.42238	0.60932434	37.593
-0.16400282	-9.452309	0.58897364	37.643
-0.60573304	-9.5971575	0.6572084	37.693
-0.79008657	-9.593566	0.23104046	37.764
-0.9864111	-9.621099	0.10414778	37.793
-1.6364368	-9.743204	-0.14724341	37.844
-2.0015526	-9.561244	-0.5506664	37.893
-2.0614076	-9.435549	-0.60333884	37.944
-2.2373815	-9.603143	-0.7038953	37.994
-2.8072014	-9.706094	-0.89064306	38.033
-2.9293058	-9.428367	-0.7553706	38.123
-1.9728222	-9.518148	-0.6823475	38.144
-1.780089	-9.797073	-0.7158663	38.193
-1.5717934	-9.879673	-0.45250413	38.249
-1.0414777	-9.903615	0.05267244	38.293
-0.39264908	-9.801862	0.088585466	38.343
0.10534488	-9.653421	0.4333505	38.393
0.62608373	-9.465476	0.81881696	38.443
0.89782566	-9.2907	0.9576807	38.493
0.59855044	-9.526528	0.89662856	38.543
-0.20829555	-9.460688	0.90141696	38.593
-0.5315128	-9.509769	0.92296475	38.643
-0.5566519	-9.560047	0.4405331	38.704
-0.80086046	-9.593566	0.37349546	38.743
-1.3311762	-9.7863	-0.15083471	38.794
-1.6867151	-9.594764	-0.7565677	38.843
-1.863886	-9.399636	-0.7505822	38.894
-2.1021092	-9.556456	-0.93014735	38.943
-2.4875755	-9.652225	-1.1911154	39.004
-2.694674	-9.701305	-1.4030021	39.034
-2.1428106	-9.5732155	-1.0809821	39.094
-1.8339585	-9.692925	-1.1432313	39.143
-1.6567876	-9.76954	-0.9528923	39.194
-1.2449849	-9.895236	-0.5446809	39.244
-0.7637503	-9.794679	-0.20350714	39.293
-0.079008654	-9.759963	-0.03232172	39.346
0.31124622	-9.775525	0.19512744	39.397
0.59855044	-9.400833	0.47764325	39.443
0.6967127	-9.372103	0.6691794	39.503
0.14963761	-9.5385	0.65242	39.543
-0.50397944	-9.5253315	0.8678981	39.598
-0.7350199	-9.703699	0.6332663	39.644
-0.94930094	-9.673772	0.44532153	39.705
-1.3491327	-9.805453	0.2621651	39.753
-1.8818425	-9.6845455	-0.074220255	39.793
-2.1320367	-9.343372	0.093373865	39.854
-2.3175871	-9.362526	0.1448492	39.894
-2.861071	-9.835381	-0.074220255	39.956
-3.50152	-9.667787	0.05267244	39.993
-2.8383262	-9.203311	0.4357447	40.034
-2.1942859	-9.481039	0.4177882	40.095
-1.484405	-9.81503	0.20829555	40.144
-1.0546459	-9.782708	0.7457938	40.193
-0.81642276	-9.586384	0.8810662	40.243
-0.08020575	-9.333796	1.0462662	40.295
0.4225766	-9.467871	1.2521675	40.343
-0.1400608	-9.479841	1.4185646	40.393
-0.062249243	-9.532514	1.8267759	40.443
0.11492168	-9.600749	1.6280571	40.494
0.18914193	-9.66659	0.736217	40.546
-0.45130703	-9.5492735	0.1592144	40.595
-1.401805	-9.734824	-0.09696517	40.657
-2.0290859	-9.751583	-0.15562311	40.693
-2.1380222	-9.581595	-0.49559975	40.743
-2.184709	-9.49301	-0.6835446	40.82
-2.5378537	-9.498995	-0.700304	40.843
-3.2848446	-9.520543	-0.62009823	40.894
-3.7588966	-9.692925	-0.08499416	40.944
-2.9747956	-9.53012	-0.60453594	40.993
-2.6252422	-9.563639	-0.8643068	41.033
-2.088941	-9.862914	-0.21308395	41.113
-1.3012487	-10.267534	0.22266077	41.143
-0.688333	-9.909601	0.23582886	41.193
0.5518635	-9.421184	0.5602432	41.244
1.0869676	-9.397242	1.2605472	41.308
0.9540894	-9.072827	1.340753	41.344
0.5446809	-9.449914	1.8411411	41.393
-0.005985504	-9.334992	1.958457	41.453
-0.1400608	-9.153033	2.2254105	41.494
-0.20949265	-9.746795	1.423353	41.543
-0.8571242	-9.721656	1.0414777	41.6
-1.4568717	-9.613917	0.7649474	41.643
-1.7681179	-9.664195	0.46926352	41.694
-2.1511903	-9.427169	0.062249243	41.743
-2.348712	-9.416395	0.21308395	41.809
-2.7688942	-9.635465	0.2657564	41.844
-3.3063924	-9.807847	-0.046686932	41.908
-2.6156654	-9.43914	-0.15562311	41.945
-2.0254946	-9.639056	-0.5243302	41.994
-2.054225	-9.878476	-0.48482585	42.033
-1.2330139	-10.159795	0.19632454	42.144
-0.8822633	-10.159795	0.19632454	42.144
-0.25139117	-9.546879	0.6979098	42.193
0.40821138	-9.130288	1.0737995	42.243
0.46208093	-9.548077	1.2737153	42.293
0.5662287	-9.388862	1.7537527	42.347
0.29209262	-9.329007	1.6208745	42.393
-0.4357447	-9.184157	1.8950106	42.443
-0.6344634	-9.465476	1.1923125	42.493
-0.78170687	-9.698911	0.60333884	42.533
-1.2976574	-9.713276	-0.08140286	42.604
-1.7106571	-9.631873	-0.20350714	42.643
-1.8698715	-9.610326	-1.151611	42.714
-2.0925324	-9.604341	-1.2605472	42.743
-2.9257145	-9.895236	-1.899799	42.814
-3.1399956	-9.631873	-1.5167267	42.843
-1.6220716	-9.574412	-1.1216835	42.904
-1.4784195	-9.890448	-1.1240777	42.943
-1.5873557	-9.890448	-0.61530983	42.993
-1.3371617	-9.90601	-0.35194764	43.035
-0.7290344	-9.738416	-0.22266077	43.094
-0.05865794	-9.397242	0.48841715	43.143
0.4165911	-9.740809	0.8511387	43.193
0.5374983	-9.26556	0.9636662	43.244
0.60333884	-9.427169	1.1097125	43.303
-0.107739076	-9.4295635	1.0977415	43.354
-0.45848963	-9.495404	1.103727	43.403
-0.5315128	-9.615114	0.8487445	43.453
-0.8655039	-9.65821	0.44771573	43.506
-1.3838485	-9.494206	0.40462008	43.543
-1.6208745	-9.459491	0.021547815	43.593
-2.1332338	-9.551667	-0.25857377	43.647
-2.3774424	-9.68694	-0.08379706	43.693
-2.4408886	-9.746795	-0.50517654	43.743
-2.565387	-9.594764	-0.49081135	43.793
-2.0087352	-9.627085	-0.17118542	43.875
-1.7381904	-9.861717	-0.21428105	43.893
-1.5825673	-9.944317	0.021547815	43.943
-1.3096284	-9.8198185	0.34835634	44.013
-0.62368953	-9.506178	0.39983168	44.043
0.07062895	-9.617508	0.93852705	44.093
0.6811504	-9.691729	0.9660604	44.143
0.62728083	-9.346964	1.1971009	44.198
0.35075054	-9.464279	1.2437878	44.244
-0.17956513	-9.412804	1.22224	44.294
-0.32441434	-9.690532	1.1791444	44.344
-0.40462008	-9.755175	0.8475474	44.393
-0.5805939	-9.668983	0.79367787	44.443
-1.1192893	-9.690532	0.45609543	44.496
-1.5310919	-9.582792	0.15203181	44.557
-2.0374656	-9.564836	0.09816227	44.593
-2.2637177	-9.579201	-0.1412579	44.644
-2.3319526	-9.694122	-0.16280572	44.693
-2.44448	-9.587581	-0.2705448	44.743
-2.2050598	-9.692925	-0.30166942	44.793
-2.0626047	-9.827001	-0.46447513	44.843
-1.6950948	-9.865308	-0.21667525	44.893
-1.1563994	-9.9790325	0.18555063	44.943
-0.6512229	-9.64145	0.62967503	44.999
-0.30286652	-9.5385	0.62488663	45.044
0.4213795	-9.61272	0.9672575	45.093
0.8858546	-9.156625	1.5646108	45.143
0.7218518	-9.362526	1.6639702	45.193
-0.10055647	-9.277532	1.4532804	45.274
-0.49799395	-9.458294	1.2270284	45.303
-0.5746084	-9.556456	0.8499416	45.343
-0.9900024	-9.578004	0.320823	45.393
-1.9536686	-9.782708	0.010773907	45.443
-1.934515	-9.619903	-0.29328972	45.494
-2.2050598	-9.397242	-0.81761986	45.544
-2.9017725	-9.751583	-0.7422025	45.593
-3.144784	-9.703699	-0.61530983	45.644
-2.6013002	-9.435549	-0.5327099	45.693
-2.3666685	-9.578004	-0.91458505	45.755
-2.2972364	-9.821015	-0.7529764	45.793
-1.8112136	-9.947908	-0.40222588	45.843
-1.0941502	-9.861717	0.1436521	45.894
-0.46806642	-9.587581	0.35673606	45.943
0.108936176	-9.627085	0.81642276	45.993
0.4237737	-9.603143	0.9564836	46.036
0.7673417	-9.266758	1.4041992	46.094
0.7781156	-9.442732	1.5634137	46.143
-0.45609543	-9.232041	1.4784195	46.193
-0.866701	-9.533711	1.6376339	46.251
-0.8643068	-9.725247	1.2018893	46.284
-1.2330139	-9.616311	0.8331822	46.343
-1.6196774	-9.66659	0.46088383	46.394
-1.9548657	-9.485827	0.1328782	46.455
-2.3630772	-9.441534	0.11731588	46.493
-2.4827871	-9.560047	0.011971008	46.544
-2.4420857	-9.775525	-0.12928689	46.593
-2.8550856	-9.677363	-0.025139118	46.653
-2.6024973	-9.452309	0.021547815	46.694
-2.232593	-9.676167	-0.14844051	46.743
-1.9369092	-9.933543	0.33997664	46.813
-1.2808979	-9.902418	0.5422867	46.843
-1.0163386	-9.734824	0.7398083	46.906
-0.10534488	-9.469068	1.1324574	46.954
0.5614403	-9.625888	1.3299791	46.994
0.5351041	-9.295488	1.3491327	47.054
0.48243165	-9.285912	1.7166426	47.093
-0.15203181	-9.329007	1.6244658	47.143
-0.5746084	-9.36492	1.6998832	47.193
-0.79367787	-9.562442	1.4197617	47.243
-1.1025299	-9.7958765	0.94690675	47.294
-1.685518	-9.757569	0.842759	47.343
-1.8447324	-9.522937	0.7541735	47.393
-2.0913353	-9.339781	0.760159	47.453
-2.4073699	-9.653421	0.6548142	47.493
-2.707842	-9.67018	0.47764325	47.543
-2.9604304	-9.55047	0.5602432	47.593
-2.658761	-9.355343	0.45370123	47.644
-2.3834279	-9.629479	0.08379706	47.693
-2.054225	-9.923966	0.2777274	47.756
-1.210269	-9.903615	0.7517793	47.793
-0.7422025	-9.837775	0.7410054	47.853
-0.37948096	-9.503783	0.91099375	47.893
0.18076223	-9.564836	1.1947067	47.953
0.33877954	-9.57561	1.1097125	47.993
0.5650316	-9.334992	1.2234371	48.044
0.38187516	-9.354146	1.3718776	48.101
-0.59735334	-9.179369	1.3132197	48.143
-0.8367735	-9.583989	0.8798691	48.193
-1.0761937	-9.627085	0.45848963	48.243
-1.7549498	-9.775525	-0.061052144	48.294
-2.066196	-9.701305	-0.3866636	48.343
-2.6024973	-9.337387	-0.7266402	48.393
-3.0705638	-9.346964	-0.49919105	48.443
-3.3291376	-9.604341	-0.08619126	48.494
-3.0921116	-9.580399	-0.33279404	48.574
-2.955642	-9.483433	-0.39624038	48.594
-2.5378537	-9.618706	-0.35075054	48.659
-1.7992426	-9.788693	-0.24779987	48.694
-1.2677298	-10.029311	0.142455	48.759
-0.7649474	-9.683349	0.33279404	48.794
-0.005985504	-9.543288	0.7015011	48.843
0.45968673	-9.655815	0.78170687	48.894
0.58298814	-9.384073	0.8367735	48.943
0.5363012	-9.406818	0.94211835	48.993
-0.63206923	-9.2907	1.079785	49.056
-0.79726917	-9.2907	1.079785	49.056
-0.78769237	-9.690532	0.7721301	49.143
-0.94092125	-9.710882	0.49919105	49.193
-1.5358804	-9.742006	0.21906945	49.245
-1.9297266	-9.580399	-0.06823475	49.293
-2.2134395	-9.532514	-0.21428105	49.343
-2.4265234	-9.554062	-0.18315643	49.393
-2.930503	-9.753978	-0.49320555	49.443
-3.0071173	-9.543288	-0.39743748	49.495
-2.4624364	-9.522937	-0.4417302	49.547
-2.1775265	-9.76116	-0.48602295	49.583
-1.769315	-9.866506	-0.076614454	49.644
-1.1803415	-9.920375	0.30286652	49.693
-0.6631939	-9.645041	0.49440265	49.744
-0.19273324	-9.623494	0.7350199	49.793
0.20231004	-9.348161	1.043872	49.844
0.021547815	-9.344569	1.2844892	49.893
-0.34955344	-9.345766	1.2904748	49.943
-0.80325466	-9.293094	1.4520833	49.995
-0.82360536	-9.539697	1.1432313	50.043
-0.92895025	-9.633071	0.8762778	50.094
-1.3934253	-9.598354	0.61890113	50.143
-1.9261353	-9.57561	0.20231004	50.197
-2.1631613	-9.514558	0.16998832	50.243
-2.337938	-9.43076	0.17357962	50.293
-2.3750482	-9.576807	-0.11492168	50.343
-2.742558	-9.7479925	-0.47165772	50.393
-2.779668	-9.534908	-0.4345476	50.444
-2.3690627	-9.606734	-0.48961425	50.494
-2.1619642	-9.825804	-0.5363012	50.543
-1.7944542	-9.886856	-0.16519992	50.594
-1.3742718	-9.842564	0.22744916	50.653
-0.93254155	-9.728839	0.48482585	50.694
-0.2645593	-9.619903	0.8439561	50.743
0.21068975	-9.5013895	1.1994951	50.804
0.14963761	-9.249998	1.436521	50.843
-0.17238252	-9.269152	1.4329298	50.893
-0.9684546	-9.2787285	1.6424223	50.964
-0.8726865	-9.457097	1.3838485	50.993
-1.0833763	-9.631873	0.89184016	51.043
-1.7968484	-9.611523	0.6572084	51.103
-2.3307555	-9.4535055	0.6512229	51.149
-2.2876596	-9.394848	0.3842694	51.194
-2.433706	-9.452309	0.46567222	51.243
-2.4624364	-9.583989	0.32680854	51.293
-2.72939	-9.746795	0.09816227	51.343
-2.8060043	-9.510966	0.11133038	51.4
-2.48159	-9.539697	0.01316811	51.455
-2.005144	-9.7324295	0.033518825	51.493
-1.5227122	-9.832987	0.22026655	51.546
-1.1168951	-9.911995	0.40940848	51.593
-0.7445967	-9.712079	0.641646	51.644
-0.35673606	-9.701305	0.7721301	51.704
0.12569559	-9.607931	0.8331822	51.744
0.23822308	-9.403227	0.9947908	51.793
0.06344634	-9.508572	1.055843	51.843
-0.51834464	-9.384073	1.0187328	51.914
-0.82360536	-9.544485	0.93254155	51.943
-0.7290344	-9.640253	0.7086837	51.993
-1.0606314	-9.646238	0.5422867	52.043
-1.2150574	-9.630676	0.48841715	52.054
-2.2050598	-9.470264	-0.076614454	52.143
-2.4732103	-9.408015	-0.28491	52.203
-2.6922798	-9.2787285	-0.5315128	52.243
-3.1112652	-9.749189	-0.65242	52.293
-3.276465	-9.682152	-0.89303726	52.343
-2.9376855	-9.531317	-0.9504981	52.423
-2.6551697	-9.48463	-0.90141696	52.443
-1.863886	-9.807847	-0.39264908	52.5
-1.2401965	-9.93474	-0.02873042	52.544
-0.8511387	-9.787497	0.4321534	52.602
-0.5291186	-9.548077	0.7338228	52.644
-0.16639702	-9.284714	0.9876082	52.693
0.06464344	-9.285912	0.9516952	52.744
-0.7541735	-9.31105	1.6136919	52.793
-1.4915876	-9.143456	1.6460136	52.854
-1.2258313	-9.551667	0.78649527	52.894
-1.1528081	-9.560047	0.48722005	52.953
-2.078167	-9.556456	0.37948096	52.993
-2.6671407	-9.555259	0.31603462	53.043
-2.7090392	-9.556456	0.32561144	53.054
-2.087744	-9.514558	0.08140286	53.144
-2.4157495	-9.623494	-0.22864626	53.193
-2.8909986	-9.690532	-0.4249708	53.253
-2.6288335	-9.478644	-0.30406362	53.293
-2.1296425	-9.621099	-0.2645593	53.344
-1.7776948	-9.884461	-0.20111294	53.393
-1.8339585	-9.759963	-0.04070143	53.443
-1.5741876	-9.680955	0.34237084	53.503
-0.7026982	-9.871294	0.89782566	53.543
0.19752164	-9.91798	0.533907	53.614
0.31483752	-9.697714	0.62249243	53.643
0.1412579	-9.083601	1.4784195	53.694
0.17597382	-9.193734	1.5562311	53.744
-0.90859956	-9.461885	1.6292542	53.793
-1.2282255	-9.348161	1.6759412	53.856
-1.0067618	-9.3733	1.5071499	53.894
-1.0366893	-9.554062	1.151611	53.943
-1.4867992	-9.43914	0.8619126	53.993
-1.9033904	-9.325416	0.46567222	54.043
-1.9752164	-9.36492	0.39264908	54.055
-2.5761611	-9.363723	-0.08619126	54.144
-2.7042508	-9.524135	-0.3878607	54.193
-3.0897174	-9.702502	-0.6955156	54.243
-2.9759927	-9.655815	-0.79487497	54.293
-1.8890251	-9.803059	-0.7553706	54.344
-1.5107412	-9.828198	-0.9720459	54.393
-1.3060371	-9.841366	-0.5494693	54.452
-1.2665327	-9.821015	-0.22385786	54.494
-0.8858546	-9.668983	0.29328972	54.554
-0.33877954	-9.595961	0.2621651	54.596
-0.0011971008	-9.864111	0.50397944	54.643
-0.22385786	-9.509769	0.7422025	54.706
-0.40821138	-9.52174	0.49559975	54.749
-0.20709845	-9.360131	0.8355764	54.803
-0.5793968	-9.330204	0.89303726	54.846
-1.0510546	-9.324219	0.78649527	54.893
-1.270124	-9.520543	0.6631939	54.943
-1.6112977	-9.629479	0.1376666	54.993
-1.7034745	-9.519346	-0.0035913025	55.044
-1.6496049	-9.507375	-0.01436521	55.054
-2.2002714	-9.560047	-0.3878607	55.143
-2.7569232	-9.4774475	-0.79846627	55.193
-3.0083144	-9.702502	-0.9648633	55.243
-3.0621839	-9.497798	-1.0594343	55.293
-2.4911668	-9.476251	-0.8870517	55.349
-2.1380222	-9.834184	-0.7649474	55.413
-2.03148	-9.800665	-0.3866636	55.455
-1.127669	-9.916783	-0.03232172	55.494
-0.47524905	-9.911995	0.05626374	55.574
0.020350715	-9.832987	0.32321724	55.593
0.5434838	-9.495404	0.48602295	55.634
0.36990416	-9.442732	0.077811554	55.694
-0.17717093	-9.674969	1.6603789	55.744
-0.05865794	-9.2069025	0.7158663	55.808
-0.9923966	-9.363723	1.2378023	55.854
-0.61530983	-9.69532	0.62488663	55.893
-1.0630256	-9.812635	0.760159	55.943
-1.5514427	-9.551667	0.39145198	55.993
-1.7489643	-9.417592	0.1412579	56.053
-1.8327614	-9.417592	0.1412579	56.053
-2.7712884	-9.611523	-0.1448492	56.145
-3.276465	-9.5971575	-0.20470424	56.193
-3.1184478	-9.369708	-0.044292733	56.243
-2.7581203	-9.726444	-0.18555063	56.323
-2.3319526	-9.720459	-0.18076223	56.343
-1.9919758	-9.803059	0.19393034	56.405
-1.3144168	-9.829395	0.39025488	56.454
-0.94570965	-9.7240505	0.4261679	56.493
-0.48003745	-9.645041	0.63087213	56.539
0.1592144	-9.482236	0.92895025	56.593
0.12569559	-9.441534	1.0079589	56.643
-0.33039984	-9.42238	1.0606314	56.693
-0.7661445	-9.423578	1.1348516	56.743
-0.5746084	-9.284714	1.1360487	56.802
-0.7433996	-9.569624	0.7398083	56.844
-1.543063	-9.636662	0.4177882	56.893
-1.9871874	-9.562442	0.30406362	56.943
-1.8818425	-9.507375	0.095768064	56.994
-2.0769699	-9.664195	-0.15322891	57.045
-2.5677812	-9.57561	-0.45848963	57.096
-2.8634653	-9.834184	-0.6655881	57.143
-2.7329812	-9.64983	-0.5374983	57.193
-2.1990743	-9.604341	-0.2813187	57.243
-1.8303672	-9.874885	-0.37110126	57.296
-1.6376339	-9.829395	-0.21428105	57.343
-1.2270284	-9.782708	0.17118542	57.395
-0.8319851	-9.8042555	0.41180268	57.445
-0.06703765	-9.755175	0.748188	57.493
0.30765492	-9.313444	0.9552865	57.543
0.37948096	-9.320627	1.0534488	57.609
-0.1352724	-9.556456	1.0749966	57.644
-1.1360487	-9.321824	1.3072342	57.693
-1.1540052	-9.362526	1.2210429	57.733
-1.1563994	-9.55885	0.79966336	57.804
-1.5215151	-9.627085	0.51834464	57.843
-1.9764135	-9.528923	0.36032736	57.893
-2.2613235	-9.40203	0.12449849	57.943
-2.4492683	-9.388862	-0.18674773	58.004
-2.6479871	-9.722853	-0.48961425	58.044
-3.0083144	-9.791088	-0.5590461	58.099
-2.789245	-9.452309	-0.3842694	58.143
-2.5091233	-9.594764	-0.34596214	58.193
-2.088941	-9.742006	-0.39145198	58.25
-1.8590976	-9.733627	-0.25139117	58.274
-1.2378023	-9.813833	0.029927522	58.351
-0.8726865	-9.702502	0.17956513	58.394
-0.30166942	-9.738416	0.5231331	58.443
0.055066638	-9.704897	0.7182605	58.496
0.17357962	-9.399636	0.9816227	58.543
-0.30406362	-9.343372	0.9768343	58.613
-0.81522566	-9.4295635	1.0570401	58.654
-0.8535329	-9.412804	1.0642227	58.693
-1.0618285	-9.440337	0.7685388	58.775
-1.5167267	-9.5732155	0.6811504	58.794
-2.0374656	-9.5492735	0.4429273	58.843
-2.337938	-9.2907	0.24660277	58.893
-2.5139117	-9.503783	0.019153614	58.947
-2.8119898	-9.502586	-0.31244332	58.993
-3.1950622	-9.613917	-0.4213795	59.043
-3.1711202	-9.424775	-0.32800564	59.093
-2.658761	-9.405622	-0.18315643	59.143
-2.3355439	-9.585187	-0.074220255	59.193
-2.1380222	-9.662998	-0.044292733	59.273
-1.8064252	-9.691729	0.08499416	59.293
-1.3706805	-9.652225	0.49799395	59.352
-0.9624691	-9.646238	0.5255273	59.394
-0.44891283	-9.615114	0.94331545	59.443
-0.020350715	-9.7563715	0.92416185	59.494
0.031124622	-9.5013895	0.5542577	59.562
-0.35434186	-9.3661175	1.0570401	59.594
-0.3878607	-9.431957	1.0055647	59.643
-0.439336	-9.43914	0.35194764	59.716
-0.91937345	-9.714474	0.7098808	59.744
-1.0953473	-9.56723	0.59256494	59.803
-1.5945383	-9.637859	-1.270124	59.843
-2.0039468	-9.629479	-0.11492168	59.893
-2.4899697	-9.803059	-0.6775591	59.944
-2.3953989	-9.797073	-0.9792285	59.993
-1.946486	-9.69532	-0.46567222	60.043
-1.5298948	-9.651027	-0.31603462	60.093
-1.3275849	-9.865308	-0.59495914	60.143
-0.81043726	-9.856929	-0.415394	60.189
-0.2861071	-9.443929	0.91578215	60.247
0.075417355	-10.274716	0.93134445	60.297
0.18195933	-9.657013	2.1152773	60.348
0.36870706	-9.217676	2.385822	60.397
1.2545617	-8.920795	0.79128367	60.444
0.7218518	-9.753978	1.2844892	60.524
-0.48841715	-9.594764	0.44891283	60.553
0.089782566	-9.384073	0.7757214	60.594
-0.25857377	-9.878476	0.21308395	60.644
-0.60932434	-9.757569	0.18076223	60.693
-0.7290344	-9.737218	0.39983168	60.754
-0.7398083	-9.702502	-0.49559975	60.795
-0.6488287	-9.896433	0.62728083	60.853
-0.7541735	-9.540894	1.0103531	60.894
-0.7086837	-9.654618	0.81043726	60.944
-0.5470751	-9.77792	0.1388637	60.993
-0.6332663	-9.742006	0.32202014	61.043
-0.39624038	-9.713276	0.5793968	61.103
-0.22744916	-9.76954	0.8798691	61.153
-0.20231004	-9.697714	0.65242	61.203
-0.19393034	-9.685743	-0.079008654	61.254
-0.11252748	-9.588778	1.4389153	61.324
0.05626374	-9.412804	1.2916719	61.364
0.1328782	-9.719262	1.3084313	61.394
-0.089782566	-9.645041	1.4652514	61.444
-0.037110128	-9.622296	0.6356605	61.504
