1.6376339	-9.200917	2.3235726	0.098
2.2122424	-9.583989	1.8662802	0.147
1.8531121	-9.375694	1.9608512	0.197
1.7166426	-9.340978	1.9859903	0.247
1.7070658	-9.384073	1.7968484	0.297
1.638831	-9.455899	1.7645266	0.348
1.541866	-9.431957	2.0757728	0.398
1.3802572	-9.211691	1.9117701	0.461
1.7549498	-9.334992	2.078167	0.517
2.1499932	-9.52174	1.6292542	0.547
1.9512744	-9.4774475	1.3958195	0.597
2.6192567	-9.4535055	2.0709844	0.648
1.9812019	-9.411607	0.91338795	0.696
1.5849615	-9.211691	2.2038627	0.747
1.5370775	-9.312247	2.408567	0.797
0.4141969	-9.343372	1.8207904	0.847
0.4165911	-9.184157	2.7485435	0.907
2.6180596	-9.176975	2.5845408	0.947
1.9740193	-9.333796	1.7106571	0.977
1.2258313	-9.248801	2.042254	1.046
0.90261406	-9.118318	2.019509	1.096
0.9876082	-9.497798	2.1284454	1.167
1.0295067	-10.204087	1.4149733	1.196
1.1025299	-9.397242	1.7501614	1.246
1.7393875	-9.185355	2.5785553	1.296
1.9620483	-9.187749	1.9488802	1.346
2.0961237	-9.443929	1.8363527	1.417
2.2266076	-9.329007	1.8100165	1.447
2.280477	-9.473856	1.5849615	1.513
2.0578163	-9.737218	1.2904748	1.557
1.9859903	-9.227253	1.6472107	1.596
2.7234044	-9.391256	1.8207904	1.647
2.360683	-9.387665	1.471237	1.696
1.5741876	-9.434352	2.0805612	1.777
1.2006922	-9.399636	2.1045034	1.796
1.1216835	-9.384073	1.9776106	1.846
0.8559271	-9.337387	2.1871033	1.907
0.79966336	-9.392453	2.3391352	1.946
0.9768343	-9.485827	2.3080103	1.976
1.2689269	-9.452309	1.8926164	2.05
1.6543933	-9.415198	2.030283	2.098
2.0207062	-9.340978	1.99437	2.137
2.7473464	-9.26197	1.6699557	2.199
2.9161377	-9.408015	1.5945383	2.25
2.5306711	-9.093178	1.6460136	2.298
2.6767175	-9.23683	1.7788919	2.349
2.4073699	-9.572019	1.6077064	2.398
1.4389153	-9.44752	1.7621324	2.449
1.3204023	-9.325416	2.0973208	2.487
1.1480197	-9.408015	2.1643584	2.536
0.90261406	-9.330204	2.0685902	2.592
0.82360536	-9.168595	2.3702598	2.647
1.0606314	-9.431957	2.4528596	2.696
1.1815386	-9.509769	2.1978772	2.748
1.3156139	-9.421184	2.0242975	2.796
1.7836803	-9.470264	1.9776106	2.847
2.1775265	-9.349358	1.7848774	2.897
2.859874	-9.160215	1.6065093	2.946
3.0178912	-9.14226	1.5239093	2.976
3.1639376	-9.370906	1.553837	3.06
2.4181437	-9.226056	1.4544775	3.097
2.1523874	-9.3661175	1.7286136	3.147
1.922544	-9.469068	1.7776948	3.196
1.460463	-9.423578	2.148796	3.246
1.0905589	-9.340978	2.148796	3.297
0.91338795	-9.362526	2.1643584	3.346
0.8571242	-9.362526	2.2038627	3.396
1.0905589	-9.339781	2.134431	3.446
1.352724	-9.568427	1.9512744	3.496
1.3946224	-9.55047	1.4891934	3.557
1.7417817	-9.461885	1.6771383	3.597
2.0290859	-9.421184	1.5658079	3.646
2.4349031	-9.337387	1.3682863	3.697
2.8263552	-9.185355	1.2737153	3.746
2.9735985	-9.337387	1.2641385	3.797
2.5342624	-9.296685	1.0271125	3.846
2.1296425	-9.443929	1.2521675	3.896
1.9656396	-9.496601	1.4329298	3.946
1.8483237	-9.514558	1.5334862	3.977
1.3120226	-9.424775	1.7238252	4.046
1.0175357	-9.463082	1.8483237	4.109
0.94092125	-9.408015	1.9752164	4.146
0.9540894	-9.362526	2.067393	4.196
1.1216835	-9.508572	2.0242975	4.246
1.5035586	-9.509769	1.6328455	4.298
1.9009962	-9.403227	1.5562311	4.357
2.0805612	-9.396045	1.6124948	4.396
2.4037786	-9.303867	1.4030021	4.446
2.9005754	-9.540894	1.1971009	4.496
2.837129	-9.173384	1.009156	4.546
3.028665	-9.258378	1.2677298	4.596
2.6491842	-9.64145	1.0235212	4.657
1.5310919	-9.519346	1.0283096	4.696
1.3383588	-9.469068	1.8004397	4.758
1.3754689	-9.497798	1.673547	4.797
1.1097125	-9.461885	1.6328455	4.847
0.748188	-9.317036	1.9560628	4.909
0.94810385	-9.458294	2.0099323	4.946
1.0833763	-9.546879	1.910573	4.966
1.5394717	-9.514558	1.6124948	5.049
2.0159178	-9.508572	1.4808137	5.096
2.2816741	-9.360131	1.3096284	5.147
2.4480712	-9.246407	1.3263878	5.207
2.861071	-9.358934	1.1887212	5.246
2.8646624	-9.308656	1.1719618	5.296
2.566584	-9.226056	1.2485762	5.347
2.553416	-9.587581	1.5370775	5.435
1.934515	-9.591172	1.5071499	5.447
1.3970166	-9.399636	1.7429788	5.497
1.186327	-9.443929	1.9393034	5.547
1.0235212	-9.481039	1.9369092	5.596
0.80924016	-9.326612	1.8555063	5.648
1.0139444	-9.376891	2.0901382	5.697
1.3012487	-9.51336	1.9261353	5.746
1.6352397	-9.464279	1.8543092	5.809
1.8830396	-9.417592	1.8028339	5.847
2.0518308	-9.277532	1.6376339	5.907
2.5737667	-9.295488	1.5191209	5.946
2.8981812	-9.317036	1.3754689	5.976
2.9340942	-9.314642	1.3371617	6.049
2.6132712	-9.129091	1.0953473	6.096
2.6982653	-9.431957	1.5741876	6.158
2.373851	-9.563639	1.5610195	6.197
1.3395559	-9.479841	1.6651673	6.246
1.1815386	-9.39365	1.9033904	6.296
1.2605472	-9.463082	1.9393034	6.346
0.9792285	-9.411607	2.0290859	6.407
0.78050977	-9.289502	2.1990743	6.446
0.961272	-9.502586	1.9919758	6.496
1.4089876	-9.5253315	1.8291701	6.546
1.7585411	-9.455899	1.8579005	6.61
2.1260512	-9.374496	1.7130513	6.647
2.4887726	-9.173384	1.6436194	6.696
2.825158	-9.221268	1.448492	6.75
3.1507695	-9.345766	1.1360487	6.797
2.5677812	-9.132683	1.2976574	6.847
2.4528596	-9.354146	1.6903064	6.897
2.1200657	-9.524135	1.5646108	6.947
1.9033904	-9.507375	1.5717934	6.977
1.2653356	-9.376891	2.0003555	7.046
1.1875241	-9.370906	1.9656396	7.111
1.0043676	-9.321824	2.078167	7.147
0.7589619	-9.343372	2.3056161	7.197
0.9696517	-9.400833	2.349909	7.246
1.4544775	-9.53012	1.9859903	7.296
1.8231846	-9.459491	1.8183962	7.347
2.0937295	-9.309854	1.7429788	7.396
2.7377696	-9.192537	1.6184803	7.446
3.1711202	-9.209297	1.3982137	7.496
3.2249897	-9.294291	1.352724	7.547
2.6312277	-9.19972	1.4149733	7.597
2.4899697	-9.301474	1.6328455	7.647
2.1667526	-9.595961	1.6903064	7.698
1.6220716	-9.457097	1.6891093	7.746
1.2880806	-9.309854	2.2421699	7.797
1.0630256	-9.285912	2.2050598	7.847
1.0714053	-9.296685	2.1320367	7.91
1.0821792	-9.399636	2.1559787	7.968
1.115698	-9.414001	2.172738	7.977
1.3826514	-9.476251	1.9440918	8.047
1.8100165	-9.42238	1.8171991	8.097
2.0745757	-9.419987	1.6579847	8.146
2.5091233	-9.226056	1.5586253	8.196
2.8455088	-9.349358	1.2976574	8.246
2.8299465	-9.222465	1.1623849	8.307
2.7162218	-9.408015	1.3982137	8.347
2.3834279	-9.382876	1.2150574	8.396
2.1452048	-9.51336	1.3575124	8.446
1.567005	-9.423578	1.5035586	8.496
1.340753	-9.403227	1.8088194	8.547
1.1324574	-9.358934	2.0147207	8.596
1.055843	-9.317036	2.267309	8.647
0.9636662	-9.41041	2.1703439	8.696
1.0402806	-9.503783	1.9608512	8.75
1.4065934	-9.502586	1.7393875	8.797
1.9057846	-9.440337	1.5095441	8.863
2.0949266	-9.408015	1.3946224	8.897
2.3139958	-9.31105	1.2904748	8.946
2.5510218	-9.305065	1.2761095	8.976
2.882619	-9.339781	1.1683705	9.058
2.6180596	-9.222465	1.1121067	9.096
2.3259668	-9.43914	1.3000516	9.146
1.9776106	-9.488221	1.5562311	9.196
1.7705121	-9.465476	1.7262194	9.246
1.4197617	-9.415198	1.7764976	9.296
1.1336545	-9.38168	1.7238252	9.346
1.0474633	-9.400833	1.9189527	9.396
1.0019734	-9.392453	1.9656396	9.446
1.1288661	-9.483433	1.9357121	9.496
1.4149733	-9.471462	1.7178397	9.576
1.8112136	-9.457097	1.6352397	9.597
2.005144	-9.375694	1.5933412	9.646
2.4492683	-9.288305	1.4449008	9.697
2.7090392	-9.289502	1.2940661	9.747
2.7473464	-9.309854	1.2976574	9.797
2.396596	-9.358934	1.2665327	9.846
2.3199813	-9.56723	1.3491327	9.917
2.1799207	-9.510966	1.1803415	9.946
1.8830396	-9.372103	1.3383588	9.986
1.4149733	-9.390059	1.5610195	10.047
0.91578215	-9.41041	1.7417817	10.097
0.7733272	-9.370906	1.9632454	10.146
1.1408371	-9.38168	2.1140802	10.196
1.5526398	-9.556456	1.8722657	10.247
1.5646108	-9.459491	1.8590976	10.297
1.7705121	-9.336189	1.780089	10.347
2.018312	-9.421184	1.5251064	10.396
2.5115175	-9.388862	1.2162545	10.446
2.8431146	-9.283517	1.1839328	10.496
2.7760768	-9.394848	1.2306197	10.547
2.504335	-9.24521	1.2521675	10.597
2.3666685	-9.416395	1.4772224	10.646
2.2218192	-9.446322	1.6124948	10.711
1.8100165	-9.502586	1.578976	10.757
1.3000516	-9.425972	1.8303672	10.796
1.3096284	-9.3733	1.9632454	10.847
1.1408371	-9.388862	1.9716251	10.897
1.0989386	-9.28232	2.0386627	10.948
1.2976574	-9.437943	2.0326772	10.997
1.3599066	-9.5013895	1.8231846	11.051
1.6328455	-9.404425	1.8483237	11.096
2.0590134	-9.392453	1.661576	11.147
2.4361002	-9.320627	1.3563153	11.196
2.932897	-9.258378	1.3395559	11.246
2.9843724	-9.23683	1.1540052	11.297
2.8095956	-9.31943	1.1528081	11.367
2.348712	-9.494206	1.2797008	11.396
1.875857	-9.479841	1.4927847	11.447
1.685518	-9.488221	1.6089035	11.496
1.400608	-9.43914	1.6831238	11.546
1.0618285	-9.309854	1.8722657	11.6
1.091756	-9.297882	2.0817583	11.637
1.1001357	-9.409213	1.9057846	11.696
1.1408371	-9.539697	1.7657237	11.757
1.3431472	-9.560047	1.6867151	11.796
1.8136078	-9.454702	1.5705963	11.858
2.0123265	-9.415198	1.411382	11.896
2.397793	-9.325416	1.2354081	11.937
2.7401638	-9.26556	1.2629414	11.996
3.0765493	-9.436746	1.2330139	12.048
2.5809495	-9.214086	1.2150574	12.097
2.3391352	-9.424775	1.5406688	12.147
1.9333179	-9.520543	1.4652514	12.196
1.5370775	-9.412804	1.7393875	12.246
1.4221559	-9.349358	1.8962077	12.297
1.0749966	-9.324219	1.9847932	12.347
1.0654198	-9.339781	2.0829554	12.396
1.0929531	-9.404425	2.0219033	12.446
1.2413936	-9.394848	2.030283	12.496
1.5454572	-9.510966	1.7561469	12.547
1.9369092	-9.4295635	1.7166426	12.597
2.0961237	-9.325416	1.6687586	12.646
2.5677812	-9.315839	1.3958195	12.706
2.9508536	-9.386468	1.3491327	12.746
2.790442	-9.194932	1.1480197	12.797
2.5474305	-9.308656	1.2916719	12.847
2.3750482	-9.446322	1.578976	12.897
1.9572599	-9.568427	1.401805	12.947
1.5023615	-9.334992	1.9357121	12.997
1.3311762	-9.350554	1.9644425	13.046
1.1168951	-9.399636	1.9009962	13.118
0.997185	-9.25359	2.100912	13.146
1.0582372	-9.411607	2.079364	13.196
1.2761095	-9.544485	1.9285295	13.246
1.6663644	-9.400833	1.8602947	13.317
2.0362685	-9.406818	1.7717092	13.346
2.4001873	-9.296685	1.5682021	13.396
2.6623523	-9.23683	1.5191209	13.446
2.9460652	-9.247604	1.3359646	13.496
2.8072014	-9.387665	1.3084313	13.547
2.183512	-9.367314	1.4628572	13.597
1.9752164	-9.483433	1.8507179	13.661
1.9405005	-9.397242	1.839944	13.697
1.7022774	-9.362526	1.9393034	13.746
1.4616601	-9.252393	1.970428	13.817
1.2401965	-9.246407	2.0638018	13.847
1.2677298	-9.374496	1.9560628	13.908
1.3634979	-9.38168	2.0290859	13.947
1.4413095	-9.441534	2.0003555	13.997
1.6962919	-9.448717	1.922544	14.047
1.9728222	-9.388862	1.8076223	14.097
2.124854	-9.307459	1.7298107	14.146
2.4109612	-9.293094	1.6843209	14.197
2.6120741	-9.275137	1.5646108	14.246
2.7257986	-9.26197	1.555034	14.327
2.432509	-9.204509	1.6136919	14.347
2.3104045	-9.394848	1.7776948	14.396
2.0638018	-9.437943	1.7465701	14.446
1.7441759	-9.40203	1.8303672	14.496
1.3263878	-9.315839	1.8806454	14.547
1.3060371	-9.27394	2.0973208	14.597
1.3311762	-9.329007	2.1547816	14.647
1.3694834	-9.3733	2.1679497	14.696
1.4784195	-9.39365	2.1523874	14.741
1.5873557	-9.466674	1.9081788	14.797
1.8411411	-9.350554	1.9189527	14.862
2.183512	-9.312247	1.9393034	14.897
2.528277	-9.247604	1.6675615	14.947
2.6132712	-9.260772	1.5598224	15.01
2.5785553	-9.334992	1.6651673	15.057
2.541445	-9.334992	1.6232687	15.097
2.2002714	-9.332599	1.780089	15.147
2.0949266	-9.448717	1.7477672	15.196
1.6950948	-9.372103	1.7525556	15.257
1.2162545	-9.263166	1.9476831	15.297
1.2126632	-9.28232	2.2254105	15.347
1.3754689	-9.325416	2.3020248	15.396
0.9756372	-9.500193	2.2002714	15.446
1.0462662	-9.473856	1.9369092	15.503
1.5693992	-9.42238	2.0386627	15.547
1.8950106	-9.416395	1.9057846	15.596
2.2720973	-9.345766	1.6759412	15.648
2.5701754	-9.160215	1.7633295	15.696
2.9400797	-9.325416	1.5586253	15.759
2.815581	-9.295488	1.3826514	15.796
2.5270798	-9.287108	1.5179238	15.838
2.0159178	-9.415198	1.7298107	15.896
1.7322049	-9.467871	1.7585411	15.947
1.4999673	-9.385271	1.9249382	15.998
1.4664485	-9.340978	2.0626047	16.007
1.1145009	-9.28232	2.3331497	16.096
0.91458505	-9.354146	2.31639	16.146
1.1001357	-9.404425	2.3798366	16.21
1.4161704	-9.415198	2.0925324	16.247
1.7812861	-9.455899	1.9871874	16.297
1.9859903	-9.361329	1.7154455	16.347
2.5941176	-9.263166	1.7621324	16.396
2.7988217	-9.193734	1.520318	16.453
2.9388826	-9.168595	1.5143325	16.497
2.7748797	-9.435549	1.5263035	16.546
2.1452048	-9.241618	1.5239093	16.605
2.0135236	-9.411607	1.9249382	16.646
1.7585411	-9.368511	1.9919758	16.697
1.4748282	-9.397242	2.0039468	16.747
1.103727	-9.235633	2.3104045	16.797
1.067814	-9.355343	2.336741	16.848
1.0067618	-9.367314	2.2026656	16.896
1.2018893	-9.459491	2.2637177	16.947
1.4173675	-9.5253315	1.9309237	16.996
1.4939818	-9.471462	1.8567034	17.006
2.2050598	-9.314642	1.9285295	17.096
2.5629928	-9.19972	1.7860745	17.146
2.8323407	-9.120711	1.7968484	17.192
2.9472623	-9.338584	1.5514427	17.247
2.554613	-9.252393	1.5382746	17.296
2.1990743	-9.370906	1.7753005	17.346
1.9512744	-9.443929	1.8136078	17.396
1.673547	-9.404425	1.9165585	17.446
1.2808979	-9.300277	2.2230163	17.497
1.1348516	-9.24521	2.3630772	17.546
1.0103531	-9.314642	2.433706	17.597
1.067814	-9.398438	2.2720973	17.646
1.3120226	-9.448717	2.208651	17.697
1.6376339	-9.42238	2.0219033	17.746
2.098518	-9.3026705	1.9249382	17.808
2.3451207	-9.285912	1.8052281	17.826
2.861071	-9.264363	1.6927006	17.896
2.89459	-9.23683	1.4927847	17.937
2.6994624	-9.157822	1.6639702	17.996
2.5127146	-9.349358	1.673547	18.045
2.15957	-9.437943	1.7082629	18.096
1.5717934	-9.406818	1.8650831	18.146
1.3084313	-9.260772	2.1416135	18.196
1.2737153	-9.264363	2.3199813	18.246
1.1671734	-9.306262	2.432509	18.296
1.0522517	-9.337387	2.3930047	18.346
1.4161704	-9.416395	2.267309	18.397
1.5682021	-9.320627	2.0614076	18.446
1.8710686	-9.340978	2.018312	18.497
2.3463178	-9.301474	1.6543933	18.546
2.5246856	-9.271546	1.4736311	18.596
2.7257986	-9.31105	1.8100165	18.647
3.0358477	-9.192537	1.3850456	18.697
2.48159	-9.382876	1.5035586	18.747
2.15957	-9.275137	2.019509	18.796
1.8136078	-9.510966	1.769315	18.864
1.4305356	-9.400833	2.0566192	18.898
1.0857705	-9.179369	2.4361002	18.946
1.091756	-9.120711	2.4049757	18.996
1.1611878	-9.330204	2.3235726	19.049
1.0833763	-9.460688	2.232593	19.099
1.3335704	-9.423578	2.098518	19.146
1.8423382	-9.423578	1.9524715	19.196
2.2254105	-9.3026705	1.7836803	19.246
2.5354595	-9.204509	1.7405846	19.296
2.956839	-9.312247	1.520318	19.357
2.8107927	-9.130288	1.6879122	19.397
2.6791117	-9.246407	1.8219875	19.446
2.291251	-9.442732	1.6531962	19.498
1.8303672	-9.433155	1.8914193	19.546
1.400608	-9.370906	1.9500773	19.597
1.2785037	-9.337387	2.0829554	19.633
1.2808979	-9.19972	2.4073699	19.704
1.1061212	-9.212888	2.5917234	19.747
1.1192893	-9.442732	2.4995465	19.796
1.2162545	-9.479841	2.1739352	19.846
1.5753847	-9.306262	2.1679497	19.897
2.0602105	-9.299079	2.1667526	19.946
2.5917234	-9.244013	1.7764976	19.996
2.7234044	-9.2069025	1.6759412	20.016
3.1268275	-9.202114	1.7226281	20.097
2.8000188	-9.295488	1.5598224	20.147
2.27928	-9.399636	1.7381904	20.196
1.8064252	-9.375694	1.9632454	20.246
1.5370775	-9.362526	2.1068976	20.296
1.4867992	-9.150639	2.2744915	20.352
1.4089876	-9.3026705	2.3930047	20.397
1.3180081	-9.388862	2.2756886	20.446
1.2569559	-9.340978	2.2062569	20.517
1.3934253	-9.376891	2.124854	20.547
1.5957354	-9.396045	2.1787236	20.587
1.887828	-9.308656	2.1296425	20.646
2.1296425	-9.26556	2.067393	20.692
2.4301147	-9.166202	2.0326772	20.747
2.6048915	-9.271546	1.8148049	20.796
2.7988217	-9.363723	1.7681179	20.847
2.468422	-9.143456	1.520318	20.896
2.4289176	-9.31105	1.7764976	20.946
2.0398598	-9.469068	1.9201498	20.996
1.3694834	-9.49301	1.9859903	21.041
1.1168951	-9.214086	2.445677	21.101
1.2126632	-9.336189	2.3080103	21.146
1.033098	-9.283517	2.3822308	21.196
1.1911154	-9.303867	2.3127987	21.246
1.614889	-9.490616	2.0398598	21.296
1.9309237	-9.372103	1.8818425	21.362
2.1092918	-9.257181	1.946486	21.399
2.4588451	-9.241618	1.9680338	21.446
2.6635494	-9.238028	1.816002	21.493
2.6372132	-9.2308445	1.8112136	21.547
2.5390508	-9.180567	1.8650831	21.597
2.480393	-9.294291	1.9416976	21.642
2.148796	-9.361329	1.9548657	21.696
1.6017209	-9.337387	2.030283	21.767
1.3706805	-9.309854	2.160767	21.796
1.2868834	-9.314642	2.2457612	21.846
1.282095	-9.336189	2.292448	21.917
1.2629414	-9.36492	2.337938	21.946
1.4616601	-9.436746	2.1918917	21.996
1.5263035	-9.427169	2.1404164	22.016
1.9572599	-9.295488	2.1308396	22.1
2.3259668	-9.161413	2.0278888	22.156
2.552219	-9.19134	1.9309237	22.196
2.6408045	-9.235633	1.8543092	22.246
2.6791117	-9.305065	1.7561469	22.296
2.3870192	-9.289502	1.9057846	22.346
2.2110453	-9.388862	1.8830396	22.406
1.7322049	-9.351752	1.9309237	22.447
1.5119383	-9.276335	2.1775265	22.497
1.2749124	-9.240421	2.36188	22.546
1.3694834	-9.226056	2.3930047	22.595
1.2198458	-9.36492	2.3678656	22.646
1.3156139	-9.427169	2.3068132	22.703
1.6160861	-9.460688	2.0566192	22.747
1.839944	-9.324219	2.006341	22.796
2.1057005	-9.25359	1.9895816	22.862
2.2972364	-9.210494	1.958457	22.871
2.5761611	-9.218874	1.8064252	22.947
2.707842	-9.32781	1.7812861	22.996
2.7114334	-9.358934	1.8387469	23.016
2.4049757	-9.368511	1.8567034	23.097
1.9716251	-9.344569	1.8483237	23.147
1.5478514	-9.382876	1.8674773	23.196
1.3634979	-9.289502	2.0925324	23.246
1.3838485	-9.239224	2.4229321	23.296
1.282095	-9.313444	2.469619	23.364
1.1839328	-9.351752	2.4480712	23.398
1.3359646	-9.394848	2.136825	23.446
1.6424223	-9.459491	1.8806454	23.497
2.0506337	-9.404425	1.7896658	23.547
2.4241292	-9.277532	1.7645266	23.597
2.6204538	-9.275137	1.6280571	23.647
2.7617116	-9.2787285	1.5478514	23.696
2.6779146	-9.252393	1.5945383	23.737
2.456451	-9.334992	1.7381904	23.796
2.0159178	-9.461885	1.5801731	23.846
1.6771383	-9.471462	1.6400281	23.887
1.1887212	-9.331401	1.9788077	23.947
1.2186487	-9.252393	2.2637177	23.996
1.2282255	-9.287108	2.2936451	24.017
1.1719618	-9.390059	2.3068132	24.096
1.30484	-9.417592	2.1272483	24.156
1.62686	-9.437943	1.9129672	24.197
2.0578163	-9.368511	1.8507179	24.246
2.3654714	-9.320627	1.7657237	24.296
2.731784	-9.2308445	1.5825673	24.346
2.8419175	-9.2787285	1.4460979	24.397
2.7150247	-9.185355	1.5861586	24.443
2.4839842	-9.43076	1.7130513	24.497
2.0949266	-9.412804	1.6675615	24.546
1.6220716	-9.367314	1.9381063	24.606
1.2952632	-9.26556	2.2014685	24.646
1.2186487	-9.217676	2.3678656	24.697
1.2497733	-9.210494	2.4540567	24.746
1.2090719	-9.369708	2.349909	24.797
1.2988545	-9.355343	2.2134395	24.847
1.6005238	-9.419987	2.1021092	24.896
1.9440918	-9.367314	1.8986019	24.952
2.421735	-9.28232	1.8674773	24.997
2.574964	-9.251195	1.8363527	25.017
2.906561	-9.244013	1.5574282	25.097
2.719813	-9.255983	1.5933412	25.146
2.420538	-9.333796	1.7597382	25.208
2.1655555	-9.41041	1.8195933	25.246
1.8315643	-9.4774475	1.7980455	25.296
1.4975731	-9.31943	1.9764135	25.346
1.3611037	-9.2069025	2.280477	25.396
1.3958195	-9.284714	2.3535004	25.447
1.2497733	-9.357738	2.2613235	25.496
1.2330139	-9.41879	2.2098482	25.552
1.4867992	-9.469068	2.0003555	25.597
1.8327614	-9.399636	1.9596541	25.647
2.2697031	-9.260772	1.8686744	25.699
2.6312277	-9.26197	1.6400281	25.746
2.7269957	-9.242816	1.5442601	25.802
2.8862102	-9.325416	1.5514427	25.847
2.6779146	-9.301474	1.4532804	25.896
2.2505496	-9.379285	1.5646108	25.947
1.7741034	-9.457097	1.6316484	25.996
1.7058687	-9.471462	1.6879122	26.016
1.2150574	-9.331401	2.111686	26.096
1.2904748	-9.284714	2.1739352	26.146
1.2856863	-9.334992	2.2697031	26.197
1.2186487	-9.463082	2.0578163	26.247
1.2868834	-9.472659	1.8375498	26.296
1.6998832	-9.446322	1.7621324	26.346
2.2158337	-9.356541	1.6699557	26.396
2.5917234	-9.217676	1.5239093	26.467
2.7688942	-9.238028	1.5047557	26.497
2.8060043	-9.306262	1.5035586	26.542
2.5785553	-9.315839	1.3814543	26.595
2.2098482	-9.385271	1.5765818	26.649
1.8818425	-9.421184	1.6915035	26.698
1.4999673	-9.39365	1.8555063	26.748
1.270124	-9.355343	2.0590134	26.809
1.2078748	-9.270349	2.3187842	26.849
1.4197617	-9.384073	2.3223755	26.898
1.210269	-9.349358	2.0147207	26.962
1.3084313	-9.409213	1.9668367	26.998
1.4748282	-9.446322	1.9261353	27.018
2.0925324	-9.400833	1.8016368	27.098
2.4037786	-9.291897	1.7262194	27.148
2.6384103	-9.263166	1.602918	27.213
2.778471	-9.259575	1.5945383	27.248
2.7257986	-9.3733	1.5717934	27.298
2.3798366	-9.405622	1.5622166	27.348
1.9919758	-9.372103	1.6543933	27.398
1.8255788	-9.372103	1.9285295	27.458
1.6436194	-9.305065	1.8626889	27.498
1.484405	-9.288305	2.147599	27.547
1.435324	-9.202114	2.2852654	27.598
1.3754689	-9.419987	2.3690627	27.64
1.0726024	-9.398438	2.0362685	27.698
1.1959038	-9.326612	2.184709	27.748
1.7944542	-9.463082	1.9871874	27.818
2.2290018	-9.382876	1.7944542	27.848
2.598906	-9.269152	1.6364368	27.898
2.7497406	-9.19134	1.5095441	27.939
2.9125464	-9.23683	1.400608	27.998
2.8921957	-9.156625	1.3239936	28.018
2.7102363	-9.403227	1.484405	28.098
2.0961237	-9.482236	1.5227122	28.148
1.3156139	-9.355343	1.8902222	28.208
1.2138603	-9.455899	2.172738	28.248
1.0259154	-9.363723	2.0697873	28.298
0.8571242	-9.330204	2.2337902	28.349
0.9600749	-9.351752	2.1691468	28.398
1.2473791	-9.44752	2.0231004	28.448
1.578976	-9.490616	1.7872716	28.498
1.8794483	-9.461885	1.6627731	28.551
2.2517467	-9.376891	1.5765818	28.599
2.755726	-9.202114	1.447295	28.648
2.9269116	-9.248801	1.4089876	28.709
2.885013	-9.287108	1.3910311	28.748
2.7006595	-9.277532	1.5466543	28.798
2.6276364	-9.437943	1.5693992	28.848
2.0003555	-9.466674	1.5107412	28.898
1.4030021	-9.440337	1.6998832	28.949
1.1659763	-9.340978	2.0266917	28.996
1.1994951	-9.352949	2.1571758	29.053
1.1133038	-9.275137	2.2050598	29.098
0.92655605	-9.346964	2.4384944	29.148
1.1444284	-9.43076	2.1547816	29.201
1.5861586	-9.527725	1.8722657	29.239
1.9009962	-9.388862	1.6460136	29.298
2.3774424	-9.31105	1.5586253	29.348
2.707842	-9.299079	1.2090719	29.398
2.8431146	-9.234436	1.282095	29.446
2.9879637	-9.235633	1.365892	29.499
2.6072857	-9.370906	1.3838485	29.549
2.336741	-9.459491	1.4856021	29.598
1.8746599	-9.51336	1.602918	29.655
1.3036429	-9.399636	1.5598224	29.698
1.1312603	-9.350554	2.1416135	29.748
1.2725182	-9.325416	2.1619642	29.805
0.9983821	-9.38168	2.1583729	29.848
1.2030864	-9.391256	2.0219033	29.898
1.3994108	-9.434352	1.9632454	29.949
1.6496049	-9.463082	1.9057846	29.998
1.8004397	-9.458294	1.8231846	30.018
2.2493525	-9.339781	1.5466543	30.098
2.621651	-9.176975	1.5957354	30.161
2.8742392	-9.275137	1.4580688	30.198
2.8107927	-9.275137	1.3611037	30.248
2.6910827	-9.202114	1.5598224	30.298
2.445677	-9.411607	1.5047557	30.348
1.9440918	-9.472659	1.5921441	30.407
1.292869	-9.443929	1.8267759	30.448
1.3275849	-9.375694	2.1416135	30.498
1.316811	-9.380483	2.2026656	30.54
1.0079589	-9.303867	2.2840683	30.599
0.985214	-9.42238	2.2409728	30.648
1.2641385	-9.464279	2.0386627	30.699
1.6065093	-9.481039	1.8195933	30.76
2.0111294	-9.388862	1.8255788	30.798
2.5151088	-9.222465	1.7046716	30.849
2.7832594	-9.188946	1.4508862	30.91
3.0011318	-9.214086	1.4867992	30.949
3.064578	-9.259575	1.5346833	30.999
2.9005754	-9.25359	1.4867992	31.018
2.1440077	-9.448717	1.7166426	31.098
1.7393875	-9.489418	1.7657237	31.159
1.4197617	-9.391256	1.8602947	31.201
1.2569559	-9.295488	2.2098482	31.248
1.1444284	-9.355343	2.2996306	31.298
0.9935937	-9.315839	2.244564	31.348
1.079785	-9.385271	2.2337902	31.398
1.3120226	-9.579201	1.9273324	31.449
1.685518	-9.387665	1.9081788	31.498
2.255338	-9.287108	1.839944	31.548
2.542642	-9.249998	1.7142484	31.61
2.9747956	-9.186552	1.5382746	31.648
3.2824504	-9.266758	1.4137762	31.709
2.9640217	-9.272743	1.340753	31.748
2.2900538	-9.465476	1.5263035	31.799
1.9560628	-9.43914	1.5993267	31.845
1.7537527	-9.455899	1.7681179	31.898
1.4580688	-9.255983	2.098518	31.956
1.3730747	-9.19972	2.3953989	31.998
1.3227965	-9.25359	2.4037786	32.018
0.8690952	-9.423578	2.3116016	32.098
1.0199299	-9.412804	2.1823149	32.148
1.5801731	-9.40203	2.0578163	32.208
1.9632454	-9.332599	1.9871874	32.248
2.5617957	-9.187749	1.8183962	32.298
2.907758	-9.244013	1.5526398	32.348
3.0298622	-9.242816	1.3706805	32.398
3.0370448	-9.459491	1.1731589	32.469
2.6264393	-9.2308445	1.1013328	32.498
2.4875755	-9.320627	1.4221559	32.543
1.5933412	-9.595961	1.6124948	32.598
1.1025299	-9.397242	2.0278888	32.648
1.1839328	-9.2308445	2.2732944	32.7
1.270124	-9.458294	2.2649148	32.748
1.0702082	-9.320627	2.2529438	32.79
1.1192893	-9.275137	2.303222	32.848
1.3132197	-9.510966	1.7585411	32.902
1.6256629	-9.528923	1.5753847	32.95
1.899799	-9.436746	1.7345991	32.998
2.2098482	-9.379285	1.6915035	33.028
2.8514943	-9.270349	1.3395559	33.098
2.847903	-9.220071	1.459266	33.158
2.6850972	-9.238028	1.4413095	33.198
2.6420016	-9.336189	1.5861586	33.248
2.315193	-9.445126	1.4987702	33.298
1.7286136	-9.479841	1.7022774	33.361
1.2318168	-9.378088	1.8938135	33.398
1.3012487	-9.379285	2.088941	33.448
1.1420342	-9.374496	2.136825	33.498
1.282095	-9.263166	2.4241292	33.549
1.328782	-9.374496	2.2720973	33.598
1.3132197	-9.465476	1.8686744	33.668
1.4903905	-9.44752	1.8830396	33.698
1.7860745	-9.386468	1.8064252	33.755
2.396596	-9.26556	1.7681179	33.798
2.7665	-9.192537	1.6783354	33.848
2.9005754	-9.194932	1.5239093	33.897
2.802413	-9.294291	1.4760253	33.948
2.5701754	-9.172187	1.5969325	33.998
2.5306711	-9.348161	1.6639702	34.028
1.9189527	-9.489418	1.5765818	34.098
1.365892	-9.336189	2.1511903	34.179
1.2425907	-9.330204	2.2026656	34.198
1.1875241	-9.403227	2.2158337	34.248
1.1073183	-9.216479	2.3199813	34.298
1.2162545	-9.25359	2.4372973	34.348
1.1791444	-9.55047	1.9907787	34.401
1.567005	-9.503783	1.7226281	34.438
2.3546975	-9.435549	1.7070658	34.498
2.566584	-9.115923	1.9189527	34.558
2.8909986	-9.136273	1.6903064	34.598
2.8287494	-9.2547865	1.6232687	34.678
2.4779987	-9.264363	1.6220716	34.698
2.3475149	-9.334992	1.6567876	34.747
2.0027497	-9.495404	1.6903064	34.798
1.7968484	-9.358934	1.863886	34.848
1.7633295	-9.28232	1.9632454	34.903
1.6903064	-9.349358	1.9620483	34.949
1.6340426	-9.394848	1.7824832	34.998
1.6280571	-9.325416	2.0003555	35.059
1.7956513	-9.375694	2.0626047	35.098
1.7860745	-9.51336	1.7022774	35.158
1.364695	-9.483433	1.7621324	35.198
1.555034	-9.309854	2.03148	35.248
1.9692309	-9.309854	1.9369092	35.298
2.4313118	-9.25359	1.6340426	35.348
2.5079262	-9.293094	1.6041151	35.422
2.6013002	-9.355343	1.5358804	35.449
2.5929205	-9.284714	1.4628572	35.498
2.493561	-9.471462	1.3263878	35.558
2.0470424	-9.470264	1.3682863	35.598
1.567005	-9.44752	1.6496049	35.661
1.3575124	-9.343372	1.8303672	35.698
1.411382	-9.368511	2.0338743	35.749
1.4556746	-9.321824	2.1332338	35.798
1.3156139	-9.424775	2.0925324	35.848
1.30484	-9.504981	1.8746599	35.888
1.5813702	-9.437943	1.8076223	35.948
1.9069817	-9.336189	1.8171991	35.998
2.3008277	-9.297882	1.757344	36.028
2.7964275	-9.23683	1.471237	36.107
2.789245	-9.238028	1.4257472	36.139
2.6862943	-9.2787285	1.5059528	36.198
2.5462334	-9.357738	1.6328455	36.248
2.2505496	-9.394848	1.5741876	36.298
1.8722657	-9.443929	1.804031	36.361
1.5382746	-9.384073	1.9488802	36.398
1.328782	-9.263166	2.0709844	36.448
1.3359646	-9.283517	2.2613235	36.509
1.2449849	-9.351752	2.304419	36.548
1.3251907	-9.471462	2.1643584	36.599
1.472434	-9.43076	1.9476831	36.649
1.7070658	-9.428367	1.863886	36.698
1.9632454	-9.26197	1.9249382	36.749
2.6874914	-9.144653	1.7046716	36.798
2.8778305	-9.149442	1.8614918	36.848
2.9460652	-9.300277	1.5370775	36.909
2.5965118	-9.454702	1.258153	36.948
1.7525556	-9.247604	1.2282255	36.998
1.6184803	-8.668207	2.5187001	37.028
2.5701754	-9.8437605	1.7764976	37.098
1.6519991	-9.543288	1.6101006	37.128
0.93613285	-9.126697	2.2014685	37.198
1.2054806	-9.394848	2.1499932	37.248
1.3347675	-9.465476	2.0518308	37.298
1.3503298	-9.32781	2.1978772	37.349
1.3826514	-9.415198	1.9608512	37.399
1.6101006	-9.560047	1.6567876	37.448
2.1631613	-9.514558	1.4317327	37.498
2.5821466	-9.222465	1.3323733	37.548
2.873042	-9.270349	1.389834	37.609
2.8263552	-9.272743	1.2689269	37.648
2.7006595	-9.126697	1.364695	37.698
2.7281928	-9.416395	1.5634137	37.748
2.207454	-9.516952	1.4808137	37.798
1.484405	-9.431957	1.6376339	37.859
1.1109096	-9.277532	1.9907787	37.898
1.282095	-9.411607	2.0817583	37.948
1.0857705	-9.339781	2.1188686	37.998
1.0055647	-9.2547865	2.3199813	38.028
1.0486604	-9.419987	2.0937295	38.095
1.4640543	-9.604341	1.7944542	38.148
1.8950106	-9.496601	1.7010803	38.198
2.2481554	-9.31943	1.6160861	38.248
2.7090392	-9.2069025	1.4784195	38.298
2.9963434	-9.218874	1.3682863	38.349
3.108871	-9.266758	1.3862427	38.398
2.992752	-9.168595	1.4041992	38.453
2.5258827	-9.41041	1.4149733	38.498
1.9752164	-9.441534	1.5777789	38.548
1.6747441	-9.380483	1.9967642	38.601
1.4149733	-9.509769	1.8962077	38.648
1.1204864	-9.330204	2.1787236	38.699
0.9504981	-9.285912	2.4408886	38.748
1.0570401	-9.27394	2.2709002	38.798
1.2605472	-9.483433	1.9788077	38.849
1.4903905	-9.583989	1.6519991	38.898
1.8710686	-9.412804	1.9369092	38.948
2.3068132	-9.3026705	1.6927006	38.998
2.5833437	-9.1829605	1.7753005	39.028
3.0693667	-9.136273	1.5023615	39.109
2.907758	-9.246407	1.460463	39.148
2.3953989	-9.363723	1.435324	39.198
2.2828712	-9.489418	1.7310078	39.248
2.1679497	-9.483433	1.6915035	39.298
1.9405005	-9.285912	2.123657	39.378
1.6950948	-9.3421755	2.0913353	39.398
1.2844892	-9.416395	1.9249382	39.45
1.1563994	-9.2308445	2.2038627	39.498
1.282095	-9.307459	2.4504654	39.548
1.2892777	-9.391256	2.0123265	39.598
1.3587095	-9.479841	1.8483237	39.648
1.5059528	-9.458294	1.8806454	39.712
2.0326772	-9.39365	1.9021933	39.749
2.528277	-9.3026705	1.5502456	39.798
2.718616	-9.227253	1.5801731	39.848
2.7353754	-9.2308445	1.4760253	39.898
2.801216	-9.42238	1.2773066	39.948
2.6144683	-9.255983	1.3024458	39.998
2.6324248	-9.3733	1.3862427	40.028
2.385822	-9.416395	1.543063	40.101
1.2473791	-9.488221	1.5502456	40.148
0.9672575	-9.312247	2.0925324	40.198
1.22224	-9.412804	2.2182279	40.248
1.0462662	-9.38168	2.0566192	40.298
0.9911995	-9.340978	2.1057005	40.349
1.2785037	-9.5385	1.7812861	40.398
1.7178397	-9.500193	1.7465701	40.448
2.0494366	-9.36492	1.6867151	40.498
2.4612393	-9.2547865	1.5490485	40.548
2.790442	-9.17099	1.4305356	40.598
2.9149406	-9.208099	1.4568717	40.648
2.9005754	-9.406818	1.3754689	40.709
2.6252422	-9.283517	1.3180081	40.748
2.3798366	-9.357738	1.6172832	40.798
2.19668	-9.408015	1.638831	40.853
1.5646108	-9.563639	1.5693992	40.898
1.1552023	-9.277532	2.0506337	40.949
1.2976574	-9.345766	2.2493525	40.998
1.3275849	-9.374496	2.2266076	41.028
1.0498575	-9.350554	2.172738	41.098
1.2282255	-9.503783	2.043451	41.148
1.6376339	-9.543288	1.7429788	41.198
1.9859903	-9.368511	1.6711528	41.248
2.4971523	-9.211691	1.7106571	41.298
2.9496565	-9.216479	1.5239093	41.344
3.0262709	-9.121908	1.3515269	41.399
3.0550013	-9.306262	1.5310919	41.448
2.60968	-9.293094	1.4053963	41.499
2.3630772	-9.41879	1.638831	41.548
1.8854338	-9.502586	1.7812861	41.599
1.2952632	-9.3421755	1.8866309	41.649
1.2186487	-9.293094	2.268506	41.698
1.2677298	-9.351752	2.2385786	41.749
1.0666169	-9.330204	2.2517467	41.798
1.0534488	-9.36492	2.1392193	41.863
1.3084313	-9.471462	1.9237411	41.908
1.6879122	-9.433155	1.9333179	41.948
2.1332338	-9.421184	1.6807296	41.998
2.4420857	-9.315839	1.4987702	42.028
2.919729	-9.333796	1.460463	42.128
3.1232362	-9.460688	1.2114661	42.148
3.1387985	-9.129091	1.0067618	42.198
3.1507695	-9.329007	1.2198458	42.248
2.0458453	-9.479841	1.2282255	42.298
1.1504139	-9.586384	1.401805	42.349
1.0414777	-9.406818	1.970428	42.399
1.0007763	-9.339781	2.0817583	42.448
1.1456255	-9.351752	2.171541	42.498
0.82001406	-9.411607	2.0242975	42.548
0.90620536	-9.379285	1.934515	42.61
1.3359646	-9.582792	1.6460136	42.648
1.7010803	-9.572019	1.6472107	42.699
1.839944	-9.458294	1.6663644	42.749
2.433706	-9.305065	1.4784195	42.798
2.966416	-9.277532	1.389834	42.848
2.9724014	-9.2308445	1.2797008	42.909
2.8048072	-9.247604	1.3467385	42.948
2.7461493	-9.338584	1.3515269	42.998
2.5821466	-9.440337	1.3682863	43.028
1.8124107	-9.425972	1.5957354	43.1
1.4089876	-9.459491	1.8926164	43.148
1.1444284	-9.315839	2.1057005	43.198
1.0845734	-9.288305	2.2457612	43.248
1.0606314	-9.369708	2.2780828	43.298
1.1097125	-9.337387	2.1978772	43.349
1.2449849	-9.526528	1.9955671	43.398
1.5167267	-9.495404	1.7669208	43.448
1.9572599	-9.419987	1.8207904	43.508
2.3535004	-9.285912	1.6340426	43.548
2.8191724	-9.212888	1.532289	43.609
3.086126	-9.198523	1.4437037	43.648
3.0490158	-9.130288	1.3994108	43.699
2.814384	-9.317036	1.3874398	43.748
2.3295584	-9.482236	1.5263035	43.798
1.7717092	-9.49301	1.685518	43.84
1.3204023	-9.354146	2.0135236	43.898
1.3180081	-9.331401	2.1655555	43.948
1.1575965	-9.351752	2.2397757	43.998
1.0486604	-9.285912	2.3523033	44.028
1.1312603	-9.336189	2.1296425	44.109
1.4748282	-9.543288	1.8698715	44.148
1.6244658	-9.451111	1.8363527	44.198
2.0171149	-9.320627	1.9165585	44.248
2.5354595	-9.3182335	1.6053122	44.298
2.8299465	-9.234436	1.4041992	44.349
2.9137435	-9.209297	1.3814543	44.389
2.96881	-9.293094	1.353921	44.448
2.693477	-9.394848	1.3383588	44.509
2.336741	-9.3733	1.3982137	44.548
2.110489	-9.417592	1.7848774	44.618
1.6124948	-9.454702	1.7202339	44.648
1.033098	-9.293094	2.110489	44.708
1.0570401	-9.2547865	2.3439236	44.748
1.1168951	-9.392453	2.1990743	44.798
1.0319009	-9.391256	2.0099323	44.849
1.1731589	-9.4535055	1.887828	44.898
1.6639702	-9.537302	1.7381904	44.948
2.0171149	-9.427169	1.6364368	44.998
2.2948422	-9.349358	1.6017209	45.028
2.8335378	-9.209297	1.3120226	45.1
2.9364884	-9.209297	1.2976574	45.148
3.0119057	-9.380483	1.3204023	45.198
2.767697	-9.218874	1.292869	45.248
2.6491842	-9.378088	1.448492	45.298
1.8459295	-9.534908	1.4796166	45.378
1.0666169	-9.466674	1.6041151	45.398
1.1456255	-9.355343	2.2649148	45.454
1.2557588	-9.419987	2.0231004	45.499
1.151611	-9.309854	2.19668	45.551
1.0726024	-9.289502	2.2098482	45.598
1.3491327	-9.56723	1.8291701	45.648
1.4688427	-9.53012	1.6136919	45.698
2.066196	-9.378088	1.8507179	45.748
2.3403323	-9.338584	1.7501614	45.798
2.9245174	-9.119514	1.5526398	45.848
3.132813	-9.1829605	1.4580688	45.898
3.1052797	-9.210494	1.4664485	45.948
2.8323407	-9.238028	1.471237	46.019
2.4157495	-9.494206	1.5442601	46.049
1.8686744	-9.457097	1.6208745	46.1
1.4616601	-9.363723	2.123657	46.148
1.3275849	-9.38168	2.1547816	46.198
1.1911154	-9.285912	2.255338	46.248
1.0737995	-9.267955	2.4708161	46.299
1.0510546	-9.32781	2.3690627	46.348
1.2521675	-9.454702	1.9847932	46.398
1.5382746	-9.473856	1.8710686	46.448
1.9620483	-9.403227	1.9800048	46.498
2.3870192	-9.289502	1.7717092	46.548
2.7724855	-9.19134	1.62686	46.6
3.0310593	-9.178172	1.4293385	46.648
3.0897174	-9.2787285	1.5119383	46.698
2.8287494	-9.173384	1.3958195	46.755
2.3882163	-9.440337	1.5155296	46.798
2.0278888	-9.503783	1.6663644	46.848
1.4173675	-9.4295635	1.8052281	46.898
1.2282255	-9.367314	2.1188686	46.949
1.2533646	-9.372103	2.1631613	46.998
1.1133038	-9.358934	2.1978772	47.048
1.0666169	-9.307459	2.1583729	47.098
1.2282255	-9.457097	1.9656396	47.148
1.5095441	-9.544485	1.7070658	47.198
1.8112136	-9.321824	1.733402	47.279
2.303222	-9.275137	1.7082629	47.298
2.705448	-9.221268	1.496376	47.353
2.966416	-9.19134	1.340753	47.398
3.063381	-9.257181	1.4281414	47.448
2.7329812	-9.337387	1.3395559	47.498
2.4265234	-9.396045	1.4089876	47.548
1.9405005	-9.582792	1.5969325	47.608
1.496376	-9.496601	1.6352397	47.648
1.2868834	-9.26197	2.1416135	47.698
1.2246342	-9.337387	2.220622	47.756
1.1288661	-9.339781	2.291251	47.798
1.0175357	-9.374496	2.2110453	47.848
1.3096284	-9.459491	1.9536686	47.898
1.496376	-9.467871	1.8459295	47.958
1.9440918	-9.36492	1.9237411	47.999
2.396596	-9.264363	1.7717092	48.048
2.7844565	-9.272743	1.4760253	48.099
2.967613	-9.173384	1.435324	48.148
3.107674	-9.32781	1.4556746	48.198
2.7401638	-9.331401	1.4532804	48.268
2.492364	-9.457097	1.5753847	48.298
1.99437	-9.556456	1.5897499	48.349
1.4640543	-9.387665	1.8938135	48.398
1.2126632	-9.308656	2.1416135	48.454
1.2593501	-9.321824	2.2014685	48.488
1.1061212	-9.334992	2.3439236	48.548
0.9911995	-9.297882	2.232593	48.598
1.271321	-9.454702	1.9764135	48.648
1.5634137	-9.494206	1.8782512	48.694
1.946486	-9.39365	1.9452889	48.748
2.4887726	-9.291897	1.7657237	48.798
3.1304188	-9.271546	1.460463	48.848
3.003526	-9.266758	0.6895301	48.9
2.4744074	-9.269152	1.2641385	48.948
2.9843724	-9.404425	1.4975731	48.998
2.018312	-9.630676	1.1575965	49.048
1.7381904	-9.4295635	2.006341	49.098
1.650802	-9.370906	1.8303672	49.161
1.1504139	-9.299079	2.1667526	49.199
0.9983821	-9.165004	2.2002714	49.248
1.0319009	-9.43076	2.183512	49.298
0.80684596	-9.39365	2.0446482	49.348
1.0067618	-9.512163	1.851915	49.398
1.4760253	-9.568427	1.757344	49.445
2.0937295	-9.52174	1.7190368	49.498
2.3774424	-9.334992	1.6065093	49.54
2.9472623	-9.136273	1.5658079	49.598
3.052607	-9.155427	1.4197617	49.648
2.8862102	-9.270349	1.5514427	49.699
2.4839842	-9.2907	1.4760253	49.749
2.2505496	-9.428367	1.6807296	49.798
1.8531121	-9.487024	1.7645266	49.848
1.3694834	-9.40203	1.9069817	49.898
1.2737153	-9.301474	2.1499932	49.949
1.2401965	-9.334992	2.078167	49.998
1.1228806	-9.363723	2.2014685	50.048
1.1228806	-9.363723	2.2014685	50.048
1.352724	-9.503783	1.8854338	50.148
1.5406688	-9.508572	1.8243817	50.199
1.9764135	-9.378088	1.8483237	50.248
2.3630772	-9.251195	1.7908629	50.298
2.7820623	-9.217676	1.5921441	50.358
3.0885203	-9.249998	1.4329298	50.398
2.944868	-9.196129	1.3826514	50.438
2.384625	-9.467871	1.520318	50.5
2.067393	-9.470264	1.7250223	50.563
1.875857	-9.349358	1.7872716	50.598
1.7118542	-9.408015	2.0506337	50.648
1.2090719	-9.275137	2.1260512	50.698
1.1252748	-9.223662	2.3008277	50.749
1.151611	-9.39365	2.1871033	50.799
1.0809821	-9.4535055	1.9548657	50.848
1.3215994	-9.49301	1.9692309	50.898
1.7992426	-9.441534	1.9177556	50.948
2.112883	-9.372103	1.8818425	50.998
2.4241292	-9.239224	1.7357962	51.049
2.504335	-9.208099	1.7106571	51.058
2.7497406	-9.259575	1.4652514	51.148
2.7353754	-9.269152	1.4149733	51.213
2.7257986	-9.197326	1.5358804	51.248
2.4361002	-9.44752	1.508347	51.299
1.7513585	-9.494206	1.7058687	51.348
1.3587095	-9.446322	1.99437	51.403
1.1408371	-9.309854	2.3786395	51.448
1.1492168	-9.396045	2.2062569	51.498
0.8678981	-9.39365	2.0913353	51.548
0.89902276	-9.387665	2.0829554	51.598
1.3850456	-9.514558	1.8890251	51.648
1.8459295	-9.405622	1.8734628	51.708
2.3116016	-9.220071	1.9069817	51.748
2.6898856	-9.174581	1.8076223	51.798
3.0765493	-9.287108	1.3814543	51.848
3.1423898	-9.228451	1.3060371	51.921
2.7353754	-9.203311	1.5251064	51.948
2.5605986	-9.331401	1.6316484	51.998
2.1033063	-9.400833	1.7621324	52.048
1.436521	-9.516952	1.9524715	52.098
1.0402806	-9.275137	2.1883004	52.149
1.0881647	-9.312247	2.2768857	52.199
1.0737995	-9.345766	2.2230163	52.248
1.0570401	-9.330204	2.3403323	52.298
1.3754689	-9.497798	1.9512744	52.348
1.5957354	-9.467871	1.8555063	52.398
1.9668367	-9.390059	1.9273324	52.448
2.5139117	-9.208099	1.6927006	52.508
2.8395233	-9.157822	1.6316484	52.548
2.979584	-9.190144	1.5191209	52.598
2.920926	-9.202114	1.543063	52.651
2.5845408	-9.306262	1.6543933	52.698
2.2182279	-9.458294	1.6579847	52.748
1.7932571	-9.440337	1.827973	52.798
1.459266	-9.355343	1.9859903	52.87
1.2114661	-9.293094	2.0685902	52.899
1.1839328	-9.357738	2.2601264	52.948
1.0486604	-9.340978	2.172738	52.998
1.1875241	-9.403227	2.1511903	53.048
1.2042835	-9.427169	2.1296425	53.058
1.7956513	-9.375694	2.043451	53.149
2.1739352	-9.28232	1.99437	53.198
2.4037786	-9.166202	1.9045875	53.269
3.0334535	-9.217676	1.4808137	53.298
2.9161377	-9.315839	1.1623849	53.344
2.6982653	-9.179369	1.423353	53.399
2.5797524	-9.391256	1.471237	53.438
2.1296425	-9.403227	1.5275006	53.491
1.7429788	-9.52174	1.650802	53.548
1.2449849	-9.427169	1.7489643	53.598
1.1935096	-9.264363	2.183512	53.649
1.2030864	-9.362526	2.1440077	53.698
1.0187328	-9.445126	1.9800048	53.748
1.1133038	-9.528923	1.7812861	53.813
1.5777789	-9.543288	1.6795325	53.848
1.9405005	-9.452309	1.7824832	53.898
2.099715	-9.277532	1.7357962	53.948
2.6779146	-9.252393	1.2665327	53.998
2.8491	-9.332599	1.1073183	54.048
2.8395233	-9.309854	1.115698	54.119
2.3247697	-9.472659	1.13964	54.148
1.9955671	-9.497798	1.0618285	54.198
1.8303672	-9.630676	1.3383588	54.249
1.7238252	-9.255983	1.4903905	54.298
1.7154455	-9.433155	1.9045875	54.359
1.4209588	-9.374496	2.086547	54.398
1.3263878	-9.449914	1.934515	54.47
0.8415619	-9.494206	1.9560628	54.498
1.0307038	-9.510966	1.7154455	54.548
1.4867992	-9.490616	1.7956513	54.598
1.8411411	-9.387665	1.7884687	54.648
2.3558946	-9.41879	1.4221559	54.698
2.6551697	-9.1829605	1.5658079	54.748
2.6839	-9.226056	1.388637	54.798
2.7976246	-9.428367	1.1540052	54.849
2.4875755	-9.288305	1.0043676	54.898
2.0817583	-9.448717	1.5095441	54.948
1.7022774	-9.507375	1.6005238	54.998
1.3623008	-9.391256	1.8327614	55.079
1.1683705	-9.372103	1.8914193	55.089
1.3084313	-9.394848	1.9644425	55.148
1.2042835	-9.333796	2.1284454	55.199
1.0953473	-9.471462	2.054225	55.248
1.271321	-9.466674	1.8327614	55.3
1.62686	-9.431957	1.8567034	55.348
2.0602105	-9.390059	1.6316484	55.399
2.6132712	-9.276335	1.2593501	55.448
2.8203697	-9.271546	1.1815386	55.498
2.9233203	-9.269152	1.1228806	55.549
2.6910827	-9.526528	1.0726024	55.598
2.2541409	-9.397242	1.055843	55.648
2.147599	-9.417592	1.4903905	55.712
1.7070658	-9.469068	1.4999673	55.758
1.4700398	-9.488221	1.6938977	55.798
1.2797008	-9.338584	2.219425	55.848
1.1659763	-9.2069025	2.373851	55.898
0.90859956	-9.460688	1.9692309	55.948
0.94331545	-9.423578	1.9500773	56.039
1.186327	-9.464279	1.8926164	56.048
1.6017209	-9.469068	1.7956513	56.088
2.1320367	-9.317036	1.5035586	56.169
2.7281928	-9.266758	1.5382746	56.198
2.9161377	-9.194932	1.2773066	56.249
3.1471782	-9.287108	1.2952632	56.279
3.1124623	-9.2308445	1.0761937	56.348
2.5342624	-9.510966	1.3742718	56.408
1.8746599	-9.548077	1.4987702	56.448
1.2964603	-9.449914	1.7286136	56.498
1.1468226	-9.324219	2.0578163	56.551
1.1061212	-9.321824	2.2158337	56.598
0.842759	-9.313444	2.2146366	56.648
0.80325466	-9.326612	2.1751323	56.698
1.0522517	-9.587581	1.8555063	56.748
1.5119383	-9.531317	1.62686	56.798
1.9692309	-9.452309	1.7046716	56.848
2.5558102	-9.325416	1.5346833	56.898
3.3375173	-9.149442	1.388637	56.948
3.288436	-9.184157	1.198298	57.008
3.1124623	-9.25359	1.1204864	57.048
2.835932	-9.306262	1.1192893	57.098
2.835932	-9.306262	1.1192893	57.098
1.922544	-9.391256	1.6543933	57.198
1.7022774	-9.479841	1.7788919	57.256
1.1575965	-9.386468	2.0326772	57.298
1.0283096	-9.217676	2.2972364	57.348
1.0055647	-9.23683	2.3139958	57.408
0.88944596	-9.446322	2.112883	57.448
1.033098	-9.5492735	2.0638018	57.498
1.4425066	-9.404425	1.8746599	57.578
2.0087352	-9.400833	1.8423382	57.598
2.4277205	-9.308656	1.6567876	57.648
3.0813377	-9.052477	1.4329298	57.698
3.217807	-9.178172	1.3718776	57.743
3.3087866	-9.331401	1.2437878	57.801
2.7868507	-9.255983	1.0845734	57.848
2.4624364	-9.442732	1.3742718	57.898
1.9500773	-9.516952	1.4676456	57.948
1.4856021	-9.461885	1.8016368	57.998
1.4053963	-9.385271	2.0566192	58.068
1.1911154	-9.300277	2.147599	58.098
1.0893618	-9.241618	2.2505496	58.157
0.9792285	-9.498995	1.910573	58.199
0.94810385	-9.437943	1.8698715	58.248
1.246182	-9.473856	1.839944	58.329
1.9189527	-9.405622	1.7501614	58.348
2.2278047	-9.387665	1.5993267	58.404
2.7641058	-9.188946	1.388637	58.448
3.1244333	-9.216479	1.1959038	58.498
3.2549171	-9.300277	1.1563994	58.549
2.9771898	-9.289502	1.1791444	58.598
2.5139117	-9.399636	1.3335704	58.648
1.9440918	-9.534908	1.3599066	58.698
1.3479356	-9.479841	1.7190368	58.749
1.1935096	-9.314642	1.9907787	58.798
1.1073183	-9.314642	2.3223755	58.848
0.89423436	-9.380483	2.2421699	58.898
0.91578215	-9.41041	2.1164744	58.948
1.0606314	-9.533711	1.7764976	58.998
1.5095441	-9.531317	1.5562311	59.05
1.9620483	-9.441534	1.5502456	59.088
2.5809495	-9.2787285	1.460463	59.148
2.9819782	-9.264363	1.1994951	59.198
2.9484594	-9.246407	1.151611	59.249
2.9125464	-9.320627	1.1707647	59.298
2.622848	-9.464279	1.1563994	59.348
2.3523033	-9.463082	1.3156139	59.395
1.8567034	-9.437943	1.553837	59.448
1.5801731	-9.431957	1.6184803	59.499
1.3491327	-9.259575	1.8207904	59.548
1.0534488	-9.428367	1.9285295	59.598
0.8535329	-9.435549	1.9357121	59.648
0.8571242	-9.394848	2.231396	59.698
1.2294226	-9.622296	1.6208745	59.748
1.8088194	-9.598354	1.6053122	59.799
2.1799207	-9.169792	1.6711528	59.848
2.5761611	-9.208099	1.6891093	59.898
2.956839	-9.2787285	1.2557588	59.948
3.0825348	-9.32781	1.1815386	60.028
2.742558	-9.287108	1.1168951	60.049
2.4468741	-9.4295635	1.3874398	60.098
2.4468741	-9.4295635	1.3874398	60.098
1.6101006	-9.443929	1.6831238	60.198
1.3551182	-9.36492	1.9416976	60.238
1.1372458	-9.291897	2.0709844	60.298
1.0737995	-9.31943	2.2218192	60.359
0.94451255	-9.369708	2.1583729	60.399
0.9600749	-9.506178	2.0290859	60.448
1.3215994	-9.536105	1.8626889	60.498
1.757344	-9.416395	1.8471266	60.559
2.291251	-9.241618	1.733402	60.598
2.9484594	-9.2069025	1.5131354	60.648
3.0705638	-9.25359	1.4173675	60.698
2.9891608	-9.220071	1.3227965	60.745
2.7688942	-9.554062	1.3180081	60.798
2.2732944	-9.307459	1.2808979	60.848
1.9812019	-9.442732	1.6998832	60.898
1.555034	-9.490616	1.8315643	60.948
1.1540052	-9.326612	2.0015526	60.998
1.0366893	-9.242816	2.4025815	61.048
0.9744401	-9.431957	2.2816741	61.098
0.7613561	-9.399636	2.0278888	61.15
1.079785	-9.556456	1.9620483	61.198
1.5502456	-9.528923	1.7429788	61.258
2.1511903	-9.336189	1.6759412	61.298
2.753332	-9.192537	1.4999673	61.369
2.9257145	-9.23683	1.3970166	61.398
3.086126	-9.26197	1.2773066	61.448
2.980781	-9.266758	1.1575965	61.508
2.56419	-9.361329	1.4221559	61.548
2.2709002	-9.497798	1.5586253	61.598
1.8674773	-9.455899	1.5801731	61.648
1.3850456	-9.375694	1.9237411	61.698
1.0642227	-9.247604	2.1823149	61.748
1.1384429	-9.320627	2.2625206	61.798
1.0402806	-9.352949	2.1499932	61.848
1.0534488	-9.386468	2.2050598	61.898
1.3551182	-9.485827	2.0111294	61.938
1.7705121	-9.491813	1.7405846	61.998
1.9752164	-9.372103	1.7238252	62.038
2.6479871	-9.200917	1.6795325	62.098
3.1028855	-9.210494	1.4173675	62.148
3.0490158	-9.247604	1.2485762	62.201
2.919729	-9.305065	1.3970166	62.248
2.6192567	-9.285912	1.5227122	62.298
2.2996306	-9.452309	1.6412252	62.348
1.6184803	-9.496601	1.7501614	62.398
1.2006922	-9.3421755	1.9381063	62.448
1.1827357	-9.190144	2.2409728	62.489
1.2282255	-9.343372	2.2637177	62.552
1.067814	-9.314642	2.2864625	62.598
1.1994951	-9.42238	2.0937295	62.648
1.3790601	-9.510966	1.9321208	62.694
1.7753005	-9.457097	1.8614918	62.748
2.1320367	-9.301474	1.8100165	62.798
2.5725696	-9.242816	1.6711528	62.848
2.9735985	-9.210494	1.4496891	62.898
3.0262709	-9.210494	1.3922282	62.947
2.9472623	-9.246407	1.4389153	62.998
2.7114334	-9.289502	1.7226281	63.048
2.420538	-9.433155	1.6843209	63.098
1.6232687	-9.498995	1.6651673	63.149
1.0654198	-9.378088	2.0027497	63.198
1.1671734	-9.174581	2.3235726	63.248
1.2545617	-9.348161	2.3295584	63.299
1.0462662	-9.303867	2.2756886	63.348
1.1599907	-9.358934	2.2361844	63.398
1.5179238	-9.5385	1.9165585	63.458
1.7764976	-9.449914	1.8950106	63.499
2.2577322	-9.3182335	1.887828	63.548
2.682703	-9.26556	1.5406688	63.598
2.9496565	-9.169792	1.4796166	63.648
3.0214825	-9.305065	1.42455	63.698
2.883816	-9.185355	1.3024458	63.748
2.6300306	-9.279925	1.4760253	63.798
2.3535004	-9.425972	1.7190368	63.848
1.7908629	-9.451111	1.6412252	63.898
1.2797008	-9.41879	1.9991584	63.948
1.0869676	-9.301474	2.2780828	63.998
1.1360487	-9.323022	2.2613235	64.058
0.9744401	-9.277532	2.232593	64.098
1.1719618	-9.421184	2.1631613	64.155
1.4173675	-9.519346	1.8782512	64.192
1.8770541	-9.391256	1.7776948	64.248
2.1452048	-9.313444	1.8195933	64.288
2.8000188	-9.238028	1.5095441	64.349
2.9831753	-9.31105	1.3096284	64.399
2.9496565	-9.333796	1.3970166	64.448
2.8455088	-9.136273	1.4101849	64.499
2.7365725	-9.361329	1.4437037	64.549
2.2888567	-9.54209	1.5837644	64.598
1.4628572	-9.551667	1.6915035	64.648
1.1300632	-9.334992	2.0901382	64.698
1.2437878	-9.307459	2.1140802	64.769
1.2378023	-9.324219	2.1535845	64.798
0.9780314	-9.284714	2.2625206	64.848
0.9504981	-9.417592	2.1883004	64.898
1.4556746	-9.548077	1.9716251	64.948
1.8064252	-9.331401	1.9153614	65.018
2.3894134	-9.235633	1.8686744	65.048
2.7389667	-9.19972	1.6699557	65.099
2.8179753	-9.185355	1.6543933	65.109
3.0418332	-9.208099	1.3311762	65.198
2.8898015	-9.220071	1.4652514	65.26
2.633622	-9.372103	1.5693992	65.298
2.2290018	-9.543288	1.6460136	65.349
1.5801731	-9.435549	1.887828	65.398
1.1911154	-9.338584	2.184709	65.448
1.0965444	-9.3026705	2.3786395	65.518
1.1192893	-9.31943	2.3331497	65.548
0.9660604	-9.323022	2.3235726	65.598
1.0570401	-9.406818	2.1799207	65.648
1.4700398	-9.485827	1.9656396	65.698
2.0027497	-9.398438	1.9883845	65.748
2.4349031	-9.227253	1.8195933	65.798
2.9364884	-9.19972	1.6256629	65.848
3.0657754	-9.193734	1.3946224	65.898
3.1304188	-9.102755	1.2892777	65.96
2.8921957	-9.26556	1.4879963	65.998
2.5917234	-9.451111	1.5729905	66.058
1.9847932	-9.507375	1.7166426	66.099
1.7980455	-9.498995	1.7525556	66.108
1.2641385	-9.338584	2.2170308	66.199
1.1252748	-9.267955	2.348712	66.261
0.9935937	-9.2308445	2.4768016	66.298
1.0079589	-9.28232	2.4025815	66.348
1.2569559	-9.527725	2.0937295	66.399
1.5011644	-9.43076	1.8926164	66.448
2.0566192	-9.301474	2.0602105	66.498
2.597709	-9.202114	1.6831238	66.548
2.943671	-9.224859	1.5358804	66.598
3.0609868	-9.2907	1.3311762	66.669
3.0071173	-9.210494	1.3599066	66.698
2.7928362	-9.24521	1.5155296	66.748
2.396596	-9.463082	1.602918	66.798
1.8219875	-9.5253315	1.685518	66.848
1.3874398	-9.263166	2.1799207	66.94
1.1971009	-9.279925	2.2828712	66.948
1.1372458	-9.291897	2.27928	66.998
1.1288661	-9.284714	2.3750482	67.06
1.1312603	-9.368511	2.268506	67.098
1.1480197	-9.399636	2.1763294	67.108
1.7836803	-9.388862	1.8650831	67.208
2.15957	-9.305065	1.8830396	67.248
2.586935	-9.232041	1.721431	67.296
2.9364884	-9.26556	1.4628572	67.348
2.9819782	-9.301474	1.3395559	67.398
2.8048072	-9.241618	1.4496891	67.448
2.6635494	-9.336189	1.5191209	67.498
2.231396	-9.528923	1.6077064	67.558
1.5993267	-9.434352	1.7896658	67.598
1.34195	-9.324219	2.0757728	67.648
1.1563994	-9.392453	2.1978772	67.699
1.0773908	-9.275137	2.3582888	67.748
1.0761937	-9.24521	2.554613	67.798
1.2521675	-9.451111	2.219425	67.848
1.532289	-9.502586	1.8555063	67.898
1.6699557	-9.176975	1.8842367	67.978
2.5797524	-9.40203	1.8375498	67.998
3.0011318	-9.41041	0.7410054	68.038
3.098097	-9.064447	1.6304513	68.099
3.0657754	-9.036914	1.8447324	68.108
2.124854	-9.31105	1.6998832	68.218
1.9309237	-9.397242	1.8986019	68.248
1.910573	-9.425972	1.757344	68.299
1.5897499	-9.351752	1.7753005	68.348
1.3239936	-9.39365	2.0961237	68.398
1.4185646	-9.157822	2.292448	68.469
1.9440918	-9.473856	2.0410569	68.498
1.8207904	-9.564836	1.5298948	68.548
1.5921441	-9.409213	1.8004397	68.598
1.804031	-9.267955	2.4492683	68.655
1.7369933	-8.916007	1.4437037	68.699
2.7976246	-9.357738	2.110489	68.748
2.421735	-9.38168	1.484405	68.798
1.9764135	-9.114726	2.1176715	68.848
2.3056161	-9.266758	1.3395559	68.898
2.3654714	-9.481039	1.6484078	68.959
2.3942018	-9.360131	1.7764976	68.998
2.0159178	-9.222465	1.8614918	69.058
1.567005	-9.267955	1.9740193	69.098
1.5705963	-9.200917	2.100912	69.109
1.2485762	-9.369708	2.2625206	69.199
1.0175357	-9.350554	2.207454	69.263
1.234211	-9.496601	2.0721815	69.298
1.5478514	-9.416395	1.9596541	69.348
2.1296425	-9.222465	2.0913353	69.413
2.5438392	-9.244013	1.8986019	69.448
2.6910827	-9.296685	1.62686	69.498
2.72939	-9.324219	1.4520833	69.548
2.5677812	-9.166202	1.3599066	69.598
2.5809495	-9.374496	1.6101006	69.658
2.3080103	-9.388862	1.567005	69.698
1.8303672	-9.458294	1.8100165	69.748
1.4760253	-9.374496	1.9416976	69.798
1.365892	-9.331401	2.1547816	69.858
1.3299791	-9.336189	2.2050598	69.898
1.2282255	-9.267955	2.2601264	69.948
1.1815386	-9.460688	2.2158337	70.019
1.4341269	-9.518148	1.9165585	70.048
1.7944542	-9.372103	1.7046716	70.11
1.9955671	-9.356541	1.62686	70.122
2.5151088	-9.305065	1.5705963	70.219
3.0418332	-9.331401	1.3946224	70.252
2.8921957	-9.270349	0.9864111	70.298
2.5629928	-9.289502	1.5263035	70.348
2.2337902	-9.419987	1.5693992	70.399
1.7836803	-9.515755	1.6567876	70.448
1.4903905	-9.315839	2.043451	70.498
1.246182	-9.32781	2.0578163	70.548
1.1109096	-9.321824	2.2756886	70.599
0.9876082	-9.258378	2.3953989	70.648
1.0354922	-9.440337	2.1859062	70.698
1.2485762	-9.48463	1.9800048	70.748
1.7980455	-9.344569	1.9812019	70.798
2.3175871	-9.269152	1.7908629	70.85
2.9281087	-9.232041	1.5035586	70.898
3.0430303	-9.196129	1.353921	70.949
3.052607	-9.315839	1.3802572	70.998
2.566584	-9.308656	1.3096284	71.049
2.2972364	-9.471462	1.5346833	71.098
2.1045034	-9.445126	1.6017209	71.118
2.1045034	-9.445126	1.6017209	71.118
1.2677298	-9.329007	2.2218192	71.248
1.1204864	-9.208099	2.3008277	71.298
1.1599907	-9.313444	2.267309	71.349
1.2198458	-9.457097	2.0805612	71.398
1.3455414	-9.469068	1.910573	71.448
1.7860745	-9.372103	1.9620483	71.498
2.2373815	-9.284714	1.7561469	71.569
2.6431987	-9.232041	1.6723499	71.598
2.8060043	-9.228451	1.590947	71.648
2.7521348	-9.299079	1.5263035	71.698
2.469619	-9.375694	1.543063	71.748
2.280477	-9.289502	1.6519991	71.795
2.0362685	-9.412804	1.6460136	71.848
1.6699557	-9.382876	1.9500773	71.909
1.3551182	-9.297882	2.0362685	71.948
1.2844892	-9.314642	2.1871033	72.005
1.4377182	-9.249998	2.303222	72.048
1.5454572	-9.305065	2.2481554	72.098
1.6950948	-9.325416	2.1033063	72.129
1.9440918	-9.536105	-0.29807812	72.198
2.0207062	-9.255983	2.2038627	72.249
2.1535845	-9.178172	2.6001031	72.297
2.243367	-8.954314	4.080917	72.34
2.445677	-9.185355	2.019509	72.398
2.3451207	-9.114726	3.1435869	72.448
2.2146366	-8.993818	2.7269957	72.499
2.2577322	-9.409213	2.8107927	72.56
1.9093759	-9.464279	0.7230489	72.595
1.9524715	-9.220071	2.5270798	72.648
1.8207904	-9.251195	2.2697031	72.698
1.6412252	-9.255983	2.184709	72.748
1.6448165	-9.38168	2.220622	72.798
1.5825673	-9.345766	2.3546975	72.855
1.6747441	-9.315839	2.2577322	72.908
1.8423382	-9.200917	2.6479871	72.948
2.0147207	-9.097966	3.277662	72.995
2.3415294	-9.102755	2.778471	73.048
2.349909	-9.24521	3.5577838	73.098
2.456451	-9.064447	3.5326445	73.119
2.3714569	-9.466674	1.2892777	73.193
2.1057005	-9.24521	2.2637177	73.252
1.8579005	-9.259575	1.9237411	73.298
1.7022774	-9.38168	2.0039468	73.348
1.6065093	-9.306262	2.2218192	73.398
1.7393875	-9.241618	2.385822	73.468
1.7417817	-9.296685	2.2780828	73.499
1.8962077	-9.472659	0.35314476	73.548
1.3994108	-9.011775	3.6056678	73.598
1.7729063	-9.035717	3.6774938	73.648
2.0649989	-9.148245	2.7030537	73.698
2.3319526	-9.001001	1.816002	73.749
