-0.6955156	-9.018958	3.7086184	0.097
-0.82360536	-9.315839	3.084929	0.148
-0.92775315	-9.101558	2.918532	0.2
-1.2449849	-9.078813	2.3463178	0.249
-1.70946	-9.500193	2.0721815	0.292
-1.198298	-9.449914	2.0805612	0.353
-0.015562311	-9.463082	2.4624364	0.392
-0.47285482	-9.791088	2.31639	0.442
-0.17956513	-9.188946	2.6431987	0.494
-0.7098808	-8.805874	2.208651	0.543
-0.2693477	-9.115923	2.408567	0.601
-1.1372458	-8.926781	2.315193	0.649
0.40222588	-8.343793	3.5194764	0.699
1.6424223	-8.572439	3.1735144	0.748
2.5558102	-9.886856	2.5917234	0.8
2.8395233	-9.246407	1.7010803	0.85
-2.3080103	-10.972627	-2.4887726	0.9
-1.899799	-9.604341	-2.384625	0.95
-2.5270798	-7.943961	-2.2649148	0.97
1.9321208	-15.489288	-0.029927522	1.04
1.4185646	-11.51611	0.79367787	1.1
1.2449849	-9.039309	0.8643068	1.15
-0.40940848	-7.2089415	0.055066638	1.2
-1.0965444	-6.4164605	0.9648633	1.25
-1.8770541	-7.6123643	2.360683	1.301
-1.1923125	-8.979453	1.8076223	1.341
-4.325125	-9.996989	4.060566	1.4
-3.2369606	-9.102755	1.9907787	1.451
2.3535004	-19.6133	-2.1799207	1.501
-1.0893618	-7.264008	-0.5662287	1.551
-2.846706	-9.600749	0.6979098	1.599
-2.4899697	-9.844957	0.077811554	1.64
-1.2006922	-5.518635	2.765303	1.715
0.63087213	-10.638636	1.0103531	1.747
-0.79846627	-9.913192	0.12569559	1.79
-1.0498575	-6.7971387	1.541866	1.853
0.7445967	-9.543288	0.17238252	1.903
0.6392518	-10.691308	2.1535845	1.953
2.2888567	-8.127118	1.9177556	1.97
3.039439	-10.682928	1.6831238	2.037
-6.945579	-11.623849	-2.4588451	2.099
0.94211835	-13.4422455	5.306748	2.149
6.0561333	-17.16044	-0.9528923	2.198
-2.873042	-6.4583592	4.27365	2.247
1.3072342	-3.1376014	3.7936125	2.298
-0.45250413	-7.8829093	1.578976	2.348
-0.2908955	-6.659472	3.606865	2.398
-0.7338228	-8.392874	3.3028011	2.448
-3.9348705	-13.300987	1.2940661	2.498
-5.631162	-19.08418	-3.3686419	2.547
-4.4963107	-5.6120086	-2.054225	2.598
3.9636009	-10.749966	-1.6795325	2.65
-5.482722	-7.831434	2.6431987	2.7
0.11731588	-6.8007298	2.2984335	2.75
-0.5351041	-7.8446016	1.9907787	2.8
-1.0905589	-8.793902	2.3092074	2.829
0.93493575	-10.001778	1.8375498	2.9
0.1352724	-11.880029	1.4197617	2.95
-0.1340753	-12.360066	0.89303726	2.979
-4.404134	-9.890448	-1.8938135	3.05
-1.9656396	-9.989806	6.145916	3.09
3.2393548	-18.046295	-1.460463	3.14
0.9923966	-11.469423	1.1336545	3.185
1.0342951	-4.307169	3.1962593	3.244
1.6998832	-6.7480574	2.4025815	3.285
0.142455	-6.853402	3.0370448	3.351
0.50517654	-6.728904	2.1033063	3.401
-1.5310919	-9.964667	1.7130513	3.451
-4.582502	-11.729194	4.175488	3.501
2.835932	-7.321469	6.160281	3.54
-4.5202527	-19.6133	-11.133038	3.59
-2.6982653	-0.14844051	3.8498764	3.64
3.0358477	-8.920795	2.2900538	3.69
-3.071761	-9.715671	0.21068975	3.741
-0.985214	-7.15986	1.1133038	3.786
-1.2078748	-8.066066	0.5530606	3.845
0.59017074	-9.375694	0.33159694	3.885
1.1109096	-10.673351	1.0199299	3.951
1.2844892	-11.314998	0.79726917	3.98
3.904943	-9.058462	0.79248077	4.051
-0.5243302	-16.053122	-6.8079123	4.102
-2.7114334	-7.836222	1.459266	4.15
3.8714242	-10.357317	-2.5007436	4.2
2.908955	-10.718841	-0.6356605	4.25
-2.2457612	-9.093178	-2.4313118	4.3
-2.89459	-8.704121	0.17118542	4.347
1.4556746	-6.5445504	1.5382746	4.4
-1.2892777	-8.565256	-0.62847793	4.45
-2.184709	-9.320627	0.34117374	4.5
-2.7736826	-6.679823	2.8083985	4.538
-6.2500634	-12.253524	1.8171991	4.597
2.030283	-5.755661	1.6555905	4.647
-1.0390835	-8.456321	1.1587936	4.697
0.6500258	-10.447099	0.4321534	4.747
0.5303157	-9.299079	0.9947908	4.815
-1.2234371	-10.935516	2.3942018	4.846
3.2908301	-8.159439	3.4715924	4.888
2.634819	-10.344149	1.377863	4.938
-7.3466077	-8.965088	-1.5275006	4.995
2.3582888	-15.011644	1.1228806	5.046
-2.1583729	-15.05474	1.4676456	5.088
1.8148049	-7.5824366	1.5179238	5.146
2.5905263	-4.542998	2.042254	5.188
-1.0295067	-6.7708025	2.0398598	5.238
-1.2090719	-6.6295447	3.168726	5.295
0.6452374	-8.1558485	2.7808652	5.338
-0.61530983	-10.356119	4.1000705	5.395
-4.011485	-11.737574	3.321955	5.448
-1.8207904	-15.847221	0.4261679	5.498
-9.083601	-10.493786	-3.41892	5.548
0.39264908	-4.559757	1.2808979	5.598
-4.712986	-9.689334	-0.8738836	5.649
-6.3003416	-9.437943	1.0606314	5.696
-0.22266077	-7.123947	2.2361844	5.747
1.6603789	-8.5473	1.6843209	5.777
1.115698	-7.9595237	2.1763294	5.847
0.9624691	-10.032902	0.4141969	5.898
-0.6548142	-9.757569	2.4420857	5.948
4.406528	-11.757924	2.066196	5.998
-3.66672	-15.128961	-2.7844565	6.048
-4.5166616	-9.3733	0.4381389	6.12
0.6428431	-9.617508	2.6072857	6.148
2.1272483	-12.975376	-0.8798691	6.197
-1.3814543	-7.726089	0.91219085	6.247
0.49799395	-5.831078	1.7429788	6.297
0.4285621	-7.3885064	1.9560628	6.346
-1.2425907	-7.135918	4.654328	6.408
0.9804256	-7.705738	4.237737	6.451
2.2697031	-9.569624	2.7449522	6.501
-5.6706667	-14.172477	3.8055837	6.551
-6.646304	-15.976508	-5.0158525	6.602
-3.6092591	-3.7421372	1.271321	6.647
1.9393034	-9.502586	1.246182	6.697
-3.3686419	-11.786655	0.90141696	6.747
-2.0853498	-9.566033	1.0319009	6.777
-2.4516625	-7.6865845	1.2485762	6.846
-3.927688	-9.5732155	0.29448682	6.888
1.376666	-9.004593	0.12449849	6.948
1.3096284	-9.051279	3.193865	6.998
-0.075417355	-9.216479	2.3570917	7.046
-2.078167	-11.465832	-0.6332663	7.098
-6.5744777	-9.78989	0.78290397	7.142
3.442862	-13.226768	-1.5167267	7.198
3.6044707	-14.087482	3.572149	7.252
-2.2984335	-8.7771435	1.2629414	7.298
-0.47285482	-6.896498	2.2972364	7.348
-1.0354922	-6.483498	2.6431987	7.398
-1.9165585	-7.4471645	3.0777464	7.448
-1.804031	-7.603985	3.5541923	7.498
-0.49919105	-8.593987	3.98874	7.55
-2.0470424	-11.1893015	0.62488663	7.597
-5.0661306	-13.302185	2.1703439	7.649
-4.0414124	-10.432734	-0.48961425	7.699
-3.0131028	-6.039374	-0.7757214	7.743
-0.40222588	-8.461109	0.8439561	7.777
-2.9053638	-10.085575	-0.14844051	7.848
-2.8000188	-7.896077	0.32680854	7.897
2.4480712	-9.983821	0.7182605	7.947
3.5182793	-8.701726	1.8028339	7.998
2.2780828	-8.9842415	1.5933412	8.048
0.89303726	-10.0341	1.827973	8.098
0.49799395	-10.402806	2.5881321	8.148
2.1811178	-11.420342	3.608062	8.199
-5.662287	-13.9198885	-2.3989902	8.249
-2.110489	-7.1849995	-0.6955156	8.318
3.3638535	-11.884817	1.1899183	8.35
2.2002714	-14.4130945	1.6017209	8.397
-0.676362	-6.977901	1.1923125	8.447
1.258153	-6.173449	2.1057005	8.497
-2.0649989	-6.417658	2.492364	8.546
-2.1990743	-7.9224133	3.2225955	8.598
1.4748282	-9.069236	2.4432828	8.648
-1.6484078	-9.258378	4.0521865	8.698
-3.2992098	-11.27669	2.5318682	8.75
-3.1028855	-13.448231	2.5797524	8.779
-17.463306	-6.7612257	-11.640609	8.847
-0.6356605	3.3195608	-4.477157	8.897
10.887632	-2.6970682	1.8447324	8.947
3.453636	-8.690952	9.394848	8.997
-7.261614	-14.7638445	9.329007	9.048
2.2002714	-11.077971	6.2608376	9.098
1.804031	-12.739547	6.9767036	9.148
2.908955	-7.417237	5.41329	9.198
1.2797008	-8.853758	4.6842556	9.249
-1.3431472	-5.6670756	4.146757	9.299
0.6895301	-10.702082	2.5115175	9.349
-0.7338228	-15.332468	1.2330139	9.4
-1.8579005	-8.087613	-0.5279215	9.447
-0.20709845	-8.537724	1.1192893	9.497
-1.567005	-11.287464	-0.110133275	9.547
-0.8690952	-8.330625	0.25977087	9.597
0.46327803	-7.32506	2.1033063	9.648
-0.4333505	-7.4028716	1.5921441	9.698
0.061052144	-6.721721	3.570952	9.748
1.2976574	-7.0245876	3.8905778	9.778
-0.90261406	-9.266758	3.0538042	9.847
-4.3538556	-13.609839	2.2457612	9.898
-1.1073183	-13.980941	-2.5701754	9.948
-7.0126166	-8.422802	0.16519992	9.998
2.6180596	-5.448006	6.483498	10.048
-3.0238767	-10.0508585	-0.51595044	10.099
-1.9488802	-5.5341973	0.4357447	10.149
0.20231004	-7.93199	0.3866636	10.199
0.6356605	-11.100717	1.0893618	10.249
-0.79248077	-10.606314	-0.2873042	10.299
0.16160862	-9.767146	2.3020248	10.349
3.2573113	-10.152613	2.3068132	10.399
-0.009576807	-8.291121	0.90740246	10.449
-4.9320555	-11.329363	-3.4249055	10.497
-0.32800564	-15.73589	-1.1779473	10.547
4.685453	-12.8927765	0.8391677	10.597
-0.4405331	-5.7377043	2.255338	10.647
1.3024458	-5.9998693	1.4760253	10.696
-0.41180268	-6.727707	2.042254	10.748
-0.62847793	-7.3430166	2.0602105	10.788
0.011971008	-8.360553	3.702633	10.846
0.48722005	-8.380903	4.3981485	10.898
-4.5274353	-11.892	2.1404164	10.942
-1.1061212	-14.429853	-0.6859388	10.998
-10.684125	-8.431181	-5.8478374	11.048
-4.758476	-4.617218	4.189853	11.099
-4.534618	-8.282741	2.432509	11.146
0.51714754	-8.198944	0.7733272	11.198
2.3678656	-6.727707	0.9552865	11.247
0.107739076	-10.94629	-1.1312603	11.298
-0.29688102	-9.018958	0.7158663	11.346
1.8483237	-11.184513	2.992752	11.398
3.976769	-11.700463	1.3970166	11.447
1.6879122	-9.999383	0.37588966	11.498
-8.143877	-7.606379	-3.7074213	11.542
-1.9740193	-15.4845	0.93493575	11.601
4.710592	-13.500903	0.41180268	11.648
3.0897174	-6.47033	1.0067618	11.698
0.39384618	-5.0864816	0.6943185	11.748
-1.2629414	-8.034941	1.0199299	11.788
-0.7146692	-6.567295	1.7621324	11.847
0.17956513	-10.151415	1.9871874	11.897
0.6967127	-10.104729	4.107253	11.947
-3.4261026	-11.775881	2.1930888	11.997
-5.0960584	-18.741812	-4.437653	12.046
-5.887342	-6.4667387	-3.3614593	12.098
-1.3120226	-6.882133	2.8814218	12.148
-5.494693	-8.804677	0.29328972	12.2
-5.153519	-7.6985555	1.7405846	12.248
0.8678981	-6.7839704	2.018312	12.299
1.851915	-9.859323	0.94570965	12.35
0.88944596	-7.0569096	2.2768857	12.399
-0.01436521	-9.913192	0.08619126	12.449
-0.2777274	-11.261127	2.7724855	12.497
4.8626237	-10.995371	1.4413095	12.547
-4.763264	-13.614628	-1.174356	12.597
-4.0545807	-12.355278	-2.718616	12.647
-0.8738836	-16.132132	0.79607207	12.696
1.2366052	-7.65546	0.80564886	12.748
0.8463503	-5.899313	1.340753	12.788
-1.0690111	-6.3338604	1.5514427	12.846
-2.7449522	-7.28795	0.8822633	12.898
-1.412579	-8.456321	2.2697031	12.948
-0.5470751	-10.420763	3.4596214	12.998
-1.0055647	-11.095928	3.98874	13.048
-1.2485762	-9.240421	5.889736	13.099
-9.566033	-17.50401	-8.228871	13.149
-8.582016	-5.7065797	-1.0019734	13.199
1.0510546	-8.554482	1.4796166	13.253
-5.0613422	-10.089166	0.12090719	13.303
-0.7266402	-7.5848308	1.3263878	13.353
-1.3072342	-8.072051	1.1408371	13.397
0.7278373	-8.836999	1.0714053	13.447
1.7465701	-6.8809357	2.0159178	13.497
-0.007182605	-10.382456	0.31244332	13.547
0.12090719	-11.238382	2.9855695	13.596
3.857059	-11.733982	1.5514427	13.651
-3.2118216	-13.741521	-1.5598224	13.701
-2.9400797	-11.422736	-3.70383	13.752
-6.030994	-9.803059	1.3838485	13.786
8.53054	-13.500903	2.9771898	13.846
-1.8327614	-8.021772	-2.6288335	13.898
-1.3754689	-5.8562174	1.4137762	13.951
-0.21068975	-6.7001734	1.2749124	14.001
-1.1803415	-6.661866	1.6304513	14.051
-0.49320555	-8.512584	2.3810337	14.103
-0.24301147	-8.89446	2.814384	14.152
-2.4971523	-13.312959	1.6460136	14.202
0.7661445	-11.808203	0.545878	14.252
-4.698621	-19.213469	-5.74369	14.302
-0.4357447	-3.799598	-0.78050977	14.347
-4.8147397	-7.267599	1.7585411	14.397
-5.2169657	-9.467871	0.9995792	14.447
-0.7086837	-7.5812397	0.39264908	14.497
0.33279404	-8.491036	1.4736311	14.55
0.9684546	-9.233239	0.44891283	14.601
0.6991069	-8.379706	1.5286977	14.651
0.4333505	-9.097966	0.82480246	14.701
0.035913024	-9.716867	1.2916719	14.752
2.754529	-9.052477	1.2282255	14.789
2.754529	-9.052477	1.2282255	14.789
-7.9750857	-8.494628	-1.4137762	14.897
-5.6060233	-14.61301	4.5358152	14.947
0.36870706	-15.160085	-0.8283938	14.996
1.946486	-11.329363	0.45010993	15.061
-0.6440403	-7.949947	2.6910827	15.101
0.8343793	-8.49343	1.1755531	15.158
0.10295067	-6.015432	1.5275006	15.2
-0.46327803	-6.007052	2.7234044	15.251
-1.9835961	-6.633136	2.896984	15.302
-2.6156654	-10.54167	0.050278235	15.352
-4.584896	-10.364499	-1.6591818	15.403
-2.980781	-19.6133	-7.6889787	15.452
-10.637438	-8.701726	-5.151125	15.502
-5.7365074	-7.9954367	3.4320881	15.539
-0.019153614	-12.084733	-3.3626564	15.589
-1.5526398	-8.437167	-3.9600096	15.653
-3.70383	-10.529699	-1.4197617	15.702
4.8518496	-9.249998	-0.36272156	15.753
3.7361517	-10.181343	1.484405	15.789
3.7361517	-10.181343	1.484405	15.789
-1.745373	-6.3218894	-2.1092918	15.897
-4.1539397	-5.9519854	2.6491842	15.947
2.4049757	-19.6133	0.92775315	15.997
0.5566519	-11.122264	-2.6515784	16.054
-1.6903064	-10.092757	3.7612908	16.097
-1.4772224	-6.767211	-2.067393	16.146
-1.4676456	-6.909666	3.4476504	16.198
-1.6795325	-7.589619	2.5270798	16.251
-1.9596541	-7.5668745	3.0538042	16.301
-2.669535	-7.7320743	2.4768016	16.351
-2.007538	-8.103176	2.9843724	16.403
-1.365892	-9.713276	3.50152	16.452
-1.0522517	-9.902418	5.1882353	16.498
-1.1647792	-9.334992	3.858256	16.552
-3.442862	-9.443929	3.9372647	16.597
-2.1021092	-9.703699	0.1412579	16.649
-19.612701	-19.111715	-6.077681	16.702
-0.5231331	-4.606444	0.8834604	16.753
0.022744916	-13.092692	-2.5821466	16.796
-5.4504004	-6.9946604	1.0067618	16.847
-3.9456444	-6.491878	-2.055422	16.897
-2.3139958	-9.119514	-1.8543092	16.947
0.14844051	-8.562862	0.37828386	16.996
1.4520833	-11.143812	0.7577648	17.051
-0.2837129	-10.419566	0.9648633	17.101
0.6572084	-10.274716	4.119224	17.151
0.49919105	-10.335769	3.7062242	17.201
-0.8475474	-11.767501	-3.084929	17.252
-4.268862	-13.237541	0.34955344	17.297
1.5586253	-13.503298	-0.79966336	17.347
-0.58418524	-10.291476	0.022744916	17.397
-0.6631939	-7.2221093	-0.79726917	17.447
-1.5011644	-3.6152446	0.4369418	17.496
-1.1049241	-4.6351743	2.1631613	17.551
1.447295	-6.279991	2.7377696	17.601
-0.46088383	-7.914034	1.5490485	17.652
-3.6272156	-10.387244	2.7234044	17.701
-4.853047	-11.258734	3.465607	17.752
0.20709845	-12.968193	-0.09935937	17.795
-7.478289	-12.491747	-4.4424415	17.846
-3.679888	-5.723339	1.1025299	17.901
-4.2341456	-8.802282	0.5363012	17.951
-2.7030537	-8.7771435	0.93493575	17.997
-0.009576807	-7.1155677	0.7637503	18.051
-0.9876082	-7.9583263	0.8750807	18.098
0.50278234	-8.961497	0.38307226	18.151
-0.8475474	-9.895236	0.19033903	18.201
-1.553837	-10.84334	2.1511903	18.251
4.2341456	-9.114726	3.775656	18.288
3.6236243	-11.076775	1.5969325	18.339
-5.482722	-11.498154	-2.9520507	18.399
-4.501099	-10.183737	-0.2633622	18.449
4.2700586	-13.268666	-1.1815386	18.499
2.4073699	-9.380483	0.35913026	18.549
-0.25258827	-5.409699	0.5805939	18.599
0.059855044	-7.6291237	0.89782566	18.649
-0.7314286	-7.5106106	1.6998832	18.699
-0.6356605	-8.626308	1.6915035	18.749
0.15203181	-8.244433	2.3451207	18.799
-0.50637364	-7.9691005	3.2190042	18.847
-5.828684	-10.880449	1.2078748	18.897
-0.3878607	-10.505757	2.1679497	18.947
-10.703279	-11.944673	-7.837419	18.997
-1.3479356	-1.5059528	4.7740383	19.048
-6.1243677	-5.6527104	7.8613615	19.098
-2.6886885	-10.80623	-1.9788077	19.146
-0.12928689	-6.206968	0.6440403	19.198
1.9656396	-11.779472	0.5566519	19.248
0.8295909	-9.059659	0.58657944	19.298
1.0726024	-9.249998	2.9700072	19.348
5.0517654	-11.311406	2.2756886	19.399
-4.4125137	-14.091074	-3.9384618	19.449
-4.225766	-11.309011	-0.8439561	19.498
-0.037110128	-14.079103	-0.80445176	19.549
1.7669208	-9.860519	-0.055066638	19.599
1.7729063	-6.137536	0.51714754	19.649
-0.59495914	-6.1279593	0.35553896	19.699
-1.5634137	-6.3099184	1.7896658	19.749
-0.22984336	-8.028955	1.7788919	19.799
0.6356605	-10.140641	2.4169466	19.856
0.29807812	-9.263166	3.0801406	19.897
-2.6551697	-11.410766	2.6132712	19.947
-2.813187	-15.740679	-1.3611037	19.997
-8.724471	-11.088745	-5.6563015	20.046
-1.6819267	-7.3765354	1.6292542	20.098
-4.382586	-7.0928226	1.6555905	20.148
-5.519832	-8.590396	1.5717934	20.196
-0.107739076	-6.4344172	2.0446482	20.248
1.8866309	-8.932767	1.1611878	20.299
0.21188685	-8.27077	1.3575124	20.348
-0.6931214	-9.714474	0.5506664	20.398
-0.08379706	-11.196485	2.4540567	20.449
2.4672248	-10.779893	2.1547816	20.499
-1.1947067	-12.698846	-0.23582886	20.549
-0.6715736	-8.604761	-4.924873	20.599
-3.2237926	-12.266692	0.63087213	20.649
1.9907787	-12.061988	-1.2785037	20.699
6.291962	-7.813477	0.088585466	20.749
-1.2389994	-8.92319	-1.6412252	20.799
-5.7017913	-7.642292	1.6938977	20.847
2.3654714	-6.9767036	2.4037786	20.897
0.7278373	-9.749189	0.18674773	20.947
-1.3694834	-7.9188223	3.430891	20.997
-4.015076	-11.670536	1.5454572	21.048
0.30765492	-15.371972	-0.31603462	21.098
-9.099164	-13.759478	-8.730456	21.148
1.496376	-2.6408045	1.8411411	21.198
-5.1846437	-9.494206	1.541866	21.249
-3.1423898	-9.346964	-1.2725182	21.297
-1.3599066	-7.380127	0.866701	21.347
-0.050278235	-9.25359	1.2378023	21.399
1.1683705	-8.827422	0.8607155	21.449
-0.6979098	-11.003751	-1.1300632	21.499
-0.35434186	-11.221623	1.7274165	21.549
4.7668557	-9.90601	1.4544775	21.599
-0.46327803	-12.346898	-1.0247183	21.649
-5.7281275	-11.129447	-3.3207579	21.699
-4.249708	-10.769119	-0.14844051	21.749
2.1284454	-12.551602	0.5446809	21.799
2.1284454	-12.551602	0.5446809	21.799
-0.545878	-6.7684083	0.49679685	21.897
-0.8475474	-8.39048	0.8834604	21.947
-1.9931729	-7.8996687	1.7549498	21.997
0.49799395	-8.333019	1.7345991	22.046
-0.50278234	-8.306683	2.1871033	22.098
-1.5191209	-9.506178	1.5933412	22.148
0.022744916	-9.17099	2.4301147	22.198
-2.6168625	-19.257761	-3.3901896	22.248
-9.768343	-6.314707	-2.3953989	22.299
-2.919729	-3.063381	2.2613235	22.349
-2.825158	-12.258312	-0.760159	22.41
-3.3411086	-8.597578	-0.23582886	22.447
-0.6500258	-8.013393	-0.12808979	22.497
2.5965118	-11.052833	1.3754689	22.547
0.25378537	-8.65025	1.9189527	22.598
-0.18914193	-9.465476	1.7657237	22.648
-2.006341	-10.089166	1.365892	22.698
-0.31364042	-10.552444	1.6675615	22.748
-3.2118216	-10.466252	2.4588451	22.799
2.2373815	-9.77792	-0.09696517	22.847
-2.4241292	-10.546458	3.679888	22.897
-2.779668	-9.495404	0.7733272	22.947
-0.2717419	-7.7931266	2.7605145	22.997
-2.5761611	-6.9958572	3.0202854	23.048
-2.6420016	-7.392098	2.908955	23.098
-1.9009962	-8.307879	3.228581	23.148
-0.8379706	-7.9451585	3.70383	23.198
0.2657564	-8.845378	3.8175547	23.249
-1.9512744	-10.534488	1.614889	23.299
-3.4691982	-12.530055	1.7262194	23.349
-5.4527946	-11.496957	-0.17238252	23.399
-3.4703953	-5.117606	-0.7661445	23.449
-2.1906946	-9.222465	0.19991584	23.497
-5.8143187	-10.052056	-0.1448492	23.547
-3.8642416	-7.967903	-1.1731589	23.597
-0.1388637	-10.371682	-0.8439561	23.647
0.6907272	-9.646238	-0.0047884034	23.696
2.0135236	-8.755595	1.4437037	23.748
3.6966474	-10.184934	1.4628572	23.798
1.3491327	-10.38485	2.3235726	23.846
-0.23582886	-9.358934	3.9001546	23.898
1.5765818	-11.153389	3.0705638	23.948
-5.3594203	-14.623784	-4.8003745	23.998
-4.685453	-6.2740054	1.520318	24.048
6.2847795	-12.976573	-2.4875755	24.099
1.6352397	-12.8532715	1.6484078	24.149
-1.2066777	-6.367379	0.7374141	24.199
1.0893618	-7.9691005	2.0925324	24.249
-0.35434186	-7.3968863	2.7593174	24.297
-0.51355624	-6.8067155	3.6607344	24.347
1.0977415	-7.560889	2.6886885	24.397
-0.36631286	-9.618706	3.3051953	24.447
-4.225766	-11.257536	2.9412768	24.498
-3.526659	-13.839683	2.1547816	24.548
-8.520964	-14.239514	-4.1742907	24.596
-0.22505496	-4.2197804	0.48003745	24.648
-3.0178912	-6.397307	2.505532	24.698
-4.951209	-10.146626	-0.31603462	24.748
-2.1751323	-7.5908165	0.05626374	24.798
1.816002	-9.112331	0.38067806	24.845
1.2138603	-8.9124155	1.5035586	24.898
-0.12569559	-8.842984	1.2114661	24.948
-1.1073183	-10.542868	1.328782	24.998
3.083732	-9.848549	3.4153287	25.048
3.965995	-11.604695	1.0223241	25.099
-7.7464395	-13.839683	-3.7014358	25.143
-4.4939165	-8.990228	2.3451207	25.197
4.6339774	-12.708423	-0.9780314	25.247
1.3132197	-10.372879	1.1384429	25.297
-0.8391677	-6.2105594	1.0043676	25.346
0.49679685	-7.4495587	1.7741034	25.398
-0.92535895	-6.7731967	2.516306	25.448
-0.40940848	-8.079233	1.6160861	25.498
-0.7517793	-9.653421	2.6479871	25.548
-1.7046716	-10.913968	1.4915876	25.599
-3.5901055	-13.843274	1.4377182	25.649
-10.6158905	-18.047493	-7.3669586	25.714
-0.80325466	-0.427365	2.292448	25.747
-1.5131354	-7.1431007	2.3415294	25.797
-6.691794	-10.15381	-0.81761986	25.847
-3.5410242	-7.1909847	0.9911995	25.898
3.2788591	-9.357738	1.1456255	25.948
0.7026982	-7.929596	1.6627731	25.998
0.6368576	-8.22528	1.1839328	26.048
-0.78290397	-10.692505	1.5191209	26.099
2.8491	-10.85531	3.016694	26.149
4.892551	-11.168951	2.5917234	26.199
-7.890092	-13.026852	-4.0066967	26.249
-5.959168	-7.668628	-0.80924016	26.299
2.5594015	-11.919533	0.21188685	26.349
0.80086046	-10.681731	1.4628572	26.399
-0.05267244	-6.88333	0.5363012	26.449
0.30645782	-7.1131735	1.6412252	26.499
-0.31603462	-6.6774287	2.9771898	26.549
0.49799395	-6.815095	2.565387	26.599
0.04070143	-8.9124155	2.3810337	26.649
-2.5462334	-11.264719	2.9939492	26.699
-3.6643257	-11.226412	3.891775	26.747
-4.5884876	-19.6133	-4.8135424	26.799
-5.805939	-6.4523735	-3.788824	26.847
-1.0354922	-7.2628107	1.4413095	26.897
-5.577293	-9.272743	1.353921	26.948
0.4201824	-7.0808516	0.22266077	26.998
-0.10295067	-7.3525934	1.3599066	27.048
0.34835634	-11.179725	-0.5398925	27.098
-1.5011644	-11.347319	0.9923966	27.149
2.9101522	-9.902418	4.0306387	27.199
4.0545807	-11.990162	1.8231846	27.249
-3.2836475	-13.39915	-5.3833623	27.299
-5.409699	-11.0935335	2.6635494	27.349
0.12569559	-11.11987	-0.1388637	27.399
0.7565677	-10.99178	-0.51834464	27.449
-1.7645266	-5.554548	0.2681506	27.499
0.4261679	-6.35062	1.2940661	27.549
0.09696517	-7.2460513	1.5574282	27.599
0.4405331	-7.240066	1.6651673	27.649
0.005985504	-9.847352	1.6591818	27.699
-3.3734303	-9.252393	0.50038815	27.749
-8.1079645	-19.202694	-7.2508397	27.799
-8.1079645	-19.202694	-7.2508397	27.799
-2.2146366	-9.508572	1.1563994	27.898
-10.435128	-13.324929	-1.5502456	27.947
2.7377696	-6.4751186	-0.58777654	27.997
-2.9747956	-9.554062	0.5470751	28.058
0.1328782	-9.908403	-0.07062895	28.098
2.6503813	-10.523713	1.8507179	28.148
0.110133275	-10.3453455	2.3523033	28.198
-0.9792285	-9.660604	2.0266917	28.248
-2.219425	-12.029667	0.17597382	28.299
-1.1480197	-7.8182654	-0.4297592	28.343
-1.9045875	-12.281057	0.8535329	28.397
-3.6703112	-8.858546	1.0079589	28.447
1.7238252	-7.9152308	2.9113493	28.497
-1.151611	-7.0724716	2.6803088	28.546
-5.6527104	-8.346188	-0.62847793	28.588
-3.4763808	-11.780669	3.833117	28.636
1.4460979	-9.160215	-3.2082303	28.688
-5.925649	-8.710106	1.0570401	28.748
-2.007538	-10.217256	0.985214	28.798
1.6232687	-10.967838	1.0582372	28.846
-2.5833437	-9.569624	0.9947908	28.898
-0.5315128	-10.365696	0.61411273	28.951
1.1408371	-9.531317	3.107674	28.998
1.4185646	-10.0987425	3.0897174	29.043
1.851915	-11.270704	2.0578163	29.098
1.7417817	-11.419145	-3.2788591	29.142
-6.3099184	-10.01734	-1.0354922	29.2
1.3670892	-9.655815	-0.7781156	29.243
1.0414777	-9.939528	-0.7577648	29.298
0.4201824	-7.501034	-0.81642276	29.342
-1.8938135	-7.405266	-0.41060558	29.398
-2.0937295	-6.851008	0.22026655	29.443
-1.2294226	-9.260772	1.0486604	29.498
-0.36631286	-8.4108305	1.1707647	29.542
0.05267244	-9.55047	1.4927847	29.598
-0.6560113	-8.461109	2.1691468	29.642
-2.304419	-10.922348	1.3311762	29.698
-4.2556934	-16.024391	-1.4879963	29.743
1.3347675	-6.081272	1.3132197	29.799
3.1292217	-6.945579	1.6244658	29.85
-4.9200845	-10.277111	-1.2150574	29.898
-0.20111294	-7.5572977	1.2677298	29.948
-2.4660277	-7.6710224	1.2126632	30.019
0.9840169	-9.036914	0.011971008	30.045
1.2521675	-9.072827	0.38067806	30.1
-0.7625532	-10.362105	-0.7314286	30.151
-2.0231004	-9.736021	2.1942859	30.201
4.462792	-11.583148	0.90620536	30.251
-0.6344634	-14.858416	-2.2122424	30.288
-3.4799721	-10.736797	-0.93254155	30.353
-1.460463	-6.2500634	1.4329298	30.397
2.6048915	-14.629769	-0.320823	30.447
-1.8303672	-8.756793	-0.18914193	30.497
-0.32561144	-5.9029045	1.3730747	30.547
-0.48243165	-8.000225	1.7705121	30.596
-1.3814543	-7.9846625	2.3894134	30.651
-0.78290397	-8.798691	3.4332852	30.701
-0.61530983	-8.161834	2.2984335	30.751
-5.427655	-9.983821	0.10295067	30.802
-4.5118732	-12.135012	1.6903064	30.818
-1.3096284	-3.8953662	-0.033518825	30.897
-0.25498247	-6.4368114	1.7848774	30.947
-6.9719152	-12.662932	-0.1328782	30.997
1.8028339	-7.740454	1.685518	31.046
1.5849615	-8.524555	0.62847793	31.101
-3.4703953	-7.4986396	1.6232687	31.153
2.0506337	-10.189722	2.2577322	31.198
1.1133038	-9.19972	2.9053638	31.251
1.0761937	-10.41358	1.8842367	31.301
-3.05141	-8.346188	2.1871033	31.351
-2.0566192	-12.861651	-5.0517654	31.402
-4.3981485	-11.386824	1.258153	31.454
-0.59376204	-7.121553	0.7230489	31.503
6.147113	-9.619903	0.17836803	31.552
-1.6412252	-11.568783	-3.1364043	31.603
-3.8965633	-9.564836	-1.2940661	31.654
-1.8818425	-7.6003933	1.0941502	31.697
-0.47046062	-8.341399	1.2665327	31.747
0.40581718	-8.331821	1.3802572	31.797
-0.108936176	-8.686164	1.2078748	31.817
-0.12808979	-9.1590185	2.4001873	31.898
-3.7134068	-10.596737	-0.10534488	31.946
-12.245145	-14.805743	-2.1308396	31.998
1.982399	-6.2021794	1.34195	32.046
-2.0171149	-10.168175	-0.46686932	32.098
-7.1885905	-7.8948803	0.8619126	32.143
-1.7034745	-8.513782	0.39264908	32.198
0.021547815	-9.027337	1.3862427	32.245
0.6991069	-9.114726	1.0486604	32.298
0.92176765	-8.900445	1.7286136	32.351
-0.415394	-9.985018	1.3347675	32.401
0.12210429	-9.950302	-0.17597382	32.451
0.60453594	-11.905168	2.8814218	32.503
1.4544775	-11.492168	-1.2545617	32.553
-0.7529764	-10.560823	-4.392163	32.589
-2.7006595	-8.198944	1.3563153	32.639
1.163582	-11.198878	-1.1216835	32.689
6.757634	-10.9822035	-1.1815386	32.739
-1.9201498	-9.621099	-1.7154455	32.789
-4.1659107	-10.001778	0.025139118	32.819
-0.34476504	-7.747637	-0.06943185	32.897
-2.468422	-8.003817	0.94930094	32.947
-2.5139117	-8.228871	2.2242134	32.997
-2.372654	-8.918402	1.8746599	33.046
-2.208651	-9.312247	0.08259996	33.088
0.5781997	-17.577032	-1.4856021	33.138
-5.0374002	-8.084022	-0.25258827	33.188
-0.9684546	-5.8226986	1.3623008	33.238
-5.434838	-10.811018	-0.93852705	33.317
-3.9624038	-6.896498	0.48362875	33.345
-1.8902222	-9.074024	-0.077811554	33.398
1.4161704	-10.376471	0.44891283	33.448
-0.4441244	-9.41041	1.0342951	33.498
-1.401805	-9.5013895	0.50038815	33.548
-2.8455088	-9.144653	0.82599956	33.599
0.011971008	-8.9758625	0.6727707	33.649
-3.0202854	-12.74673	0.94570965	33.699
-3.8534677	-11.191696	0.07062895	33.749
-1.4257472	-9.17099	-0.2885013	33.799
-0.91458505	-8.971074	-0.25378537	33.816
-1.614889	-9.212888	2.815581	33.897
-2.6970682	-8.772355	2.7150247	33.947
-2.8981812	-7.6506715	3.3554738	33.997
-4.0701427	-8.152257	2.7748797	34.048
-3.550601	-8.76637	2.9281087	34.098
-3.5482068	-8.790312	2.5486276	34.148
-2.944868	-10.773908	2.0338743	34.198
-3.477578	-9.442732	0.21906945	34.249
-1.9393034	-7.037756	-0.7769185	34.299
-4.5142674	-11.716026	-2.7976246	34.349
-1.7154455	-10.547656	-0.641646	34.417
-0.038307227	-9.097966	1.0726024	34.45
-0.6907272	-8.626308	1.0319009	34.497
0.23223756	-10.350134	1.4293385	34.547
-0.47046062	-9.009381	2.658761	34.597
-0.15203181	-9.522937	2.5486276	34.646
1.3754689	-9.633071	3.0825348	34.698
1.459266	-8.626308	1.3443443	34.748
-3.2118216	-11.799823	-1.8375498	34.798
-4.507085	-12.2224	-2.1547816	34.812
-0.32321724	-12.899959	2.4791958	34.897
1.0522517	-10.356119	1.5957354	34.947
1.899799	-9.074024	2.4361002	34.997
-0.37349546	-6.8210807	3.0430303	35.047
-1.8722657	-8.043321	2.585738	35.098
-1.4401124	-8.259995	3.084929	35.148
-1.0259154	-8.019379	3.1160536	35.198
-0.2633622	-9.194932	2.8215668	35.248
-5.6000376	-12.430696	1.4808137	35.299
-1.8590976	-15.173253	-0.23942018	35.349
-2.6970682	-6.3709707	1.0295067	35.399
0.7661445	-7.0006456	1.3682863	35.449
-4.0761285	-9.879673	-0.17118542	35.499
-2.7988217	-8.173804	0.37229836	35.547
-1.9536686	-8.585608	1.033098	35.597
-0.39504328	-8.845378	1.4341269	35.647
0.93972415	-9.021352	1.4437037	35.697
-0.3172317	-9.109938	0.9588778	35.746
-1.1767502	-9.437943	0.62847793	35.798
-1.7154455	-9.613917	0.8523358	35.818
4.960786	-11.3880205	1.922544	35.896
-3.0214825	-15.069105	-1.5215151	35.948
-0.40102878	-10.722432	-3.1507695	35.998
-3.702633	-5.649119	-1.5382746	36.048
2.2409728	-12.804191	0.34237084	36.099
0.7637503	-11.312603	-1.3479356	36.149
0.45370123	-9.106346	-0.095768064	36.197
-0.62249243	-8.428787	1.471237	36.249
-0.7781156	-8.500613	1.365892	36.299
0.35553896	-7.48188	2.0638018	36.349
-0.51954174	-8.961497	1.1959038	36.399
-1.3599066	-10.241198	2.372654	36.449
-1.6496049	-12.34211	0.5494693	36.497
-4.3514614	-19.6133	-1.5981296	36.547
-1.6819267	-2.966416	1.1875241	36.597
-1.3383588	-5.2444987	0.9528923	36.647
-7.0904284	-12.643779	0.59376204	36.698
-2.7629087	-7.20535	2.9388826	36.748
-0.21428105	-8.048109	2.2864625	36.798
-0.81761986	-8.916007	1.9548657	36.818
1.0690111	-8.095993	2.5845408	36.898
-0.36272156	-10.579977	0.581791	36.948
0.92775315	-11.750742	1.1994951	36.998
1.2270284	-10.96305	0.37828386	37.048
-2.2146366	-12.395979	-1.9440918	37.099
-1.6531962	-8.89446	-4.361038	37.149
-4.047398	-10.742783	2.9700072	37.199
1.7764976	-9.180567	-0.06464344	37.249
3.4261026	-10.334572	-1.3347675	37.299
-3.4751837	-10.619482	-2.681506	37.349
-3.5649664	-7.0221934	1.0462662	37.399
-0.4345476	-8.305486	0.89064306	37.449
-0.8726865	-8.963891	0.5291186	37.499
-1.258153	-9.068039	2.8287494	37.549
-4.3382936	-11.554418	0.8559271	37.599
-2.2385786	-18.298883	-0.61411273	37.649
-1.163582	-3.892972	1.436521	37.697
0.044292733	-8.432379	1.4640543	37.747
-4.3394904	-11.708843	-2.7114334	37.796
-5.1678843	-8.755595	-0.35793316	37.817
-1.8028339	-9.084799	1.151611	37.896
-0.20231004	-8.852561	0.88944596	37.948
1.1073183	-9.1255	0.9540894	37.998
-2.4277205	-11.106702	-0.88944596	38.048
1.471237	-9.837775	2.6647465	38.098
-0.50397944	-15.514427	-3.6343982	38.149
-4.6363716	-12.630611	-0.62368953	38.199
-5.0002904	-4.545392	-0.7422025	38.249
3.071761	-13.679272	0.19393034	38.299
-0.7146692	-11.869255	1.0977415	38.349
-2.0231004	-6.692991	0.94570965	38.399
0.4213795	-7.6363063	2.4768016	38.449
-1.1827357	-7.393295	1.7645266	38.499
-0.23582886	-8.198944	3.3530796	38.549
-0.010773907	-7.645883	3.0693667	38.599
-3.2034419	-9.512163	0.5446809	38.649
-6.567295	-19.6133	-2.657564	38.699
-1.5275006	-11.3138	1.4101849	38.749
-3.6343982	-4.1060557	1.4101849	38.797
-6.0106435	-6.915652	2.907758	38.816
-0.93613285	-11.502942	-2.6503813	38.898
-2.2864625	-7.0964136	0.22266077	38.947
0.04189853	-10.502166	-1.1480197	38.996
1.8303672	-8.89446	1.9129672	39.049
2.955642	-10.210073	1.6915035	39.096
1.411382	-10.96664	1.8950106	39.146
0.9708488	-10.449493	3.6487634	39.196
-5.2804117	-13.554773	-4.832696	39.246
-3.5182793	-6.075287	-0.60812724	39.296
5.149928	-10.939108	0.94570965	39.346
4.735731	-15.55034	0.9983821	39.398
-0.92057055	-7.9667063	0.676362	39.448
0.7182605	-6.0645127	2.5115175	39.498
-1.3012487	-7.395689	1.3970166	39.548
-2.1068976	-7.1514807	2.5917234	39.599
0.1604115	-10.060435	3.2106245	39.649
0.62129533	-11.051635	4.5872903	39.699
-4.5058875	-13.1238165	1.0618285	39.749
-5.7975593	-12.719196	-5.7389016	39.799
-5.7975593	-12.719196	-5.7389016	39.813
-0.5626374	-11.575965	-0.5530606	39.915
-4.325125	-11.36767	-2.0003555	39.946
-3.13401	-6.3099184	2.1392193	39.997
0.20231004	-9.478644	0.6631939	40.046
0.40821138	-8.566454	1.0319009	40.098
0.6979098	-9.41879	0.7541735	40.148
-2.0278888	-9.801862	0.7757214	40.198
0.22625206	-9.7084875	1.9297266	40.248
-1.163582	-15.089457	-1.7381904	40.299
-4.453215	-14.542381	-1.3742718	40.349
-3.9971197	-4.0773253	-0.21308395	40.399
2.9580362	-11.75553	0.31483752	40.449
-2.3523033	-11.320983	0.33159694	40.499
-1.7477672	-7.3897038	1.0582372	40.549
-0.142455	-7.753622	1.99437	40.599
-0.47644615	-7.4866686	2.9352913	40.649
1.2389994	-8.149862	2.4073699	40.699
-0.6691794	-8.432379	2.0111294	40.749
-3.6367924	-9.812635	-1.8124107	40.799
-4.209007	-10.359711	-2.2409728	40.811
-2.80361	-8.760384	-1.4149733	40.898
-0.93613285	-6.8893156	2.3942018	40.947
-2.9843724	-10.637438	-0.70509243	40.997
-5.329493	-7.8769236	-0.47285482	41.046
-0.3878607	-9.19134	-0.1376666	41.098
2.670732	-10.170568	0.053869538	41.148
1.4065934	-9.202114	0.9720459	41.198
1.638831	-10.529699	1.8219875	41.248
0.6488287	-10.617087	2.0721815	41.299
-0.33279404	-10.460267	2.5629928	41.349
-0.5470751	-11.541249	-0.48123455	41.397
-1.5358804	-10.429143	-4.2078094	41.449
-2.3523033	-7.615956	2.337938	41.499
5.410896	-13.096283	-2.123657	41.549
-1.6184803	-11.109096	-0.24420857	41.599
-0.4429273	-6.7085533	1.5406688	41.649
-0.08738836	-7.965509	0.8319851	41.699
-1.1264719	-7.5800424	2.098518	41.749
0.79128367	-9.053674	1.9859903	41.799
-0.10295067	-9.227253	1.8004397	41.829
-2.9041667	-9.001001	1.2030864	41.897
-5.1966147	-19.6133	-3.1639376	41.947
-4.6220064	-5.9531827	-0.8607155	41.997
-0.12928689	-1.3036429	3.217807	42.046
-6.4643445	-16.096218	-4.212598	42.096
-4.8159366	-8.3150625	1.6017209	42.148
-1.9321208	-8.289924	-1.174356	42.198
-0.48362875	-10.55005	-0.4189853	42.248
1.3551182	-9.281123	1.5969325	42.298
1.2892777	-10.967838	1.733402	42.349
0.676362	-9.957485	2.0254946	42.399
0.14724341	-9.151836	1.8471266	42.449
-4.292804	-12.533646	-0.78050977	42.499
-3.2321723	-8.401254	-1.6364368	42.549
-0.59136784	-10.316615	2.8215668	42.599
-0.1436521	-11.2312	1.1312603	42.649
-1.3024458	-9.27394	2.432509	42.699
-1.1827357	-7.8326306	2.2625206	42.749
-2.2062569	-7.6770077	3.0789435	42.799
-1.804031	-7.475895	3.3183637	42.829
-0.45130703	-7.800309	3.558981	42.898
-1.2545617	-8.844181	3.2333694	42.947
-2.885013	-9.956287	1.4628572	42.997
-5.3713913	-18.495209	0.7182605	43.047
-3.9755719	-7.9307933	-0.08140286	43.098
-2.9053638	-5.3259015	1.2569559	43.148
-4.7429137	-11.815386	-1.0702082	43.198
-3.5625722	-9.572019	-0.29328972	43.243
-2.2170308	-7.872135	0.5770026	43.298
1.055843	-10.206482	0.4309563	43.342
-0.39624038	-9.449914	0.11971009	43.398
0.033518825	-8.878897	1.0127473	43.442
1.8351556	-9.416395	2.4061728	43.498
1.0247183	-10.590752	1.6256629	43.542
0.90979666	-10.035296	3.8738184	43.598
0.92535895	-9.886856	2.9843724	43.643
-4.8039656	-13.782222	-3.2070332	43.698
-4.262876	-5.159505	1.1839328	43.742
7.1981673	-13.005303	-1.4796166	43.798
4.5202527	-14.4454155	-0.62967503	43.828
-2.0398598	-6.528988	0.58657944	43.898
0.58657944	-7.7799582	1.6579847	43.942
-0.23582886	-7.3753386	1.5993267	43.998
-0.48961425	-8.831013	1.4796166	44.042
-2.6420016	-9.576807	1.3431472	44.098
-2.0973208	-11.21085	3.3626564	44.142
-3.6750996	-11.328165	0.38067806	44.218
-1.2964603	-8.378509	0.9923966	44.245
-0.45968673	-8.9998045	-1.1444284	44.298
-2.0566192	-10.516531	-1.3634979	44.343
-1.8818425	-8.236053	0.6392518	44.398
-2.0338743	-7.9487495	0.11492168	44.442
1.0414777	-8.66701	0.37229836	44.498
0.7086837	-9.269152	0.60333884	44.548
-0.046686932	-11.015722	0.22864626	44.598
-0.32920274	-10.353725	2.4624364	44.642
2.2134395	-10.861296	0.1604115	44.698
-2.4540567	-14.651318	-3.9995139	44.756
-2.4971523	-6.123171	-0.80445176	44.798
-0.47405192	-9.652225	1.8411411	44.828
2.705448	-10.771513	-1.0702082	44.896
0.17357962	-10.096349	-1.8555063	44.951
-2.634819	-8.696938	1.1420342	45.001
-0.20350714	-7.8757267	1.447295	45.051
0.32321724	-8.127118	1.1731589	45.101
-0.91338795	-9.127894	0.39025488	45.152
0.3184288	-9.437943	2.9999347	45.201
-3.5913026	-13.918692	-2.3116016	45.246
-4.3023806	-10.129868	-0.21547815	45.296
2.8299465	-5.3007627	0.9923966	45.351
-3.335123	-11.739968	-2.9257145	45.398
-1.7357962	-9.084799	0.39863458	45.448
-0.055066638	-8.637083	0.40462008	45.498
0.19393034	-7.8793178	0.6703765	45.549
0.82001406	-8.899248	-1.2330139	45.599
-0.79607207	-10.272323	-0.19512744	45.652
-0.11851298	-10.882844	0.7613561	45.696
0.6392518	-9.709685	0.45370123	45.747
-2.9652188	-15.178041	-3.6475663	45.797
-1.520318	-11.908759	-2.492364	45.827
-1.4173675	-9.507375	2.6420016	45.897
3.181894	-12.846089	-1.4927847	45.945
2.5725696	-10.721235	-2.006341	46.001
-2.3810337	-8.012196	0.60932434	46.052
-0.93613285	-9.190144	1.0079589	46.101
-0.1388637	-8.441956	0.7410054	46.151
-2.778471	-7.979874	0.80804306	46.201
-1.4077905	-8.854955	2.505532	46.248
0.36272156	-10.989386	0.1388637	46.301
-2.8814218	-14.55555	1.1599907	46.363
-0.7170634	-7.27957	0.18076223	46.397
-3.9839516	-7.575254	-1.4508862	46.447
-3.9624038	-11.631032	-0.23822308	46.497
-1.8339585	-7.3202715	2.1583729	46.546
-2.005144	-8.371326	0.34356794	46.598
-1.2509704	-9.083601	0.80205756	46.648
-0.45968673	-9.479841	1.3311762	46.698
0.91338795	-8.200141	1.3144168	46.748
0.8846575	-11.038467	1.0833763	46.799
-0.61052144	-13.636176	-1.2078748	46.829
-0.49679685	-10.921151	0.36152446	46.899
0.15322891	-10.66976	4.3718123	46.949
-1.4269443	-10.023325	1.0941502	46.997
-0.5494693	-6.9144545	1.365892	47.047
1.0307038	-6.896498	3.1435869	47.098
-1.4544775	-7.621941	3.2094274	47.151
-1.1851299	-7.6614456	3.3387144	47.201
-0.2693477	-8.752005	3.2836475	47.251
-3.1040826	-11.92911	0.521936	47.303
-3.7122097	-13.788208	0.9744401	47.352
-4.727351	-13.5296335	-0.49200845	47.402
-2.60968	-0.25019407	1.7705121	47.453
-3.726575	-13.074736	-2.4600422	47.497
-2.5605986	-8.726865	1.1719618	47.547
-1.163582	-7.4004774	0.6631939	47.597
0.8475474	-9.451111	0.7733272	47.646
2.469619	-8.774749	1.6879122	47.698
2.0578163	-9.544485	1.8782512	47.758
1.4628572	-10.609905	1.9776106	47.801
0.7673417	-12.026075	1.8590976	47.828
-3.4165258	-13.704411	-0.8439561	47.898
-3.1376014	-7.6351094	-0.39384618	47.951
0.007182605	-7.9331875	-0.7589619	48.001
4.0198646	-15.103822	0.9780314	48.051
-1.1851299	-8.1343	0.52073884	48.101
-0.6560113	-5.6586957	1.553837	48.153
-0.49440265	-8.576031	2.1068976	48.202
-0.81642276	-7.98586	3.3722332	48.252
0.93972415	-8.282741	3.1950622	48.303
-0.8583213	-8.439561	4.5238442	48.351
-5.1116204	-12.233173	1.1575965	48.389
-3.5649664	-16.299725	-0.15322891	48.439
-3.490746	-2.9388826	1.2773066	48.502
-1.1061212	-7.049727	1.4401124	48.547
-2.731784	-10.90918	0.061052144	48.597
-3.1591492	-8.08881	0.62967503	48.647
-1.3108255	-8.175002	1.3802572	48.697
0.7697359	-9.130288	0.81043726	48.745
1.0809821	-9.485827	1.2521675	48.798
0.45729253	-10.0903635	1.0941502	48.829
0.7062895	-11.909956	1.1109096	48.898
0.9888053	-10.365696	1.0283096	48.951
-2.8622682	-10.795456	-1.6627731	49.001
-0.9947908	-8.723274	-2.208651	49.051
-4.548983	-12.047623	1.3623008	49.102
5.33907	-11.177331	-1.0869676	49.153
3.1962593	-9.828198	-2.1164744	49.202
-2.8658595	-9.029732	0.52073884	49.252
-1.3347675	-5.8741736	2.328361	49.302
-0.5327099	-8.213309	0.5446809	49.352
-2.0266917	-7.9786773	2.1511903	49.402
-1.2425907	-9.533711	1.401805	49.453
-1.3335704	-9.637859	1.0103531	49.502
-1.2437878	-19.6133	-6.435614	49.552
-4.152743	-2.8263552	4.301183	49.602
-1.8974048	-6.7253127	0.8379706	49.647
-6.6187706	-11.555614	-3.1555579	49.697
-3.4680011	-7.5644803	0.8738836	49.747
-1.6891093	-9.459491	-1.2557588	49.807
1.0654198	-11.508927	0.2717419	49.846
-0.9864111	-9.072827	0.46208093	49.898
-1.8363527	-9.173384	0.63087213	49.951
-2.4313118	-8.649054	-0.0047884034	50.001
1.4736311	-12.612655	0.08379706	50.051
-0.9528923	-13.65533	0.89303726	50.102
-4.0701427	-8.110358	0.9540894	50.153
-0.32441434	-8.451532	2.2349873	50.203
-1.0989386	-8.738836	3.0131028	50.252
-2.1535845	-8.177396	3.0705638	50.302
-1.3623008	-7.2783732	4.370615	50.353
-2.3570917	-8.88608	4.4161053	50.402
-0.88944596	-7.9128366	2.9113493	50.453
-2.1894975	-7.559692	3.3985693	50.503
-6.6079965	-12.962208	-0.997185	50.552
-3.6523547	-11.145009	-3.2441432	50.602
-5.21936	-7.4004774	-2.6048915	50.653
-2.8634653	-10.086772	-2.112883	50.706
0.7613561	-10.739192	-1.365892	50.747
-0.1388637	-8.376115	0.09816227	50.799
0.6536171	-11.0695915	-0.4141969	50.837
0.22505496	-9.454702	0.6871359	50.9
0.30047232	-8.48146	1.9991584	50.951
3.857059	-8.831013	2.7617116	51.001
2.4839842	-11.022904	1.7501614	51.051
-1.1468226	-10.15381	3.9827545	51.101
0.25617957	-10.552444	4.056975	51.153
-2.396596	-14.487314	-0.08379706	51.189
-3.5805287	-5.8634	-1.9141643	51.247
4.0521865	-8.471883	2.148796	51.297
1.9800048	-11.868058	-0.023942016	51.347
-1.5095441	-8.252813	-0.7649474	51.397
-1.0498575	-7.541735	1.875857	51.448
-0.40342298	-7.878121	0.736217	51.498
-0.9983821	-8.109161	1.7058687	51.548
0.0011971008	-9.755175	1.2737153	51.598
-0.91099375	-8.37372	3.6343982	51.65
-2.1320367	-9.461885	1.4748282	51.697
-1.2904748	-12.065579	1.2246342	51.749
-8.808268	-13.921085	-1.9393034	51.797
-1.614889	-4.5501804	2.360683	51.839
-3.3674448	-10.001778	0.50637364	51.896
-6.355408	-7.751228	1.3946224	51.947
-1.5682021	-6.82946	1.8435353	51.997
1.8555063	-9.637859	1.6998832	52.047
1.3790601	-8.707711	1.9428947	52.098
0.36391866	-8.926781	1.2378023	52.148
-1.6005238	-10.348937	1.7669208	52.198
2.3906105	-9.068039	3.9719806	52.248
0.48841715	-15.162479	-0.5398925	52.299
-4.158728	-11.574768	-2.5486276	52.347
-4.5118732	-5.5258174	-0.89303726	52.397
4.2784386	-13.51886	0.33039984	52.447
-0.92176765	-10.195708	0.56982	52.497
-0.2669535	-6.1806316	1.3946224	52.548
0.035913024	-7.7943234	2.2361844	52.598
-1.1133038	-7.004237	2.348712	52.648
-0.30286652	-8.671799	2.7880478	52.698
-0.35673606	-8.680179	3.359065	52.749
-3.6703112	-13.111846	1.5275006	52.799
-3.2704794	-15.625757	1.8710686	52.839
-3.2704794	-15.625757	1.8710686	52.839
-1.9369092	-1.8902222	2.2948422	52.933
-3.1423898	-11.743559	-0.48003745	52.997
-3.1519666	-7.809886	1.1887212	53.047
-0.9528923	-7.291541	1.553837	53.097
0.34596214	-9.469068	0.760159	53.147
0.23942018	-8.426393	1.3575124	53.198
-0.19991584	-10.350134	-0.22026655	53.248
-0.37349546	-9.593566	2.682703	53.298
2.6060886	-10.82658	1.4700398	53.348
-4.993108	-14.226347	-2.134431	53.399
-3.558981	-7.9236107	-1.3742718	53.449
-0.58538234	-8.605958	3.0561984	53.499
2.3187842	-16.133327	0.4321534	53.549
-1.9847932	-5.6179943	-0.59017074	53.599
0.20350714	-5.5964465	2.135628	53.649
-1.198298	-7.4495587	1.4975731	53.699
-0.8343793	-7.955932	2.5761611	53.749
0.8858546	-9.746795	2.268506	53.799
-1.6077064	-9.279925	1.5298948	53.839
-3.0933087	-14.888343	0.092176765	53.897
-5.5150437	-12.35887	-1.8351556	53.947
1.2246342	-1.2234371	5.4180784	54.0
-2.8443117	-13.533225	-4.23654	54.047
-5.064934	-7.1502833	2.8395233	54.098
-1.6543933	-6.6642604	1.1252748	54.148
0.37948096	-10.028113	1.0414777	54.198
2.2768857	-8.354567	1.4999673	54.248
1.79206	-9.375694	0.8846575	54.299
-0.9947908	-11.457452	1.3587095	54.349
0.7673417	-9.807847	2.598906	54.399
-1.8974048	-14.140155	-3.989937	54.449
-4.972757	-7.3789296	-1.8746599	54.499
6.194997	-8.77834	2.859874	54.549
3.3554738	-15.095442	-2.2493525	54.599
-1.6172832	-7.60997	0.16759412	54.649
1.8662802	-6.527791	0.700304	54.697
-0.6344634	-8.426393	-0.93493575	54.749
-1.4520833	-7.380127	0.30645782	54.81
0.14724341	-7.9786773	0.09816227	54.837
-0.7374141	-8.127118	1.5011644	54.897
-2.6539726	-7.6770077	2.2062569	54.947
2.778471	-4.818331	2.7617116	54.997
1.1839328	-17.217901	-11.992557	55.065
-9.894038	-12.419921	-8.317456	55.097
-0.439336	-8.069656	6.0285997	55.148
1.6101006	-16.68998	-1.62686	55.198
-1.9297266	-6.9000893	1.4508862	55.249
-0.11851298	-8.868123	-0.46327803	55.288
-2.0901382	-6.364985	-0.142455	55.348
0.9540894	-7.6482773	1.9452889	55.398
1.4089876	-10.893618	0.34356794	55.448
2.3702598	-10.492589	4.590882	55.499
0.60214174	-12.684481	-0.985214	55.549
-2.336741	-10.6877165	-4.2173862	55.599
2.079364	-8.871715	-1.2210429	55.649
-0.20231004	-14.079103	-2.3295584	55.699
-0.272939	-7.620744	-0.16998832	55.749
1.5705963	-7.656657	-0.5279215	55.799
-1.2174516	-8.22528	0.6715736	55.837
-0.0047884034	-6.825869	3.1962593	55.897
0.02633622	-7.726089	1.7824832	55.947
-2.5941176	-8.440758	2.3642743	55.997
-1.4856021	-9.351752	2.067393	56.046
-4.0940847	-9.633071	1.8734628	56.098
-10.971429	-19.6133	-8.816648	56.149
3.0178912	0.38187516	3.3207579	56.197
-2.134431	-11.7387705	0.91937345	56.248
-7.5692687	-9.251195	-0.107739076	56.298
1.0594343	-7.098808	1.210269	56.349
-0.59017074	-7.2460513	0.78649527	56.398
0.39264908	-9.070433	0.5422867	56.449
1.4628572	-10.827777	0.3172317	56.497
-0.5255273	-9.150639	2.9819782	56.549
3.83192	-9.8437605	3.6008794	56.597
0.7302315	-13.9833355	-3.8402996	56.647
-5.403713	-14.753071	-4.6950297	56.697
-6.1303535	-8.444349	1.9476831	56.747
10.126276	-15.120581	-1.7130513	56.796
-0.44891283	-8.723274	-0.81283146	56.838
-2.066196	-4.4556093	1.0295067	56.896
0.009576807	-8.027759	1.0857705	56.938
-1.887828	-7.644686	2.0099323	56.996
0.23942018	-8.443152	1.9428947	57.038
-0.089782566	-9.671378	3.6475663	57.098
-1.1575965	-9.490616	2.0626047	57.148
-5.249287	-12.174516	-0.8643068	57.198
-8.477868	-7.6482773	-0.78529817	57.266
0.48123455	-6.3721676	-0.6799533	57.297
-5.734113	-10.26514	2.9364884	57.347
-0.9528923	-8.628703	0.48961425	57.397
-0.9588778	-5.756858	0.830788	57.447
-1.0881647	-10.048465	1.043872	57.496
1.0594343	-8.429984	2.2002714	57.548
1.2090719	-8.578424	2.597709	57.598
0.79248077	-9.593566	2.682703	57.648
0.688333	-11.939884	0.7254431	57.698
-8.237251	-12.028469	-0.49440265	57.749
-4.459201	-11.10311	0.7098808	57.799
-0.36990416	-12.807782	0.91338795	57.839
-0.6655881	-9.120711	0.9768343	57.897
0.41299978	-6.302736	2.4947581	57.947
-0.7445967	-5.7125654	2.480393	57.997
-2.0602105	-7.53575	3.3686419	58.047
-0.09935937	-10.614694	2.6372132	58.098
-2.882619	-8.305486	2.4420857	58.148
-4.9416323	-8.329428	-0.36511576	58.201
-10.1621895	-19.6133	-4.2544966	58.251
2.743755	-0.04309563	0.7793127	58.303
-0.8439561	-13.176489	-3.810372	58.352
-6.7360864	-9.904813	0.04309563	58.4
1.0654198	-7.6267295	-0.51954174	58.447
-1.4221559	-10.439917	-0.8451532	58.499
3.0107086	-9.44752	1.5861586	58.547
1.7178397	-9.629479	1.1994951	58.596
1.1959038	-9.827001	2.0745757	58.651
0.427365	-8.814254	2.8514943	58.701
0.82001406	-10.732009	3.515885	58.751
1.6065093	-10.15381	3.0693667	58.801
-7.607576	-12.254722	-4.8698063	58.839
2.992752	-8.7951	1.9057846	58.897
4.3634324	-13.889961	0.6715736	58.949
-3.678691	-8.101978	2.2756886	58.999
1.3479356	-6.7839704	3.052607	59.047
-0.094570965	-7.8757267	3.645172	59.098
-2.4768016	-6.56131	3.4979286	59.151
-0.9792285	-8.503007	2.3127987	59.201
-1.9237411	-8.871715	2.871845	59.251
0.94211835	-11.417948	4.010288	59.295
-4.8602295	-19.528307	-1.9871874	59.351
-4.344279	-5.4432178	-2.2409728	59.395
0.5291186	0.49440265	4.152743	59.452
-4.2640734	-14.923059	-2.822764	59.496
-3.6595373	-7.1526775	0.5398925	59.551
-2.3786395	-6.945579	2.4384944	59.601
1.1755531	-10.879252	0.90141696	59.651
0.59495914	-8.523358	1.685518	59.701
1.043872	-8.334216	2.0578163	59.752
-0.46088383	-9.520543	1.6292542	59.801
2.2014685	-10.783484	1.5813702	59.846
3.4943373	-10.795456	2.066196	59.906
-5.29358	-12.565968	-1.9716251	59.951
-2.8658595	-9.773131	-1.1121067	59.988
-0.10654198	-14.144943	0.5434838	60.048
1.1887212	-8.5700445	0.18315643	60.098
1.8136078	-5.3606176	0.90859956	60.143
-1.0606314	-7.7428484	0.8463503	60.199
-2.2972364	-7.6746135	2.72939	60.249
0.6991069	-8.822633	1.7872716	60.299
-0.6619968	-8.613141	3.1591492	60.344
-4.361038	-12.0571995	1.8722657	60.397
-4.189853	-11.744757	-0.9828198	60.447
-8.876503	-12.668919	-8.341399	60.497
0.712275	-2.7641058	3.1519666	60.545
-0.8631097	-12.990938	0.7625532	60.598
-2.9400797	-9.443929	2.2637177	60.642
-1.033098	-7.4986396	1.6472107	60.698
-2.124854	-10.7751045	1.2629414	60.742
-1.4449008	-8.868123	3.383007	60.798
-0.15083471	-8.756793	2.5953147	60.846
2.7102363	-8.264784	3.2154129	60.896
3.1950622	-8.050503	3.2704794	60.948
-2.6204538	-15.401899	-1.1192893	60.998
-5.571307	-10.123882	0.63206923	61.042
-0.18435353	-10.444705	1.5813702	61.098
-1.234211	-11.20247	2.0973208	61.142
-0.8858546	-9.226056	2.3415294	61.182
-0.1592144	-9.621099	3.4320881	61.248
-0.6536171	-8.412027	2.9388826	61.298
-0.50996494	-8.348581	3.5817258	61.348
-0.89902276	-7.350199	3.7193923	61.398
-0.7170634	-8.1319065	3.0561984	61.445
-0.39983168	-12.076353	1.3431472	61.497
-1.5107412	-8.1163435	2.801216	61.546
-1.3192052	-9.607931	4.0785227	61.597
