-0.61650693	-9.61272	2.3642743	0.002
-0.6667852	-9.481039	1.6915035	0.033
-1.163582	-9.379285	1.7860745	0.049
-1.174356	-9.2308445	2.0099323	0.08
-1.0019734	-9.16261	2.0697873	0.099
-0.10055647	-9.55047	2.693477	0.129
0.4333505	-9.859323	2.7688942	0.149
0.21428105	-9.834184	2.3630772	0.183
-0.12210429	-9.5253315	2.1918917	0.2
-0.019153614	-9.241618	2.1787236	0.229
0.1592144	-9.384073	2.1308396	0.251
-0.30885202	-9.758766	1.0247183	0.279
-0.50757074	-9.821015	1.5334862	0.299
-0.5770026	-9.479841	1.6651673	0.331
-0.5793968	-9.300277	1.6627731	0.35
-0.5363012	-9.252393	1.7812861	0.381
-0.47405192	-9.391256	1.7669208	0.399
-0.81522566	-9.753978	1.3479356	0.432
-1.13964	-9.470264	1.4736311	0.449
-0.9959879	-9.239224	1.7513585	0.479
-0.5494693	-9.26556	1.7968484	0.5
-0.17238252	-9.491813	1.673547	0.53
-0.21547815	-9.545682	1.6879122	0.55
-0.3196259	-9.471462	1.7741034	0.581
-0.3196259	-9.421184	1.8052281	0.6
-0.25977087	-9.459491	1.8231846	0.63
-0.31483752	-9.490616	1.7597382	0.65
-0.62847793	-9.208099	1.8339585	0.681
-0.5255273	-9.2547865	1.9213469	0.701
-0.4285621	-9.27394	1.9728222	0.731
-0.33758244	-9.315839	1.9476831	0.742
-0.1436521	-9.3661175	2.0015526	0.76
-0.1436521	-9.496601	1.3012487	0.801
-1.1611878	-9.551667	1.6077064	0.83
-1.0534488	-9.534908	1.6603789	0.852
-0.4381389	-9.700109	1.4089876	0.881
-0.33159694	-9.7479925	1.3012487	0.898
0.02633622	-11.623849	0.9696517	0.93
0.06943185	-12.941857	0.91817635	0.953
-0.8559271	-12.23078	0.59974754	0.981
-0.8571242	-11.693281	1.079785	0.992
-1.3323733	-9.983821	1.0378864	1.031
-1.4532804	-9.3421755	0.7661445	1.043
-0.11851298	-6.542156	2.2948422	1.081
0.7649474	-7.547721	3.027468	1.098
-1.0354922	-12.495338	1.6065093	1.157
-2.1655555	-12.495338	1.2509704	1.172
-3.7110126	-9.249998	1.3982137	1.18
-2.7030537	-7.7093296	2.3834279	1.199
-0.7290344	-7.475895	3.1591492	1.23
-0.029927522	-7.892486	2.9005754	1.253
0.51954174	-8.395268	2.4720132	1.281
0.045489833	-7.93199	2.4361002	1.304
-1.6364368	-7.6410947	3.4153287	1.341
-2.1188686	-7.6602483	3.5482068	1.36
-2.2421699	-8.213309	3.560178	1.38
-2.7222073	-8.304289	2.4732103	1.406
-2.932897	-8.532935	2.4732103	1.431
-1.2808979	-8.890868	1.816002	1.449
-4.295198	-11.11149	1.1336545	1.482
-4.88896	-11.314998	0.7769185	1.492
-2.3080103	-13.306973	2.4983494	1.523
-2.208651	-15.247474	1.7537527	1.542
-5.093664	-7.049727	0.076614454	1.582
-3.515885	-4.5178585	1.5370775	1.591
1.0833763	-4.203021	4.200627	1.624
-0.0011971008	-8.835801	0.8834604	1.643
-4.0904937	-14.629769	-2.3930047	1.684
-5.2887917	-14.265851	-1.9776106	1.693
-4.3837833	-9.343372	2.0901382	1.724
-2.291251	-7.393295	3.1364043	1.743
-1.2533646	-7.339425	2.6982653	1.758
-1.2533646	-7.339425	0.8762778	1.801
-0.89662856	-9.147048	0.79248077	1.831
-1.3994108	-8.802282	0.6452374	1.841
-1.3443443	-8.328231	0.91697925	1.873
-1.0618285	-8.209718	1.2988545	1.891
-0.8355764	-8.462306	1.2354081	1.922
-0.92296475	-9.030929	0.997185	1.941
-1.1240777	-9.762358	1.2737153	1.971
-1.3563153	-10.084377	1.8291701	1.991
-0.3890578	-10.398018	2.1428106	2.021
0.6428431	-10.770316	1.8662802	2.041
0.6799533	-10.928333	2.1392193	2.071
0.4321534	-10.890026	1.8004397	2.091
-1.2593501	-10.726024	0.9792285	2.121
-3.5697548	-11.183316	0.90979666	2.141
-4.999093	-10.419566	-0.24899697	2.171
-3.0538042	-8.534132	-1.1336545	2.191
-3.107674	-7.3849154	-1.198298	2.221
-1.6938977	-8.664616	0.2777274	2.241
1.1109096	-12.479776	2.8802247	2.271
1.6915035	-12.946646	1.8602947	2.292
0.78769237	-11.656171	1.5741876	2.321
-1.3204023	-9.255983	2.31639	2.341
-2.707842	-6.76362	2.1033063	2.371
-2.1883004	-5.8143187	2.4540567	2.391
-0.5590461	-7.523779	3.25372	2.422
-1.376666	-8.154651	2.6635494	2.441
-2.4791958	-7.7213006	2.4708161	2.471
-2.895787	-7.7069354	2.8814218	2.491
-2.504335	-8.403648	2.835932	2.532
-2.0649989	-8.185776	3.0358477	2.541
-0.89303726	-6.9144545	3.3542767	2.574
-0.36750996	-6.977901	3.0585926	2.593
-1.5885528	-8.653842	1.0175357	2.624
-3.477578	-9.536105	-0.49679685	2.643
-5.112818	-10.569203	-0.02873042	2.673
-1.2186487	-10.594342	2.8898015	2.693
1.6603789	-11.320983	2.030283	2.723
0.021547815	-17.319654	-2.255338	2.743
-1.8423382	-19.53908	-4.1838675	2.76
-1.8423382	-5.795165	-0.055066638	2.805
-5.5605335	-2.3714569	1.7657237	2.834
-0.78290397	-5.1690817	2.0697873	2.843
0.04189853	-12.696451	-1.1599907	2.883
-3.4237084	-12.270284	-1.5825673	2.892
-6.1686606	-8.77834	-0.5614403	2.933
-6.8641763	-7.9702973	-0.21547815	2.942
-3.678691	-8.785523	-2.0290859	2.984
-1.7082629	-10.309433	-2.1739352	3.0
0.24660277	-10.891224	-0.6631939	3.031
0.24660277	-10.891224	-0.6631939	3.052
0.47046062	-8.688558	0.5255273	3.084
1.3096284	-9.078813	0.50278234	3.096
2.4301147	-10.304645	1.033098	3.134
2.6360161	-9.980229	1.5143325	3.146
2.4265234	-9.334992	2.0757728	3.184
2.0649989	-9.515755	2.2613235	3.197
1.3227965	-10.794258	2.742558	3.233
1.0139444	-10.785878	2.565387	3.246
-0.6787562	-10.28549	1.8806454	3.285
-1.6903064	-9.370906	2.1296425	3.297
-3.4979286	-10.210073	2.0266917	3.325
-6.7145386	-11.486182	-1.3922282	3.348
-3.6296098	-10.551247	-4.4005427	3.385
-5.067328	-9.581595	-1.638831	3.398
-0.22385786	-8.789114	0.8870517	3.428
5.3594203	-11.941081	-0.020350715	3.442
5.127183	-13.947422	0.48722005	3.475
1.6184803	-12.182896	1.0019734	3.497
-1.7010803	-9.915586	0.22625206	3.525
-3.0490158	-7.303512	-0.2873042	3.547
-0.6859388	-6.8438253	1.8770541	3.583
-0.05746084	-6.8438253	1.8770541	3.592
-0.8762778	-7.177817	1.6316484	3.633
-2.0578163	-7.2185183	1.6412252	3.644
-2.7617116	-8.647857	2.718616	3.683
-2.574964	-9.076419	2.7353754	3.694
-0.8571242	-8.279149	2.670732	3.733
0.12808979	-7.6590514	2.669535	3.745
1.1121067	-7.371747	2.256535	3.761
-0.60693014	-8.37013	3.0430303	3.793
-4.5118732	-12.0248785	1.1384429	3.831
-4.914099	-13.4422455	1.0043676	3.843
-3.9348705	-14.858416	2.5438392	3.886
-2.7102363	-12.326548	2.2266076	3.896
0.0011971008	-9.097966	2.4504654	3.934
-0.17118542	-7.717709	2.6599581	3.956
-2.5234885	-8.695741	-0.82240826	3.984
-5.2409077	-9.295488	-1.0905589	4.006
-5.437232	-10.064027	0.19632454	4.034
-2.7581203	-10.242394	2.4193408	4.048
1.0426749	-9.120711	1.804031	4.078
1.2868834	-8.767567	0.7182605	4.1
-0.20111294	-8.214506	0.7338228	4.128
-1.8543092	-7.997831	1.1971009	4.15
-2.2720973	-8.323442	1.4281414	4.183
-1.8231846	-8.323442	1.4281414	4.183
-0.095768064	-9.029732	1.6711528	4.225
0.32202014	-9.003395	2.0278888	4.245
0.50996494	-8.763975	1.3467385	4.274
0.18315643	-8.797494	1.3335704	4.295
-2.0829554	-11.268311	1.4975731	4.332
-2.244564	-12.88679	0.5303157	4.345
-4.07134	-14.798561	1.8746599	4.384
-4.83509	-13.873201	1.6591818	4.398
-3.3387144	-10.675745	-0.7445967	4.425
-2.4875755	-9.390059	-1.4688427	4.438
0.8643068	-8.816648	2.8634653	4.474
1.1216835	-9.235633	3.3039982	4.494
-0.81881696	-9.730036	1.4496891	4.524
-1.2473791	-9.927557	0.9959879	4.546
-1.4951789	-9.260772	1.0594343	4.574
-1.3754689	-8.222886	1.9081788	4.596
-1.5753847	-7.8469963	2.3642743	4.624
-1.353921	-7.9954367	2.4947581	4.646
-1.3036429	-8.4347725	2.6551697	4.673
-1.365892	-8.416816	2.7569232	4.687
-1.2198458	-8.440758	3.1747115	4.725
-1.2964603	-8.470686	3.13401	4.738
-1.4544775	-8.752005	2.5677812	4.758
-1.4544775	-8.752005	2.5677812	4.758
-1.2808979	-7.833828	2.7629087	4.829
-1.4460979	-9.181764	2.1739352	4.85
-6.1100025	-14.814123	-0.80684596	4.883
-7.681796	-15.605407	-0.6931214	4.895
-4.272453	-10.234015	0.41060558	4.934
-0.49919105	-6.4882865	2.1942859	4.942
0.50876784	-4.3275194	3.2190042	4.983
0.56982	-5.568913	2.4229321	4.992
-1.5466543	-10.723629	-1.3311762	5.033
-3.6619315	-12.158954	-1.5131354	5.046
-3.7660792	-11.104307	0.2705448	5.084
-3.2788591	-10.460267	0.2705448	5.096
-2.8299465	-8.407239	1.7238252	5.134
-1.8387469	-8.192958	1.5275006	5.146
-0.11731588	-8.973468	1.7142484	5.183
0.320823	-9.147048	1.9776106	5.196
-0.1604115	-9.408015	1.22224	5.235
-0.17238252	-9.640253	0.7493851	5.248
-0.02633622	-10.232818	0.25857377	5.285
0.16639702	-9.873688	0.842759	5.297
0.8714894	-9.321824	1.2797008	5.334
1.0534488	-9.721656	1.0295067	5.347
0.90021986	-9.976639	0.47285482	5.374
0.6967127	-10.043676	0.2813187	5.397
0.6667852	-9.848549	0.8607155	5.425
1.4389153	-10.127473	0.89543146	5.448
0.37828386	-12.483368	-0.93373865	5.474
-2.4516625	-13.253103	-1.472434	5.497
-2.292448	-13.071144	-0.5494693	5.529
-2.292448	-13.071144	-0.5494693	5.555
-3.5817258	-8.468291	-2.0147207	5.568
-3.8654387	-5.7400985	-2.27928	5.589
1.4185646	-7.9607205	3.5302503	5.629
1.4185646	-7.9607205	3.5302503	5.654
1.2677298	-11.881226	-2.0829554	5.669
-1.1312603	-11.996147	-4.712986	5.689
-2.1045034	-8.834604	2.0039468	5.729
-2.1045034	-8.249222	1.7681179	5.754
-0.30645782	-8.652645	-0.22266077	5.769
-0.30645782	-8.652645	-0.22266077	5.769
-3.5733461	-9.749189	-0.07182605	5.833
-3.3806129	-9.121908	0.5614403	5.843
-1.8626889	-8.311471	1.5873557	5.883
-1.5526398	-8.669404	1.1420342	5.892
-1.899799	-9.560047	0.32321724	5.933
-1.804031	-9.7240505	0.62728083	5.942
-0.272939	-9.466674	1.5394717	5.983
0.39624038	-9.313444	1.4089876	5.992
-0.22505496	-8.550891	2.0135236	6.034
-0.961272	-7.5189905	2.3894134	6.043
-2.1152773	-7.620744	0.9540894	6.084
-3.774459	-11.609484	-0.39863458	6.093
-5.0781016	-17.61534	-2.813187	6.134
-6.217742	-12.028469	-3.0561984	6.143
-1.4532804	-4.605247	3.3997664	6.184
-0.47046062	-4.2054152	3.3997664	6.193
-2.932897	-8.207323	-0.41299978	6.235
-4.0701427	-11.75553	-1.9536686	6.244
-1.733402	-10.292673	0.18674773	6.275
0.046686932	-8.738836	0.11372458	6.295
-0.36990416	-8.602366	0.18674773	6.325
-0.997185	-8.400057	0.51714754	6.344
-1.9440918	-7.633912	1.1300632	6.374
-1.151611	-7.4591355	0.9708488	6.394
-1.6891093	-8.054094	0.60932434	6.427
-3.0346506	-10.104729	-0.51595044	6.445
-2.6120741	-11.3880205	-1.5107412	6.474
-1.3467385	-10.157401	-0.5363012	6.494
1.8866309	-9.323022	0.36750996	6.525
1.5334862	-10.329783	-1.4101849	6.545
-0.63206923	-10.752359	-1.352724	6.584
-1.4508862	-9.96347	-0.5614403	6.594
-1.5179238	-9.187749	0.48602295	6.635
-0.7098808	-8.728063	0.6679823	6.644
3.1268275	-8.908825	-0.92296475	6.685
4.9296613	-10.085575	-1.3694834	6.694
4.096479	-10.957064	-1.2725182	6.735
2.0374656	-10.765528	-0.7541735	6.735
-1.4053963	-11.154586	1.6017209	6.762
-1.4053963	-11.154586	1.6017209	6.762
-4.5154643	-12.054806	1.3132197	6.833
-5.708974	-13.215993	3.2632968	6.844
0.30406362	-13.672089	5.7161565	6.883
1.460463	-13.48175	3.6739025	6.892
2.135628	-8.389283	1.340753	6.933
0.095768064	-6.903681	1.4053963	6.942
-3.954024	-5.722142	1.4532804	6.984
-2.9400797	-7.135918	2.0937295	6.993
-1.4209588	-7.9188223	3.027468	7.034
-0.6512229	-8.488642	2.6372132	7.043
-1.3323733	-8.9519205	2.3930047	7.084
-2.100912	-8.602366	2.6874914	7.093
-1.4700398	-8.128315	2.9963434	7.134
-1.6723499	-7.777564	2.834735	7.143
-2.1823149	-7.529764	2.0111294	7.184
-2.3427265	-7.726089	1.6711528	7.194
-1.4449008	-8.432379	4.8219223	7.235
-0.8355764	-8.37372	4.650737	7.244
-0.47285482	-10.0269165	1.4329298	7.285
-1.3263878	-10.9834	0.5398925	7.295
-4.771644	-10.969035	2.2170308	7.335
-4.4424415	-12.88679	3.6212301	7.345
-6.196194	-15.571888	-1.555034	7.385
-7.52737	-12.859258	-1.9476831	7.395
-5.614403	-7.2664022	0.14963761	7.435
-2.409764	-4.346673	0.79487497	7.444
-0.19632454	-7.0449386	1.4784195	7.485
-1.2641385	-9.607931	1.0163386	7.494
-5.116409	-10.46745	-0.6751649	7.535
-5.6898203	-9.228451	0.5386954	7.544
-4.921282	-7.926005	0.61770403	7.585
-3.229778	-7.523779	0.5494693	7.594
-0.91219085	-9.091981	0.878672	7.635
0.12449849	-9.973047	0.9756372	7.644
1.377863	-9.464279	1.2186487	7.685
1.3982137	-9.069236	1.2066777	7.694
1.1827357	-8.401254	2.0410569	7.735
1.151611	-8.414422	2.2385786	7.744
1.1264719	-8.559271	1.9919758	7.765
1.1264719	-8.559271	1.9919758	7.765
-0.5327099	-9.94312	1.1384429	7.833
-0.25617957	-10.150218	1.2593501	7.843
-0.05865794	-10.760739	2.777274	7.883
0.50996494	-10.680533	3.0454245	7.893
0.48123455	-10.710462	2.3307555	7.933
-1.0462662	-11.686098	1.7705121	7.942
-5.130774	-13.956999	-4.6483426	7.983
-5.5964465	-12.5025215	-4.9895163	7.993
-1.899799	-8.3868885	-2.8083985	8.024
-2.8107927	-6.2368956	-0.9900024	8.044
1.3180081	-9.721656	3.229778	8.084
5.4444146	-13.772645	1.6041151	8.094
6.0489507	-14.808138	-3.2872388	8.134
2.1583729	-11.692084	-2.5701754	8.144
-1.6340426	-7.9583263	0.22984336	8.184
-1.2569559	-5.876568	0.25139117	8.193
1.0881647	-7.49026	1.423353	8.235
1.4927847	-8.6299	1.423353	8.244
0.03232172	-9.986216	-0.41060558	8.285
-1.4269443	-8.884883	-0.28491	8.294
-1.8590976	-7.807492	1.9476831	8.325
-1.067814	-8.10557	1.8734628	8.345
-0.92775315	-8.109161	0.6907272	8.385
-0.90261406	-8.133103	0.7182605	8.394
-0.58538234	-8.376115	1.4556746	8.435
-1.4652514	-8.367735	2.3080103	8.445
-2.7521348	-9.640253	0.1340753	8.485
-4.960786	-9.400833	-0.10055647	8.495
-2.0374656	-10.581175	3.2393548	8.535
0.80564886	-18.434156	-2.007538	8.565
-0.29927522	-19.019539	-4.1575313	8.574
-0.29927522	-19.019539	-3.9145198	8.602
-5.2528787	-3.525462	3.5422213	8.633
-2.9017725	-2.8191724	3.98874	8.643
-1.1420342	-5.485116	1.7130513	8.683
-1.9668367	-6.89171	0.62129533	8.692
-5.273229	-11.865664	-1.5801731	8.732
-5.497087	-11.125855	-1.3443443	8.742
-5.3821654	-7.8589673	0.7266402	8.773
-5.3821654	-7.8589673	0.7266402	8.773
-1.3096284	-8.744822	1.5059528	8.831
-0.37110126	-9.25359	1.1216835	8.844
1.543063	-9.57561	0.39863458	8.884
1.5741876	-9.068039	0.5470751	8.893
0.59855044	-8.979453	1.2641385	8.934
0.2753332	-9.129091	1.496376	8.943
-0.15203181	-9.363723	0.9804256	8.984
-0.59974754	-9.551667	0.7302315	8.993
-1.3874398	-9.609129	1.2485762	9.034
-0.8846575	-9.109938	1.9333179	9.044
0.15203181	-9.038112	2.2493525	9.085
1.5011644	-9.946711	2.2972364	9.094
0.4381389	-12.392388	0.5554548	9.135
-3.833117	-12.77546	0.90261406	9.144
-5.4791307	-12.308591	1.0223241	9.185
-4.830302	-13.131	-1.6208745	9.194
-3.193865	-11.926716	-3.083732	9.235
-3.217807	-8.392874	-2.4516625	9.244
-2.4241292	-4.724957	1.0139444	9.275
-0.641646	-6.5002575	2.4121583	9.294
0.05267244	-10.922348	2.0470424	9.325
-0.41299978	-11.668142	1.7717092	9.345
-1.1575965	-10.990582	1.8471266	9.385
-0.94930094	-10.242394	1.8722657	9.394
-1.5478514	-8.700529	0.9900024	9.435
-1.1480197	-8.067263	1.3467385	9.444
-0.49081135	-8.298303	2.3894134	9.485
-0.60932434	-8.230068	2.682703	9.494
-2.1811178	-7.8446016	2.554613	9.535
-3.0214825	-8.14268	2.4396915	9.544
-2.9867666	-8.688558	2.6527755	9.585
-2.147599	-8.1797905	2.7880478	9.594
-1.6160861	-7.493851	2.2301989	9.635
-1.9716251	-7.041347	1.5454572	9.644
-3.2632968	-7.6387005	0.4441244	9.675
-3.5529952	-8.65025	-0.9911995	9.694
-3.2680852	-11.632229	-0.007182605	9.735
-1.804031	-15.787366	0.18195933	9.744
-1.5107412	-17.834408	-2.4708161	9.775
-1.5107412	-17.834408	-2.4708161	9.775
-0.5351041	-5.069722	1.2653356	9.832
-1.7250223	-3.2573113	1.4748282	9.843
-2.7641058	-7.606379	2.4959552	9.883
-2.5713725	-7.606379	2.4959552	9.892
-4.1838675	-12.945449	-2.7210102	9.933
-4.370615	-12.854469	-3.383007	9.944
-2.6048915	-9.618706	0.79487497	9.983
-3.5194764	-8.438364	1.1240777	9.994
-3.1268275	-7.327454	0.04070143	10.034
-2.3642743	-7.9391727	-0.35913026	10.046
-0.89782566	-9.749189	0.17836803	10.084
-0.664391	-10.0664215	0.2765303	10.096
0.01316811	-9.8437605	0.025139118	10.134
0.50158525	-9.613917	-0.034715924	10.146
0.6631939	-9.226056	0.6500258	10.184
0.7410054	-9.179369	0.79966336	10.196
0.7529764	-9.539697	0.8487445	10.235
1.0630256	-9.593566	1.1719618	10.247
1.6891093	-9.639056	1.4772224	10.282
1.6184803	-9.639056	1.4772224	10.294
1.2868834	-9.647436	1.8459295	10.333
1.3239936	-9.604341	1.9189527	10.342
0.6811504	-9.90601	1.6699557	10.383
0.36152446	-10.079589	1.5765818	10.392
-1.5107412	-10.061633	2.3535004	10.433
-1.5849615	-10.396821	2.5019407	10.451
-0.39025488	-10.320207	2.9484594	10.484
0.23702596	-10.997766	2.8550856	10.496
-0.973243	-13.88637	-1.0534488	10.534
0.45130703	-14.809335	-2.0278888	10.546
-1.6747441	-9.67856	-3.2680852	10.584
-4.4077253	-7.0952168	-3.8115692	10.596
-2.5187001	-5.7245364	1.3479356	10.634
1.6543933	-7.029376	2.373851	10.646
4.3993454	-10.820595	0.19871874	10.685
2.1212628	-11.616667	-0.5793968	10.698
-1.7142484	-10.9103775	0.6607997	10.734
-1.5646108	-11.204864	0.4225766	10.747
-0.36391866	-10.1226845	-0.7338228	10.775
-0.36391866	-10.1226845	-0.7338228	10.775
-0.7062895	-8.835801	1.5921441	10.832
-0.9696517	-8.835801	1.5921441	10.853
-0.89184016	-8.037335	1.6484078	10.882
-0.6703765	-8.010999	1.8004397	10.902
-0.878672	-8.437167	1.7405846	10.933
-0.9780314	-8.443152	1.7776948	10.944
-1.1216835	-8.161834	1.922544	10.983
-1.1001357	-8.067263	1.9285295	10.992
-0.78170687	-8.491036	2.3295584	11.034
-0.32441434	-8.767567	2.5474305	11.043
-2.6527755	-9.016563	1.9716251	11.084
-3.5350387	-8.401254	0.6979098	11.093
-1.4496891	-8.378509	3.4751837	11.134
0.6631939	-11.361684	3.0933087	11.143
-1.7848774	-18.078617	-1.9369092	11.184
-5.2840033	-19.280506	-3.0226796	11.193
-5.685032	-8.480263	-0.2801216	11.235
-3.693056	-3.7349546	1.6591818	11.244
-1.423353	-2.4492683	2.3690627	11.285
0.08259996	-4.9320555	1.8782512	11.294
-3.9671922	-10.200497	-1.958457	11.335
-6.447585	-12.530055	-2.4528596	11.344
-5.0038815	-10.67814	-0.22984336	11.374
-3.4751837	-8.153454	1.4460979	11.395
-3.3028011	-7.049727	1.9369092	11.424
-2.706645	-8.056489	1.4221559	11.445
-1.4544775	-9.536105	0.23343466	11.475
-1.1659763	-9.844957	-0.24420857	11.494
-0.8523358	-9.834184	-0.49081135	11.535
-0.5781997	-9.636662	-0.22744916	11.545
-0.07182605	-9.196129	0.80804306	11.585
-0.1376666	-9.445126	0.7015011	11.594
-0.33039984	-9.801862	1.3096284	11.635
-0.11133038	-9.764751	1.5634137	11.644
0.2873042	-9.570822	1.8315643	11.675
0.15322891	-9.752781	1.4975731	11.695
1.0785879	-10.858902	1.1049241	11.735
0.32561144	-11.21085	1.0929531	11.744
-1.2916719	-9.697714	1.520318	11.775
-1.2916719	-9.697714	1.520318	11.775
-2.1655555	-11.320983	2.7246015	11.832
-4.8961425	-11.687296	2.60968	11.843
-3.2393548	-11.469423	-0.7493851	11.883
-2.4073699	-10.2735195	-1.8614918	11.893
-0.6452374	-4.689044	-2.4372973	11.933
-0.10414778	-4.689044	-2.4372973	11.943
1.6950948	-10.600328	2.1080947	11.982
1.435324	-12.412739	2.5725696	11.993
-1.3156139	-12.089521	2.1811178	12.032
-1.22224	-11.325771	1.934515	12.041
0.61291564	-10.492589	1.055843	12.084
0.51834464	-9.896433	0.9959879	12.093
-0.29568392	-8.500613	2.7353754	12.134
-0.92895025	-8.310274	3.2680852	12.144
-2.541445	-7.8469963	2.718616	12.184
-2.932897	-7.6602483	2.8898015	12.184
-2.3427265	-8.5700445	3.2872388	12.232
-1.9189527	-8.7951	3.0310593	12.242
-1.2773066	-8.355764	3.5697548	12.284
-1.3359646	-7.632715	3.727772	12.294
-1.3718776	-7.335834	3.8953662	12.334
-1.4640543	-7.4268136	3.632004	12.343
-1.8626889	-7.7440453	2.7832594	12.384
-3.110068	-8.694544	2.3415294	12.393
-4.3478703	-9.907207	3.942053	12.434
-2.5617957	-10.609905	4.758476	12.443
0.5446809	-13.257892	2.565387	12.475
1.0187328	-14.02284	1.4269443	12.495
-2.111686	-10.079589	2.1751323	12.535
-4.0378213	-6.847417	3.870227	12.544
-6.769605	-6.55293	2.731784	12.585
-5.747281	-8.02297	1.1480197	12.594
-3.5936968	-9.733627	-2.3175871	12.635
-3.1842883	-9.323022	-2.384625	12.644
-0.33159694	-9.617508	-0.260968	12.685
0.077811554	-10.514136	0.6727707	12.694
-0.7074866	-10.5919485	0.2908955	12.735
-0.8499416	-9.76954	0.7146692	12.744
-0.89303726	-9.157822	1.0570401	12.774
-0.89303726	-9.157822	1.0570401	12.774
0.04189853	-9.151836	1.8363527	12.833
0.33518824	-9.2069025	1.9536686	12.843
0.6727707	-9.089587	2.2242134	12.883
0.62129533	-9.089587	2.2242134	12.903
-0.272939	-9.285912	2.1990743	12.933
-0.7218518	-9.174581	2.0207062	12.942
-0.5410896	-8.616732	2.2649148	12.983
-0.545878	-8.76637	2.1583729	13.002
-0.62009823	-10.447099	1.863886	13.033
-0.5327099	-10.703279	1.9608512	13.043
-0.427365	-11.3138	2.1990743	13.084
-0.4237737	-11.354502	2.007538	13.093
-0.8439561	-10.314221	2.4025815	13.134
-1.412579	-11.386824	1.4041992	13.143
-3.928885	-13.679272	-0.82480246	13.184
-1.5155296	-11.238382	-1.2066777	13.193
-2.208651	-8.813056	-1.9500773	13.235
-3.071761	-6.3242836	-2.1978772	13.244
0.8451532	-8.53892	5.0374002	13.285
3.0358477	-10.512939	4.0162735	13.294
4.173094	-12.698846	-1.42455	13.335
3.2465374	-13.03164	-1.5107412	13.344
-0.7433996	-10.597934	-1.3371617	13.374
-2.1691468	-8.723274	-1.6340426	13.395
-2.468422	-7.0664864	1.2401965	13.435
-2.0973208	-7.3777328	2.421735	13.445
-1.7681179	-7.878121	1.99437	13.485
-1.3299791	-7.8984714	1.5933412	13.495
-0.16639702	-7.6135616	2.7341783	13.524
0.5554548	-7.4926543	2.8191724	13.544
0.5590461	-8.288726	2.03148	13.585
0.1400608	-8.60117	1.5502456	13.594
-1.2521675	-9.349358	1.6053122	13.625
-1.2389994	-9.604341	2.172738	13.645
-3.807978	-11.799823	0.21667525	13.685
-5.032612	-13.0998745	0.6811504	13.694
-2.4420857	-15.677233	1.4460979	13.735
-2.360683	-17.27177	-1.8854338	13.744
-2.8754363	-9.233239	-2.1033063	13.775
-2.8754363	-9.233239	-2.1033063	13.775
-1.899799	-5.1702785	2.730587	13.833
-1.3192052	-6.55293	1.412579	13.843
-1.9907787	-11.337742	-1.364695	13.883
-3.204639	-12.239159	-1.5837644	13.892
-3.7804444	-8.760384	-0.4201824	13.933
-2.4708161	-7.9116397	0.47405192	13.942
-0.7721301	-8.407239	0.8499416	13.983
-0.49559975	-8.407239	0.8499416	13.992
-1.1001357	-9.408015	-0.29688102	14.031
-1.4508862	-9.277532	-0.15083471	14.041
-1.0510546	-8.779537	0.089782566	14.084
-0.32800564	-8.919599	-0.090979666	14.093
-0.017956512	-9.586384	-0.21667525	14.134
-0.12569559	-9.821015	-0.095768064	14.143
-0.94690675	-9.883265	0.7194576	14.184
-0.9564836	-9.580399	1.0007763	14.193
0.25617957	-10.441113	0.8631097	14.234
0.94570965	-10.922348	0.6703765	14.243
0.82001406	-10.536881	0.47285482	14.285
-0.58897364	-12.169727	-0.08020575	14.294
-2.5330653	-13.18008	-2.055422	14.335
-1.0223241	-12.204443	-2.327164	14.344
-0.9935937	-7.4447703	-2.2876596	14.385
-2.4133554	-5.040992	-1.1013328	14.394
-1.5981296	-7.9870567	2.541445	14.435
0.93373865	-11.134235	2.7162218	14.444
1.8938135	-12.497733	-1.2677298	14.485
0.8331822	-11.008539	-0.34117374	14.494
-0.38067806	-9.812635	-1.0953473	14.535
-0.61411273	-9.581595	-1.543063	14.544
-1.3251907	-9.840169	-0.8643068	14.585
-2.1655555	-9.568427	0.19632454	14.594
-1.9979613	-8.762778	0.8619126	14.635
-1.1456255	-8.281544	1.3599066	14.644
-0.3866636	-7.9750857	1.7968484	14.685
-0.51475334	-7.9786773	1.553837	14.694
-0.91219085	-8.5473	0.7457938	14.735
-0.89184016	-9.287108	0.61770403	14.744
-0.8379706	-9.307459	1.1779473	14.775
-0.8379706	-9.307459	1.1779473	14.775
-0.8379706	-9.2308445	1.5011644	14.834
-1.875857	-8.9363575	1.7082629	14.842
-0.90141696	-10.481815	2.3894134	14.883
0.19871874	-12.216414	0.7194576	14.892
-3.6367924	-16.488867	-5.2061915	14.933
-6.1243677	-14.144943	-6.1112	14.942
-3.7792473	-6.042965	-0.11611878	14.983
-0.81642276	-4.489128	1.5813702	14.992
-1.2725182	-6.229713	1.721431	15.032
-2.528277	-7.7811556	0.58538234	15.043
-4.024653	-12.270284	-1.3323733	15.084
-3.9851487	-12.4785795	-1.3323733	15.093
-1.8830396	-9.279925	0.18555063	15.134
-1.4389153	-7.9032598	1.4532804	15.144
-1.1899183	-9.095572	0.30885202	15.183
-1.3156139	-9.25359	0.06584055	15.193
-0.37948096	-9.216479	0.4405331	15.234
0.2753332	-9.241618	0.60214174	15.245
1.7298107	-9.489418	0.60693014	15.285
1.8890251	-9.846154	0.34237084	15.294
0.8379706	-9.676167	0.09816227	15.335
0.45609543	-9.224859	0.24420857	15.344
0.33039984	-9.312247	0.4417302	15.385
-0.3842694	-9.664195	0.094570965	15.394
-0.8607155	-9.964667	0.6943185	15.435
-0.22026655	-9.613917	1.4077905	15.444
0.94690675	-8.890868	1.2425907	15.485
0.8595184	-9.743204	1.5155296	15.494
-0.034715924	-12.594698	1.0151415	15.535
-1.5885528	-14.929045	-1.4664485	15.544
-0.9911995	-12.4702	-2.3906105	15.585
0.19632454	-10.365696	-1.0618285	15.594
0.17836803	-8.093599	-2.0829554	15.635
-0.664391	-7.4711065	-2.731784	15.644
-1.7202339	-5.318719	0.736217	15.685
-0.7553706	-6.3865333	2.4660277	15.694
0.47884035	-11.999739	1.4999673	15.724
-0.7146692	-15.030798	-0.6512229	15.744
-1.7429788	-13.047202	-1.3503298	15.775
-1.7429788	-13.047202	-1.3503298	15.775
-1.7429788	-13.047202	-1.3503298	15.775
-1.7429788	-13.047202	-1.3503298	15.775
-0.4213795	-9.187749	0.93732995	15.883
-1.7322049	-9.880871	0.78050977	15.893
-2.4504654	-8.737639	0.91458505	15.933
-2.2637177	-8.24563	1.1839328	15.942
-1.4449008	-7.4447703	1.851915	15.983
-1.2138603	-7.7332716	1.9273324	15.992
-1.1264719	-8.282741	2.098518	16.032
-1.1264719	-8.282741	2.098518	16.043
-0.6584055	-8.771158	2.3295584	16.084
-1.3156139	-9.186552	2.232593	16.096
-1.9213469	-9.427169	0.47524905	16.134
-3.1304188	-9.032125	1.2844892	16.146
-0.45010993	-13.190854	0.47884035	16.184
-0.427365	-15.71554	0.47884035	16.196
-3.039439	-16.286556	-1.934515	16.234
-4.775235	-12.4151325	-1.3742718	16.247
-2.554613	-6.3542113	2.871845	16.285
-1.7345991	-4.3634324	2.4839842	16.298
-1.0366893	-4.7919946	1.2114661	16.335
-1.9213469	-6.8162923	-0.7721301	16.347
-5.439626	-10.898406	-3.335123	16.378
-4.734534	-12.260707	-2.0123265	16.392
-3.3375173	-9.489418	1.3395559	16.435
-3.5458126	-6.870162	2.8502972	16.447
-3.1352072	-7.789535	2.9783869	16.483
-2.1392193	-8.732851	2.4408886	16.494
-1.4221559	-9.173384	1.1707647	16.533
-1.1671734	-8.930372	1.4688427	16.542
-0.023942016	-8.579621	1.8698715	16.583
0.1604115	-8.579621	1.8698715	16.592
-0.2669535	-8.687361	2.0207062	16.633
-0.25737667	-8.772355	1.9393034	16.642
0.30166942	-8.9519205	1.769315	16.684
0.5291186	-9.036914	1.3263878	16.696
-0.019153614	-9.89763	0.60333884	16.734
-0.34596214	-9.983821	0.7326257	16.746
-0.010773907	-9.593566	1.6208745	16.774
0.8319851	-9.5253315	1.8459295	16.784
0.04189853	-11.60709	1.9536686	16.831
-1.1935096	-13.949816	1.6460136	16.851
-2.96881	-14.217967	1.0821792	16.884
-2.9903579	-13.081918	-0.6512229	16.896
-2.4181437	-12.464214	-2.9963434	16.934
-2.1080947	-9.585187	-3.0669725	16.946
-2.8407204	-5.6215854	0.272939	16.984
-1.1755531	-5.1583076	2.0458453	16.996
0.8451532	-7.93199	3.3494883	17.034
1.3251907	-11.665748	2.2984335	17.046
-0.32321724	-12.963405	-0.009576807	17.085
-0.6631939	-10.986992	0.090979666	17.097
-0.93134445	-9.258378	-0.15083471	17.135
-1.2006922	-8.799889	0.16759412	17.147
-1.30484	-8.072051	2.0266917	17.185
-1.2677298	-7.9906483	2.384625	17.198
-1.2126632	-7.926005	2.2972364	17.228
-0.8403648	-8.121132	2.1571758	17.242
-0.04189853	-7.837419	2.3116016	17.285
0.29328972	-7.7703815	2.5258827	17.297
0.49440265	-8.085219	2.2625206	17.334
-0.2669535	-8.49343	2.0518308	17.348
-1.5598224	-9.28232	1.8375498	17.385
-2.1092918	-9.987412	1.3670892	17.397
-3.503914	-10.527305	0.5434838	17.429
-2.4959552	-11.969811	2.4061728	17.442
-1.4676456	-19.288885	-1.3970166	17.483
-4.1180267	-17.344793	-2.2158337	17.494
-2.7042508	-4.8039656	1.9428947	17.533
-1.9871874	-3.0454245	2.2936451	17.542
-2.718616	-4.5118732	1.4748282	17.583
-2.9652188	-6.0501475	1.1659763	17.592
-4.0294414	-9.636662	-1.5131354	17.632
-4.3155484	-10.296265	-1.7812861	17.641
-3.3135753	-10.721235	0.19871874	17.682
-3.3135753	-10.721235	0.19871874	17.691
-3.6643257	-7.4926543	2.1643584	17.722
-2.6013002	-8.024167	2.2876596	17.746
-2.2062569	-8.986636	1.0462662	17.773
-2.2062569	-8.986636	1.0462662	17.773
-1.4520833	-8.713697	0.60693014	17.821
-0.7062895	-8.754398	0.62488663	17.839
1.3215994	-9.738416	1.1791444	17.874
0.9923966	-9.634268	1.377863	17.896
0.4441244	-9.314642	1.210269	17.924
0.009576807	-9.358934	1.0259154	17.946
-0.5530606	-9.574412	1.1707647	17.974
-0.6464345	-9.330204	1.5334862	17.996
1.5239093	-10.072407	1.6124948	18.024
1.5586253	-11.048044	1.7262194	18.046
0.25737667	-11.820174	1.283292	18.075
-1.4425066	-12.1840925	1.5586253	18.088
-3.9480386	-12.891579	1.3383588	18.125
-3.657143	-12.542026	0.93014735	18.139
-2.44448	-11.127052	-2.0326772	18.175
-2.4624364	-10.023325	-2.8981812	18.196
-2.6084828	-4.0306387	-1.5251064	18.222
-2.0015526	-3.7804444	0.40342298	18.242
1.033098	-8.67539	3.3806129	18.273
1.2174516	-12.8772135	1.8902222	18.292
-0.79248077	-13.486538	1.4185646	18.323
-0.3196259	-11.056423	1.3790601	18.345
-0.2885013	-9.427169	0.7529764	18.373
-0.30286652	-8.815451	0.7781156	18.391
-0.38187516	-8.50181	2.3343468	18.431
-0.80924016	-8.093599	2.4265234	18.441
-1.9871874	-7.2939353	3.2848446	18.484
-1.9512744	-7.4591355	3.537433	18.496
-1.5622166	-7.9547353	3.537433	18.524
-1.0007763	-8.054094	3.572149	18.546
-0.4441244	-7.7009497	3.0454245	18.574
0.033518825	-7.868544	3.110068	18.596
-0.16160862	-8.3821	2.8526914	18.624
-1.151611	-9.115923	1.9728222	18.646
-4.83509	-10.752359	1.2976574	18.674
-3.9228995	-10.766725	3.0945058	18.688
-2.2098482	-16.370354	0.58298814	18.729
-3.4799721	-16.8875	-1.7824832	18.742
-5.1678843	-6.9348054	1.2054806	18.773
-5.040992	-4.900931	1.5705963	18.785
-3.7457285	-4.31914	2.007538	18.823
-2.8095956	-5.8634	1.3682863	18.845
-3.3554738	-9.172187	-2.456451	18.872
-3.7421372	-12.143391	-2.9257145	18.895
-3.4967315	-10.746374	0.2896984	18.932
-2.8491	-9.539697	1.2114661	18.941
-0.095768064	-8.42759	1.4173675	18.984
0.094570965	-8.920795	1.1444284	18.996
-0.36631286	-9.258378	1.0055647	19.024
-0.62009823	-8.996213	1.0295067	19.046
-0.4369418	-8.925584	0.89423436	19.074
0.20350714	-9.239224	0.7278373	19.096
0.32680854	-9.68694	0.7649474	19.124
0.1364695	-9.41879	0.9600749	19.146
-0.31004912	-9.351752	0.6859388	19.174
-0.7170634	-9.457097	0.581791	19.188
-2.0709844	-9.514558	1.0295067	19.225
-1.9297266	-9.346964	1.412579	19.238
1.1468226	-10.392033	1.4975731	19.275
1.4532804	-10.896012	1.1707647	19.296
0.7098808	-10.630256	2.1918917	19.333
-0.14724341	-11.046846	2.5570073	19.344
-3.8905778	-12.818556	0.7015011	19.373
-2.2254105	-10.986992	-0.019153614	19.392
-1.7489643	-10.613496	-2.2625206	19.423
-1.7968484	-9.281123	-3.193865	19.442
-2.3451207	-5.201403	-0.78769237	19.483
-1.780089	-4.674679	0.78529817	19.491
1.5155296	-8.507795	2.9712043	19.522
2.1775265	-12.37084	1.1216835	19.544
0.009576807	-13.89475	0.09696517	19.574
-0.8834604	-11.648989	-0.31603462	19.593
-0.6332663	-10.087969	-0.40102878	19.624
-0.748188	-9.106346	0.6464345	19.644
-1.2174516	-8.327033	1.5466543	19.674
-1.4616601	-8.271967	1.4879963	19.693
-1.7250223	-8.421604	1.3275849	19.724
-1.7034745	-8.573636	1.4664485	19.738
-1.42455	-8.507795	2.1152773	19.775
-1.42455	-8.507795	2.1152773	19.775
-0.4237737	-7.5106106	2.3463178	19.832
-0.48602295	-7.6770077	2.2960393	19.843
-1.282095	-8.827422	1.9129672	19.873
-1.8662802	-9.491813	1.7836803	19.892
-3.8474822	-8.635885	0.82240826	19.933
-2.8048072	-8.244433	1.1611878	19.942
-0.17477672	-13.9151	1.3826514	19.973
-1.541866	-19.6133	-2.6910827	19.991
-6.3781533	-10.55005	-2.8766334	20.032
-4.6962266	-7.3346367	-0.6919243	20.041
0.1352724	-4.2425256	2.3116016	20.084
-0.39264908	-5.2361193	1.8722657	20.096
-2.1978772	-10.471041	0.20111294	20.123
-3.1292217	-10.704475	-1.7908629	20.146
-4.2784386	-9.102755	-1.7776948	20.174
-3.5577838	-9.209297	-0.24301147	20.196
-1.6843209	-10.642226	0.688333	20.223
-2.1763294	-10.582372	1.30484	20.246
-2.6659436	-8.956709	0.985214	20.274
-2.789245	-8.583213	0.866701	20.288
-2.861071	-9.015367	0.049081136	20.324
-2.9029696	-9.283517	-0.31483752	20.338
-2.098518	-9.758766	-0.7218518	20.374
-1.5095441	-9.781511	-0.29328972	20.395
0.7170634	-10.242394	1.1659763	20.425
0.7170634	-10.242394	1.1659763	20.438
-0.6679823	-9.809045	0.6691794	20.474
-1.484405	-9.810242	0.51235914	20.495
-2.8323407	-8.738836	1.4784195	20.523
-1.4556746	-8.820239	0.8762778	20.542
-2.8550856	-10.04607	0.35314476	20.582
-2.2002714	-10.637438	0.45729253	20.592
-0.4309563	-12.49055	0.9684546	20.633
-0.6787562	-12.3516865	0.62488663	20.642
-1.6053122	-9.403227	0.31483752	20.683
-1.8315643	-8.619126	0.2717419	20.691
-1.3874398	-7.644686	0.8607155	20.734
-0.12210429	-7.595605	1.5239093	20.746
0.40342298	-8.48984	3.4081461	20.784
-0.11851298	-8.60117	3.4081461	20.784
-1.6663644	-9.36492	3.0214825	20.832
-1.6663644	-9.36492	3.0214825	20.841
-1.958457	-8.9363575	3.4680011	20.884
-1.982399	-8.039729	3.50152	20.896
-1.5047557	-7.3753386	3.3746274	20.934
-1.6160861	-7.428011	3.3961751	20.946
-2.8790276	-8.206126	3.572149	20.984
-3.2034419	-8.53054	3.5853171	20.996
-3.072958	-8.762778	3.3530796	21.034
-2.3798366	-8.400057	3.0573955	21.046
-1.661576	-8.793902	3.2549171	21.085
-1.7860745	-9.103952	3.1495724	21.097
-2.0015526	-9.494206	3.4332852	21.135
-3.2453403	-11.584345	2.767697	21.148
-5.08289	-12.063186	1.6531962	21.185
-3.6870706	-10.66976	2.504335	21.197
-2.4061728	-8.555679	0.80325466	21.229
-2.634819	-7.417237	0.9828198	21.261
-3.241749	-7.607576	0.8511387	21.283
-4.5178585	-7.867347	0.51595044	21.296
-3.7433343	-9.157822	-0.6943185	21.333
-2.4839842	-9.540894	-0.6907272	21.342
-1.0163386	-11.129447	-0.50517654	21.383
-0.8487445	-11.129447	-0.50517654	21.392
-1.7274165	-9.106346	0.8738836	21.433
-1.8243817	-8.644265	0.82599956	21.442
-1.6041151	-9.585187	-0.12449849	21.482
-1.6579847	-9.882068	-0.21188685	21.491
-1.8064252	-9.888053	-0.22744916	21.534
-1.4736311	-9.7719345	-0.17956513	21.543
-0.2681506	-9.589975	0.5602432	21.584
0.10414778	-9.514558	0.9528923	21.593
0.32680854	-9.360131	1.4508862	21.634
0.61770403	-9.056067	1.5885528	21.643
0.7697359	-8.92319	1.7980455	21.684
0.6464345	-9.1829605	1.8710686	21.693
0.29448682	-9.827001	1.8459295	21.725
-0.08140286	-9.959879	2.0805612	21.745
-0.61650693	-10.304645	1.7681179	21.785
-0.5734113	-10.070012	1.899799	21.785
-0.16879122	-10.030508	2.7473464	21.833
0.08140286	-10.418368	2.7114334	21.842
-0.92535895	-13.1717005	2.3020248	21.883
-1.0654198	-13.569139	1.3946224	21.893
1.3455414	-14.061147	-2.4959552	21.933
-0.39743748	-12.941857	-2.6886885	21.943
-5.6886234	-4.8422728	-3.881001	21.983
-4.8422728	-4.320337	-2.0231004	21.992
1.1947067	-7.015011	5.463568	22.034
3.750517	-8.935161	2.409764	22.044
3.6894648	-11.613075	-0.89782566	22.084
1.3335704	-12.253524	0.11372458	22.094
-0.93493575	-11.402386	-0.48961425	22.134
-1.2186487	-10.564415	-1.1492168	22.144
-0.688333	-9.179369	0.8559271	22.184
-0.6847417	-8.789114	1.282095	22.193
-1.1923125	-8.644265	0.93493575	22.234
-1.5454572	-8.195353	1.2078748	22.245
-0.8834604	-7.9068513	2.56419	22.275
-0.5518635	-7.8853035	2.3092074	22.294
-0.80325466	-8.189367	1.99437	22.335
-1.2066777	-8.404845	2.1080947	22.345
-1.6352397	-8.603564	2.0769699	22.385
-1.3599066	-8.734048	2.3139958	22.395
-0.7146692	-8.613141	2.9819782	22.435
-1.4173675	-9.894038	2.9245174	22.444
-4.2461166	-10.783484	1.9033904	22.485
-4.404134	-11.190498	1.8614918	22.494
-2.4253263	-15.563508	-1.0307038	22.535
-4.7800236	-17.587805	-2.8407204	22.544
-5.3247046	-8.35337	-4.261679	22.575
-2.3056161	-4.134786	-0.25019407	22.595
0.47644615	-3.809175	3.1878796	22.635
0.79607207	-5.7867856	3.6152446	22.644
-2.3319526	-9.892841	0.30645782	22.685
-3.9228995	-12.492945	-0.8714894	22.694
-3.2118216	-9.995792	-0.059855044	22.735
-1.5825673	-8.013393	0.8331822	22.744
-0.6512229	-7.5908165	2.0506337	22.775
-0.6584055	-7.8326306	2.0015526	22.787
-0.6584055	-7.8326306	1.4999673	22.834
-0.4405331	-8.945934	1.3144168	22.842
1.9740193	-9.580399	-0.7015011	22.882
1.9740193	-9.580399	-0.7015011	22.892
1.0402806	-9.645041	0.25258827	22.933
0.34476504	-9.503783	0.045489833	22.942
-0.40222588	-9.628283	-0.16998832	22.983
-0.78769237	-9.809045	0.60094464	22.992
-1.043872	-10.444705	1.0366893	23.034
0.15801731	-9.992201	1.0845734	23.064
0.8726865	-10.156203	1.8076223	23.073
0.8726865	-10.156203	1.8076223	23.073
0.2837129	-13.644555	-3.551798	23.132
-0.29209262	-12.559982	-4.144363	23.143
-1.151611	-8.6574335	-4.084508	23.184
-2.0171149	-5.744887	-1.4820108	23.196
0.0023942017	-7.7201033	1.6412252	23.234
1.567005	-11.5316725	-1.2737153	23.246
1.1097125	-11.7268	-1.9596541	23.284
0.58298814	-10.643424	-1.0606314	23.296
0.17238252	-9.555259	-1.5167267	23.334
-1.8303672	-8.9124155	-1.4101849	23.348
-2.6599581	-8.669404	0.38307226	23.385
-2.621651	-8.623915	1.1587936	23.398
-2.3654714	-8.811859	0.7386112	23.428
-2.0721815	-8.742428	0.63206923	23.442
-1.5693992	-7.6626425	1.0498575	23.485
-1.4329298	-7.181408	1.3694834	23.498
-1.6340426	-7.3897038	1.4460979	23.534
-0.94810385	-7.7129207	1.7669208	23.542
0.78290397	-9.26197	1.6807296	23.582
0.62967503	-9.267955	1.532289	23.592
-0.7505822	-9.892841	1.5023615	23.633
-1.8722657	-10.038888	0.82480246	23.642
-2.0626047	-17.763779	-1.3479356	23.683
-4.497508	-19.6133	-1.5286977	23.692
-6.609194	-16.184803	-3.7337575	23.733
-7.926005	-12.0332575	-3.4093432	23.752
-2.007538	-1.3730747	4.607641	23.783
-0.5638345	-0.56982	4.607641	23.783
-4.3239284	-9.607931	-1.7681179	24.231
-4.3239284	-9.607931	-1.7681179	24.231
-4.3239284	-9.607931	-1.7681179	24.231
-4.3239284	-9.607931	-1.7681179	24.231
-4.3239284	-9.607931	-1.7681179	24.231
-4.3239284	-9.607931	-2.8886044	24.257
-6.0345855	-11.823765	-2.8886044	24.257
-6.0345855	-11.823765	-2.8886044	24.257
-6.0345855	-11.823765	-2.8886044	24.257
-6.0345855	-11.823765	-2.8886044	24.257
-6.0345855	-11.823765	-2.8886044	24.257
-6.0345855	-11.823765	-2.8886044	24.257
-6.0345855	-11.823765	-2.8886044	24.257
-6.0345855	-9.775525	-0.06943185	24.291
-5.4551888	-9.775525	-0.06943185	24.291
-5.4551888	-9.775525	-0.06943185	24.291
-5.4551888	-9.775525	-0.06943185	24.291
-5.4551888	-8.433576	0.6392518	24.306
-4.7884035	-8.433576	0.6392518	24.306
-4.7884035	-8.433576	0.6392518	24.306
-2.469619	-6.143522	1.2844892	24.331
-1.9835961	-6.465542	1.1216835	24.341
-1.6531962	-9.653421	0.038307227	24.383
-1.6531962	-9.653421	0.038307227	24.393
-1.1719618	-9.770737	0.19153613	24.423
0.36272156	-9.052477	0.59256494	24.443
1.0378864	-8.8884735	1.3623008	24.473
0.1448492	-9.157822	1.5179238	24.493
-0.34237084	-9.465476	0.92416185	24.523
-0.16400282	-9.736021	0.82599956	24.543
-0.44532153	-10.380061	0.9600749	24.573
-0.8295909	-10.435128	1.174356	24.588
-0.7206547	-10.075998	1.757344	24.624
-0.545878	-10.3692875	1.7142484	24.638
-0.30765492	-10.811018	0.93014735	24.674
-1.0019734	-11.292253	1.13964	24.695
-0.32561144	-12.747927	-0.11133038	24.732
-0.50517654	-13.78342	-2.621651	24.742
-3.181894	-9.387665	-4.546589	24.772
-3.9444473	-6.4966664	-1.1408371	24.792
-0.61770403	-7.4950485	3.7852328	24.832
0.8367735	-8.810662	2.1942859	24.844
2.2170308	-11.215638	0.7733272	24.882
1.7298107	-10.771513	0.9672575	24.891
-1.1240777	-9.336189	0.20949265	24.931
-1.1240777	-9.336189	0.20949265	24.941
-2.4612393	-7.8972745	1.4760253	24.983
-2.3247697	-7.7799582	1.6364368	24.996
-1.9117701	-8.323442	1.5957354	25.023
-1.7908629	-8.22528	1.8052281	25.046
-1.1468226	-7.691373	2.4744074	25.073
-0.90979666	-7.644686	2.5881321	25.096
-0.037110128	-7.8170686	2.5773582	25.123
0.4297592	-7.9954367	2.0266917	25.145
-0.2765303	-8.212111	2.4516625	25.174
-0.50517654	-8.443152	2.4899697	25.188
-0.50517654	-8.443152	2.4899697	25.188
-2.9867666	-10.058042	0.04189853	25.244
-2.966416	-16.117765	-0.8678981	25.272
-4.2413282	-19.6133	-4.187459	25.292
-5.7484784	-5.321113	-3.2788591	25.332
-5.7484784	-5.321113	-3.2788591	25.342
-0.15801731	2.4911668	7.309498	25.382
-0.439336	-0.9516952	6.093243	25.392
-5.5868697	-18.261774	-6.543353	25.431
-7.4387846	-17.84997	-7.680599	25.441
-5.3737855	-8.226477	1.210269	25.473
-4.0880995	-6.3458314	3.679888	25.493
-2.3295584	-5.697003	1.5921441	25.523
-0.9756372	-8.228871	-0.34356794	25.543
0.31244332	-10.627861	0.23463176	25.573
0.60693014	-10.922348	-0.22385786	25.593
0.78649527	-9.855731	-0.05267244	25.624
0.6655881	-9.362526	0.6727707	25.645
1.4425066	-8.89805	1.8686744	25.673
1.9309237	-9.270349	1.5765818	25.687
1.234211	-9.7240505	2.2409728	25.723
1.1755531	-9.623494	2.64679	25.737
1.1671734	-9.940725	2.3930047	25.773
0.79487497	-9.805453	2.4408886	25.787
0.2777274	-9.478644	3.4703953	25.824
-1.1923125	-11.9374895	3.027468	25.843
-2.432509	-11.892	1.9440918	25.874
-1.2856863	-11.87524	1.2366052	25.888
-2.5701754	-11.906365	-4.2521024	25.924
-3.915717	-10.284293	-5.595249	25.938
-0.32680854	-9.021352	2.2936451	25.982
0.48722005	-9.674969	2.9783869	25.992
1.1707647	-10.78947	-0.037110128	26.032
0.61411273	-10.691308	0.23463176	26.042
0.11731588	-10.055647	1.3634979	26.072
0.6991069	-9.961076	0.5303157	26.094
0.6955156	-9.414001	1.9740193	26.133
0.5351041	-9.281123	2.2278047	26.141
-0.50517654	-8.388085	2.1440077	26.183
-0.50517654	-8.388085	2.1440077	26.183
-2.0518308	-8.111555	3.0095115	26.231
-1.7884687	-8.3150625	3.1866825	26.241
-1.0342951	-7.5908165	3.0933087	26.283
-0.93134445	-7.2699933	3.1507695	26.296
-0.8714894	-7.249643	3.1962593	26.323
-0.6991069	-8.198944	4.0174704	26.345
-1.5035586	-8.890868	3.0873232	26.388
-2.1392193	-8.890868	3.0873232	26.388
-6.4858923	-17.635689	1.292869	26.431
-6.4858923	-17.635689	1.292869	26.441
-3.3794158	-11.23958	-2.622848	26.483
-2.5594015	-7.9248075	-1.0666169	26.496
-1.0283096	-2.778471	3.9576154	26.523
-0.90740246	-5.1966147	2.9903579	26.545
-3.6343982	-9.200917	-1.7908629	26.573
-4.710592	-10.029311	-3.028665	26.596
-4.8027687	-11.09473	-1.5370775	26.623
-3.6128504	-9.31943	0.59017074	26.645
-2.3582888	-7.5968018	0.7793127	26.673
-2.3582888	-7.5968018	0.7793127	26.701
-0.7410054	-9.640253	0.91697925	26.732
-0.5506664	-9.4535055	1.0857705	26.742
-0.25378537	-8.671799	1.0319009	26.772
0.41180268	-8.895657	0.81043726	26.792
1.0271125	-9.044097	1.3204023	26.832
1.0223241	-8.944737	1.376666	26.842
0.23702596	-9.165004	0.9923966	26.882
-0.12210429	-9.352949	0.8571242	26.892
-1.2030864	-9.743204	1.0031705	26.921
-0.770933	-9.676167	1.4221559	26.946
0.11611878	-10.761936	1.5155296	26.973
0.038307227	-11.264719	1.2785037	26.995
-0.21428105	-10.685322	2.1859062	27.023
0.033518825	-10.812215	3.0621839	27.045
-4.1946416	-12.587516	-0.2813187	27.073
-1.2557588	-12.196063	-3.9923313	27.096
-0.35194764	-9.817424	-3.7313633	27.123
-0.35194764	-9.817424	-3.7313633	27.138
-3.70383	-5.273229	0.9744401	27.175
-2.5474305	-7.2592196	3.5613751	27.191
-2.5474305	-13.819332	-2.6324248	27.233
2.9724014	-13.008895	-2.1643584	27.242
0.22385786	-9.904813	-0.11492168	27.282
-0.16280572	-9.496601	-0.866701	27.294
-0.93732995	-9.91798	-0.37349546	27.332
-1.3479356	-9.502586	0.676362	27.344
-2.2409728	-6.9982514	1.9177556	27.382
-1.8806454	-6.8306575	2.0685902	27.401
-0.78769237	-7.1371155	2.1942859	27.434
-0.19153613	-7.6482773	2.12246	27.446
-0.25977087	-8.084022	1.376666	27.483
-1.0163386	-8.282741	1.1791444	27.493
-1.3754689	-9.0429	2.172738	27.533
-1.5059528	-9.0429	2.172738	27.545
-3.0753522	-9.750386	0.2873042	27.583
-4.6483426	-8.731653	0.017956512	27.596
-0.47764325	-12.524069	2.4600422	27.634
-0.11133038	-18.582596	-0.21547815	27.647
-5.175067	-16.55351	-2.7988217	27.684
-5.947197	-12.580333	-1.6496049	27.697
-2.5809495	-2.6611552	3.1974564	27.733
-0.4177882	-1.8351556	3.667917	27.742
-1.3072342	-8.736442	0.60693014	27.783
-4.847061	-11.044453	-0.8870517	27.802
-6.9360023	-12.553997	-1.1683705	27.832
-5.746084	-11.110293	-0.33997664	27.842
-2.0817583	-6.4739213	3.052607	27.882
-1.6017209	-6.6762314	3.122039	27.902
-0.7314286	-9.346964	0.59256494	27.933
-0.9684546	-9.370906	0.45010993	27.951
-0.28491	-9.0429	1.0115502	27.981
0.16160862	-8.957906	1.30484	28.002
0.6428431	-9.460688	1.5777789	28.031
0.35793316	-9.709685	1.0139444	28.051
-1.4939818	-9.3026705	1.1899183	28.082
-1.4939818	-9.3026705	1.2808979	28.101
-2.2397757	-8.115147	1.863886	28.133
-1.0199299	-8.259995	2.1535845	28.145
2.243367	-11.894394	0.6919243	28.183
2.8275523	-11.894394	0.6919243	28.183
-2.6396074	-13.133393	1.7633295	28.231
-3.2273839	-12.567164	1.460463	28.252
-4.4544125	-11.962628	-2.7856536	28.283
-4.8698063	-12.553997	-3.1842883	28.296
-3.5541923	-6.339846	-0.45489833	28.333
-3.3794158	-4.914099	0.33758244	28.343
-1.496376	-5.199009	3.6152446	28.384
0.700304	-8.899248	3.8905778	28.395
1.2258313	-12.889185	1.5526398	28.433
-0.38067806	-12.117055	1.1707647	28.446
-1.9309237	-9.372103	2.3475149	28.485
-2.124854	-8.708909	2.4911668	28.511
0.21787235	-8.221688	2.8048072	28.532
0.89662856	-8.158242	3.0621839	28.555
-0.033518825	-7.062895	3.3626564	28.583
-1.3970166	-7.013814	3.2106245	28.594
-2.5725696	-8.911219	3.0945058	28.632
-2.7257986	-9.301474	3.2968156	28.652
-2.1068976	-8.374918	2.27928	28.682
-2.0278888	-8.118738	1.9309237	28.692
-3.5410242	-7.5285673	0.23104046	28.731
-3.0609868	-8.883685	1.3970166	28.751
-0.33758244	-12.404359	1.1192893	28.784
-0.93493575	-15.041573	0.04189853	28.796
-5.8634	-17.208324	-1.650802	28.834
-3.0897174	-9.753978	1.4915876	28.846
0.6452374	-3.0202854	3.4320881	28.883
-1.5143325	-3.9205053	3.0705638	28.896
-3.7816415	-9.141062	0.24301147	28.933
-4.107253	-10.4171715	-1.2138603	28.946
-2.6982653	-11.390414	-2.9053638	28.984
-2.005144	-11.219229	-1.1647792	28.997
-1.5969325	-10.609905	0.28491	29.034
-2.184709	-10.314221	-0.19752164	29.052
-2.256535	-8.841787	-0.6775591	29.082
-1.5622166	-8.802282	-0.31603462	29.102
-1.2282255	-9.466674	-0.2801216	29.132
-1.3443443	-9.572019	-0.35673606	29.152
-0.51116204	-9.8916445	-0.2681506	29.182
-0.107739076	-9.922769	-0.06584055	29.192
-0.107739076	-9.922769	-0.06584055	29.192
1.6759412	-9.241618	0.8319851	29.246
1.2449849	-9.372103	1.5837644	29.281
1.2018893	-9.451111	1.6436194	29.291
0.91099375	-9.874885	1.9129672	29.331
0.6392518	-9.878476	2.0003555	29.341
-0.2861071	-9.992201	1.9668367	29.383
-0.107739076	-10.157401	1.7286136	29.396
0.16879122	-10.105926	2.1033063	29.423
0.14604631	-10.250774	2.3654714	29.437
-0.9624691	-10.309433	2.1787236	29.473
-1.4269443	-10.601525	1.9524715	29.487
-2.554613	-13.570335	-0.8882488	29.524
-0.62009823	-12.637794	-2.5354595	29.546
-3.4644098	-5.935226	-2.6515784	29.573
-3.6140475	-4.805163	-2.2278047	29.588
0.10654198	-8.347384	1.0199299	29.624
1.7393875	-9.832987	1.7872716	29.638
2.6060886	-11.59871	0.1352724	29.674
0.7781156	-10.973824	0.47405192	29.696
0.107739076	-10.59554	0.079008654	29.722
-0.22026655	-10.332177	-0.2741361	29.742
-0.78170687	-9.176975	0.92895025	29.783
-1.2952632	-8.9279785	1.1803415	29.792
-2.4540567	-8.356961	1.2761095	29.822
-2.5953147	-8.100781	1.8602947	29.842
-1.816002	-7.8469963	2.4636335	29.883
-1.1659763	-7.667431	2.4636335	29.891
-0.7170634	-7.2340803	2.517503	29.931
-0.80325466	-7.3083005	2.4732103	29.941
-1.234211	-8.59279	2.5354595	29.983
-1.5777789	-9.087193	2.2744915	29.995
-2.042254	-9.469068	1.5945383	30.023
-2.468422	-9.358934	1.0175357	30.046
-1.4329298	-10.262746	2.0649989	30.073
-0.073023155	-13.236344	2.267309	30.096
-2.4037786	-17.277756	-3.276465	30.123
-4.808754	-14.72434	-4.289212	30.146
-5.6407394	-6.667852	1.0642227	30.173
-5.2421045	-4.841076	2.7940333	30.188
-5.2421045	-4.841076	2.7940333	30.188
-1.62686	-10.271125	0.7146692	30.242
-1.1611878	-13.169307	-0.17956513	30.282
-1.4053963	-12.090718	0.5398925	30.292
-2.0961237	-7.5405383	1.7621324	30.332
-2.0841527	-7.3849154	1.5562311	30.342
-1.7585411	-9.2787285	0.9624691	30.382
-1.6484078	-9.816227	0.8738836	30.402
-0.29568392	-10.298658	0.8475474	30.431
0.37349546	-10.104729	0.9504981	30.453
1.0809821	-8.947132	2.4025815	30.483
0.6344634	-8.962694	2.457648	30.496
-0.16160862	-8.98903	2.6599581	30.533
-0.24660277	-8.98903	2.6599581	30.546
-0.30047232	-9.733627	1.0702082	30.583
-0.7038953	-9.648633	1.033098	30.595
-0.78410107	-9.665392	1.4808137	30.633
-0.6512229	-9.587581	1.3730747	30.647
-1.3742718	-10.801441	1.5490485	30.684
-2.3570917	-12.121843	0.641646	30.697
-4.056975	-13.52724	0.6464345	30.724
-2.7461493	-10.540473	-0.16879122	30.747
-2.48159	-6.223727	0.79487497	30.785
0.24301147	-4.711789	2.9508536	30.797
2.9867666	-7.5405383	3.8546648	30.834
3.8127663	-12.5264635	2.4241292	30.847
-1.0893618	-12.941857	2.2732944	30.885
-3.5194764	-10.545261	2.2397757	30.897
-3.0131028	-9.015367	1.8112136	30.929
-2.372654	-8.220491	1.8614918	30.952
-1.2868834	-8.760384	2.408567	30.982
-0.59855044	-8.900445	2.3666685	30.992
-1.30484	-7.917625	2.1068976	31.022
-1.6795325	-7.7967176	2.9017725	31.047
-1.1444284	-9.226056	3.3913867	31.082
-0.94570965	-9.226056	3.3913867	31.102
-0.37469256	-8.421604	3.7588966	31.132
-0.5602432	-7.9391727	4.10845	31.152
-0.866701	-7.961918	4.4687777	31.183
-1.1121067	-8.328231	4.1479545	31.192
-1.1121067	-8.328231	4.1479545	31.192
-4.045004	-9.08001	2.3678656	31.245
-1.5263035	-12.181698	2.5234885	31.284
-4.325125	-16.242264	-0.2633622	31.296
-7.156269	-8.010999	1.5286977	31.333
-4.7979803	-6.3793507	2.7162218	31.346
-2.1320367	-6.1303535	1.8303672	31.384
0.25977087	-7.0605006	1.2042835	31.396
0.58897364	-8.640674	-0.5351041	31.434
-1.9895816	-10.617087	-0.49679685	31.446
-3.954024	-10.753557	-0.035913024	31.473
-3.6619315	-9.344569	0.39145198	31.498
-2.100912	-8.456321	1.0498575	31.528
-0.48602295	-8.816648	1.7310078	31.542
-0.16998832	-8.948329	1.922544	31.582
0.2681506	-8.761581	1.9297266	31.594
0.6464345	-8.591593	2.1930888	31.632
0.8367735	-8.591593	2.1930888	31.644
0.7302315	-9.107543	1.5370775	31.682
0.3842694	-9.105149	1.1935096	31.692
-1.5897499	-9.673772	0.59735334	31.731
-1.8950106	-9.676167	1.055843	31.751
-1.1911154	-9.54209	1.7441759	31.783
-0.41299978	-9.473856	1.8914193	31.795
2.2517467	-10.263943	1.9393034	31.833
1.7130513	-13.542802	0.59615624	31.846
-1.590947	-14.599842	-1.3024458	31.883
-2.528277	-12.923901	-0.7733272	31.896
-3.5745432	-10.565612	-1.3371617	31.933
-2.6743233	-7.6973586	-1.8471266	31.946
-0.44532153	-5.7724204	-1.472434	31.984
2.621651	-8.112753	4.0665517	31.996
2.7832594	-13.202826	1.198298	32.034
0.02873042	-14.204799	-0.65242	32.047
-1.6316484	-12.247539	-0.12330139	32.078
-1.3359646	-9.709685	-0.0023942017	32.092
-0.58298814	-7.1826053	0.82360536	32.134
-0.22864626	-7.4004774	1.5741876	32.16
0.062249243	-8.286332	0.92775315	32.182
-0.8607155	-8.318654	0.760159	32.195
-0.8607155	-8.318654	0.760159	32.195
-0.8607155	-8.318654	0.760159	32.195
-0.61171854	-8.297106	1.9237411	32.283
-0.82240826	-8.397662	1.9847932	32.302
-1.4149733	-8.483853	2.1823149	32.332
-1.2677298	-8.494628	2.4504654	32.342
-1.0378864	-10.55843	1.7238252	32.382
-2.7377696	-11.179725	1.2174516	32.401
-3.41892	-12.117055	1.389834	32.434
-0.90620536	-14.713567	0.9552865	32.445
-1.9021933	-13.921085	-1.5394717	32.483
-2.5222914	-12.807782	-1.8052281	32.496
-2.5821466	-5.747281	0.81043726	32.533
-2.421735	-4.9057193	1.234211	32.546
-0.770933	-6.8641763	1.5981296	32.583
-1.7190368	-7.929596	0.320823	32.595
-3.430891	-10.371682	-1.7645266	32.634
-3.8726213	-11.6585655	-1.9416976	32.647
-2.7617116	-8.431181	1.2114661	32.682
-2.4133554	-8.072051	1.6400281	32.692
-1.258153	-8.942344	1.0702082	32.732
-1.258153	-8.942344	0.8511387	32.752
0.15322891	-8.793902	0.79008657	32.782
0.5398925	-8.89805	0.7254431	32.792
1.0905589	-9.448717	0.16639702	32.832
1.0462662	-9.551667	0.06584055	32.842
0.30166942	-9.774328	0.08140286	32.884
-0.11851298	-9.783905	0.10295067	32.893
-1.1372458	-9.299079	0.62249243	32.934
-1.0414777	-9.202114	1.2473791	32.943
-0.089782566	-10.303447	0.9947908	32.983
0.6548142	-10.553641	0.7266402	32.993
1.0893618	-10.78109	0.39025488	33.033
0.3890578	-10.8624935	0.60693014	33.053
-3.6607344	-13.217191	-2.220622	33.084
-4.865018	-12.118252	-2.4025815	33.094
0.2753332	-9.667787	-1.9955671	33.134
0.7733272	-6.6762314	-1.9752164	33.144
-1.364695	-5.1379566	-0.34117374	33.185
-1.2186487	-8.271967	3.858256	33.194
-1.2186487	-8.271967	3.858256	33.194
2.385822	-14.5328045	-1.0714053	33.248
0.93014735	-9.066842	-0.5506664	33.282
0.93014735	-9.066842	-0.5506664	33.292
-0.33039984	-8.643068	-0.20590134	33.332
-0.45848963	-9.212888	0.34117374	33.342
-1.3634979	-9.562442	0.39264908	33.382
-1.2366052	-9.271546	0.31124622	33.392
-0.37588966	-7.991845	0.9672575	33.431
-0.2741361	-7.717709	1.2246342	33.441
-0.7589619	-8.056489	1.0642227	33.484
-0.9816227	-8.485051	1.0366893	33.493
-0.94570965	-9.482236	0.58657944	33.533
-1.1324574	-9.31105	0.47405192	33.543
-1.1432313	-8.541314	3.3063924	33.583
-0.9792285	-8.537724	3.654749	33.593
-2.8502972	-10.788273	1.1899183	33.634
-2.8083985	-12.108675	1.1360487	33.643
-1.5286977	-16.415844	-0.47764325	33.685
-2.6970682	-16.041151	-2.1523874	33.694
-2.1799207	-9.879673	-1.8291701	33.735
-2.0602105	-6.409278	1.471237	33.745
-2.8646624	-4.5118732	3.0705638	33.785
-1.8387469	-5.7005944	2.1080947	33.794
-1.5239093	-10.232818	-1.0151415	33.835
-1.6328455	-11.428721	-1.9357121	33.844
-0.760159	-11.434708	-1.34195	33.885
-0.9528923	-9.247604	0.7062895	33.895
-1.9680338	-7.795521	1.9285295	33.934
-2.3127987	-8.883685	0.6691794	33.945
-2.5450363	-9.500193	-0.5363012	33.984
-2.207454	-8.615535	0.7302315	34.015
-0.49200845	-8.617929	0.9900024	34.034
1.1192893	-9.240421	0.6356605	34.062
1.4664485	-9.667787	0.35553896	34.082
0.41299978	-9.639056	0.23582886	34.092
-0.49919105	-9.313444	-0.12689269	34.132
-1.1803415	-9.441534	-0.07182605	34.152
-1.9249382	-9.7324295	0.59376204	34.183
-1.7812861	-9.838972	0.90979666	34.192
-1.7812861	-9.838972	0.90979666	34.192
2.0207062	-10.461464	1.3323733	34.251
1.8626889	-15.416265	-1.6519991	34.284
-0.25258827	-15.472528	-2.327164	34.293
-2.0913353	-11.824963	-2.1751323	34.333
-1.4556746	-10.095152	-1.7597382	34.343
-1.9021933	-5.141548	-1.8770541	34.383
-2.0733786	-4.5178585	-1.2174516	34.393
0.29568392	-7.2843585	2.9652188	34.433
1.2162545	-10.494983	1.5598224	34.443
-0.39743748	-13.187263	-1.043872	34.485
-1.0761937	-11.354502	-0.41060558	34.494
-0.641646	-10.341754	-0.2717419	34.534
-1.0486604	-9.169792	-0.10534488	34.544
-1.1360487	-8.273164	1.839944	34.584
-0.79128367	-8.550891	2.0099323	34.594
-1.0702082	-8.827422	1.9668367	34.634
-1.2054806	-8.708909	2.0242975	34.644
-0.79726917	-8.431181	2.2972364	34.684
-0.18195933	-7.9463553	2.7246015	34.694
-0.35075054	-7.771579	2.2780828	34.734
-0.31603462	-8.170214	2.4049757	34.744
0.062249243	-8.921992	2.813187	34.784
-0.34117374	-8.746018	2.813187	34.794
-1.2797008	-9.764751	1.6711528	34.834
-3.4931402	-9.572019	0.6344634	34.844
-0.7194576	-9.388862	3.690662	34.874
0.47285482	-10.500969	3.4763808	34.888
-2.907758	-19.211075	-1.2234371	34.932
-6.113594	-18.918982	-2.123657	34.942
-5.2887917	-4.8817773	-1.376666	34.982
-3.7301662	-3.3518825	-0.9959879	34.992
-1.0857705	-4.177882	2.4468741	35.033
-3.3782187	-6.479907	2.244564	35.042
-5.5341973	-11.10311	0.51834464	35.083
-6.2883706	-11.736377	0.33159694	35.092
-3.9456444	-8.425196	0.8870517	35.134
-2.789245	-7.6530657	1.2401965	35.146
-1.3479356	-7.619547	1.6077064	35.184
-0.6536171	-8.86932	1.2126632	35.193
0.08499416	-9.835381	0.48362875	35.231
0.12808979	-9.665392	0.7374141	35.252
0.18315643	-8.567651	1.7645266	35.283
0.34955344	-8.6334915	1.8471266	35.296
0.37110126	-9.416395	1.0319009	35.333
0.12689269	-9.616311	1.0319009	35.343
-0.9660604	-9.7563715	1.1731589	35.383
-1.2605472	-9.307459	1.6567876	35.395
2.1583729	-9.956287	3.0813377	35.434
3.4201171	-11.56998	2.136825	35.446
-1.0019734	-13.87799	0.664391	35.484
-2.5127146	-13.947422	1.0833763	35.497
-2.267309	-11.784261	-0.051475335	35.534
-2.2864625	-11.577163	-2.7257986	35.552
-2.6779146	-7.037756	-3.525462	35.582
-3.276465	-5.4144874	-2.5342624	35.602
-2.598906	-4.856638	3.4009635	35.632
-1.021127	-6.739678	5.0601454	35.652
2.1906946	-15.697583	0.7182605	35.682
1.459266	-15.763424	0.6955156	35.692
-0.19393034	-8.90643	0.89902276	35.732
-0.44532153	-8.062474	0.34117374	35.751
-0.05267244	-8.198944	1.4987702	35.783
0.3854665	-8.911219	2.1176715	35.795
-0.2645593	-7.6231384	2.3439236	35.833
-0.8822633	-7.6231384	2.3439236	35.833
-2.088941	-7.1275387	3.333926	35.881
-1.9129672	-7.3226657	3.2848446	35.902
-1.3874398	-7.9116397	2.8670566	35.933
-0.5638345	-7.6482773	3.0597897	35.946
-0.49559975	-7.381324	2.8167782	35.983
-0.82001406	-7.979874	3.0885203	35.996
-2.4756045	-10.867282	1.1731589	36.033
-4.1132383	-11.513716	-0.23822308	36.046
-4.3047748	-16.166847	0.81163436	36.083
-4.247314	-19.6133	-0.3172317	36.096
-4.259285	-11.757924	-2.707842	36.134
-3.0705638	-4.1240125	1.3120226	36.147
-2.1212628	-1.0726024	3.6104562	36.185
-1.067814	-3.4620156	3.4237084	36.197
-1.067814	-3.4620156	3.4237084	36.197
-1.067814	-3.4620156	3.4237084	36.253
-4.8015714	-10.196905	-1.6340426	36.282
-3.6379895	-10.196905	-1.6340426	36.292
-2.5570073	-7.679402	1.2042835	36.332
-2.360683	-8.013393	0.7493851	36.352
-1.5598224	-9.074024	0.35075054	36.382
-0.9935937	-9.119514	0.45489833	36.402
0.061052144	-9.512163	0.50517654	36.432
0.061052144	-9.512163	0.5746084	36.451
1.1803415	-9.385271	0.94092125	36.483
1.1432313	-9.471462	1.0594343	36.495
-0.01436521	-9.287108	1.0043676	36.533
-0.45968673	-9.275137	1.1599907	36.545
-0.6799533	-9.465476	1.460463	36.583
-1.2749124	-9.611523	1.5741876	36.603
0.1592144	-10.192117	1.2521675	36.633
0.9564836	-10.8182	1.0869676	36.645
-0.51235914	-10.881647	1.0390835	36.684
-0.51834464	-10.217256	2.2038627	36.697
-2.7509377	-11.924321	2.3343468	36.733
-2.9855695	-11.976994	1.5310919	36.742
-2.837129	-12.2080345	-4.0414124	36.782
-4.35625	-11.300632	-4.2221746	36.792
-3.6607344	-4.747702	-0.7577648	36.833
-2.6431987	-4.747702	-0.7577648	36.842
2.7808652	-8.395268	2.111686	36.882
2.7018566	-10.728417	-0.090979666	36.902
1.0702082	-13.7367325	0.58897364	36.931
1.0055647	-12.72997	0.62488663	36.941
0.641646	-9.606734	0.94570965	36.983
0.37588966	-8.944737	1.2054806	36.996
-0.5315128	-8.640674	1.5478514	37.033
-1.614889	-8.294712	1.5861586	37.053
-2.0111294	-7.6470804	2.1679497	37.083
-1.3611037	-8.015787	2.2062569	37.096
-0.88944596	-8.48984	2.9939492	37.133
-0.5518635	-8.331821	3.3039982	37.146
0.18794483	-7.3968863	3.1555579	37.185
0.1400608	-7.101202	2.9293058	37.198
0.1400608	-7.855376	2.4540567	37.233
-2.1571758	-8.88608	0.62847793	37.241
-4.015076	-8.939949	-0.9552865	37.283
-3.3123782	-10.62427	0.93373865	37.292
-4.7201686	-19.6133	-4.000711	37.333
-6.4619503	-19.470846	-4.343082	37.342
-2.9293058	-6.2045736	2.7521348	37.372
-3.063381	-2.741361	3.6499605	37.392
-1.7585411	-4.7776294	2.1068976	37.431
-1.6256629	-7.1287355	0.712275	37.441
-4.9176903	-12.74673	-3.1196449	37.483
-5.273229	-12.227188	-2.6060886	37.496
-3.7780502	-9.643845	0.48722005	37.523
-3.4332852	-8.931569	0.7314286	37.546
-2.099715	-8.643068	0.094570965	37.573
-0.8619126	-9.198523	-0.08259996	37.595
0.41299978	-9.428367	0.2777274	37.623
0.22026655	-9.759963	0.47524905	37.649
-0.44651863	-9.933543	0.5602432	37.681
-0.49799395	-9.792285	0.830788	37.69
0.04309563	-9.291897	1.34195	37.721
-0.076614454	-9.299079	1.0342951	37.746
-0.19752164	-9.489418	1.8100165	37.773
0.027533319	-9.591172	1.9931729	37.796
0.46208093	-9.698911	1.0869676	37.823
-0.07062895	-9.642648	0.9720459	37.846
-0.93134445	-9.894038	1.6292542	37.873
-1.2797008	-10.812215	0.5686229	37.893
-4.110844	-11.574768	2.9101522	37.923
-4.1838675	-11.431116	3.916914	37.938
-0.46447513	-11.22282	1.0390835	37.974
0.557849	-10.998962	0.061052144	37.995
-0.8643068	-8.616732	-0.10534488	38.022
-1.9416976	-6.63553	0.35913026	38.042
-2.1883004	-6.6103907	1.1180922	38.082
-1.484405	-7.538144	1.6256629	38.092
-0.25977087	-10.62427	2.9496565	38.132
-0.60094464	-10.576386	2.882619	38.142
-1.5682021	-10.146626	2.337938	38.182
-1.4867992	-10.059238	2.184709	38.202
-1.7776948	-9.293094	2.2242134	38.231
-1.8602947	-8.860941	2.4420857	38.24
-1.6819267	-8.274361	2.846706	38.283
-1.6352397	-8.305486	2.871845	38.293
-1.6089035	-8.36175	3.0083144	38.323
-1.4736311	-8.462306	3.2190042	38.343
-1.3802572	-8.722076	3.6595373	38.373
-1.6927006	-9.028535	4.10845	38.393
-0.9744401	-8.676587	3.289633	38.423
-1.2940661	-8.926781	3.5482068	38.443
-2.4181437	-8.910022	4.292804	38.473
-2.4516625	-8.65025	4.3179426	38.488
-2.4121583	-8.1797905	4.0378213	38.524
-2.8502972	-8.291121	3.7181952	38.538
-3.9983168	-11.368867	2.3870192	38.574
-4.0162735	-12.835316	2.042254	38.594
-5.645528	-10.511743	1.2485762	38.632
-3.8019924	-8.947132	2.2457612	38.642
-1.5490485	-6.1243677	2.078167	38.672
-1.2186487	-7.098808	1.4449008	38.692
-2.6886885	-8.962694	-0.59256494	38.732
-2.566584	-8.954314	-1.1133038	38.742
-1.4580688	-9.763555	-1.2641385	38.772
-0.2753332	-10.809821	-0.24899697	38.791
-1.0354922	-9.982624	1.2569559	38.821
-1.6747441	-8.763975	1.8447324	38.846
-1.2114661	-8.732851	1.4377182	38.873
-1.1360487	-9.123106	1.2856863	38.896
-1.1013328	-9.234436	1.0570401	38.923
-1.2449849	-8.899248	1.13964	38.946
-0.94211835	-8.793902	1.3204023	38.973
-0.91817635	-8.918402	1.3922282	38.995
-1.3742718	-9.384073	1.3802572	39.023
-1.4449008	-9.394848	1.3491327	39.038
-1.5286977	-9.144653	1.2354081	39.074
-1.4652514	-9.087193	1.1013328	39.096
-1.3156139	-9.67018	1.1540052	39.132
-1.3874398	-9.76954	1.0737995	39.142
0.56982	-9.264363	1.614889	39.182
1.3814543	-9.363723	1.6304513	39.192
1.79206	-9.8198185	1.5310919	39.205
-0.770933	-14.062344	0.008379706	39.242
-1.5658079	-14.933833	-1.4449008	39.282
-0.676362	-13.680469	-1.4927847	39.291
-1.3575124	-8.578424	-3.4380736	39.331
-1.8662802	-7.261614	-3.7433343	39.341
-2.2230163	-4.7046065	2.0386627	39.383
-1.459266	-5.5521536	3.6475663	39.395
0.415394	-10.351331	2.4899697	39.423
0.5434838	-12.982558	0.9768343	39.459
-1.246182	-11.030087	0.4357447	39.481
-1.0295067	-10.260351	0.32441434	39.501
-0.6967127	-8.725668	1.8088194	39.533
-0.2873042	-8.798691	2.099715	39.546
-0.2777274	-8.572439	2.1559787	39.583
-0.48722005	-8.311471	2.1559787	39.596
-1.271321	-7.4986396	3.1639376	39.633
-1.4616601	-7.513005	3.477578	39.645
-0.6751649	-7.9691005	3.4811692	39.683
-0.020350715	-8.153454	3.3722332	39.695
0.4177882	-8.061277	2.9879637	39.734
-0.30645782	-7.9511437	2.7018566	39.747
-1.0510546	-9.093178	2.147599	39.774
-2.4121583	-10.311827	0.91578215	39.802
-5.459977	-14.074315	2.5462334	39.832
-5.6335564	-16.383522	2.7006595	39.852
-3.5110967	-16.346413	-1.2354081	39.882
-1.697489	-13.699622	-1.5741876	39.902
-2.7246015	-1.6927006	1.2629414	39.932
-2.9281087	-1.7369933	2.0626047	39.942
-3.6176388	-8.249222	0.2765303	39.982
-3.6176388	-8.249222	0.2765303	39.991
-4.643554	-13.767857	-2.731784	40.023
-2.5067291	-12.774263	-1.2366052	40.046
-2.4157495	-6.501455	1.9033904	40.084
-2.4468741	-6.4787097	1.7190368	40.096
-1.7525556	-8.669404	0.8726865	40.133
-1.6136919	-9.120711	0.89303726	40.146
-0.20350714	-9.330204	1.1456255	40.183
1.3144168	-9.344569	1.0366893	40.196
1.6448165	-9.38168	1.0414777	40.204
0.92895025	-9.336189	1.9907787	40.252
0.4369418	-9.409213	1.7681179	40.282
0.30765492	-9.259575	1.661576	40.292
1.6436194	-9.249998	2.3092074	40.332
1.3946224	-9.6845455	2.4001873	40.342
0.94690675	-11.372458	2.4851813	40.382
0.8774749	-11.780669	2.4420857	40.402
-2.4791958	-14.161703	0.23822308	40.432
-2.1511903	-14.761451	-0.21547815	40.452
-1.0450691	-13.512875	-3.4991257	40.483
-3.98874	-8.836999	-3.4213142	40.495
-2.2876596	-4.1814733	4.2161894	40.533
0.15322891	-4.84347	4.2161894	40.553
5.9388175	-11.152191	1.0139444	40.583
4.095282	-12.0488205	-0.31603462	40.596
-1.1815386	-10.5704	1.8459295	40.633
-2.0470424	-9.964667	1.4377182	40.645
-0.830788	-8.573636	0.30526072	40.674
-0.110133275	-8.256405	1.0618285	40.697
-0.23582886	-8.391677	1.9668367	40.724
-1.6232687	-8.558074	1.8914193	40.747
-1.376666	-8.212111	2.942474	40.784
-0.8690952	-8.163031	2.859874	40.798
-0.053869538	-8.049306	2.967613	40.829
0.40102878	-8.191761	3.083732	40.842
0.7338228	-8.759187	1.3204023	40.883
0.49559975	-9.460688	1.0570401	40.892
-4.3179426	-9.998186	2.2134395	40.932
-5.5246205	-9.935937	0.36391866	40.952
-4.841076	-10.514136	1.6101006	40.982
-4.068946	-13.14297	1.6843209	40.992
-4.0821137	-11.894394	-2.954445	41.031
-2.566584	-9.27394	-1.2030864	41.051
-0.16998832	-4.859032	-0.25378537	41.083
-1.2150574	-4.8722005	-0.25378537	41.096
-4.9105077	-7.9248075	2.7844565	41.134
-4.3035774	-9.163807	2.2613235	41.146
-0.8343793	-10.389638	-0.19033903	41.183
1.2976574	-10.680533	-0.22385786	41.197
1.2976574	-10.680533	-0.22385786	41.197
1.2976574	-10.680533	-0.22385786	41.197
-3.4201171	-8.701726	1.1875241	41.281
-2.7461493	-9.178172	1.0881647	41.291
-0.45848963	-9.646238	0.08259996	41.333
-0.130484	-9.52174	-0.07182605	41.346
-0.7697359	-9.659407	-0.25617957	41.383
-1.1683705	-9.775525	-0.1316811	41.396
-1.0510546	-10.454282	0.439336	41.433
-0.8643068	-10.928333	0.30406362	41.446
-1.2150574	-10.55843	1.3623008	41.483
0.12569559	-9.582792	1.2892777	41.496
2.0470424	-9.488221	0.25378537	41.534
0.91099375	-10.623073	-0.6428431	41.547
-2.1883004	-12.465411	0.5805939	41.574
-2.743755	-11.208455	1.7130513	41.597
-3.5984852	-11.76391	-1.0690111	41.634
-3.525462	-12.485762	-2.110489	41.647
-3.2429461	-8.429984	-3.3854012	41.678
-4.0054994	-5.8262897	-0.9660604	41.692
-1.5071499	-8.364143	2.2038627	41.735
0.29448682	-11.197681	1.4389153	41.747
0.6943185	-11.894394	1.460463	41.782
0.16879122	-10.945093	1.5119383	41.792
-1.1372458	-9.058462	0.59136784	41.833
-1.5873557	-8.852561	0.7398083	41.842
-1.0618285	-8.331821	2.3463178	41.883
-0.6811504	-8.191761	2.4540567	41.892
-0.8583213	-7.740454	2.493561	41.933
-1.3694834	-7.5944076	2.8514943	41.951
-1.7477672	-7.884106	2.8514943	41.984
-1.4640543	-8.329428	2.883816	41.993
-0.3184288	-7.739257	3.0550013	42.033
-0.37588966	-7.6243353	2.8119898	42.043
-1.0067618	-8.137892	3.0825348	42.084
-0.79607207	-9.153033	2.9592333	42.093
-2.5103204	-10.664971	0.47644615	42.133
-3.0657754	-11.574768	1.8866309	42.143
-4.0641575	-18.088194	-1.5682021	42.184
-5.5030727	-18.757374	-1.5682021	42.194
-6.26802	-16.439787	-2.268506	42.204
-6.26802	-16.439787	-2.268506	42.204
-1.8136078	-5.8693852	2.2780828	42.283
-1.340753	-7.0700774	1.0342951	42.292
-2.171541	-10.028113	-1.6531962	42.332
-4.120421	-10.912771	-1.6496049	42.342
-4.5920787	-10.830172	-1.0893618	42.383
-3.4117374	-9.758766	-0.30166942	42.392
-1.7944542	-7.941567	1.2042835	42.431
-1.1851299	-8.300697	1.0247183	42.443
-0.51475334	-9.070433	0.7038953	42.484
-0.78290397	-9.28232	0.5758055	42.493
-0.997185	-9.524135	0.45968673	42.533
-0.93493575	-9.637859	0.44771573	42.543
-0.58298814	-9.667787	0.32680854	42.573
-0.32321724	-9.496601	0.557849	42.593
0.92775315	-9.378088	1.5143325	42.634
1.5717934	-9.689334	1.7058687	42.644
2.1033063	-10.296265	2.1583729	42.684
1.6651673	-10.253169	2.135628	42.694
1.0582372	-10.396821	1.6998832	42.734
0.866701	-10.53329	1.4688427	42.744
-0.8439561	-10.58716	0.90500826	42.784
-1.0833763	-10.301053	0.50278234	42.794
-5.2205567	-11.522096	1.5059528	42.834
-3.976769	-10.081984	1.2940661	42.844
-1.6400281	-10.542868	-2.6408045	42.885
-2.1511903	-9.021352	-3.6212301	42.894
-0.8487445	-9.024943	-2.303222	42.934
0.7314286	-11.298238	1.7956513	42.944
2.6898856	-11.903971	1.1288661	42.984
2.870648	-11.164163	1.377863	42.994
2.3882163	-9.920375	1.2940661	43.035
0.427365	-8.571242	1.1456255	43.055
-1.0342951	-8.506598	1.590947	43.082
-0.7565677	-9.150639	1.8171991	43.102
-1.1013328	-8.191761	2.2852654	43.132
-1.3132197	-8.191761	2.2852654	43.152
-0.89303726	-8.012196	2.8095956	43.182
-0.91099375	-8.37013	3.1902738	43.203
-0.93134445	-8.37013	3.1902738	43.203
-0.8858546	-7.597999	2.9137435	43.247
-0.9876082	-7.5788455	3.1411927	43.281
-0.78290397	-7.7213006	3.515885	43.291
-1.6627731	-10.176555	1.5945383	43.331
-3.6607344	-11.668142	0.91338795	43.341
-2.566584	-11.337742	4.4580035	43.383
-0.89303726	-12.761095	4.0521865	43.396
0.30406362	-15.180436	0.78888947	43.423
-2.5031378	-14.317327	0.4177882	43.446
-4.477157	-8.329428	1.2006922	43.473
-4.1156325	-5.7520695	0.1448492	43.495
-1.9440918	-5.74369	0.8810662	43.523
-1.2389994	-6.9767036	-0.08379706	43.546
-2.3199813	-8.42759	-2.0566192	43.573
-3.1591492	-9.504981	-2.6132712	43.588
-4.7165775	-10.989386	0.61530983	43.624
-4.4316673	-10.192117	1.3730747	43.638
-1.7896658	-8.00621	2.055422	43.674
-1.4544775	-8.109161	2.0087352	43.695
-0.641646	-9.487024	1.0414777	43.732
-0.4429273	-9.475053	0.94810385	43.742
0.59017074	-8.752005	1.6472107	43.782
0.79487497	-8.7771435	1.6591818	43.792
0.91697925	-9.425972	1.1827357	43.822
0.7026982	-9.67018	0.94451255	43.842
-1.2294226	-9.768343	1.0271125	43.872
-1.2593501	-9.032125	2.0171149	43.891
2.1092918	-9.223662	2.2122424	43.931
2.042254	-10.013748	1.7322049	43.941
0.41060558	-11.860875	1.1935096	43.983
-0.45729253	-11.990162	1.1911154	43.996
-5.4168816	-13.318944	-0.92416185	44.023
-5.60722	-11.908759	0.17477672	44.046
-2.9233203	-9.403227	-1.0929531	44.073
-2.0733786	-6.5469446	-0.79607207	44.096
-0.5482722	-4.5860934	1.9979613	44.123
2.3427265	-7.4591355	5.023035	44.146
4.97156	-15.666459	1.4329298	44.173
4.453215	-16.748638	-0.30526072	44.188
0.21428105	-13.559562	-0.59256494	44.208
-3.3770216	-8.221688	1.0019734	44.249
-2.6551697	-6.930017	1.1587936	44.273
-0.8391677	-7.848193	1.3467385	44.292
-1.4520833	-7.4004774	2.2134395	44.332
-1.6723499	-7.2544312	2.3594859	44.342
-1.4520833	-8.127118	2.3511062	44.383
-1.1145009	-8.42759	2.3989902	44.392
-0.31004912	-8.701726	2.3894134	44.432
-0.49799395	-8.591593	1.9644425	44.441
-1.4413095	-8.714894	1.8327614	44.473
-1.5885528	-8.858546	1.9369092	44.493
-2.767697	-10.29387	-1.4856021	44.523
-5.267244	-10.852917	-2.0015526	44.543
-1.7202339	-16.85518	1.2030864	44.577
-0.545878	-12.78384	-2.566584	44.604
-0.29807812	-8.154651	1.0857705	44.623
-2.7760768	-5.3881507	3.1627405	44.643
-4.4208937	-5.029021	2.801216	44.673
-2.9724014	-8.054094	1.3982137	44.693
-1.6687586	-11.105505	-3.1507695	44.723
-1.7381904	-10.453085	-2.4636335	44.743
-1.9045875	-9.719262	1.4879963	44.773
-1.6699557	-9.520543	1.7549498	44.793
-1.0630256	-8.728063	0.61171854	44.824
-1.2210429	-8.620323	0.4441244	44.838
-1.3826514	-9.391256	1.067814	44.874
-1.3826514	-9.391256	1.067814	44.874
-0.050278235	-8.793902	1.2186487	44.932
-0.017956512	-8.9602995	1.4664485	44.942
-0.09696517	-9.397242	1.9931729	44.982
0.28491	-9.32781	1.9776106	44.992
1.1192893	-9.059659	1.3156139	45.022
-0.34596214	-9.233239	0.31004912	45.042
-2.124854	-9.457097	0.7541735	45.083
-2.2744915	-9.788693	1.1025299	45.092
-1.8842367	-14.384364	-1.5143325	45.131
-2.2397757	-14.549563	-1.1923125	45.143
-2.8455088	-9.31105	0.0011971008	45.184
-3.0131028	-6.417658	0.82240826	45.193
-3.0131028	-6.417658	0.82240826	45.204
1.9213469	-10.802638	3.6260185	45.251
2.6001031	-14.152126	0.40581718	45.283
-0.82719666	-13.049597	0.45609543	45.296
-3.7373488	-8.263587	1.946486	45.333
-3.810372	-8.263587	1.946486	45.346
-3.3518825	-7.526173	2.9975405	45.383
-1.9524715	-7.9487495	2.9101522	45.396
-0.7015011	-8.526949	2.1751323	45.433
-0.89303726	-8.145074	2.2397757	45.445
-1.2401965	-8.185776	2.706645	45.485
-1.1803415	-8.110358	2.9173348	45.497
-0.63087213	-7.603985	3.594894	45.534
-0.4237737	-7.763199	3.8055837	45.547
-0.33877954	-8.732851	3.0466216	45.584
-0.533907	-8.844181	2.0578163	45.597
-1.5765818	-9.094376	0.770933	45.628
-3.9336734	-10.019734	-0.6943185	45.652
-2.815581	-10.758346	3.5936968	45.682
-0.5303157	-11.271901	3.5194764	45.692
0.44651863	-15.640122	-3.039439	45.733
-2.8993783	-14.160506	-2.621651	45.742
-5.8334723	-6.47033	1.6304513	45.782
-6.0441623	-5.121197	2.2266076	45.792
-1.6077064	-7.2005615	0.49919105	45.831
-1.5466543	-8.722076	-0.30047232	45.843
-3.4763808	-12.352883	-0.051475335	45.883
-4.048595	-12.107478	-0.051475335	45.893
-4.248511	-8.809465	1.0450691	45.933
-4.185065	-7.358579	1.0079589	45.943
-2.6671407	-8.9363575	0.34835634	45.983
-1.8794483	-9.94312	0.1436521	45.993
-0.81522566	-9.929952	0.21906945	46.033
-0.62847793	-9.877279	0.45130703	46.044
-0.5566519	-9.445126	1.6675615	46.084
-0.12569559	-9.101558	1.9117701	46.094
0.973243	-9.454702	1.4053963	46.134
0.7314286	-9.908403	1.447295	46.144
0.33039984	-9.844957	2.0602105	46.184
0.04309563	-9.55885	2.3139958	46.195
0.1436521	-9.76116	1.9740193	46.205
0.1436521	-9.76116	1.9740193	46.205
-1.1935096	-10.449493	2.0087352	46.283
-2.433706	-11.077971	2.0087352	46.302
-4.7417164	-10.951078	3.0107086	46.332
-3.690662	-10.606314	3.2393548	46.353
-0.8571242	-9.576807	-1.7741034	46.382
-0.5506664	-9.187749	-1.922544	46.392
-0.23582886	-8.306683	1.258153	46.432
-0.61770403	-8.474277	1.6675615	46.451
-1.0749966	-9.08001	1.6041151	46.483
-1.3706805	-10.00896	1.6400281	46.496
-0.6715736	-10.451887	1.3371617	46.533
-0.6344634	-10.014946	1.887828	46.546
-0.93613285	-8.708909	3.004723	46.583
-1.4999673	-8.48146	3.1172507	46.596
-2.067393	-8.644265	2.7844565	46.633
-2.9616275	-9.082404	2.5797524	46.645
-3.1555579	-9.217676	2.4708161	46.684
-2.7497406	-8.963891	2.7641058	46.702
-1.4149733	-8.51019	3.5649664	46.733
-1.3467385	-8.306683	3.8235402	46.752
-1.365892	-6.613982	4.2197804	46.782
-1.3359646	-6.5828576	4.2640734	46.792
-0.79367787	-8.012196	4.5860934	46.832
-0.79367787	-8.012196	4.5860934	46.842
-2.552219	-8.0924015	3.882198	46.872
-4.0653543	-8.236053	3.6966474	46.892
-4.1000705	-9.041702	3.465607	46.931
-3.345897	-8.9842415	4.298789	46.941
-1.5466543	-11.410766	3.7469256	46.983
-1.5466543	-11.410766	3.7469256	46.996
-4.8243165	-12.8053875	1.1683705	47.023
-6.5828576	-11.700463	1.6543933	47.046
-4.596867	-8.267179	2.231396	47.073
-3.2728736	-7.1586633	1.2509704	47.096
-2.6408045	-7.763199	-0.16759412	47.123
-3.2393548	-7.9930425	-1.3192052	47.145
-3.0801406	-8.552089	-1.292869	47.173
-2.4169466	-9.524135	-1.0223241	47.2
-0.17238252	-11.653777	-0.94092125	47.212
-0.06464344	-9.986216	-0.08020575	47.247
-1.292869	-8.321048	0.78649527	47.282
-2.1679497	-8.418014	0.6619968	47.292
-2.1140802	-9.495404	0.28491	47.332
-1.6663644	-9.491813	0.48362875	47.342
0.7266402	-8.953117	1.3694834	47.382
0.7266402	-8.953117	1.3694834	47.392
0.61171854	-9.441534	1.6124948	47.431
0.24779987	-9.44752	1.7106571	47.443
-0.25977087	-8.8884735	1.6879122	47.483
0.03232172	-8.880095	1.5562311	47.495
-0.06464344	-9.4535055	1.2389994	47.533
-0.12928689	-9.901221	1.1013328	47.546
0.37349546	-9.685743	1.292869	47.585
0.7541735	-10.141838	1.4305356	47.596
1.9871874	-11.027693	1.3323733	47.635
1.198298	-11.949461	1.1228806	47.647
-2.055422	-14.726735	-1.1767502	47.674
-2.8574798	-14.810532	-1.2844892	47.688
-2.505532	-12.0967045	-2.2026656	47.724
-3.5661635	-10.815806	-3.0083144	47.737
1.6304513	-6.55293	4.759673	47.782
3.9552212	-8.303091	4.960786	47.792
4.903325	-12.62702	0.5303157	47.822
2.2242134	-13.694834	0.05626374	47.842
-2.219425	-9.534908	0.34715924	47.882
-2.2720973	-8.825027	0.37469256	47.903
0.16280572	-7.5429325	1.9692309	47.932
0.16280572	-7.5429325	1.9692309	47.942
0.3878607	-7.6985555	1.7226281	47.983
-0.45609543	-7.297527	1.6795325	47.996
-1.5849615	-7.1383123	3.217807	48.033
-1.7812861	-7.747637	3.0693667	48.046
-0.63087213	-8.027759	3.0825348	48.083
-0.17597382	-7.9547353	2.9484594	48.103
0.44771573	-7.15986	3.632004	48.133
0.39983168	-7.6961613	3.9133227	48.146
-2.3247697	-11.086351	1.8662802	48.185
-5.29358	-12.525267	2.6072857	48.204
-3.4249055	-13.354857	2.8502972	48.214
-3.4249055	-13.354857	2.8502972	48.214
-4.280833	-11.848905	0.62608373	48.283
-3.90614	-8.844181	2.7461493	48.294
-0.5482722	-5.3007627	2.6384103	48.332
1.7345991	-6.6606693	2.1284454	48.352
-0.664391	-10.032902	-0.2873042	48.382
-2.079364	-10.517728	-0.78170687	48.392
-4.250905	-9.472659	1.1121067	48.431
-3.5661635	-9.030929	1.22224	48.443
-1.650802	-8.06008	1.3431472	48.483
-1.2761095	-8.324639	1.3431472	48.5
0.2908955	-9.320627	1.5191209	48.536
0.39384618	-9.184157	1.7238252	48.551
-0.12210429	-8.34499	2.184709	48.583
0.15322891	-8.328231	2.2457612	48.596
0.59735334	-8.966286	2.0087352	48.633
0.35793316	-9.203311	1.6986861	48.653
-0.4249708	-9.527725	1.163582	48.683
-0.59855044	-9.437943	1.3730747	48.696
-0.52073884	-9.455899	2.2337902	48.733
0.94092125	-9.443929	2.098518	48.753
2.861071	-10.509348	2.1176715	48.785
2.0290859	-13.79539	1.5382746	48.797
-0.23822308	-14.937425	-2.6072857	48.828
-0.45250413	-14.046782	-3.3435028	48.852
-2.6527755	-6.625953	-3.6727054	48.882
-2.682703	-4.945224	-1.982399	48.892
-0.94690675	-6.459556	6.435614	48.932
1.8890251	-8.826224	5.3115363	48.952
0.80445176	-13.351266	-1.6089035	48.982
0.107739076	-12.054806	-0.9516952	48.992
0.37948096	-9.540894	-0.4417302	49.031
0.37948096	-9.540894	-0.4417302	49.041
-1.0115502	-8.76637	1.0283096	49.083
-1.271321	-8.676587	1.2389994	49.096
-1.271321	-7.9714947	1.8698715	49.133
-0.34237084	-7.7201033	2.0207062	49.146
0.7637503	-8.196549	1.9967642	49.183
0.8619126	-8.297106	2.087744	49.196
0.58298814	-8.443152	2.2756886	49.213
-0.45489833	-8.347384	2.2014685	49.251
-1.043872	-9.139865	2.3774424	49.284
-2.2972364	-10.080787	2.4037786	49.296
-5.133168	-11.379641	0.7685388	49.333
-5.5401826	-10.205285	1.8926164	49.345
1.9033904	-16.01721	-0.14963761	49.383
0.7350199	-18.221071	-2.2026656	49.396
-4.6004586	-11.652579	-1.7070658	49.434
-5.0254292	-5.843049	-0.93493575	49.445
-3.301604	-3.1423898	0.9684546	49.485
-0.3184288	-4.261679	2.930503	49.497
0.16639702	-8.664616	0.37469256	49.534
-1.3180081	-11.544841	-1.0498575	49.548
-1.2366052	-11.657368	-0.521936	49.584
-0.8678981	-10.575189	-0.521936	49.597
-0.5590461	-8.167819	1.0941502	49.634
-1.3359646	-8.500613	0.78529817	49.647
-2.1859062	-9.186552	0.19752164	49.684
-2.110489	-8.935161	0.7026982	49.697
0.29568392	-8.911219	0.8810662	49.734
1.1216835	-9.095572	0.5542577	49.747
2.2218192	-9.915586	-0.39025488	49.782
1.6232687	-10.030508	-0.50757074	49.792
-0.04070143	-9.419987	-0.35194764	49.832
-0.25737667	-9.367314	-0.061052144	49.842
-0.58657944	-9.998186	0.6596026	49.883
-0.23582886	-10.59554	0.90620536	49.892
0.6823475	-11.008539	-0.24061728	49.933
0.5566519	-9.976639	-0.16400282	49.952
-2.3463178	-12.106281	-1.6124948	49.983
-3.891775	-13.687651	-2.148796	49.995
-2.3630772	-11.227609	-2.7401638	50.033
0.4189853	-8.27077	-2.7760768	50.046
-0.36152446	-5.60722	1.2234371	50.084
-1.3934253	-8.699332	3.5350387	50.096
1.1504139	-14.095862	-0.5554548	50.133
1.9117701	-14.095862	-0.5554548	50.146
2.087744	-11.992557	-0.90261406	50.184
1.6280571	-10.134656	-1.2282255	50.198
0.5422867	-9.224859	-1.8148049	50.212
0.5422867	-9.224859	-1.8148049	50.212
-2.3259668	-9.039309	0.4321534	50.283
-2.0350714	-8.631097	0.81761986	50.309
-0.82360536	-8.049306	1.2749124	50.332
-0.8726865	-7.9367785	1.3754689	50.342
-1.8088194	-7.856573	0.5410896	50.382
-2.2301989	-7.9547353	0.5374983	50.402
-1.7345991	-8.257602	1.6603789	50.432
-1.0510546	-8.540117	2.3343468	50.451
0.06823475	-8.884883	1.9632454	50.483
-1.6843209	-8.604761	1.7860745	50.495
-3.503914	-8.979453	2.0135236	50.534
-1.5454572	-9.300277	3.333926	50.543
-0.09935937	-16.888699	-0.009576807	50.583
-0.8643068	-18.735825	-0.49679685	50.593
-5.3462524	-13.559562	-0.9576807	50.633
-5.3139305	-7.1885905	1.0857705	50.643
-1.804031	-3.288436	3.3135753	50.684
-0.59136784	-3.560178	3.3135753	50.694
-2.0482395	-8.456321	-1.6041151	50.734
-5.5030727	-11.177331	-2.8646624	50.744
-5.052963	-10.890026	0.8870517	50.784
-3.9193082	-8.286332	1.7717092	50.794
-3.3770216	-6.5625067	2.36188	50.834
-3.192668	-7.380127	2.2349873	50.844
-2.3319526	-9.415198	0.8571242	50.884
-1.5502456	-9.482236	0.6919243	50.894
0.2801216	-8.433576	1.0319009	50.934
1.1563994	-8.492233	1.5861586	50.944
1.0462662	-8.884883	1.9955671	50.984
0.5422867	-9.091981	1.8052281	50.994
-0.3878607	-9.19134	1.2234371	51.034
-0.7314286	-9.2069025	1.0941502	51.044
0.16998832	-8.719683	2.0817583	51.084
0.4165911	-8.728063	2.2278047	51.094
1.4317327	-9.929952	1.5861586	51.134
1.127669	-11.903971	1.2150574	51.144
-5.1235914	-15.247474	-1.0773908	51.184
-5.723339	-13.80377	-0.33399114	51.194
-3.383007	-12.806585	0.39863458	51.214
-3.383007	-12.806585	0.39863458	51.214
0.21547815	-7.1945763	-0.4189853	51.285
2.8203697	-8.1642275	4.0545807	51.303
2.2505496	-11.186908	1.2629414	51.332
-0.7170634	-10.718841	0.8882488	51.352
-2.2158337	-8.652645	0.92655605	51.382
-2.1021092	-8.26239	0.8451532	51.392
-0.45968673	-8.010999	3.0178912	51.432
0.073023155	-8.309077	3.2836475	51.441
-0.22026655	-8.231265	2.6312277	51.484
-1.0378864	-7.7009497	2.754529	51.493
-1.364695	-8.318654	2.7246015	51.533
-1.4496891	-8.6574335	2.5570073	51.543
-1.6292542	-8.883685	2.9640217	51.583
-2.267309	-8.439561	3.2800562	51.603
-1.4676456	-8.331821	4.080917	51.633
-0.748188	-8.331821	4.080917	51.643
0.16519992	-8.768764	3.8283286	51.674
-3.8774097	-11.394006	1.8746599	51.695
-4.912902	-9.853337	4.76925	51.735
-0.63206923	-12.962208	2.445677	51.744
-4.3634324	-17.526754	-3.4835634	51.774
-5.699397	-14.589068	-2.896984	51.795
-3.6332011	-5.6227827	-0.31124622	51.834
0.7781156	-4.0617633	1.0749966	51.844
2.0721815	-7.8266454	0.29927522	51.884
-0.58777654	-10.502166	-0.055066638	51.894
-3.0561984	-11.425131	0.90979666	51.934
-3.3925838	-11.22282	1.4808137	51.944
-1.2605472	-9.097966	1.5478514	51.984
-1.1073183	-7.949947	2.3211784	51.994
-1.1947067	-8.371326	2.6132712	52.034
-1.436521	-8.910022	2.1511903	52.044
-1.5562311	-8.980651	2.3774424	52.085
0.1328782	-8.827422	1.9572599	52.115
1.6124948	-8.993818	1.8459295	52.132
1.578976	-8.996213	2.1176715	52.152
0.5650316	-9.129091	1.6208745	52.183
-0.022744916	-9.129091	1.6208745	52.192
-1.3706805	-9.358934	1.5741876	52.212
-1.3706805	-9.358934	1.5741876	52.212
2.5893292	-9.892841	1.0749966	52.275
2.4468741	-10.720038	0.90979666	52.287
-3.4129345	-14.097059	-2.9340942	52.334
-5.4922986	-13.323732	-2.9340942	52.344
-6.4248405	-7.2424603	0.8690952	52.384
-3.9336734	-4.189853	4.9200845	52.394
4.015076	-10.472239	5.7724204	52.434
5.90889	-16.59062	-0.016759412	52.444
1.9895816	-16.390705	-1.0546459	52.484
-2.7952304	-10.453085	0.62129533	52.494
-3.5541923	-5.9364233	3.594894	52.524
-2.0626047	-6.291962	4.0617633	52.544
1.4784195	-8.62152	2.0410569	52.574
1.6962919	-8.947132	1.5753847	52.587
0.5315128	-8.628703	2.231396	52.635
-0.4297592	-8.591593	2.6635494	52.644
-0.6584055	-7.801506	3.063381	52.684
-0.5315128	-8.025364	3.040636	52.694
-0.2861071	-8.334216	2.8083985	52.734
-0.08259996	-8.611943	2.7593174	52.744
-1.3455414	-9.443929	1.2018893	52.785
-3.1711202	-8.979453	0.9780314	52.794
-1.0977415	-7.9942393	3.6212301	52.834
1.4149733	-9.051279	3.0621839	52.844
2.2637177	-17.705122	-1.6723499	52.884
0.30765492	-19.6133	-2.2242134	52.894
-7.3992805	-12.193669	-1.2282255	52.934
-6.6163764	-7.8757267	1.4532804	52.944
-1.5682021	-4.471172	4.781221	52.984
1.5478514	-5.935226	1.234211	52.994
1.0342951	-8.902839	0.29328972	53.034
-1.8076223	-11.915942	0.9900024	53.044
-3.8606503	-10.599131	1.6891093	53.084
-3.7229836	-8.130709	1.9931729	53.094
-2.0254946	-6.8929067	2.280477	53.134
-0.90021986	-8.559271	2.0386627	53.154
-0.50158525	-9.683349	1.8914193	53.182
-0.6344634	-9.186552	2.1296425	53.207
-0.5662287	-8.588001	2.2936451	53.207
-0.5662287	-8.588001	2.2936451	53.207
-1.8148049	-9.094376	2.0805612	53.283
-1.8148049	-8.780735	2.1033063	53.322
-1.1492168	-8.916007	1.9093759	53.332
-0.9708488	-8.996213	1.6208745	53.342
-0.3878607	-9.919178	1.1552023	53.382
-0.17238252	-10.825383	1.2258313	53.391
-1.6723499	-13.438654	1.009156	53.431
-2.5258827	-13.284228	1.1923125	53.441
-1.8267759	-11.372458	1.1456255	53.473
-1.5286977	-10.945093	0.62967503	53.487
-1.7669208	-7.076063	0.7745243	53.523
-1.3132197	-6.235698	2.0530279	53.537
0.89303726	-8.316259	4.6255975	53.573
1.1599907	-11.798626	3.311181	53.593
-2.0530279	-12.243947	1.328782	53.623
-3.5877113	-9.416395	1.3012487	53.643
-1.8962077	-7.381324	2.3319526	53.684
-1.5586253	-7.285556	2.7964275	53.695
-0.6440403	-7.493851	3.264494	53.724
-0.2896984	-7.5201874	3.4991257	53.738
-1.4736311	-7.0904284	4.164714	53.774
-1.9608512	-7.2101383	3.977966	53.788
-1.5801731	-7.5225816	3.3770216	53.824
-0.82360536	-7.4136457	3.5051112	53.838
-0.21667525	-8.416816	3.1543608	53.874
-0.91458505	-9.040505	2.743755	53.895
-3.8953662	-10.747571	2.504335	53.932
-3.1723173	-11.796232	3.3734303	53.942
-4.2916064	-17.360357	0.025139118	53.983
-4.571728	-17.209522	-1.543063	53.992
-3.0669725	-7.073669	0.36870706	54.032
-3.489549	-4.607641	0.33638534	54.042
-2.2541409	-5.42167	1.8890251	54.082
-2.3582888	-7.3657618	1.5263035	54.091
-3.9911342	-13.64695	-1.5394717	54.131
-4.332308	-13.986926	-2.0841527	54.141
-2.6922798	-10.42196	-0.22385786	54.173
-2.184709	-8.152257	0.8535329	54.193
-2.1571758	-7.6375036	1.115698	54.207
-2.1571758	-7.6375036	1.115698	54.207
-1.8842367	-10.395624	-0.059855044	54.284
-1.9405005	-10.503363	-0.08020575	54.293
-0.90141696	-9.973047	0.32441434	54.323
-0.2657564	-9.68694	0.6907272	54.343
-0.09816227	-9.977836	1.0534488	54.373
-0.130484	-10.016143	1.0235212	54.393
-0.79726917	-9.67856	0.7721301	54.423
-1.2976574	-9.358934	0.8714894	54.443
-2.3391352	-8.619126	1.4508862	54.473
-2.0278888	-8.456321	1.3587095	54.488
-4.179079	-9.701305	1.4975731	54.524
-4.179079	-9.701305	1.4975731	54.538
0.22625206	-10.30225	0.33877954	54.574
1.352724	-10.965444	-0.79008657	54.594
0.32202014	-10.5045595	2.0817583	54.632
-0.8451532	-10.423157	2.2840683	54.642
-0.5746084	-10.565612	2.124854	54.682
-0.34596214	-10.247183	2.1823149	54.692
-0.7278373	-8.998607	2.0219033	54.722
-1.5646108	-8.571242	2.622848	54.742
-2.516306	-8.517372	3.2070332	54.783
-2.541445	-8.421604	2.7724855	54.791
-2.5378537	-8.086416	2.4361002	54.831
-2.6563668	-8.078036	2.6072857	54.841
-2.3451207	-8.559271	3.0490158	54.883
-2.1799207	-8.577228	3.264494	54.893
-1.9476831	-8.377312	3.2573113	54.923
-2.1583729	-8.202535	3.3171666	54.943
-2.9891608	-8.051701	4.1240125	54.988
-2.9987376	-8.051701	4.1683054	55.001
-2.4109612	-8.258799	4.368221	55.033
-2.256535	-8.250419	4.5046906	55.043
-3.0214825	-8.432379	4.268862	55.083
-3.5290532	-8.844181	4.213795	55.093
-3.83192	-13.709199	3.2800562	55.133
-4.4580035	-14.225149	2.267309	55.143
-5.1343656	-10.0508585	1.3108255	55.183
-3.0190883	-6.1399302	2.5115175	55.193
-2.2230163	-5.106832	2.9975405	55.213
-2.2230163	-5.106832	2.9975405	55.213
-2.586935	-10.383653	-0.50876784	55.282
-2.6001031	-10.08318	-0.91578215	55.293
-0.40462008	-10.350134	-0.78050977	55.332
-0.11611878	-10.392033	-0.33758244	55.352
-0.92296475	-9.552865	1.4401124	55.382
-1.2030864	-9.259575	1.590947	55.402
-0.9648633	-9.119514	0.48841715	55.432
-0.9804256	-9.210494	0.6404489	55.452
-0.7733272	-9.249998	0.44771573	55.483
-0.724246	-9.295488	0.44771573	55.493
-0.842759	-9.216479	0.40581718	55.534
-0.770933	-9.089587	0.89184016	55.543
-0.94451255	-9.339781	0.9720459	55.573
-0.81522566	-9.551667	0.93732995	55.593
-0.79008657	-10.075998	0.6859388	55.633
-1.1061212	-10.363302	0.58777654	55.643
-1.6627731	-10.812215	1.2054806	55.673
-0.557849	-9.986216	2.1152773	55.695
0.5255273	-10.2735195	2.0697873	55.735
1.2449849	-10.250774	2.0721815	55.735
1.4688427	-12.11107	1.1839328	55.782
-0.48961425	-13.086706	-0.6607997	55.802
-2.5905263	-11.847707	-2.112883	55.833
-2.516306	-10.971429	-2.7497406	55.842
-2.36188	-6.1076083	-0.62488663	55.882
-0.59495914	-7.053318	2.2577322	55.892
1.0785879	-11.577163	1.6759412	55.932
1.970428	-12.654553	0.15801731	55.952
1.3946224	-11.249157	0.688333	55.984
1.2126632	-9.746795	0.770933	55.993
-0.5243302	-8.567651	1.0426749	56.033
-1.0773908	-8.5473	1.0426749	56.043
-1.2617443	-8.841787	1.685518	56.084
-0.89184016	-8.447941	1.4951789	56.093
-0.7433996	-7.6530657	1.6448165	56.134
-0.7254431	-7.443573	2.4624364	56.143
-0.8355764	-7.553706	2.9293058	56.174
-0.91697925	-7.6171527	2.8514943	56.195
-1.3144168	-7.6231384	2.56419	56.215
-1.3144168	-7.6231384	2.56419	56.215
-2.0290859	-8.661025	2.2840683	56.268
-3.2632968	-10.19092	0.40581718	56.301
-6.4344172	-9.951499	2.7688942	56.333
-3.0382419	-11.565191	3.810372	56.342
-1.5071499	-19.498379	-1.9440918	56.382
-3.265691	-17.164032	-2.3175871	56.392
-3.7576995	-3.2453403	-0.08259996	56.432
-3.0789435	-2.0207062	1.1492168	56.442
-1.5502456	-5.112818	2.9987376	56.482
-1.8674773	-7.038953	0.21547815	56.501
-3.50152	-13.694834	-1.5693992	56.533
-2.919729	-12.445061	-0.16400282	56.543
-3.2333694	-7.0461354	3.927688	56.584
-3.0669725	-6.245275	3.927688	56.593
-1.4053963	-8.119935	1.9500773	56.634
-0.6344634	-9.350554	1.590947	56.643
0.5793968	-9.137471	1.5646108	56.684
1.2629414	-8.74123	1.6460136	56.693
1.0510546	-8.653842	2.348712	56.725
0.8631097	-8.736442	2.5103204	56.745
0.94930094	-9.355343	1.5119383	56.785
0.5770026	-10.166978	0.4237737	56.795
0.053869538	-10.03769	1.638831	56.835
0.45729253	-10.084377	2.0805612	56.845
0.37948096	-10.851719	2.0254946	56.874
0.9864111	-11.579556	2.2577322	56.895
1.9812019	-11.860875	1.9237411	56.935
-1.7393875	-13.095086	0.91219085	56.944
-0.9911995	-10.919954	-1.7465701	56.985
-1.1492168	-10.722432	-4.3478703	56.994
-3.2824504	-9.153033	-4.3634324	57.024
-3.084929	-8.432379	-1.5155296	57.045
-0.6811504	-10.437522	4.3957543	57.085
1.3263878	-11.797429	0.7517793	57.094
1.186327	-12.713211	-0.7625532	57.124
1.5705963	-12.319365	-0.36511576	57.144
1.6460136	-9.260772	-0.89184016	57.174
0.7565677	-7.529764	-0.2765303	57.195
-0.6584055	-7.559692	0.5793968	57.214
-0.6584055	-7.559692	0.5793968	57.214
-3.6703112	-8.259995	0.7433996	57.282
-2.980781	-7.297527	2.6970682	57.292
-0.8762778	-6.9946604	1.887828	57.332
-0.70509243	-7.091625	1.6256629	57.342
-1.863886	-6.3446345	2.1547816	57.383
-2.5510218	-6.2249246	2.9939492	57.392
-2.087744	-6.896498	4.8757915	57.433
-1.3060371	-7.702147	4.3993454	57.441
-5.792771	-9.941922	0.8511387	57.473
-8.395268	-9.340978	2.4732103	57.494
-1.5263035	-10.79785	7.338228	57.523
0.31603462	-15.564705	2.4995465	57.56
-3.1531637	-15.8065195	-1.0498575	57.581
-5.133168	-11.316195	1.4449008	57.601
-0.92057055	-6.2728086	1.5394717	57.631
-0.12330139	-6.0357823	1.411382	57.643
-1.8626889	-7.228095	0.9828198	57.683
-3.751714	-7.831434	0.9828198	57.693
-3.5003228	-10.377667	0.6739678	57.733
-1.5263035	-10.583569	0.10175357	57.743
1.4329298	-7.8326306	1.8447324	57.783
-0.17118542	-7.5082164	1.9740193	57.793
-2.6192567	-7.9942393	2.2505496	57.833
-4.1479545	-8.53892	2.231396	57.844
-3.6116533	-8.731653	0.90381116	57.884
-2.2002714	-9.148245	0.50158525	57.894
-1.4173675	-8.799889	1.0414777	57.934
-1.8854338	-8.945934	1.1097125	57.944
-1.8986019	-9.244013	0.79248077	57.984
-1.7968484	-10.178948	0.6679823	57.994
-1.2593501	-9.93474	1.1935096	58.034
-1.1923125	-9.560047	1.4460979	58.044
-1.6759412	-10.524911	0.6871359	58.084
-1.7597382	-10.881647	0.44771573	58.094
-1.3215994	-11.277887	-0.2837129	58.134
-0.6428431	-11.990162	-1.1683705	58.144
-2.5929205	-11.56998	-0.8559271	58.184
-5.1702785	-7.807492	1.8579005	58.194
-4.4999022	-5.7664347	4.0054994	58.214
-4.4999022	-5.7664347	4.0054994	58.214
0.5374983	-12.621035	1.234211	58.283
-1.270124	-10.635044	0.59136784	58.303
-4.226963	-7.867347	1.9907787	58.332
-2.920926	-8.283937	2.5390508	58.342
-2.0147207	-8.694544	2.4492683	58.382
-2.0506337	-8.543709	2.742558	58.392
-1.5753847	-7.937976	2.3235726	58.433
-1.3682863	-7.8086886	2.2637177	58.442
-1.3670892	-8.329428	3.086126	58.483
-1.5478514	-8.439561	3.264494	58.496
-1.4329298	-7.94037	3.430891	58.535
-1.4520833	-7.603985	3.1878796	58.546
-3.1292217	-9.734824	1.6244658	58.573
-4.164714	-10.821792	1.6424223	58.596
-3.3303347	-9.494206	3.0705638	58.635
-1.9381063	-9.275137	3.490746	58.646
-1.4257472	-9.908403	2.8119898	58.673
-1.5023615	-10.075998	2.0338743	58.688
-1.9309237	-9.623494	0.7398083	58.724
-2.207454	-9.235633	0.92416185	58.738
-2.136825	-9.2787285	1.5646108	58.789
-2.088941	-9.2787285	1.5646108	58.803
-1.8375498	-9.853337	1.6184803	58.832
-1.638831	-9.884461	1.6065093	58.842
-1.376666	-9.90601	1.1264719	58.885
-2.6084828	-9.762358	1.7154455	58.898
-2.730587	-8.9519205	1.3395559	58.925
-2.6503813	-8.607155	1.8028339	58.938
-0.60693014	-9.223662	1.6759412	58.974
-0.5590461	-9.346964	1.5945383	58.995
-0.93254155	-9.074024	2.3523033	59.032
-0.7625532	-9.340978	2.1703439	59.045
-0.21906945	-9.704897	2.6647465	59.082
0.073023155	-9.822212	2.9340942	59.092
0.39743748	-9.5013895	3.3051953	59.132
0.35913026	-9.855731	3.1890767	59.142
-0.48841715	-11.1653595	2.385822	59.185
-0.7433996	-10.674548	3.1651347	59.198
-0.81043726	-10.214862	3.643975	59.212
-0.81043726	-10.214862	3.643975	59.212
-3.084929	-9.876082	0.7206547	59.283
-3.3063924	-8.488642	0.24899697	59.293
-0.41060558	-5.9627595	2.7222073	59.322
2.3080103	-7.141904	4.0019083	59.342
0.7673417	-10.141838	2.9580362	59.385
-0.80924016	-11.042058	2.3319526	59.41
-1.3874398	-11.021708	1.7310078	59.422
-2.6132712	-10.905589	0.8463503	59.439
-2.124854	-8.485051	2.5115175	59.483
-1.9919758	-7.7452426	2.7042508	59.492
-1.6496049	-6.8486137	2.4887726	59.532
-1.5837644	-7.1766195	3.1962593	59.552
-1.5310919	-8.192958	3.9109285	59.585
-1.2473791	-8.133103	4.0940847	59.597
-1.2258313	-8.153454	2.791639	59.634
-1.3742718	-8.760384	2.7641058	59.647
-1.376666	-9.472659	3.70383	59.684
-1.423353	-8.980651	3.763685	59.697
-2.042254	-8.6334915	3.4213142	59.734
-2.2900538	-8.939949	3.4213142	59.747
-2.0362685	-8.883685	3.6284127	59.774
-1.4664485	-8.331821	3.4380736	59.797
-1.2976574	-11.015722	2.7521348	59.832
-1.6101006	-11.379641	2.5462334	59.852
-2.719813	-10.761936	2.4624364	59.882
-2.882619	-10.226832	2.4516625	59.892
-2.0530279	-8.12233	2.7234044	59.932
-1.2006922	-7.9152308	2.3690627	59.942
-0.81283146	-8.678981	1.7992426	59.983
-0.93134445	-9.859323	2.2972364	60.001
-0.9588778	-9.352949	3.039439	60.033
-0.7457938	-9.130288	3.2393548	60.046
-0.8439561	-9.487024	2.7138276	60.084
-0.8391677	-9.8198185	2.4540567	60.095
-1.1192893	-9.148245	2.3139958	60.133
-1.0570401	-8.7292595	2.3582888	60.146
-1.1444284	-8.924387	2.337938	60.183
-1.5514427	-9.035717	2.349909	60.196
-1.697489	-9.030929	2.707842	60.225
-1.697489	-9.030929	2.707842	60.225
-0.24181437	-9.355343	3.0502129	60.282
-0.051475335	-9.355343	3.0502129	60.303
0.31004912	-10.08318	3.052607	60.332
0.18914193	-10.040085	3.0095115	60.352
-0.11252748	-9.7479925	2.6755204	60.383
-0.16998832	-9.776723	2.5701754	60.392
-0.60094464	-10.241198	2.078167	60.432
-0.8487445	-10.250774	2.1787236	60.442
-1.6053122	-10.110714	2.432509	60.483
-1.8866309	-10.035296	2.4145525	60.496
-1.7501614	-8.39048	1.520318	60.533
-1.7082629	-8.027759	1.7669208	60.546
-1.1192893	-8.470686	3.4524388	60.583
-0.10175357	-9.101558	3.9228995	60.593
0.32680854	-10.350134	3.7361517	60.633
-0.35075054	-10.291476	3.2728736	60.646
-1.3431472	-9.774328	2.694674	60.685
-1.6915035	-8.774749	2.5629928	60.697
-1.483208	-8.043321	2.6084828	60.729
-1.2437878	-8.032547	3.052607	60.752
-1.2198458	-8.827422	3.1435869	60.782
-1.2785037	-8.77834	3.1483753	60.802
-1.9381063	-8.838196	2.753332	60.832
-1.9381063	-8.838196	3.0657754	60.851
-1.9536686	-8.252813	3.8774097	60.883
-1.2258313	-8.7125	4.296395	60.89
-0.9816227	-8.388085	4.51307	60.931
-1.0534488	-8.433576	4.3634324	60.951
-1.3347675	-8.180987	4.5082817	60.981
-1.4089876	-8.091205	4.687847	61.001
-1.5310919	-8.298303	5.2540755	61.031
-1.6639702	-8.48146	5.029021	61.051
-0.4321534	-8.585608	3.8127663	61.081
-0.10654198	-8.356961	5.577293	61.097
-0.10654198	-8.356961	5.577293	61.097
