0.6440403	1.8567034	9.752781	0.146
0.6380547	1.946486	9.787497	0.196
0.6835446	2.019509	9.67856	0.246
0.7266402	2.0374656	9.591172	0.296
0.641646	2.0171149	9.774328	0.346
0.5267244	2.0362685	9.64145	0.406
0.6907272	2.0015526	9.628283	0.446
0.7613561	2.043451	9.65821	0.496
0.89184016	2.0769699	9.828198	0.546
0.7314286	2.1057005	9.609129	0.596
0.7374141	2.124854	9.713276	0.647
0.89303726	2.2457612	9.739613	0.694
0.9864111	2.1164744	9.588778	0.746
0.8511387	2.2529438	9.765948	0.796
0.93254155	2.3906105	9.824607	0.846
0.5746084	2.3798366	9.39365	0.896
0.7529764	2.0518308	9.340978	0.947
0.82360536	2.099715	9.910798	0.996
1.1121067	1.8567034	9.616311	1.045
1.1288661	2.1739352	9.872491	1.105
1.2916719	2.3068132	9.367314	1.145
0.49200845	2.6599581	9.027337	1.194
0.7374141	2.134431	9.391256	1.246
1.0570401	1.982399	9.593566	1.296
1.3323733	2.0769699	9.490616	1.346
1.2425907	1.6938977	9.203311	1.396
1.0055647	2.2996306	9.39365	1.447
1.5801731	1.99437	8.671799	1.497
1.8483237	1.9895816	8.92319	1.547
2.896984	2.3678656	8.127118	1.597
4.203021	2.0326772	8.974665	1.647
7.5465236	2.6443958	6.0106435	1.697
5.7149596	2.3714569	8.319851	1.747
6.967127	2.3570917	7.2987237	1.797
6.757634	1.1085154	6.6187706	1.848
7.8410106	1.2737153	5.5641246	1.897
7.955932	1.614889	5.094861	1.952
7.9248075	1.6436194	5.094861	1.952
8.327033	1.186327	4.1180267	2.045
9.576807	1.5753847	4.9021277	2.095
8.41921	1.3694834	4.497508	2.147
8.919599	1.1994951	4.0701427	2.194
9.148245	0.80684596	2.7210102	2.244
9.970653	0.63087213	1.5861586	2.294
10.158598	1.2964603	0.80564886	2.344
9.593566	0.7074866	0.5279215	2.394
10.193314	0.29209262	-0.6907272	2.444
9.435549	0.33638534	-0.59017074	2.494
9.350554	0.41060558	-0.78050977	2.544
9.441534	0.24899697	-1.8195933	2.594
9.038112	-0.17836803	-2.1655555	2.644
9.828198	0.15203181	-2.195483	2.696
10.172963	-0.15801731	-4.5418005	2.746
8.979453	0.29568392	-3.0238767	2.796
8.993818	0.760159	-3.016694	2.846
9.57561	0.088585466	-4.1120415	2.902
9.147048	0.15083471	-3.5625722	2.943
9.147048	0.15083471	-3.5625722	2.943
8.189367	0.38067806	-3.8307228	3.045
8.9279785	0.079008654	-3.843891	3.095
9.003395	0.16519992	-3.8738184	3.145
9.097966	0.2681506	-3.6643257	3.194
9.076419	0.17836803	-3.3207579	3.246
9.531317	0.16879122	-3.169923	3.297
9.300277	0.12090719	-2.7724855	3.344
9.478644	-0.18794483	-2.0961237	3.396
9.643845	0.062249243	-2.1559787	3.446
8.880095	0.062249243	-1.4293385	3.496
9.983821	0.6967127	-1.2593501	3.546
9.431957	0.30406362	-0.010773907	3.597
9.179369	0.5231331	-0.35075054	3.647
10.251971	0.7218518	1.0474633	3.697
9.896433	0.78290397	1.0151415	3.747
9.508572	0.40940848	1.4520833	3.802
9.894038	0.34835634	1.4616601	3.842
9.108741	0.2753332	1.7860745	3.902
8.968679	0.8726865	1.970428	3.943
9.980229	0.2825158	2.7688942	3.997
8.775947	0.48961425	2.9317	4.045
9.141062	0.32441434	3.608062	4.095
8.859743	0.51954174	3.5110967	4.145
8.866926	0.51235914	3.6583402	4.204
8.692149	0.5626374	3.7098155	4.246
9.094376	0.61411273	3.9217024	4.296
9.64983	0.58777654	3.855862	4.346
9.094376	0.6560113	3.821146	4.396
8.9040365	0.8595184	4.0294414	4.45
8.880095	1.0187328	4.5118732	4.495
8.500613	1.5286977	5.171476	4.545
7.9702973	1.4269443	5.9519854	4.595
7.9966335	0.82360536	6.467936	4.644
6.8809357	1.0007763	6.505046	4.696
6.5349736	1.389834	7.771579	4.746
6.0609217	1.7417817	7.0832458	4.796
5.6347537	1.9045875	7.1790137	4.846
5.6527104	2.1320367	7.788338	4.891
4.782418	2.2864625	8.198944	4.952
4.8901567	2.2864625	8.198944	4.952
4.5358152	1.9871874	8.649054	5.047
3.5924997	2.1057005	8.526949	5.096
3.2453403	2.1164744	9.350554	5.146
2.1823149	1.8315643	9.520543	5.198
2.2517467	2.2493525	9.466674	5.245
2.2505496	2.3546975	9.394848	5.298
1.2856863	1.7369933	9.249998	5.348
-0.3890578	1.9201498	9.522937	5.398
0.5770026	1.9764135	9.854534	5.448
1.0307038	2.1619642	10.053253	5.499
0.30885202	1.9716251	9.767146	5.549
0.17836803	2.0135236	10.049662	5.597
-0.7793127	2.1021092	9.69532	5.647
-0.46926352	2.3942018	9.945514	5.697
-2.4109612	2.005144	9.556456	5.747
-2.3546975	1.4664485	9.527725	5.798
-1.7190368	1.3563153	8.826224	5.848
-2.8275523	1.2641385	8.880095	5.898
-3.3566709	1.7417817	9.223662	5.948
-3.193865	1.7190368	9.139865	6.002
-6.0501475	1.7944542	8.564059	6.047
-4.0653543	1.0007763	8.554482	6.097
-4.6902413	0.9684546	8.568848	6.147
-4.68665	1.5346833	8.814254	6.196
-4.0282445	1.5370775	9.5013895	6.246
-3.6224272	1.4987702	8.212111	6.298
-7.1754227	1.2868834	7.3753386	6.348
-6.1447186	0.82599956	7.620744	6.398
-5.09127	0.22266077	8.119935	6.448
-6.0597243	1.2378023	7.8996687	6.499
-6.7803793	1.2509704	7.2628107	6.549
-6.930017	1.1240777	7.2460513	6.599
-6.397307	0.45489833	6.578069	6.649
-6.9168487	-0.15801731	6.271611	6.696
-8.301894	0.415394	7.1155677	6.747
-7.4950485	1.2880806	5.5581393	6.797
-8.711303	0.80445176	6.5696893	6.847
-7.3525934	0.6440403	5.8598084	6.898
-8.0445175	-0.14963761	5.9280434	6.948
-7.8745294	0.09696517	6.145916	6.999
-7.9355817	-0.5267244	5.5377884	7.046
-8.295909	-0.1412579	6.136339	7.098
-7.6506715	0.11971009	5.7867856	7.148
-7.860164	-0.038307227	5.451597	7.202
-8.172607	-0.35314476	5.6156	7.242
-8.822633	0.50876784	5.2720323	7.298
-8.413225	0.31004912	5.3342814	7.347
-7.835025	0.7649474	4.859032	7.398
-7.2328835	1.0271125	4.665102	7.448
-10.427945	1.091756	4.0653543	7.499
-10.121488	0.7433996	3.7014358	7.549
-9.313444	0.59376204	3.5182793	7.599
-9.691729	0.1448492	3.1723173	7.644
-10.234015	0.7757214	3.1124623	7.697
-10.156203	1.1456255	3.4033577	7.747
-8.7053175	0.5554548	3.5529952	7.797
-8.8645315	0.17238252	3.4093432	7.847
-9.224859	0.25258827	3.6296098	7.898
-9.615114	0.17956513	3.6822822	7.948
-9.7719345	0.80325466	3.8845923	7.999
-8.39048	0.02633622	4.1276035	8.046
-7.5884223	0.5554548	4.7261543	8.098
-8.836999	0.7422025	4.606444	8.148
-8.641871	0.94211835	4.8398786	8.198
-8.356961	1.3431472	5.433641	8.247
-8.415619	1.4496891	5.8095303	8.299
-7.3633676	1.6089035	6.4188547	8.349
-6.96593	0.79008657	6.145916	8.399
-7.4962454	0.6404489	6.482301	8.444
-6.5828576	1.4460979	6.7360864	8.499
-7.028179	1.5885528	6.906075	8.549
-7.0461354	1.650802	6.9647326	8.599
-6.5385647	1.6807296	7.0784574	8.649
-5.603629	1.7729063	7.8948803	8.697
-4.485537	1.5490485	8.574833	8.747
-4.6220064	1.210269	8.329428	8.796
-4.698621	0.94570965	8.432379	8.846
-3.954024	1.2940661	8.676587	8.896
-3.8965633	1.2665327	9.020155	8.946
-3.369839	1.7705121	9.995792	8.996
-1.4867992	1.4425066	9.018958	9.046
-2.0757728	0.6979098	9.672575	9.098
-1.9847932	1.3503298	9.494206	9.148
-1.7034745	1.0953473	9.369708	9.198
-1.8602947	1.2521675	9.53012	9.248
-1.1851299	1.2617443	9.718064	9.299
-0.94331545	1.2761095	9.482236	9.349
-0.6440403	1.5382746	9.944317	9.399
0.19153613	1.1599907	10.31901	9.448
-0.21667525	1.1947067	10.113108	9.489
0.076614454	1.2282255	10.043676	9.543
-0.10414778	1.4496891	10.000581	9.588
0.3172317	1.5059528	9.828198	9.643
0.7026982	1.5167267	9.885659	9.688
0.93732995	1.4664485	9.767146	9.743
1.0055647	1.34195	9.599552	9.789
1.1324574	1.3479356	9.822212	9.843
1.2988545	1.3144168	9.810242	9.889
1.271321	1.2473791	9.54209	9.946
1.2354081	1.2018893	9.740809	10.003
1.9452889	1.3000516	9.533711	10.047
2.079364	1.2737153	9.459491	10.097
2.610877	1.411382	9.208099	10.146
3.156755	1.6112977	9.074024	10.198
3.8654387	1.8351556	9.396045	10.248
4.596867	1.7118542	8.447941	10.298
4.5633483	2.0973208	8.293514	10.348
5.0601454	1.4077905	7.9236107	10.399
4.450821	1.3383588	8.267179	10.449
5.412093	1.2629414	8.080431	10.499
5.675455	1.6687586	7.8876977	10.549
5.451597	1.8171991	7.1993647	10.597
7.4028716	1.8363527	6.59004	10.647
6.6044054	1.780089	6.361394	10.697
7.9571295	1.7980455	7.374141	10.747
8.408437	0.4141969	4.0282445	10.797
7.9427643	1.6998832	5.2540755	10.848
9.49301	0.82121116	5.2648497	10.898
8.347384	1.5921441	5.005079	10.948
8.541314	1.460463	4.9308586	10.96
10.155006	1.4496891	3.2381577	11.046
8.962694	0.80325466	2.5198972	11.098
9.599552	1.021127	2.7688942	11.148
9.038112	1.0785879	2.1691468	11.197
9.56723	0.93852705	1.4377182	11.248
9.653421	0.7517793	1.5502456	11.299
9.205706	0.25617957	0.4369418	11.349
9.489418	1.0426749	0.40581718	11.389
10.696096	1.6280571	0.05746084	11.443
9.870096	1.1779473	-0.60094464	11.503
9.451111	0.93493575	-1.0606314	11.549
9.667787	0.59855044	-1.6843209	11.604
9.8677025	0.37828386	-2.6443958	11.643
8.39048	0.79008657	-3.0334535	11.703
8.996213	-0.11611878	-3.6224272	11.743
8.497022	0.1592144	-4.855441	11.803
8.567651	0.094570965	-4.4520183	11.843
8.555679	0.37828386	-4.437653	11.903
8.65863	-0.0023942017	-5.069722	11.943
8.65863	-0.0023942017	-5.069722	11.943
7.8290396	0.32202014	-5.171476	12.049
7.9307933	0.8355764	-4.7022123	12.097
8.738836	0.6667852	-5.5270147	12.147
8.184579	1.13964	-5.1846437	12.198
8.192958	1.1408371	-5.2863975	12.247
8.305486	0.7422025	-5.470751	12.298
8.324639	1.0366893	-4.638766	12.348
8.506598	1.0654198	-4.650737	12.399
8.420407	1.0283096	-5.029021	12.449
8.426393	1.2150574	-4.643554	12.499
8.859743	0.82599956	-4.6244006	12.547
8.328231	0.8487445	-4.5872903	12.597
9.6845455	1.0941502	-3.7972038	12.647
8.916007	0.6464345	-4.1335893	12.697
9.552865	0.8810662	-3.1950622	12.746
9.604341	0.34596214	-3.8067808	12.798
8.615535	0.6332663	-2.528277	12.847
9.764751	0.7170634	-2.2349873	12.898
9.548077	0.5542577	-1.8387469	12.948
9.539697	0.260968	-1.7178397	12.959
9.647436	0.61890113	0.23223756	13.047
9.592369	0.47764325	0.32800564	13.096
9.259575	0.6703765	1.4796166	13.146
9.706094	0.7733272	1.590947	13.199
9.471462	0.62129533	1.7082629	13.246
9.404425	0.8319851	2.3068132	13.298
9.515755	0.7194576	2.4145525	13.347
9.610326	0.80924016	2.801216	13.398
9.392453	0.7015011	2.7988217	13.448
9.578004	0.89902276	3.477578	13.504
9.232041	0.81881696	3.3806129	13.543
8.825027	0.78410107	4.0976763	13.603
8.585608	0.6440403	4.4699745	13.643
8.250419	1.8555063	5.708974	13.703
8.054094	1.8171991	6.039374	13.743
7.60997	1.8471266	6.2752028	13.803
6.455965	2.27928	6.537368	13.847
6.066907	2.4384944	7.0820484	13.897
5.9687448	2.219425	7.603985	13.947
6.0226145	2.4732103	7.764396	13.969
5.2385135	2.267309	8.079233	14.046
4.602853	2.396596	8.111555	14.098
4.617218	2.2218192	8.021772	14.148
4.19943	2.1547816	8.311471	14.198
4.096479	2.2397757	8.784326	14.248
3.2321723	2.0937295	9.132683	14.297
2.7246015	2.397793	9.196129	14.347
2.0602105	2.1284454	9.472659	14.397
1.4556746	2.2493525	9.478644	14.447
1.1420342	2.2637177	9.629479	14.496
0.272939	1.8806454	9.020155	14.548
0.2885013	1.8914193	9.248801	14.598
-0.29209262	2.1080947	9.671378	14.648
-0.47884035	1.9512744	9.604341	14.698
-1.1887212	2.043451	9.776723	14.749
-1.2976574	1.8866309	9.878476	14.799
-1.1683705	1.6460136	9.61272	14.849
-1.5933412	1.697489	9.539697	14.899
-1.1168951	1.8207904	9.849746	14.949
-0.92895025	1.9201498	10.056845	14.972
-0.985214	1.4784195	9.759963	15.046
-1.1408371	1.5897499	9.879673	15.097
-1.2545617	1.6783354	9.977836	15.147
-1.4221559	1.8674773	9.983821	15.196
-1.9728222	1.447295	9.36492	15.248
-2.9293058	1.8890251	9.030929	15.297
-3.8043866	1.4389153	8.485051	15.348
-4.6220064	1.1109096	8.246828	15.396
-4.9787426	1.0618285	8.404845	15.446
-5.41329	1.0342951	7.7129207	15.498
-6.196194	0.4405331	7.129933	15.547
-6.9048777	0.7015011	6.4787097	15.599
-7.9906483	1.2150574	6.68102	15.648
-8.061277	1.1947067	6.283582	15.699
-7.3106947	1.1061212	6.491878	15.749
-6.9491706	0.9660604	5.6527104	15.799
-8.002619	0.49679685	4.882974	15.849
-9.14585	1.1971009	5.0002904	15.899
-8.200141	1.7310078	5.481525	15.949
-8.215703	1.400608	5.3582234	15.972
-7.714118	0.7110779	5.1726727	16.047
-8.833407	0.712275	4.8877625	16.097
-9.739613	1.1731589	4.9655743	16.147
-8.564059	1.079785	4.687847	16.197
-8.536526	0.91099375	4.593276	16.258
-7.8529816	1.1228806	4.4999022	16.298
-8.811859	1.7860745	4.685453	16.347
-8.823831	1.389834	4.654328	16.39
-9.54209	1.910573	4.7165775	16.445
-9.119514	1.2904748	3.9205053	16.496
-9.136273	1.3383588	4.179079	16.548
-8.986636	1.6112977	4.296395	16.598
-9.028535	1.9333179	4.596867	16.648
-9.046491	1.7956513	4.381389	16.698
-8.791509	1.3563153	4.44723	16.749
-8.682572	1.7992426	4.6926355	16.799
-8.700529	1.4987702	4.84347	16.849
-8.553286	1.6280571	4.3897686	16.899
-8.816648	1.4077905	4.995502	16.949
-8.447941	1.365892	5.1798553	16.972
-7.813477	1.3670892	5.9160724	17.048
-7.419631	1.3575124	5.985504	17.096
-6.897695	1.555034	6.694188	17.147
-6.707356	1.4796166	7.038953	17.197
-6.579266	1.3479356	7.27957	17.246
-5.7400985	1.2868834	7.595605	17.298
-6.2823853	1.1240777	7.723695	17.348
-5.7975593	1.3215994	7.9068513	17.398
-5.705383	1.1432313	8.161834	17.447
-5.345055	0.94570965	8.026561	17.499
-4.107253	0.7410054	8.35337	17.557
-4.06296	0.80564886	9.221268	17.597
-3.9133227	0.641646	8.7292595	17.647
-3.5338416	1.0749966	8.9040365	17.697
-3.311181	0.9935937	9.144653	17.748
-3.3123782	0.94451255	9.153033	17.798
-3.1974564	0.80205756	9.214086	17.848
-2.3882163	1.0007763	9.291897	17.9
-2.124854	0.7386112	9.3733	17.949
-1.7130513	1.1240777	9.446322	17.969
-1.3551182	0.770933	9.53012	18.05
-1.6340426	0.6907272	10.320207	18.097
-1.4389153	0.5530606	9.976639	18.147
-0.70509243	1.1599907	10.68652	18.198
0.19752164	0.961272	9.43076	18.246
0.4357447	1.3036429	9.785102	18.298
0.8331822	1.271321	9.384073	18.351
0.82001406	0.85473	9.51336	18.398
2.6515784	1.7154455	10.111911	18.448
1.9285295	1.6555905	9.210494	18.498
3.1974564	2.0506337	9.097966	18.548
2.707842	2.1416135	8.702923	18.599
3.952827	2.5833437	8.817844	18.657
4.098873	2.1272483	8.376115	18.697
5.374983	2.078167	7.9092455	18.747
5.756858	2.207454	8.816648	18.797
5.9651537	1.7657237	7.2831616	18.856
5.568913	2.1045034	6.8462195	18.898
8.045714	1.8148049	6.4870896	18.948
8.333019	2.1057005	6.5146227	18.968
7.7679873	1.7645266	5.947197	19.058
8.292317	1.2605472	5.781997	19.098
8.214506	1.4556746	5.509058	19.148
8.039729	1.4975731	5.163096	19.198
8.486248	1.353921	4.914099	19.248
8.813056	1.2270284	4.4005427	19.298
8.852561	1.1623849	4.5286326	19.349
8.939949	1.282095	4.333505	19.399
8.605958	0.88944596	3.8534677	19.449
9.285912	0.8822633	3.2956185	19.499
9.524135	0.9672575	2.8921957	19.549
9.020155	0.7110779	2.7401638	19.598
9.419987	0.4225766	2.3798366	19.649
9.332599	0.676362	2.268506	19.699
9.690532	0.8798691	2.0410569	19.749
9.690532	0.9588778	1.9716251	19.791
9.467871	0.985214	2.100912	19.847
9.360131	0.9840169	2.2517467	19.897
9.235633	0.973243	2.2649148	19.947
9.338584	1.079785	2.2852654	19.977
9.473856	1.0366893	1.7022774	20.058
9.424775	1.079785	1.4496891	20.098
9.434352	1.0199299	1.0354922	20.148
9.692925	1.1085154	0.8463503	20.198
9.504981	1.163582	0.36032736	20.248
9.781511	1.1731589	0.039504327	20.299
9.691729	1.3491327	-0.17597382	20.349
9.728839	1.4089876	-0.29688102	20.399
9.64983	1.6328455	-0.48243165	20.444
9.124303	1.7226281	-1.0151415	20.503
9.775525	1.5562311	-1.4556746	20.543
9.54209	1.685518	-1.6220716	20.603
9.988609	1.1025299	-1.8387469	20.643
9.624691	1.0366893	-1.9309237	20.697
9.718064	1.1456255	-1.5394717	20.747
9.569624	1.2425907	-1.6196774	20.797
9.440337	1.4676456	-1.5155296	20.847
9.561244	1.4508862	-1.2389994	20.898
9.502586	1.4413095	-1.0307038	20.956
9.659407	1.4676456	-1.0977415	20.976
10.168175	1.4772224	-0.92416185	21.046
9.703699	1.2114661	-1.1180922	21.098
9.64983	1.3443443	-0.22625206	21.148
9.775525	0.80684596	-0.63206923	21.199
9.512163	1.2066777	0.32920274	21.248
9.415198	0.8690952	0.33518824	21.304
9.812635	1.186327	0.82001406	21.343
9.415198	1.4856021	1.2186487	21.403
9.496601	1.6340426	1.5598224	21.443
9.354146	1.4796166	2.148796	21.503
9.360131	1.2174516	2.6288335	21.543
9.306262	0.9816227	2.7569232	21.583
9.355343	0.9720459	3.098097	21.643
9.107543	1.2844892	3.7445314	21.703
9.082404	1.5239093	4.3873744	21.743
8.823831	1.5933412	5.0038815	21.803
7.5333557	1.7585411	5.7065797	21.847
7.6829934	1.5682021	6.0585275	21.897
7.2029557	1.7537527	6.8198833	21.947
7.025785	2.0278888	6.8366427	21.967
6.4583592	2.0135236	6.827066	22.045
5.434838	2.1176715	7.1526775	22.098
5.647922	2.1428106	7.4806833	22.148
5.5341973	2.5845408	8.213309	22.198
5.7305217	3.252523	7.8446016	22.248
4.993108	3.003526	8.41921	22.299
4.933253	1.8315643	8.437167	22.349
3.9145198	2.3546975	8.204929	22.403
3.347094	2.6982653	8.7771435	22.447
3.6104562	1.520318	9.396045	22.497
3.0322564	2.1033063	8.889671	22.547
2.8778305	2.0602105	9.279925	22.597
0.6991069	0.89782566	9.476251	22.646
0.15801731	2.124854	9.394848	22.698
3.2237926	4.1299977	8.802282	22.748
0.5662287	2.27928	9.633071	22.797
1.30484	1.7393875	9.630676	22.847
0.997185	1.9333179	9.720459	22.899
0.61411273	1.8076223	9.953894	22.949
0.39743748	1.7597382	9.76116	22.966
0.18195933	2.3008277	9.674969	23.046
-0.19033903	1.99437	9.714474	23.097
-0.23822308	1.9955671	9.797073	23.147
-0.24301147	2.1883004	9.682152	23.197
-0.5231331	1.8914193	9.730036	23.246
-0.7781156	2.0231004	9.725247	23.298
-1.0019734	1.9728222	9.720459	23.348
-1.0845734	1.9333179	9.533711	23.398
-1.4041992	1.532289	9.49301	23.448
-1.447295	2.1571758	10.269928	23.499
-1.3718776	1.8950106	9.720459	23.548
-1.9177556	1.9045875	9.242816	23.603
-1.8590976	2.2242134	9.688137	23.643
-1.9907787	2.3535004	9.198523	23.703
-3.2465374	2.3008277	9.143456	23.747
-2.9891608	2.1092918	9.01417	23.797
-3.4081461	2.1631613	8.747216	23.847
-4.4568067	2.31639	8.708909	23.896
-4.2940006	2.0769699	8.554482	23.948
-4.355053	2.055422	8.494628	23.969
-4.903325	1.9596541	8.190564	24.045
-5.6802435	2.0805612	8.394072	24.098
-5.949591	2.2361844	7.7799582	24.148
-6.303933	1.5167267	7.560889	24.196
-6.4260373	0.8774749	6.8162923	24.248
-6.2225304	1.0749966	6.530185	24.297
-7.047333	1.4089876	6.8007298	24.348
-8.604761	1.365892	6.4763155	24.398
-7.797915	1.6795325	6.50744	24.449
-7.404069	1.851915	6.4404025	24.503
-6.8689647	1.4173675	6.5086374	24.546
-6.6654577	1.1001357	6.0704985	24.599
-7.827842	1.282095	5.995081	24.649
-7.454347	1.2856863	6.3422403	24.699
-8.580819	0.7158663	5.070919	24.749
-9.556456	1.863886	5.6898203	24.799
-7.347805	1.5406688	5.2840033	24.849
-8.763975	0.88944596	4.5681367	24.899
-8.956709	1.271321	4.0426097	24.949
-8.956709	1.4460979	4.128801	24.972
-9.356541	1.5969325	4.295198	25.048
-9.271546	1.4161704	4.253299	25.097
-9.156625	1.3359646	4.313154	25.147
-8.651448	1.1504139	4.4125137	25.197
-8.978256	1.3802572	4.545392	25.258
-8.859743	1.4628572	4.6830587	25.298
-9.143456	1.6759412	4.367024	25.348
-9.119514	1.7824832	4.606444	25.398
-8.287529	0.79487497	4.6818614	25.448
-7.9942393	0.8870517	4.853047	25.499
-8.200141	1.5837644	5.66947	25.549
-8.177396	1.567005	5.5641246	25.603
-8.034941	1.3922282	5.6239796	25.646
-8.301894	1.3982137	5.379771	25.699
-7.417237	1.6220716	6.18542	25.749
-6.849811	1.2952632	6.3230867	25.799
-6.349423	1.1288661	6.823475	25.849
-6.385336	1.4460979	7.303512	25.899
-6.4032927	1.2856863	7.2484455	25.949
-6.3326635	1.3263878	7.619547	25.972
-5.0601454	1.4293385	8.394072	26.048
-5.097255	1.3850456	8.230068	26.097
-4.8147397	1.4257472	8.352173	26.147
-4.4460325	1.2425907	8.47308	26.197
-3.9983168	0.9672575	8.75799	26.248
-2.8287494	1.401805	9.249998	26.296
-2.349909	1.0163386	10.042479	26.348
-2.111686	0.7577648	9.526528	26.397
-1.7178397	1.021127	9.720459	26.448
-1.6352397	0.92535895	9.578004	26.498
-1.5957354	1.091756	9.5492735	26.549
-1.1719618	1.0893618	9.848549	26.599
-0.8810662	0.81283146	9.762358	26.649
-0.2717419	1.1923125	9.855731	26.699
-0.022744916	1.0378864	9.57561	26.749
0.1592144	1.13964	9.586384	26.799
0.35194764	1.1312603	9.803059	26.849
1.1683705	1.2485762	10.056845	26.899
1.6412252	0.8487445	10.09156	26.949
1.543063	0.9900024	9.902418	26.973
2.291251	1.1192893	9.211691	27.049
2.955642	1.1911154	9.169792	27.097
3.4584243	1.2114661	9.131485	27.146
4.2880154	1.1025299	8.355764	27.197
4.596867	1.4676456	8.294712	27.246
6.9611416	0.7793127	7.997831	27.321
6.692991	0.6584055	7.3537903	27.345
6.9000893	0.8583213	7.3286514	27.396
7.079654	0.521936	6.8641763	27.458
7.1251445	0.7386112	6.980295	27.498
7.455544	0.6560113	6.208165	27.548
7.773973	0.52073884	6.1387334	27.595
8.009802	0.2705448	5.729325	27.646
8.273164	0.24420857	5.497087	27.695
8.307879	0.08020575	5.33069	27.745
8.4108305	0.08140286	4.879383	27.796
8.614338	0.18435353	4.608838	27.846
8.561666	0.15442601	3.977966	27.898
9.147048	0.15682021	3.2632968	27.948
9.2907	0.1328782	3.040636	27.98
9.476251	-0.061052144	1.721431	28.046
10.279505	-0.2896984	1.8674773	28.096
10.024523	0.108936176	1.6771383	28.146
9.087193	0.4333505	1.6005238	28.196
9.836577	-0.30166942	1.5693992	28.246
8.986636	-0.16759412	0.90859956	28.296
9.386468	-0.077811554	0.7649474	28.346
9.624691	-0.40222588	0.31124622	28.398
9.277532	0.12330139	-0.4321534	28.446
10.048465	0.016759412	-1.1240777	28.496
9.69532	0.24061728	-1.7082629	28.546
9.927557	0.30286652	-1.9452889	28.596
9.491813	0.29807812	-2.5785553	28.646
9.537302	0.7721301	-3.5673606	28.696
8.841787	-0.053869538	-3.0418332	28.746
9.074024	-0.9804256	-2.870648	28.796
8.765172	0.049081136	-3.726575	28.846
9.320627	0.06703765	-4.999093	28.896
8.856153	0.24540567	-3.8426938	28.946
8.297106	0.34835634	-5.2660465	28.986
8.10557	0.45729253	-4.8422728	29.046
8.043321	0.4249708	-5.085284	29.096
7.9990277	0.2717419	-5.768829	29.146
8.1319065	0.3842694	-5.2157683	29.196
7.717709	0.19153613	-5.583278	29.246
8.159439	0.35793316	-5.5018754	29.296
7.7608047	0.33758244	-5.864597	29.346
7.7320743	0.2873042	-5.744887	29.396
7.868544	0.5327099	-5.8203044	29.447
7.669825	0.51834464	-5.9388175	29.496
7.8266454	0.46806642	-5.910087	29.546
8.321048	0.22266077	-6.302736	29.596
7.3909006	0.37229836	-5.657499	29.646
8.264784	0.4369418	-5.5126495	29.696
7.4627266	0.2741361	-5.159505	29.746
7.9152308	0.4189853	-5.469554	29.795
8.321048	0.36152446	-5.2600613	29.846
8.908825	0.38067806	-5.222951	29.896
8.35337	0.18555063	-5.2624555	29.946
7.823054	0.50876784	-3.8726213	29.986
8.88608	-0.11372458	-4.6495395	30.046
8.610746	-0.06703765	-3.9719806	30.096
8.983045	-0.36631286	-3.7541082	30.146
9.155427	-0.17836803	-3.6523547	30.196
8.944737	-0.15562311	-2.9293058	30.246
9.204509	-0.24181437	-2.72939	30.295
9.601946	0.01316811	-2.291251	30.346
9.519346	-0.2753332	-2.4145525	30.407
9.312247	-0.59136784	-0.79487497	30.446
8.8777	0.07182605	-1.7896658	30.498
10.068815	-0.1340753	-0.78170687	30.546
10.019734	-0.31483752	-0.5351041	30.598
10.230424	-0.14844051	-0.5722142	30.648
10.044873	0.07062895	0.985214	30.698
9.415198	-0.2669535	0.78769237	30.748
9.580399	-0.08499416	2.0925324	30.799
8.371326	0.6775591	2.5510218	30.849
9.02614	0.5662287	3.799598	30.903
9.376891	1.1659763	3.5075054	30.943
8.797494	1.1695676	3.7924154	30.963
8.801085	0.36631286	3.9444473	31.047
8.301894	0.6715736	4.8243165	31.097
7.747637	1.0259154	5.433641	31.147
8.385692	0.51834464	6.477513	31.197
7.207744	1.0223241	5.9902925	31.246
5.9687448	2.0709844	7.0126166	31.298
6.5565214	1.423353	7.0593038	31.348
6.099229	1.6567876	7.7799582	31.397
5.4623713	2.0242975	8.191761	31.447
5.2169657	1.8112136	8.176199	31.499
4.6926355	1.8614918	8.597578	31.549
4.225766	1.6950948	8.321048	31.597
4.6603136	2.0290859	8.887277	31.646
4.4879313	1.5562311	8.774749	31.697
4.06296	1.5873557	8.882488	31.747
3.763685	1.508347	9.281123	31.796
3.2034419	1.614889	9.378088	31.848
2.3104045	1.3108255	9.482236	31.898
1.6723499	1.4652514	9.743204	31.948
1.5406688	1.2569559	9.721656	31.988
0.32800564	1.2629414	9.1255	32.048
0.074220255	1.3850456	9.507375	32.097
-0.18914193	1.6424223	9.92636	32.147
-0.4165911	1.4760253	9.90601	32.197
-0.93732995	1.4700398	9.825804	32.246
-1.1851299	1.3838485	9.691729	32.303
-1.115698	1.3599066	9.903615	32.357
-1.3096284	1.436521	9.882068	32.398
-0.8714894	0.7326257	10.269928	32.448
-0.48961425	1.0905589	9.841366	32.497
-1.2569559	1.1097125	9.627085	32.548
-1.2557588	1.0893618	9.816227	32.599
-1.5514427	1.4065934	10.05445	32.649
-1.8770541	1.1563994	9.750386	32.697
-2.6767175	1.1192893	9.320627	32.747
-3.2716765	0.91578215	9.126697	32.797
-3.9935284	0.7493851	8.905233	32.847
-4.6686935	0.8810662	8.595184	32.896
-5.0278234	0.79966336	8.838196	32.946
-5.2995653	1.0714053	8.522161	32.986
-5.105635	0.51475334	8.1797905	33.046
-4.226963	0.2861071	7.8745294	33.098
-5.553351	-0.007182605	7.7440453	33.148
-6.4272346	0.05865794	7.562086	33.187
-6.4284315	0.78050977	7.393295	33.243
-6.634333	0.61650693	7.273585	33.289
-7.9104424	0.80086046	7.418434	33.343
-6.6893997	0.51954174	6.719327	33.389
-7.61835	0.5291186	5.979519	33.443
-7.6375036	0.79248077	5.9148755	33.488
-8.27077	1.816002	5.8478374	33.543
-7.6973586	0.9672575	5.779603	33.588
-7.2747817	0.6667852	5.2852	33.644
-8.316259	0.6667852	4.581305	33.683
-9.372103	1.1540052	4.808754	33.747
-8.674192	0.8535329	4.5082817	33.797
-9.172187	0.62967503	4.06296	33.847
-9.52174	0.688333	3.4739866	33.897
-9.672575	0.51116204	3.5122938	33.947
-9.329007	0.25737667	3.3794158	33.987
-9.313444	0.8487445	3.5877113	34.046
-9.054871	1.0654198	3.7337575	34.098
-9.063251	1.1408371	3.8426938	34.148
-9.498995	1.1791444	3.894169	34.208
-9.045294	1.2030864	3.9588125	34.248
-9.14226	1.0618285	4.0162735	34.299
-9.454702	1.1133038	3.7960067	34.349
-9.764751	0.6907272	3.2010477	34.398
-9.2547865	0.93493575	4.1240125	34.449
-7.410054	1.7657237	4.832696	34.499
-8.4587145	1.5286977	5.0385976	34.549
-7.8888946	1.8590976	5.865794	34.599
-7.750031	2.066196	6.443994	34.649
-6.8641763	1.590947	6.549339	34.699
-6.694188	1.5921441	7.217321	34.749
-6.3218894	1.2389994	6.9611416	34.799
-5.6407394	1.258153	7.589619	34.849
-4.724957	1.4784195	8.149862	34.897
-4.4819455	1.2785037	8.197746	34.947
-4.039018	1.389834	8.343793	34.987
-2.873042	1.1204864	9.015367	35.046
-2.0602105	1.4161704	9.248801	35.098
-2.0494366	1.1803415	9.384073	35.148
-0.34715924	1.483208	10.068815	35.198
-0.033518825	1.5406688	10.237606	35.248
0.08619126	1.0989386	10.02572	35.299
0.7218518	1.376666	9.961076	35.349
1.1240777	1.5167267	9.836577	35.399
0.39743748	1.3718776	9.617508	35.449
1.7058687	1.8722657	9.38168	35.484
1.816002	1.5059528	9.435549	35.544
1.4616601	1.3395559	9.628283	35.583
2.7353754	1.9596541	9.974244	35.643
2.6791117	1.5382746	9.431957	35.689
3.0945058	1.7489643	9.174581	35.743
3.2573113	2.0805612	9.150639	35.788
4.0821137	1.8567034	8.63828	35.843
4.571728	1.8148049	8.820239	35.888
5.2205567	1.5382746	8.020576	35.946
5.5162406	1.6771383	7.8888946	35.987
6.2105594	1.2138603	7.4471645	36.047
6.3925185	1.2880806	7.088034	36.097
7.023391	1.3108255	6.742072	36.147
7.4124484	1.2916719	6.420052	36.198
7.77517	0.9660604	6.2847795	36.248
8.000225	0.4249708	6.0860605	36.298
8.100781	0.3890578	5.6706667	36.348
8.055291	0.49919105	5.5006785	36.399
8.285135	0.35673606	4.981137	36.449
8.632295	0.15322891	4.211401	36.499
9.028535	0.09816227	3.9492357	36.548
9.138668	0.30166942	3.570952	36.599
9.375694	0.110133275	3.168726	36.649
9.369708	-0.047884032	2.669535	36.683
9.700109	-0.12689269	1.9776106	36.743
9.197326	-0.3842694	1.3347675	36.789
9.847352	0.035913024	1.234211	36.843
10.769119	0.027533319	1.0965444	36.883
8.953117	0.47884035	1.210269	36.943
9.637859	-0.009576807	1.1384429	36.983
9.637859	-0.009576807	1.1384429	36.983
9.57561	0.110133275	0.22505496	37.097
9.792285	0.015562311	0.16998832	37.147
10.177752	0.18435353	-0.9876082	37.197
9.7084875	1.1647792	-0.8738836	37.248
9.531317	-0.93014735	-0.49440265	37.298
9.08001	-0.4237737	-2.4349031	37.348
9.197326	0.053869538	-0.7685388	37.398
9.817424	-0.41060558	-3.4332852	37.449
8.771158	-0.18794483	-3.4033577	37.499
9.437943	-0.090979666	-3.3961751	37.549
9.691729	-0.107739076	-5.8681884	37.583
7.6243353	-0.34237084	-3.7852328	37.649
8.962694	-0.40462008	-5.8909335	37.699
8.197746	0.33159694	-4.331111	37.743
8.038532	0.10654198	-4.685453	37.783
7.8290396	0.4237737	-5.7245364	37.843
7.3286514	0.5758055	-5.7879825	37.884
7.762002	0.7062895	-6.1938	37.944
7.4830775	0.6835446	-6.4404025	37.989
7.345411	0.51954174	-6.573281	38.048
7.2221093	0.5327099	-6.3889275	38.097
7.0245876	0.7422025	-6.3446345	38.147
7.6590514	0.7422025	-6.432023	38.199
7.973889	0.7338228	-6.291962	38.249
7.6841903	0.58777654	-6.1411276	38.299
7.2807674	0.47285482	-6.18542	38.352
6.9826894	0.5805939	-6.169858	38.404
7.3657618	0.49081135	-6.161478	38.443
7.20535	0.32441434	-5.9483943	38.497
7.824251	0.58418524	-5.7808	38.546
7.8757267	0.7457938	-5.7867856	38.597
8.268375	0.6799533	-5.2421045	38.647
8.234857	0.36631286	-5.8933277	38.698
8.505402	0.38187516	-5.1822495	38.748
8.394072	0.36990416	-5.17387	38.798
8.53054	-0.47644615	-5.0876784	38.848
9.478644	-0.39624038	-5.9507885	38.899
9.089587	0.36870706	-1.2629414	38.948
8.397662	-0.019153614	-3.241749	38.988
8.397662	-0.019153614	-3.241749	38.988
9.022549	-0.3196259	-0.91338795	39.097
10.3692875	0.142455	0.095768064	39.147
10.284293	0.19393034	-0.49081135	39.197
9.974244	-0.30526072	0.9804256	39.245
9.323022	-0.59017074	2.0362685	39.298
8.986636	-0.055066638	2.7234044	39.348
9.077616	-0.108936176	3.2812533	39.398
8.907627	0.2885013	3.7002387	39.448
9.303867	0.108936176	3.596091	39.499
8.7292595	0.32321724	3.9121256	39.549
8.998607	0.2645593	4.07134	39.589
8.8645315	-0.025139118	3.9875429	39.643
9.270349	0.14604631	4.712986	39.699
9.610326	0.320823	4.63278	39.747
8.328231	-0.25258827	5.2540755	39.797
6.543353	0.7457938	6.0357823	39.847
5.2277393	1.3096284	7.101202	39.897
5.831078	1.0271125	7.595605	39.948
5.8358665	1.0989386	7.809886	39.997
5.8705826	1.3455414	7.9834657	40.045
5.139154	1.4449008	7.94037	40.098
5.7269306	1.6017209	8.043321	40.147
5.816713	1.2773066	7.949947	40.198
5.055357	1.7274165	8.234857	40.248
5.4288526	1.9189527	8.483853	40.299
5.306748	1.6771383	8.669404	40.346
5.112818	1.910573	8.588001	40.396
4.7177744	1.9476831	8.871715	40.447
3.8522706	1.697489	9.139865	40.497
3.2130187	1.5047557	9.108741	40.546
1.6555905	1.3084313	9.14226	40.598
1.553837	1.6005238	9.581595	40.648
0.59495914	1.4065934	9.315839	40.698
-0.15203181	1.4568717	9.269152	40.748
-0.16639702	1.2078748	9.384073	40.799
0.18914193	1.7310078	10.086772	40.849
-0.81043726	1.5873557	10.206482	40.899
-0.7158663	1.1683705	10.101137	40.949
-1.0378864	1.543063	10.084377	40.999
-1.0079589	1.1133038	9.781511	41.047
-1.3694834	0.8319851	9.460688	41.096
-2.2421699	0.89902276	9.835381	41.147
-0.8391677	1.1312603	9.923966	41.197
-1.4065934	1.8028339	9.294291	41.246
-3.027468	1.0474633	9.344569	41.298
-2.1631613	1.472434	9.634268	41.348
-2.7162218	1.7202339	8.963891	41.395
-4.903325	1.30484	8.263587	41.446
-5.554548	1.2282255	8.634688	41.498
-5.097255	0.9528923	8.513782	41.548
-5.281609	0.63087213	7.548918	41.598
-5.9041014	0.36152446	6.5218053	41.648
-7.0341644	1.2437878	6.5864487	41.7
-7.192182	1.5454572	6.4882865	41.749
-7.5070195	1.2976574	5.99149	41.799
-7.739257	0.7793127	5.521029	41.849
-7.976283	0.89184016	5.415684	41.899
-8.930372	1.4903905	5.380968	41.949
-7.7452426	1.186327	5.0038815	41.999
-8.60117	1.4520833	4.2281604	42.057
-9.604341	0.1352724	3.678691	42.097
-8.967483	1.6328455	4.024653	42.147
-9.375694	1.0690111	3.643975	42.196
-9.509769	1.0187328	3.4955344	42.246
-9.593566	1.5035586	3.4751837	42.298
-9.43076	1.5394717	3.6020765	42.348
-9.297882	1.353921	3.7325604	42.398
-9.267955	1.2521675	3.7217865	42.448
-9.2069025	1.3096284	3.8247373	42.497
-9.181764	1.1923125	3.98874	42.547
-8.537724	1.1025299	4.1838675	42.597
-9.324219	1.8531121	4.4005427	42.647
-9.351752	1.34195	4.5860934	42.696
-8.550891	1.0989386	4.441244	42.748
-8.101978	1.1947067	5.08289	42.798
-7.9667063	1.2641385	5.5138464	42.848
-7.759608	1.2940661	5.979519	42.898
-7.0305734	1.4161704	6.4188547	42.949
-6.8893156	1.3012487	6.742072	42.999
-6.75524	1.4161704	7.311892	43.046
-6.0477533	1.5095441	7.5944076	43.097
-5.0014873	1.1336545	8.070854	43.147
-4.0414124	1.3694834	8.443152	43.197
-3.7948096	1.2138603	8.796297	43.245
-3.276465	1.2533646	9.062054	43.298
-3.3925838	1.3850456	8.871715	43.348
-2.8670566	1.3120226	9.458294	43.397
-2.4253263	1.3850456	9.279925	43.448
-1.6352397	1.934515	9.623494	43.499
-0.5422867	1.6112977	9.703699	43.549
0.15562311	1.5490485	9.85214	43.597
0.35434186	1.8674773	9.618706	43.647
0.30047232	1.9321208	9.7563715	43.697
0.30047232	2.0769699	9.504981	43.747
0.12330139	2.0242975	9.824607	43.798
0.21068975	2.5737667	10.155006	43.848
1.0450691	1.7705121	9.138668	43.898
1.271321	2.147599	9.892841	43.948
1.9357121	2.0015526	9.639056	43.999
2.2984335	1.9285295	9.368511	44.049
2.0925324	2.1978772	9.068039	44.097
2.2026656	2.1763294	9.234436	44.146
2.777274	1.6687586	9.425972	44.207
3.169923	1.7956513	9.101558	44.246
3.4464533	1.4748282	8.631097	44.297
3.6379895	1.8507179	8.585608	44.347
4.3646297	2.111686	8.335413	44.398
5.604826	0.94930094	8.173804	44.447
7.049727	1.5634137	7.799112	44.499
6.0405707	1.0606314	7.2460513	44.548
7.1263413	1.3024458	6.8246717	44.599
7.3992805	1.2976574	6.579266	44.649
7.657854	1.3024458	5.957971	44.697
7.8793178	1.4149733	5.99149	44.747
7.9726915	0.9636662	6.051345	44.797
7.9631147	0.6751649	5.923255	44.847
7.928399	0.6344634	5.397728	44.896
8.297106	0.40821138	4.8386817	44.947
8.900445	0.4177882	4.296395	44.998
9.263166	0.04309563	3.333926	45.045
9.249998	0.22146365	2.7856536	45.098
9.629479	0.6512229	2.019509	45.148
9.3182335	0.8619126	2.2397757	45.198
10.00896	-0.17717093	1.7106571	45.248
9.173384	0.2753332	2.078167	45.299
10.131064	0.33638534	1.614889	45.349
9.2069025	0.7733272	1.4784195	45.398
9.661801	0.7062895	0.7661445	45.444
10.126276	0.78410107	0.06703765	45.503
9.959879	1.2246342	-0.7410054	45.543
9.380483	0.8774749	-0.48602295	45.603
9.239224	-0.22146365	-1.0737995	45.643
9.913192	0.34955344	0.017956512	45.704
10.867282	-0.56982	-3.6822822	45.743
6.859388	0.62368953	-6.0238113	45.798
10.34774	0.03232172	-4.948815	45.857
9.203311	0.5231331	-4.650737	45.897
8.4587145	0.12808979	-4.0940847	45.947
8.710106	0.46447513	-4.606444	45.997
9.180567	0.7637503	-4.679467	46.045
7.5932107	0.89303726	-5.3199162	46.098
8.042124	0.88944596	-5.481525	46.148
8.177396	0.79607207	-5.5138464	46.198
7.97748	0.961272	-5.5521536	46.248
7.8769236	0.92775315	-5.723339	46.299
7.6506715	0.81522566	-5.7664347	46.349
8.732851	0.33279404	-5.523423	46.399
10.060435	0.25139117	-6.206968	46.449
8.711303	0.82719666	-4.6830587	46.498
7.065289	-0.0035913025	-5.076905	46.549
8.231265	-0.521936	-3.8151605	46.599
8.684967	-0.30645782	-3.8307228	46.649
9.214086	-0.10175357	-2.1655555	46.699
9.271546	-0.17357962	-2.055422	46.749
9.598354	-0.25617957	-1.270124	46.799
9.332599	0.33279404	-0.34237084	46.849
10.107122	0.025139118	0.0047884034	46.899
9.680955	0.78529817	0.6703765	46.957
9.623494	0.5662287	1.6124948	46.997
9.753978	0.7637503	1.4520833	47.047
9.654618	0.18555063	2.3319526	47.097
9.16261	0.82360536	2.6599581	47.148
9.187749	1.3431472	3.156755	47.197
8.92319	0.736217	3.1783028	47.248
8.704121	1.1707647	3.2381577	47.298
9.004593	1.423353	3.655946	47.349
9.424775	1.1659763	3.4584243	47.399
8.669404	0.93254155	3.915717	47.449
9.630676	1.0019734	3.9432502	47.499
8.451532	0.641646	4.3885717	47.548
8.457518	0.80684596	4.8745947	47.598
8.470686	0.7445967	5.222951	47.649
8.49343	1.2629414	5.719748	47.699
8.389283	0.8451532	5.805939	47.749
7.4244194	1.270124	5.493496	47.799
6.125565	1.9237411	6.203377	47.849
6.695385	2.1942859	6.2608376	47.899
6.4619503	1.6879122	6.5241995	47.949
6.0956373	1.7250223	7.381324	47.999
6.1303535	1.9057846	7.1646485	48.009
6.0681043	2.2697031	7.4687123	48.096
5.8466406	2.1404164	7.4016747	48.147
4.770447	2.5582044	7.9990277	48.197
5.282806	2.777274	9.101558	48.247
4.3406878	2.4600422	8.998607	48.298
5.5102553	2.5019407	8.929175	48.348
4.8374844	2.5234885	8.376115	48.398
2.3594859	3.1016884	8.477868	48.448
2.1260512	2.541445	9.214086	48.498
1.1025299	1.934515	9.545682	48.549
1.6543933	2.0254946	10.16578	48.598
2.007538	2.147599	9.102755	48.648
-0.5494693	1.7561469	9.546879	48.699
-0.81642276	1.9656396	10.07121	48.749
-0.70509243	1.839944	9.338584	48.799
-2.6491842	1.1779473	9.43914	48.849
-2.706645	1.6938977	9.16261	48.899
-3.2680852	1.1384429	8.678981	48.949
-2.315193	1.3060371	10.199299	48.999
-1.9788077	1.4329298	10.29387	49.009
-2.6563668	1.3694834	8.870518	49.096
-4.358644	1.70946	7.976283	49.147
-5.507861	1.271321	8.695741	49.197
-4.7201686	1.079785	8.728063	49.246
-4.381389	0.7374141	7.856573	49.298
-5.3007627	1.0881647	8.050503	49.347
-6.528988	0.8403648	7.04015	49.398
-7.819463	1.6723499	6.2979474	49.448
-7.687782	1.8507179	6.6295447	49.499
-7.571663	1.9608512	6.4427967	49.549
-7.8158712	1.4053963	6.2141504	49.599
-5.9771247	0.59735334	5.48751	49.649
-8.78672	0.29209262	4.710592	49.698
-9.514558	2.2601264	5.8358665	49.748
-7.475895	1.2509704	5.3247046	49.799
-8.755595	0.6895301	4.921282	49.849
-8.288726	1.4532804	5.0505686	49.899
-8.428787	1.3060371	5.2049947	49.949
-8.973468	1.2844892	4.7141833	49.999
-8.9363575	1.2868834	4.71538	50.011
-8.789114	1.1216835	4.5884876	50.097
-9.220071	1.4520833	4.7381253	50.147
-9.226056	1.3347675	4.357447	50.197
-9.232041	1.2653356	4.5202527	50.256
-7.811083	0.60573304	4.423288	50.298
-8.444349	1.2389994	5.046977	50.348
-8.962694	1.7178397	5.744887	50.398
-8.337808	1.5861586	5.4192758	50.448
-7.3059063	0.9780314	5.899313	50.499
-6.9886746	1.7465701	6.518214	50.549
-5.747281	1.3946224	7.121553	50.599
-5.719748	1.4580688	7.5285673	50.649
-5.7963624	1.6903064	8.160637	50.699
-5.7855883	2.0937295	7.675811	50.749
-3.916914	1.9728222	8.475474	50.798
-2.9460652	1.8698715	9.012972	50.849
-1.8028339	1.364695	9.126697	50.899
-1.9608512	1.3192052	9.217676	50.949
-0.89543146	1.6591818	9.743204	50.999
-0.51714754	1.8243817	9.967062	51.009
-0.7026982	1.234211	9.76116	51.097
-0.11252748	1.2138603	9.421184	51.147
0.023942016	1.9440918	9.7803135	51.197
0.81522566	1.5993267	9.637859	51.246
1.0366893	2.2481554	9.533711	51.298
1.055843	1.7729063	9.115923	51.346
1.9033904	1.8686744	9.654618	51.398
3.064578	2.1392193	9.648633	51.448
3.2429461	2.207454	9.167398	51.498
3.4165258	2.2601264	9.543288	51.548
3.5913026	1.3108255	8.295909	51.599
5.505467	2.6324248	8.857349	51.649
5.7664347	1.5574282	7.905654	51.699
5.4312468	1.5849615	7.349002	51.749
6.169858	1.7429788	7.207744	51.803
6.494272	2.0338743	7.4136457	51.846
7.225701	1.352724	6.611588	51.896
8.597578	0.79367787	5.7365074	51.947
7.514202	0.8798691	6.196194	51.997
7.7344685	0.37708676	5.7616463	52.046
8.372523	-0.21906945	4.0066967	52.096
9.0237465	0.5542577	4.691438	52.148
9.153033	0.82599956	3.9504328	52.198
9.194932	0.44651863	3.8738184	52.248
9.0476885	0.41299978	3.5889084	52.298
9.048885	0.061052144	3.2501287	52.349
9.43914	-0.16280572	2.9412768	52.399
9.552865	-0.22026655	2.3068132	52.447
9.739613	-0.5410896	1.9069817	52.497
9.267955	-0.15682021	1.7657237	52.547
9.968259	0.5626374	1.2988545	52.597
9.892841	0.36032736	0.94930094	52.646
9.476251	0.5255273	0.6500258	52.698
9.78989	0.2789245	0.22864626	52.748
9.864111	-0.039504327	-0.045489833	52.798
9.816227	-0.1400608	-0.51355624	52.848
9.774328	0.07062895	-0.29568392	52.898
9.925163	0.053869538	-0.51714754	52.948
10.714052	-0.22984336	-0.60453594	53.003
9.011775	0.2825158	-0.60453594	53.003
9.51336	-0.047884032	-1.6998832	53.097
9.718064	-0.088585466	-1.3503298	53.147
9.651027	-0.0023942017	-1.7537527	53.197
9.832987	-0.074220255	-1.282095	53.246
9.579201	0.05267244	-1.1875241	53.298
9.710882	0.08020575	-1.4101849	53.348
9.913192	-0.15322891	-1.9979613	53.398
9.762358	0.12928689	-1.13964	53.448
9.765948	0.4297592	-0.5386954	53.499
9.821015	-0.08619126	-0.94570965	53.546
9.7240505	0.050278235	-0.31603462	53.599
9.78989	0.08379706	-0.1400608	53.649
9.631873	0.16519992	0.11731588	53.699
10.024523	0.022744916	0.10414778	53.749
9.792285	0.130484	0.7745243	53.799
9.755175	-0.12210429	0.78529817	53.849
9.2787285	0.08259996	0.9959879	53.899
9.856929	0.36631286	1.5286977	53.949
9.506178	0.49919105	1.6819267	53.998
9.461885	0.51834464	1.8698715	54.009
9.625888	0.40462008	3.0873232	54.096
9.103952	0.5363012	3.5793316	54.147
9.312247	0.33159694	4.072537	54.197
9.101558	0.7493851	4.763264	54.247
8.098388	0.8690952	5.294777	54.296
7.7691846	0.9684546	6.4104753	54.348
6.2991447	1.5705963	6.7803793	54.398
5.3342814	2.3259668	7.2723875	54.448
5.8143187	1.7621324	7.9511437	54.498
5.3223104	1.4269443	7.643489	54.549
4.3287168	2.3570917	7.5225816	54.599
4.709395	2.7688942	9.419987	54.646
5.315128	2.231396	7.988254	54.697
3.288436	2.480393	8.476671	54.747
4.4328647	1.9153614	9.052477	54.797
2.292448	2.1080947	9.583989	54.846
2.1571758	2.1751323	9.314642	54.898
1.2509704	2.1332338	9.503783	54.948
0.9504981	2.255338	9.498995	54.998
0.34476504	2.231396	9.54209	55.048
0.37588966	1.8662802	9.827001	55.097
-0.2765303	1.6053122	9.281123	55.148
-1.1971009	1.9512744	9.387665	55.198
-0.3196259	2.8048072	10.359711	55.248
-0.1376666	2.2493525	10.065224	55.299
-0.36152446	2.3080103	10.022128	55.347
-0.36750996	2.0338743	9.7479925	55.397
-1.1647792	2.043451	9.920375	55.447
-2.5510218	2.256535	9.803059	55.497
-2.244564	1.8195933	8.775947	55.546
-3.7493198	1.8686744	8.48984	55.598
-4.710592	1.8590976	8.656237	55.648
-3.693056	1.4317327	7.789535	55.698
-5.898116	1.0498575	7.5572977	55.748
-6.455965	1.3239936	7.111976	55.797
-6.5325794	1.2330139	6.704962	55.847
-8.224083	1.0821792	6.540959	55.897
-9.210494	1.0115502	5.6551046	55.947
-7.6255326	1.234211	6.045359	55.998
-7.1167645	0.82360536	5.8693852	56.008
-8.899248	-0.37349546	3.678691	56.096
-9.356541	0.90021986	4.1503487	56.147
-8.033744	0.78050977	4.7776294	56.198
-9.323022	0.6751649	3.9791632	56.248
-9.706094	0.31364042	3.4871547	56.298
-8.65863	0.45609543	3.4320881	56.349
-9.018958	0.5781997	3.7337575	56.404
-8.8645315	0.545878	3.3985693	56.443
-10.411186	0.7493851	3.0561984	56.498
-10.281899	1.1923125	3.3446999	56.549
-9.64983	0.6488287	3.3746274	56.589
-9.981427	0.7074866	3.359065	56.643
-8.152257	0.80684596	4.092888	56.699
-9.324219	1.1659763	4.519056	56.749
-8.579621	0.6356605	4.746505	56.799
-7.2843585	1.1121067	5.29358	56.847
-6.7360864	1.2066777	6.0106435	56.897
-6.315904	1.8076223	7.2867527	56.947
-6.740875	2.1799207	8.002619	56.997
-4.7680526	0.82480246	7.465121	57.046
-3.9085343	1.2629414	7.36217	57.098
-4.88058	2.030283	9.111135	57.148
-2.4492683	1.1659763	8.529344	57.198
-1.5705963	1.3120226	8.474277	57.247
-1.8016368	1.1324574	9.710882	57.299
0.47884035	2.148796	10.238804	57.35
-0.32920274	0.81522566	10.117896	57.404
1.0594343	1.4137762	9.810242	57.443
0.61890113	1.009156	9.635465	57.503
0.79367787	1.3838485	9.539697	57.543
1.6699557	1.4377182	9.259575	57.583
2.8335378	1.8722657	10.904391	57.647
3.558981	1.2844892	9.425972	57.697
3.5302503	1.186327	9.0716305	57.747
4.7776294	1.6460136	8.678981	57.797
4.5178585	1.163582	8.050503	57.848
6.3829417	1.1324574	7.827842	57.9
6.0441623	1.7417817	6.9707184	57.945
7.2508397	1.5119383	6.7708025	57.996
7.763199	1.0989386	6.5265937	58.046
7.3992805	1.5837644	6.927623	58.096
7.8469963	1.079785	6.1519012	58.148
7.643489	0.92535895	6.029797	58.2
8.015787	0.37229836	5.753267	58.248
7.571663	0.36152446	5.5748987	58.298
8.598776	0.19991584	5.4180784	58.352
8.139089	0.34955344	5.01705	58.403
8.616732	0.16879122	4.5801077	58.443
8.7125	0.1388637	4.4005427	58.483
9.004593	0.09816227	3.2716765	58.546
9.41041	-0.19273324	3.0442274	58.598
9.640253	-0.4225766	2.2230163	58.649
9.603143	0.073023155	1.757344	58.699
9.66659	-0.010773907	1.5155296	58.749
9.860519	0.073023155	0.9780314	58.799
9.753978	0.2633622	0.7781156	58.849
9.651027	-0.17118542	0.24181437	58.899
9.927557	0.025139118	0.20949265	58.949
9.849746	0.2753332	0.062249243	58.999
9.816227	-0.17238252	0.2669535	59.017
9.556456	0.06344634	-0.46806642	59.097
9.528923	-0.10055647	-1.4053963	59.147
9.910798	-0.17956513	-1.62686	59.197
10.001778	-0.01316811	-2.0171149	59.248
9.913192	-0.05865794	-1.7489643	59.298
9.503783	-0.029927522	-1.2785037	59.348
9.846154	-0.04189853	-0.7541735	59.397
10.241198	0.16759412	-0.4417302	59.449
9.57561	0.025139118	-0.34476504	59.499
9.339781	0.35913026	0.29448682	59.549
9.539697	0.051475335	0.82480246	59.599
9.744401	0.16280572	1.2210429	59.649
9.882068	0.22984336	1.3551182	59.699
9.7803135	-0.075417355	1.9907787	59.749
9.28232	0.035913024	2.7497406	59.798
9.32781	0.21787235	3.1507695	59.849
9.234436	0.39983168	3.7481227	59.899
9.11712	0.48722005	4.015076	59.949
8.771158	0.7146692	4.560954	59.999
8.76637	0.6823475	4.796783	60.019
8.246828	0.89303726	5.7748146	60.107
7.750031	0.79726917	6.211756	60.146
7.0090256	0.92296475	7.1059904	60.197
5.851429	1.3012487	6.367379	60.247
4.710592	2.9472623	7.8613615	60.298
5.4683566	1.9213469	8.250419	60.348
4.996699	1.9165585	8.75799	60.398
4.4400473	2.3702598	8.986636	60.448
4.260482	2.8263552	9.709685	60.498
3.5673606	2.372654	9.032125	60.549
2.3774424	2.2146366	9.024943	60.599
0.78529817	1.8914193	8.809465	60.649
0.5566519	2.5510218	9.939528	60.699
-0.21428105	1.9644425	9.657013	60.749
-0.7134721	1.7717092	9.355343	60.799
-1.210269	2.2960393	9.3661175	60.849
-1.5574282	1.9357121	9.569624	60.899
-2.5498247	1.6927006	6.0405707	60.948
-1.9955671	1.9536686	9.129091	60.985
-3.4009635	2.195483	9.215282	61.045
-2.896984	1.8734628	9.606734	61.095
-2.4708161	1.0199299	8.392874	61.100