5.674258	1.4676456	7.7248917	0.187
5.74369	1.5777789	7.8829093	0.247
5.886145	1.4808137	7.6626425	0.298
5.777209	1.4437037	7.771579	0.347
5.878962	1.7010803	7.716512	0.398
5.8358665	1.5837644	7.69257	0.45
6.0944405	1.6412252	7.643489	0.5
5.9483943	1.6579847	7.799112	0.543
5.7305217	1.7669208	7.7584105	0.596
5.7005944	1.6807296	7.6710224	0.643
5.8382607	1.910573	7.823054	0.693
5.7843914	1.9153614	7.715315	0.75
5.744887	1.8567034	7.739257	0.795
5.6766524	1.9249382	7.762002	0.848
5.7365074	1.5873557	7.827842	0.9
5.7245364	1.816002	7.8613615	0.95
5.767632	1.7944542	7.8649526	0.97
5.6586957	1.8626889	7.8086886	1.05
5.619191	1.8674773	7.8745294	1.095
5.579687	1.8950106	7.7703815	1.145
5.6347537	1.9273324	7.961918	1.195
5.5389857	1.8303672	8.018182	1.245
5.54138	1.8686744	7.807492	1.286
5.521029	1.8148049	7.9224133	1.336
5.4791307	1.9536686	8.0924015	1.398
5.4504004	1.8866309	8.153454	1.443
5.3474493	1.8938135	8.09719	1.493
5.246893	1.9776106	8.039729	1.543
5.1666875	1.9309237	8.170214	1.593
5.035006	1.9440918	8.304289	1.65
4.996699	1.9069817	8.3150625	1.695
4.84347	1.9979613	8.383297	1.745
5.151125	2.0530279	8.6334915	1.795
5.4288526	2.134431	8.549694	1.845
4.9524064	1.5825673	8.184579	1.886
4.703409	2.147599	8.226477	1.936
4.915296	2.136825	8.610746	1.978
4.1611223	1.8315643	8.76996	2.05
3.6643257	1.8866309	8.846576	2.088
2.7509377	1.9117701	8.77834	2.136
3.0346506	2.0769699	9.120711	2.186
2.9340942	2.0721815	8.932767	2.242
2.6743233	2.0350714	9.108741	2.292
3.0681696	1.934515	9.136273	2.342
3.4979286	2.1021092	9.26197	2.39
3.3566709	2.042254	9.052477	2.44
3.359065	2.2541409	9.141062	2.49
3.4356794	2.1392193	9.089587	2.54
3.2561142	2.0231004	9.210494	2.59
2.9376855	2.1212628	9.215282	2.65
2.730587	2.208651	9.161413	2.702
2.48159	2.078167	9.234436	2.753
2.4420857	2.067393	9.321824	2.803
2.3403323	2.1775265	9.228451	2.852
2.4037786	2.3942018	9.391256	2.887
2.469619	2.3415294	9.440337	2.936
2.6072857	2.4552538	9.500193	2.97
2.6874914	2.231396	9.475053	3.051
2.123657	2.1296425	9.408015	3.091
1.7753005	2.0135236	8.935161	3.155
0.14963761	1.7860745	9.491813	3.2
0.7745243	3.0609868	9.618706	3.25
2.1080947	2.5701754	10.0029745	3.3
1.4700398	3.0573955	9.621099	3.341
0.3854665	2.658761	9.41041	3.403
0.17717093	2.4313118	9.694122	3.444
0.1592144	2.7832594	10.456676	3.492
-0.03232172	2.5917234	9.600749	3.537
-1.5263035	1.9871874	8.859743	3.594
-1.9572599	2.420538	9.089587	3.652
-2.098518	2.4073699	9.279925	3.702
-1.9057846	2.5605986	9.277532	3.752
-1.8734628	2.6623523	9.385271	3.8
-1.8986019	2.4301147	9.42238	3.85
-1.4867992	2.360683	9.308656	3.894
-1.4197617	2.846706	9.782708	3.945
-1.1599907	2.6443958	9.32781	3.972
-0.46327803	3.1507695	9.44752	4.05
-1.1360487	3.265691	9.448717	4.1
-1.4820108	2.4899697	9.094376	4.15
-1.8375498	2.6001031	9.178172	4.2
-1.7561469	2.3750482	9.7719345	4.25
-1.3754689	2.2409728	9.260772	4.294
-1.0881647	2.292448	9.526528	4.35
-0.7625532	2.2421699	9.249998	4.396
-0.82719666	2.5953147	9.463082	4.455
-0.107739076	2.2768857	9.36492	4.5
-0.2896984	2.6779146	9.904813	4.551
-0.17238252	2.741361	9.467871	4.6
0.7254431	2.718616	9.166202	4.653
0.82360536	2.669535	9.498995	4.695
1.5777789	3.3638535	9.515755	4.745
1.4927847	2.112883	10.205285	4.803
0.91937345	2.779668	10.023325	4.846
1.7753005	2.553416	8.726865	4.896
1.7884687	2.8323407	9.094376	4.946
1.6496049	2.2972364	9.324219	4.973
1.5885528	2.8083985	9.120711	5.051
2.6862943	2.5701754	8.803479	5.102
2.96881	2.445677	8.7125	5.151
3.6607344	2.5187001	8.911219	5.2
4.301183	2.3594859	8.780735	5.253
4.772841	2.0973208	8.664616	5.295
5.005079	1.9835961	8.567651	5.345
4.8961425	1.6244658	8.41921	5.403
4.380192	1.5969325	8.3390045	5.45
6.149507	1.8016368	7.261614	5.501
5.3235073	1.6412252	7.9475527	5.551
5.6826377	1.8363527	7.8517847	5.601
5.2720323	2.2026656	7.8649526	5.651
6.05733	2.5605986	5.8083334	5.703
6.211756	1.5741876	7.645883	5.753
6.7085533	1.8351556	7.575254	5.802
6.543353	1.483208	8.913613	5.852
7.9152308	0.62608373	7.275979	5.887
7.9116397	0.78769237	6.161478	5.953
6.242881	0.78649527	5.9771247	5.973
7.726089	1.4496891	6.3338604	6.044
7.5165963	0.91219085	6.731298	6.093
7.1873937	0.9528923	6.5361705	6.151
7.0305734	0.6799533	6.4463882	6.201
7.229292	1.472434	6.0609217	6.25
7.823054	1.2078748	6.05733	6.295
7.358579	1.4209588	5.9687448	6.345
7.5848308	1.4640543	5.934029	6.403
7.5213847	1.2306197	5.8825536	6.452
8.049306	1.3180081	5.6766524	6.486
7.8757267	1.0618285	5.45878	6.551
8.057686	0.8487445	5.482722	6.602
7.9954367	0.7781156	5.3247046	6.651
8.220491	0.91937345	5.140351	6.702
8.292317	0.8870517	5.1247888	6.742
8.631097	0.45729253	4.5801077	6.803
8.480263	0.8607155	4.286818	6.853
9.473856	0.90620536	3.858256	6.895
8.839393	0.78529817	3.7924154	6.946
9.052477	0.63206923	3.691859	6.983
9.040505	0.736217	3.6619315	7.047
9.210494	0.5386954	3.13401	7.096
9.216479	0.5758055	3.192668	7.153
9.1590185	0.30526072	2.8670566	7.187
9.235633	0.33399114	2.6060886	7.254
9.234436	0.24779987	2.4672248	7.287
9.464279	0.14844051	2.2936451	7.327
9.300277	0.2717419	1.8136078	7.396
9.825804	0.33518824	1.508347	7.445
9.610326	0.21667525	0.92655605	7.493
9.682152	0.06344634	0.34356794	7.552
9.753978	-0.32680854	0.09696517	7.601
9.544485	-0.36032736	-0.5650316	7.651
9.967062	-0.25617957	-0.39983168	7.695
9.728839	0.06464344	-0.427365	7.753
9.330204	-0.34476504	-0.32321724	7.795
9.825804	-0.2885013	-0.20111294	7.845
10.2495775	0.010773907	-1.0366893	7.896
9.763555	0.16759412	-1.2725182	7.953
9.759963	0.130484	-1.4137762	7.969
9.759963	-0.12449849	-1.246182	8.051
9.489418	-0.1400608	-1.4688427	8.101
9.465476	-0.2873042	-1.3204023	8.152
9.7240505	-0.23343466	-1.0498575	8.202
9.399636	-0.24660277	-1.650802	8.242
9.497798	-0.22744916	-1.2761095	8.303
9.56723	-0.074220255	-1.1552023	8.353
9.809045	-0.107739076	-1.6448165	8.392
9.727641	0.021547815	-1.555034	8.444
9.469068	-0.108936176	-1.2904748	8.493
9.633071	0.029927522	-1.2641385	8.543
9.546879	-0.18794483	-1.541866	8.593
9.514558	-0.17118542	-1.6831238	8.643
9.569624	-0.1412579	-1.4257472	8.702
9.540894	-0.23942018	-1.6436194	8.752
9.563639	-0.12330139	-1.6041151	8.802
9.564836	-0.12808979	-1.6687586	8.852
9.580399	-0.15203181	-1.5634137	8.9
9.483433	-0.1412579	-1.6304513	8.942
9.560047	-0.14963761	-1.5346833	8.982
9.557653	-0.10654198	-1.5155296	9.04
9.512163	-0.14844051	-1.5705963	9.103
9.562442	-0.15562311	-1.5741876	9.152
9.522937	-0.1352724	-1.5801731	9.192
9.551667	-0.16519992	-1.7034745	9.242
9.648633	-0.15682021	-1.6867151	9.293
9.51336	0.08619126	-1.377863	9.343
9.537302	-0.10414778	-1.5825673	9.393
9.613917	-0.088585466	-1.423353	9.443
9.587581	-0.031124622	-1.4772224	9.493
9.408015	0.01436521	-1.3922282	9.544
9.667787	0.077811554	-0.9756372	9.593
9.586384	-0.094570965	-1.8938135	9.643
9.5013895	-0.0011971008	-1.3730747	9.694
9.631873	-0.16519992	-1.6795325	9.752
9.627085	0.019153614	-1.5897499	9.801
9.615114	-0.0023942017	-1.5358804	9.852
9.627085	-0.02633622	-1.3910311	9.902
9.5253315	-0.10654198	-1.5741876	9.952
9.556456	-0.089782566	-1.5286977	9.982
9.651027	-0.08499416	-1.6304513	10.05
9.637859	0.038307227	-1.6208745	10.103
9.581595	0.05865794	-1.2282255	10.153
9.4535055	-0.06344634	-1.3922282	10.192
9.730036	0.19273324	-0.8846575	10.242
9.581595	0.073023155	-0.91817635	10.303
9.570822	0.1352724	-0.7757214	10.343
9.730036	-0.0011971008	-0.8451532	10.393
9.706094	-0.0011971008	-0.58777654	10.443
9.561244	-0.14604631	-0.82240826	10.493
9.617508	0.06943185	-0.60214174	10.553
9.688137	-0.047884032	-0.60932434	10.593
9.645041	0.12210429	-0.36511576	10.643
9.709685	0.02633622	-0.45130703	10.704
9.702502	-0.008379706	-0.46447513	10.743
9.838972	0.23104046	-0.095768064	10.793
9.744401	0.1364695	-0.034715924	10.843
9.730036	0.31124622	0.18674773	10.901
9.68694	0.30526072	0.39743748	10.951
9.691729	0.19632454	0.533907	10.981
9.835381	0.11252748	0.79846627	11.051
9.623494	0.22266077	0.8379706	11.1
9.592369	0.2705448	1.3263878	11.152
9.397242	0.22864626	1.0187328	11.203
9.768343	0.1340753	1.2186487	11.252
9.744401	0.260968	1.3623008	11.302
9.568427	0.45729253	1.6998832	11.343
9.490616	0.47764325	1.9093759	11.403
9.554062	0.39145198	2.03148	11.454
9.421184	0.521936	2.2768857	11.493
9.434352	0.40581718	2.4636335	11.553
9.51336	0.49559975	2.6156654	11.604
9.496601	0.5805939	2.790442	11.643
9.483433	0.5231331	3.1435869	11.704
8.7951	0.2825158	3.2106245	11.753
9.024943	0.39863458	3.8414967	11.793
8.850166	0.5398925	4.131195	11.853
8.48146	0.50637364	4.426879	11.893
8.453926	0.51714754	4.559757	11.933
8.470686	0.5758055	4.829105	11.981
8.470686	0.4165911	5.046977	12.051
7.967903	0.47644615	5.0014873	12.101
8.209718	0.61052144	5.3127337	12.151
8.165425	0.82240826	5.483919	12.203
8.170214	0.6380547	5.389348	12.252
8.078036	0.6979098	5.493496	12.303
7.976283	0.7326257	5.6826377	12.353
8.027759	0.79367787	5.687426	12.386
7.7332716	0.79487497	6.054936	12.454
7.6171527	0.9923966	6.199785	12.493
7.1670427	0.81043726	6.2644286	12.547
7.207744	1.4305356	6.35062	12.593
7.4232225	1.340753	6.4978633	12.648
7.479486	1.5478514	6.612785	12.693
7.3897038	1.6352397	6.6642604	12.747
6.8450227	1.5801731	6.5026517	12.802
6.721721	1.7010803	6.9946604	12.851
6.4104753	2.135628	7.1826053	12.901
6.537368	1.827973	7.48188	12.951
6.009446	2.0829554	7.454347	12.983
6.161478	2.3463178	7.9092455	13.049
5.7604494	2.100912	7.9822683	13.101
4.449624	2.5737667	7.788338	13.152
4.7668557	2.6024973	8.10557	13.202
4.582502	2.7844565	8.319851	13.252
4.373009	2.942474	8.408437	13.303
4.248511	2.7365725	8.333019	13.336
3.132813	2.6779146	8.723274	13.387
3.7576995	2.7832594	8.86932	13.436
2.9879637	2.4181437	8.498219	13.501
3.0334535	2.681506	8.974665	13.552
2.7521348	2.8491	9.02614	13.601
2.280477	2.9819782	9.161413	13.651
2.1679497	3.0969	9.221268	13.7
2.0111294	3.3554738	8.938752	13.75
1.946486	3.1471782	9.293094	13.803
1.9632454	3.1627405	9.19972	13.852
1.8195933	3.1256304	9.301474	13.903
1.5286977	2.9855695	9.200917	13.953
1.1204864	3.0681696	9.354146	13.987
1.0474633	2.8634653	9.255983	14.051
0.581791	3.064578	9.485827	14.084
0.7374141	2.7665	9.295488	14.151
0.49919105	3.0621839	9.469068	14.201
0.60932434	3.0214825	9.5385	14.25
0.5470751	3.0681696	9.516952	14.295
0.34715924	3.1950622	9.394848	14.345
-0.06344634	3.0322564	8.980651	14.403
-0.22864626	2.920926	9.406818	14.453
-0.11252748	2.8335378	9.3661175	14.487
-0.22864626	2.8167782	9.437943	14.553
-0.23822308	2.7497406	9.750386	14.587
-0.32561144	2.9999347	9.706094	14.636
-0.14724341	2.979584	9.591172	14.686
-0.3172317	3.0214825	9.403227	14.736
-0.30645782	3.0789435	9.3026705	14.787
-0.36870706	2.8203697	9.346964	14.836
-0.58418524	3.1507695	9.424775	14.887
-0.7374141	2.942474	9.485827	14.936
-0.94092125	2.5629928	9.520543	14.986
-0.9564836	2.8167782	9.483433	15.051
-0.8595184	2.9149406	9.706094	15.102
-1.0019734	2.801216	9.481039	15.152
-1.34195	2.72939	9.348161	15.202
-1.2892777	2.8000188	9.277532	15.25
-1.4089876	2.8790276	9.386468	15.3
-1.4089876	2.8514943	9.352949	15.345
-1.436521	2.8682537	9.330204	15.394
-1.2521675	2.6599581	9.215282	15.445
-1.8495208	2.815581	9.284714	15.502
-1.471237	2.966416	9.799467	15.536
-1.4496891	3.4452562	9.989806	15.587
-1.8854338	2.8383262	9.4295635	15.636
-2.4349031	2.814384	9.105149	15.686
-2.694674	2.6994624	8.942344	15.736
-2.9376855	2.6036944	9.136273	15.786
-2.778471	2.585738	9.258378	15.853
-2.9532478	2.4468741	8.53892	15.887
-3.0250738	2.2122424	8.605958	15.936
-2.694674	2.859874	9.627085	15.987
-1.9524715	3.2213984	10.317812	16.051
-1.4748282	2.80361	9.414001	16.102
-1.1109096	2.0099323	8.475474	16.152
-1.769315	2.123657	8.615535	16.202
-2.0326772	2.7365725	10.152613	16.25
-2.2972364	2.8526914	10.176555	16.297
-2.1667526	2.5941176	9.405622	16.35
-1.7932571	2.5498247	9.186552	16.403
-1.5610195	2.695871	9.400833	16.453
-1.5047557	2.801216	9.469068	16.492
-1.5382746	2.621651	9.433155	16.542
-1.6412252	2.4241292	9.490616	16.593
-1.769315	2.3882163	9.455899	16.643
-1.8818425	2.5306711	9.463082	16.693
-1.4401124	2.4588451	9.647436	16.743
-1.4437037	2.5438392	9.526528	16.793
-1.1994951	2.492364	9.344569	16.843
-1.2725182	2.4528596	9.482236	16.893
-1.4796166	2.634819	9.540894	16.953
-1.4532804	2.6360161	9.515755	16.994
-1.4532804	2.7281928	9.603143	17.052
-1.2569559	2.6647465	9.471462	17.102
-1.1671734	2.8694508	9.434352	17.152
-1.1204864	2.7329812	9.451111	17.202
-1.1204864	2.8898015	9.516952	17.25
-1.0474633	2.790442	9.576807	17.303
-1.0187328	2.8083985	9.591172	17.356
-0.91099375	2.6910827	9.482236	17.4
-0.9564836	2.6276364	9.3421755	17.442
-1.1133038	2.802413	9.491813	17.503
-0.93613285	2.5510218	9.518148	17.553
-0.9660604	2.6312277	9.419987	17.602
-0.89543146	2.7928362	9.599552	17.643
-0.8607155	2.8993783	9.482236	17.693
-1.0546459	3.1268275	9.65821	17.743
-0.6775591	2.7222073	9.360131	17.793
-0.90141696	2.9149406	9.435549	17.843
-0.79726917	2.883816	9.618706	17.893
-0.830788	2.8634653	9.481039	17.943
-0.6751649	3.489549	9.932345	17.993
-0.39983168	2.6240451	9.431957	18.052
-0.985214	2.7377696	9.180567	18.102
-1.2413936	2.8191724	9.424775	18.152
-1.5119383	2.7928362	9.386468	18.202
-1.721431	2.8072014	9.214086	18.242
-1.5095441	2.695871	9.2547865	18.303
-0.90381116	2.8443117	9.528923	18.353
-0.50278234	2.80361	9.321824	18.392
-0.7158663	3.1555579	9.49301	18.448
-0.39145198	3.145981	9.544485	18.501
-0.40462008	3.0346506	9.433155	18.552
-0.50278234	2.7868507	9.329007	18.601
-0.3184288	2.730587	9.434352	18.651
-0.2753332	2.871845	9.475053	18.703
-0.110133275	3.2034419	9.700109	18.752
0.092176765	3.0298622	9.617508	18.803
0.17118542	2.80361	9.504981	18.852
0.08379706	2.7868507	9.370906	18.892
0.2813187	2.5953147	9.411607	18.943
0.1340753	2.2505496	9.428367	18.993
0.10654198	2.553416	9.1590185	19.052
0.4165911	2.6276364	9.361329	19.101
1.1671734	2.552219	9.543288	19.151
1.7896658	2.7114334	9.425972	19.202
1.9955671	2.6396074	9.281123	19.252
2.3750482	2.7665	9.247604	19.303
3.107674	3.0550013	9.556456	19.342
3.359065	2.837129	9.112331	19.403
3.1423898	2.755726	9.062054	19.443
3.4763808	2.8311436	9.251195	19.493
3.3207579	2.6300306	8.992621	19.559
2.8634653	2.6491842	9.081207	19.591
2.9053638	2.5737667	9.19134	19.651
2.6264393	2.6192567	9.08001	19.701
2.6635494	2.6120741	9.1350765	19.751
2.6803088	2.5689783	9.058462	19.803
2.8215668	2.540248	9.085996	19.852
3.0370448	2.5510218	9.012972	19.902
3.098097	2.6898856	9.039309	19.953
3.2142158	2.7461493	8.978256	19.992
3.1603463	2.7473464	8.89805	20.052
3.3865983	2.6850972	9.015367	20.101
3.3291376	2.731784	8.930372	20.151
3.228581	2.7114334	8.866926	20.201
3.2202013	2.7820623	8.872911	20.252
3.3423057	2.7964275	8.895657	20.303
3.3674448	2.8431146	8.789114	20.353
3.6894648	2.753332	8.881291	20.402
3.3530796	2.60968	8.595184	20.444
3.526659	2.7724855	8.714894	20.493
3.7229836	2.8299465	8.742428	20.543
3.5853171	2.7449522	8.67539	20.604
3.9217024	2.907758	8.671799	20.633
3.989937	2.7940333	8.620323	20.702
3.8055837	2.5378537	8.349778	20.751
4.0258503	2.7605145	8.507795	20.801
3.8139634	2.5246856	8.3390045	20.851
3.8271315	2.6839	8.385692	20.903
4.286818	2.5725696	8.319851	20.952
4.8602295	2.8215668	8.432379	20.992
4.83509	2.7162218	7.9343843	21.048
5.559336	3.1603463	8.039729	21.093
5.6658783	2.9412768	7.9834657	21.143
4.736928	2.7605145	7.550115	21.193
5.7520695	2.6503813	7.9331875	21.243
5.6299653	2.445677	7.503428	21.293
5.3713913	2.6791117	7.410054	21.343
6.55293	2.657564	7.314286	21.393
6.4631476	2.5713725	7.050924	21.443
6.4547677	2.825158	7.204153	21.488
6.6774287	2.7389667	7.225701	21.548
6.1183825	2.7569232	7.2185183	21.587
6.2488666	2.6922798	7.1586633	21.648
6.051345	2.5893292	7.1275387	21.711
5.876568	2.4384944	7.026982	21.751
5.9723363	2.5773582	7.3310456	21.802
6.4368114	2.9101522	7.2664022	21.852
6.25964	2.861071	7.0090256	21.902
6.293159	2.815581	6.918046	21.953
6.503849	2.908955	6.8557963	21.992
6.503849	2.815581	6.955156	22.051
6.704962	2.7138276	6.932411	22.102
7.052121	2.5773582	6.685808	22.144
6.8246717	2.6515784	6.519411	22.193
6.5936313	2.0853498	6.5086374	22.243
6.2404866	2.2661119	6.5864487	22.293
6.375759	2.3834279	6.7947445	22.343
6.6283474	2.2649148	6.8043213	22.404
6.754043	2.56419	6.4906807	22.453
7.2831616	2.256535	6.159084	22.493
7.4854717	2.1894975	6.0920463	22.543
7.4232225	1.8794483	6.030994	22.593
7.356185	1.7609353	5.8107276	22.643
7.489063	1.5286977	5.9483943	22.693
7.7584105	1.650802	5.6563015	22.743
8.032547	1.697489	5.5820813	22.793
7.9990277	1.5071499	5.0182467	22.839
8.165425	1.5490485	5.139154	22.902
8.355764	1.4173675	4.859032	22.952
8.561666	1.2844892	4.4304705	23.002
8.366538	1.2030864	4.3742065	23.051
8.537724	1.0199299	4.2185836	23.102
9.380483	1.2126632	3.8762126	23.152
8.968679	1.2425907	3.4763808	23.203
9.235633	1.4305356	3.145981	23.242
9.376891	1.3108255	2.7964275	23.294
9.588778	1.3227965	2.7269957	23.344
9.633071	1.2425907	2.6635494	23.39
9.222465	1.0690111	2.7401638	23.452
9.440337	1.2749124	2.7485435	23.501
9.400833	1.2497733	2.6683378	23.542
9.224859	1.316811	2.8383262	23.601
9.412804	1.2126632	2.823961	23.644
9.233239	0.91338795	2.504335	23.692
9.235633	0.9708488	2.7964275	23.742
9.196129	0.9911995	2.717419	23.803
9.23683	1.0295067	2.8754363	23.844
9.313444	1.1061212	2.9245174	23.908
9.338584	1.0761937	2.9173348	23.951
9.272743	1.2126632	3.1136594	24.002
9.095572	1.401805	3.3674448	24.047
8.955511	1.3204023	3.5781345	24.101
8.950723	1.1659763	3.4452562	24.15
9.111135	1.5346833	3.965995	24.203
9.324219	0.8643068	3.120842	24.252
8.86932	1.271321	4.1491513	24.303
9.141062	1.3144168	4.0785227	24.342
8.602366	0.8714894	4.060566	24.393
8.817844	1.0295067	4.1838675	24.443
8.671799	1.2162545	4.689044	24.503
8.534132	0.9840169	4.820725	24.543
8.385692	1.2174516	5.2444987	24.593
7.631518	1.1216835	5.7784057	24.643
7.207744	1.2234371	6.277597	24.693
6.528988	1.3491327	6.740875	24.743
6.5601125	1.3503298	6.903681	24.793
5.9160724	1.5526398	7.019799	24.843
6.129156	1.697489	7.228095	24.893
6.1100025	1.6304513	7.0245876	24.943
6.349423	1.8722657	7.180211	24.983
6.349423	1.8722657	7.180211	24.983
6.6486983	1.6986861	6.9288197	25.102
6.82946	1.875857	6.873753	25.151
6.9048777	1.7764976	6.944382	25.201
6.83784	1.6831238	6.775591	25.25
6.872556	1.6831238	6.7983356	25.302
6.969521	1.7154455	6.8450227	25.352
6.8545995	1.7118542	6.9467764	25.395
6.7372837	1.6747441	6.9120603	25.453
6.5265937	1.6699557	6.9599442	25.496
6.619968	1.6436194	6.9228344	25.553
6.495469	1.6998832	6.9850836	25.588
6.4751186	1.6819267	6.9360023	25.627
6.3889275	1.7154455	7.120356	25.696
6.513426	1.9859903	7.27957	25.752
7.0808516	1.8890251	7.171831	25.787
6.7468605	1.6220716	6.8689647	25.853
6.3793507	1.6136919	7.0724716	25.888
6.4380083	1.7369933	7.2819643	25.954
6.317101	1.7633295	7.2448545	26.001
6.3781533	1.8495208	7.2831616	26.051
6.6271505	1.7824832	7.3418193	26.095
6.4463882	1.5598224	7.1227503	26.143
6.307524	1.4449008	7.0581064	26.195
6.491878	1.4688427	7.228095	26.245
6.3422403	1.541866	7.195773	26.295
6.351817	1.541866	7.299921	26.345
6.4619503	1.79206	7.4986396	26.388
6.411672	1.6759412	6.9168487	26.427
6.495469	1.7597382	7.1263413	26.496
6.602011	1.6579847	7.2424603	26.546
6.591237	1.5023615	7.2125325	26.596
6.3566055	1.5622166	7.2424603	26.646
6.353014	1.7178397	7.356185	26.696
6.2608376	1.697489	7.406463	26.746
6.2524576	1.8219875	7.3047094	26.795
6.2871737	1.6723499	7.3849154	26.846
6.1866174	1.7609353	7.347805	26.896
6.409278	1.7417817	7.2388687	26.947
6.281188	1.6867151	7.2113357	26.997
6.281188	1.6867151	7.2113357	26.997
6.221333	1.839944	7.357382	27.102
6.149507	1.9548657	7.466318	27.154
6.133945	2.0147207	7.5944076	27.201
6.169858	2.0171149	7.457938	27.251
6.0836663	1.958457	7.615956	27.303
6.051345	1.9309237	7.538144	27.353
5.825093	2.0745757	7.608773	27.392
5.9052987	2.112883	7.7428484	27.452
5.876568	2.005144	7.643489	27.493
5.6766524	2.1140802	7.763199	27.544
5.613206	2.2457612	7.823054	27.604
5.3378725	2.3343468	8.019379	27.651
5.2049947	2.4109612	8.018182	27.702
5.2061915	2.098518	7.8984714	27.742
5.2684407	2.2816741	7.953538	27.8
4.947618	2.1978772	8.128315	27.841
5.093664	2.4193408	8.300697	27.892
5.117606	2.384625	8.186973	27.942
5.195418	2.432509	8.0924015	27.993
5.195418	2.432509	8.0924015	28.006
4.951209	2.5139117	8.1343	28.092
5.0242324	2.6443958	8.336611	28.142
4.7800236	2.60968	8.346188	28.192
4.2796354	2.5198972	8.4826565	28.242
4.2197804	2.541445	8.574833	28.301
3.8893807	2.4648306	8.540117	28.341
3.4632127	2.4157495	8.647857	28.401
3.2034419	2.4277205	8.819042	28.451
3.3195608	2.384625	8.847773	28.502
3.2213984	2.4396915	8.992621	28.552
3.3315318	2.4504654	9.012972	28.603
3.4739866	2.2852654	8.941146	28.652
3.321955	2.6084828	8.910022	28.692
3.289633	2.4672248	8.711303	28.743
3.3051953	2.5462334	9.033323	28.793
3.5350387	2.3906105	9.179369	28.843
3.345897	2.6563668	8.90643	28.893
3.0609868	2.541445	8.625112	28.943
3.0969	2.4899697	8.998607	28.994
3.1998506	2.5318682	9.160215	29.006
3.0178912	2.2050598	8.846576	29.102
2.517503	2.528277	9.249998	29.151
3.0597897	2.8419175	8.930372	29.201
2.5941176	2.837129	9.168595	29.25
2.6719291	2.6886885	9.40203	29.292
2.540248	2.8634653	9.091981	29.358
2.304419	2.813187	9.200917	29.4
2.4109612	2.6264393	9.320627	29.442
2.244564	2.6791117	9.147048	29.492
2.112883	2.8275523	9.228451	29.543
2.0805612	2.7018566	9.291897	29.592
1.9488802	2.823961	9.38168	29.643
2.0446482	2.8119898	9.431957	29.687
1.6352397	2.791639	9.285912	29.747
1.6903064	2.837129	9.326612	29.787
1.7501614	2.861071	9.388862	29.847
1.934515	2.9173348	9.382876	29.887
2.0111294	2.7509377	9.26197	29.948
1.7130513	2.7808652	9.095572	29.987
1.7130513	2.7808652	9.095572	29.987
1.5693992	2.6731262	9.703699	30.093
1.5741876	2.80361	9.526528	30.143
1.1408371	2.6479871	9.248801	30.193
0.9828198	2.5881321	9.2547865	30.245
1.1444284	2.731784	9.585187	30.295
0.82599956	2.6240451	9.651027	30.345
0.79248077	2.5270798	9.810242	30.395
0.8822633	2.5785553	9.433155	30.446
0.6380547	2.5689783	9.3733	30.498
0.5446809	2.6013002	9.600749	30.544
0.32202014	2.19668	9.24521	30.593
0.4237737	2.6192567	9.552865	30.643
0.45729253	2.542642	9.672575	30.693
0.37588966	2.554613	9.836577	30.75
0.29927522	2.3080103	9.518148	30.795
0.10654198	2.2840683	9.433155	30.845
0.10175357	2.2984335	9.527725	30.895
0.016759412	2.2948422	9.500193	30.945
-0.02633622	2.421735	9.536105	30.986
0.045489833	2.396596	9.515755	31.007
0.49200845	2.409764	9.642648	31.094
0.44891283	2.3882163	9.473856	31.143
0.39145198	2.4851813	9.727641	31.193
0.37588966	2.4492683	9.707291	31.242
0.4237737	2.408567	9.599552	31.295
0.033518825	2.4349031	9.497798	31.345
0.2621651	2.3630772	9.598354	31.395
0.48243165	2.4181437	9.512163	31.445
0.4345476	2.5498247	9.640253	31.487
0.2789245	2.4624364	9.871294	31.548
0.45848963	2.1571758	9.625888	31.595
0.6476316	2.3523033	9.520543	31.641
0.6739678	2.2768857	9.465476	31.691
0.7038953	2.244564	9.589975	31.741
0.8583213	2.2709002	9.591172	31.8
0.8714894	2.280477	9.506178	31.85
0.9588778	2.2948422	9.548077	31.903
1.234211	2.3247697	9.591172	31.952
1.352724	2.3116016	9.512163	31.992
1.3670892	2.3427265	9.455899	32.05
1.602918	2.3882163	9.519346	32.1
1.7070658	2.4025815	9.537302	32.142
1.839944	2.337938	9.419987	32.203
1.9572599	2.3762453	9.437943	32.253
2.0638018	2.315193	9.390059	32.292
2.2493525	2.4025815	9.313444	32.336
2.3714569	2.4073699	9.446322	32.393
2.5342624	2.4504654	9.375694	32.447
2.5833437	2.457648	9.260772	32.492
2.7210102	2.4708161	9.275137	32.548
2.6659436	2.409764	9.172187	32.593
2.6874914	2.4791958	9.26556	32.647
2.6443958	2.4863784	9.2787285	32.701
2.5306711	2.4863784	9.241618	32.752
2.5462334	2.5438392	9.244013	32.802
2.6060886	2.5091233	9.260772	32.851
2.6719291	2.597709	9.205706	32.9
2.6491842	2.5139117	9.157822	32.953
2.553416	2.4528596	9.168595	33.003
2.5845408	2.4408886	9.218874	33.012
2.6420016	2.420538	9.057265	33.088
2.7700913	2.4672248	9.066842	33.136
2.8287494	2.396596	9.127894	33.192
2.8874073	2.4229321	9.111135	33.248
3.0765493	2.5139117	9.081207	33.293
3.144784	2.4887726	9.068039	33.347
3.0382419	2.4851813	8.963891	33.393
3.1651347	2.5151088	9.001001	33.447
3.1591492	2.5115175	9.064447	33.493
3.2082303	2.5306711	9.001001	33.548
3.1962593	2.5342624	8.981848	33.592
3.1292217	2.5366566	8.910022	33.647
3.240552	2.5677812	8.949526	33.692
3.2022448	2.6036944	8.932767	33.763
3.3327289	2.6659436	9.009381	33.801
3.2680852	2.633622	8.933964	33.852
3.3865983	2.634819	8.89446	33.901
3.4021606	2.5689783	8.921992	33.951
3.4691982	2.64679	9.022549	34.001
3.6583402	2.5318682	8.825027	34.051
3.4404678	2.505532	8.791509	34.101
3.7588966	2.456451	8.820239	34.153
3.8594532	2.4121583	8.711303	34.203
4.056975	2.337938	8.645462	34.242
4.0785227	2.1990743	8.53892	34.292
4.1706996	2.2026656	8.422802	34.337
4.0426097	2.2170308	8.486248	34.394
4.31914	2.337938	8.980651	34.448
4.4675803	2.4636335	8.590396	34.493
4.406528	2.6994624	8.336611	34.548
4.5022964	2.657564	8.210915	34.602
4.6519337	2.5354595	8.286332	34.652
4.8267107	2.7102363	8.49343	34.702
4.76925	2.6515784	8.407239	34.751
5.080496	2.789245	8.268375	34.8
4.891354	2.3259668	8.010999	34.857
5.104438	2.6204538	7.926005	34.904
4.560954	2.111686	8.1079645	34.95
4.7560816	2.2409728	8.500613	35.002
4.9440265	2.291251	8.498219	35.012
4.361038	2.3223755	8.312668	35.087
4.8482585	2.3798366	8.372523	35.142
4.9787426	2.2936451	8.274361	35.192
4.933253	2.2158337	8.221688	35.242
4.9536033	2.1440077	8.2276745	35.293
4.903325	2.1272483	8.185776	35.336
4.9703627	2.0973208	8.226477	35.393
4.8015714	2.3295584	8.428787	35.447
4.915296	1.970428	8.008605	35.494
4.7417164	2.1272483	8.413225	35.548
5.4887075	2.4959552	8.319851	35.593
4.8817773	1.9057846	7.801506	35.648
5.0146556	1.863886	8.056489	35.693
5.463568	2.1978772	7.943961	35.748
5.2624555	2.0757728	7.9188223	35.792
5.3881507	1.8219875	7.717709	35.848
5.843049	2.123657	8.00621	35.892
5.306748	1.9369092	7.890092	35.947
6.125565	2.0386627	7.595605	36.001
6.266823	1.9812019	7.5285673	36.011
6.131551	1.6831238	7.2723875	36.088
6.1938	1.7621324	7.1706343	36.136
6.315904	1.7154455	7.843405	36.193
6.817489	1.7764976	6.8665705	36.247
6.1806316	2.315193	7.3753386	36.292
6.443994	2.0973208	7.357382	36.347
5.969942	1.62686	7.2340803	36.393
5.9519854	2.2385786	7.751228	36.448
5.9292407	1.9979613	7.6482773	36.492
5.9519854	2.3080103	7.7931266	36.547
5.8358665	2.0925324	7.5668745	36.593
5.8358665	2.1164744	7.5213847	36.647
5.9843073	2.2960393	7.632715	36.693
5.54138	2.0649989	7.6710224	36.748
5.6467247	2.110489	7.6985555	36.793
5.723339	2.1655555	7.735666	36.847
5.747281	2.055422	7.548918	36.893
5.732916	2.1033063	7.4974427	36.948
5.861006	2.1200657	7.4004774	36.989
5.8586116	2.1164744	7.3310456	37.013
6.0166287	2.0266917	7.430405	37.084
6.4248405	1.8770541	7.4746976	37.141
6.417658	1.9369092	7.3537903	37.191
6.5086374	1.8411411	7.2831616	37.241
6.5026517	1.8926164	6.9264255	37.3
6.9288197	1.7944542	6.9371996	37.35
6.68102	1.7322049	6.8318543	37.392
6.7348895	1.6891093	7.0102224	37.442
6.8246717	1.6136919	6.943185	37.492
6.9108634	1.7980455	6.8773446	37.543
6.896498	1.7417817	6.757634	37.587
7.0245876	1.7788919	6.7624226	37.636
6.7863646	1.7310078	6.8103065	37.694
6.7001734	1.7322049	6.8486137	37.748
6.621165	1.7441759	6.811504	37.793
6.8450227	1.8614918	6.7947445	37.848
6.767211	1.6938977	6.793547	37.892
7.004237	1.8195933	6.8282633	37.947
6.7384806	1.8650831	6.8689647	37.993
6.733692	1.8734628	6.8103065	38.014
7.0006456	1.8866309	6.70975	38.091
7.028179	1.7812861	6.647501	38.156
6.9348054	1.8794483	6.692991	38.2
6.9527617	1.8531121	6.742072	38.251
6.9647326	1.8171991	6.754043	38.302
6.679823	1.8004397	6.7468605	38.352
6.847417	1.9069817	6.8929067	38.395
6.8091097	1.8926164	6.7839704	38.453
6.9168487	1.8291701	6.719327	38.496
6.767211	1.79206	6.740875	38.553
6.931214	1.9273324	6.8091097	38.587
6.7324953	1.8411411	6.775591	38.653
6.691794	1.7776948	6.799533	38.687
6.670246	1.9680338	6.92044	38.752
6.769605	2.0039468	6.8103065	38.787
6.7648168	1.8459295	6.8402343	38.827
6.7504516	1.899799	6.873753	38.896
6.743269	1.7729063	6.8438253	38.946
6.835446	1.8579005	6.919243	38.996
7.0449386	1.9596541	6.993463	39.023
6.481104	1.7884687	6.8162923	39.095
6.7708025	1.8112136	6.931214	39.143
6.527791	1.7393875	6.9946604	39.193
6.445191	1.9177556	7.1431007	39.248
6.8869214	1.9859903	6.9048777	39.3
6.6642604	1.9632454	6.791153	39.342
6.266823	1.4975731	6.8402343	39.395
6.339846	1.8148049	7.073669	39.445
6.721721	1.6543933	6.867768	39.495
6.647501	1.8590976	6.9264255	39.545
6.9982514	2.1871033	6.719327	39.587
6.673837	1.8830396	6.338649	39.646
7.7667904	1.899799	6.23091	39.696
7.515399	1.2389994	5.9771247	39.743
7.4327993	1.7250223	6.147113	39.793
7.7332716	1.6759412	6.114791	39.843
7.7428484	1.9656396	5.6563015	39.9
7.6710224	1.721431	5.533	39.945
9.536105	2.066196	5.3522377	39.995
7.6123643	1.7597382	5.841852	40.022
7.9631147	1.6484078	5.2720323	40.1
7.9810715	1.9991584	5.485116	40.15
7.8733325	1.8543092	5.505467	40.195
7.8948803	1.8363527	5.722142	40.245
8.048109	2.0410569	5.5725045	40.296
7.717709	1.8974048	5.5365915	40.35
8.025364	1.9608512	5.5521536	40.395
7.9212165	1.839944	5.5222263	40.445
7.7847466	1.8555063	5.66947	40.495
7.7907324	1.5155296	4.9200845	40.545
6.791153	1.6567876	5.9723363	40.587
7.681796	1.9153614	5.8693852	40.636
7.406463	2.0123265	6.393716	40.686
7.133524	1.7178397	5.7879825	40.737
7.3310456	2.1200657	6.030994	40.799
7.69257	2.0446482	5.683835	40.843
8.046912	1.9213469	5.511452	40.893
8.001422	1.875857	4.987122	40.943
7.669825	1.8662802	5.1583076	41.0
8.595184	2.0231004	4.973954	41.02
8.513782	2.0338743	4.734534	41.1
8.504205	1.9644425	4.570531	41.15
8.330625	1.9536686	4.631583	41.195
8.447941	1.9357121	4.617218	41.245
8.400057	1.9369092	4.6471453	41.295
8.471883	1.8986019	4.3622355	41.347
8.433576	1.79206	4.283227	41.4
8.479065	1.9560628	4.5896845	41.45
8.499416	2.0482395	4.6926355	41.495
8.438364	1.8950106	4.337096	41.546
8.388085	1.9081788	4.509479	41.595
8.474277	1.9381063	4.3263226	41.644
8.431181	2.055422	4.6686935	41.686
8.5473	2.0326772	4.4184995	41.736
8.543709	1.8602947	4.1335893	41.786
8.3868885	1.8052281	4.223372	41.854
8.350976	1.9488802	4.617218	41.886
8.979453	1.9129672	5.115212	41.954
7.8062944	2.0925324	5.052963	41.986
8.007407	2.148796	5.116409	42.023
7.8625584	1.9847932	4.876989	42.102
8.175002	1.9045875	4.7979803	42.151
8.136695	1.910573	4.7548847	42.201
8.292317	2.0159178	4.608838	42.251
8.354567	1.9620483	4.477157	42.302
8.541314	1.9991584	4.435259	42.352
8.63828	1.8435353	4.2173862	42.397
8.746018	1.8854338	4.0462008	42.449
8.561666	1.8100165	4.1479545	42.502
8.740033	1.8339585	4.0318356	42.553
8.780735	1.7932571	3.8833952	42.602
8.860941	1.5705963	3.846285	42.652
8.839393	1.5777789	3.5996823	42.687
8.901642	1.6232687	3.6379895	42.737
9.040505	1.5741876	3.3279405	42.804
9.044097	1.6232687	3.2728736	42.837
9.011775	1.5825673	3.052607	42.886
9.3733	1.3000516	2.6384103	42.954
9.08001	1.483208	2.861071	42.986
9.31105	1.4556746	2.5821466	43.023
9.242816	1.3515269	2.4600422	43.088
9.446322	1.3036429	2.1990743	43.151
9.388862	1.2054806	1.8926164	43.201
9.482236	1.2725182	1.9488802	43.252
9.519346	1.1815386	1.5047557	43.301
9.618706	1.1575965	1.423353	43.352
9.682152	1.1887212	1.3251907	43.403
9.618706	1.1432313	1.1228806	43.446
9.580399	1.043872	1.0139444	43.496
9.621099	1.1779473	0.8331822	43.546
9.661801	1.1432313	0.79367787	43.6
9.562442	1.2162545	0.7266402	43.65
9.636662	1.1228806	0.4309563	43.695
9.739613	1.0845734	0.4297592	43.753
9.491813	1.0821792	0.47285482	43.803
9.643845	1.1025299	0.2908955	43.852
9.629479	1.0821792	0.23343466	43.887
9.54209	1.0486604	0.1436521	43.936
9.683349	1.0726024	-0.038307227	44.004
9.685743	1.1288661	-0.18914193	44.023
9.706094	1.0737995	-0.28491	44.093
9.6845455	1.0821792	-0.47764325	44.151
9.664195	1.0151415	-0.5279215	44.201
9.703699	0.9923966	-0.5386954	44.251
9.698911	1.0414777	-0.5602432	44.303
9.643845	1.0498575	-0.48841715	44.352
9.630676	1.0905589	-0.5422867	44.402
9.725247	1.1013328	-0.4405331	44.452
9.595961	1.0737995	-0.32680854	44.487
9.5385	0.9947908	-0.22026655	44.536
9.668983	1.0606314	-0.36511576	44.601
9.742006	1.1348516	-0.3866636	44.651
9.460688	1.127669	-0.4177882	44.701
9.580399	0.9696517	-0.48722005	44.752
9.592369	1.021127	-0.61171854	44.8
9.556456	1.0426749	-0.61411273	44.852
9.6845455	0.9660604	-0.7541735	44.903
9.799467	1.0366893	-0.8283938	44.953
9.646238	1.055843	-0.6955156	45.003
9.657013	1.0594343	-0.6787562	45.023
9.637859	1.0450691	-0.91937345	45.091
9.5253315	1.0354922	-0.8846575	45.151
9.585187	1.0354922	-0.8415619	45.201
9.605537	0.9876082	-0.90261406	45.251
9.551667	0.973243	-0.8846575	45.3
9.645041	1.0582372	-0.9564836	45.352
9.628283	1.0498575	-0.93613285	45.403
9.621099	0.93613285	-1.067814	45.453
9.445126	1.0702082	-0.79487497	45.492
9.662998	1.0342951	-0.94451255	45.554
9.702502	1.0642227	-1.2366052	45.586
9.524135	1.0307038	-1.1875241	45.648
9.55047	1.0199299	-1.1504139	45.701
9.551667	0.997185	-1.0965444	45.751
9.54209	1.0055647	-1.3227965	45.801
9.587581	1.0414777	-1.3215994	45.851
9.591172	1.0307038	-1.3132197	45.9
9.528923	1.0510546	-1.0079589	45.953
9.794679	1.2210429	-1.1887212	46.003
10.0269165	1.5610195	-1.1540052	46.022
9.271546	1.602918	-0.8391677	46.1
10.022128	0.92775315	-1.532289	46.152
9.92636	0.81283146	-1.3299791	46.202
9.305065	0.8283938	-0.58418524	46.252
9.405622	0.89782566	-0.60094464	46.303
9.52174	0.9959879	-0.58777654	46.336
9.518148	1.0402806	-0.6368576	46.393
9.610326	0.7769185	-0.93732995	46.448
9.518148	0.93852705	-0.8846575	46.492
9.625888	0.92296475	-1.1923125	46.548
9.601946	0.93493575	-1.271321	46.593
9.387665	0.89064306	-1.282095	46.648
9.587581	0.93493575	-1.4281414	46.693
9.668983	0.8451532	-1.5167267	46.758
9.736021	0.9876082	-1.4664485	46.794
9.54209	0.9840169	-1.9632454	46.841
9.709685	0.90979666	-1.958457	46.891
9.229648	0.89184016	-1.7621324	46.941
9.566033	0.78290397	-1.79206	46.992
9.340978	0.7649474	-1.8447324	47.022
9.222465	0.7625532	-1.8387469	47.1
9.648633	0.9995792	-1.70946	47.15
9.539697	0.6356605	-2.3834279	47.203
9.306262	0.79128367	-1.958457	47.253
9.673772	0.92535895	-2.0398598	47.292
9.269152	1.0127473	-1.7429788	47.353
9.495404	0.92655605	-1.8842367	47.387
9.059659	0.91697925	-1.958457	47.436
9.533711	0.842759	-1.7824832	47.493
9.682152	1.0941502	-1.9632454	47.548
9.604341	1.0618285	-2.135628	47.593
9.17099	0.78769237	-2.1284454	47.649
9.044097	0.9648633	-2.4588451	47.691
9.67018	1.1168951	-1.6819267	47.741
9.7324295	0.82599956	-2.2816741	47.791
9.734824	0.7410054	-2.1057005	47.841
9.470264	0.6332663	-2.0458453	47.895
9.24521	0.8523358	-1.3108255	47.95
9.42238	0.8475474	-1.2378023	47.995
9.400833	0.90740246	-1.4281414	48.032
9.421184	0.712275	-1.7741034	48.1
9.528923	0.6979098	-1.9141643	48.142
9.394848	0.7158663	-1.8327614	48.195
9.534908	0.7649474	-1.8914193	48.245
9.351752	0.8331822	-2.0242975	48.295
9.479841	0.91578215	-2.0147207	48.346
9.5253315	0.8595184	-2.4301147	48.396
9.306262	0.90261406	-2.148796	48.446
9.287108	0.8499416	-2.5031378	48.496
9.354146	0.878672	-2.8215668	48.546
9.338584	0.961272	-2.5486276	48.596
9.299079	1.091756	-2.622848	48.646
9.312247	0.90740246	-2.8933928	48.697
9.339781	0.9828198	-2.8095956	48.747
9.344569	0.91937345	-2.8060043	48.796
9.305065	0.88944596	-2.80361	48.843
9.246407	0.89662856	-2.8802247	48.893
9.388862	0.878672	-2.7210102	48.945
9.405622	0.90141696	-2.7736826	49.0
9.352949	0.93014735	-2.5091233	49.032
9.331401	0.94211835	-2.5486276	49.097
9.24521	0.9624691	-2.1631613	49.144
9.247604	0.8511387	-2.111686	49.195
9.472659	0.8655039	-1.7561469	49.245
9.464279	0.79248077	-2.0135236	49.295
9.435549	0.81881696	-1.685518	49.346
9.564836	0.81522566	-1.7657237	49.393
9.4774475	0.89423436	-1.6795325	49.443
9.537302	0.9708488	-1.3599066	49.493
9.600749	0.92057055	-1.5825673	49.55
9.55885	0.8750807	-1.3395559	49.594
9.578004	0.80564886	-1.5011644	49.645
9.66659	0.78290397	-1.3431472	49.695
9.455899	0.7757214	-0.8762778	49.745
9.716867	0.842759	-1.0857705	49.786
9.491813	0.8367735	-0.82599956	49.846
9.617508	0.80325466	-0.8343793	49.887
9.585187	0.92057055	-0.8774749	49.946
9.5492735	0.92296475	-0.6428431	50.001
9.676167	0.79966336	-0.6751649	50.031
9.740809	0.8607155	-0.49919105	50.094
9.736021	0.85473	-0.38307226	50.141
9.7803135	0.7015011	-0.46806642	50.2
9.838972	0.7026982	-0.6751649	50.24
9.606734	0.7445967	-0.51714754	50.287
9.630676	0.8439561	0.022744916	50.342
9.727641	0.6799533	0.023942016	50.392
9.698911	0.8295909	0.37708676	50.442
9.688137	0.78649527	0.50996494	50.492
9.646238	0.93373865	0.7398083	50.543
9.785102	0.8655039	0.90381116	50.588
9.661801	0.79128367	0.78888947	50.648
9.54209	1.151611	1.6208745	50.688
9.472659	0.90021986	1.5298948	50.742
9.330204	1.0007763	2.3630772	50.792
9.299079	0.90141696	2.5151088	50.841
9.099164	0.8319851	2.8790276	50.891
9.24521	0.91578215	3.2142158	50.942
8.941146	0.93972415	3.25372	50.992
8.787917	1.2030864	3.7588966	51.033
8.692149	1.1168951	3.7696705	51.1
8.941146	0.9947908	3.8546648	51.145
8.913613	1.127669	4.0162735	51.195
8.802282	1.186327	4.1491513	51.245
8.432379	1.1228806	4.2760444	51.294
8.457518	1.2916719	4.4484267	51.347
8.508993	1.3132197	4.4400473	51.396
8.360553	1.411382	4.498705	51.446
9.103952	1.0941502	4.402937	51.496
8.388085	1.2066777	4.4675803	51.547
8.488642	1.30484	4.4663835	51.596
8.6813755	1.2880806	4.5274353	51.646
8.479065	1.2437878	4.5022964	51.696
8.583213	1.2629414	4.5681367	51.746
8.435969	1.1228806	4.5406036	51.797
8.248025	1.210269	4.6459484	51.846
8.635885	1.3060371	4.44723	51.897
8.649054	1.1456255	4.581305	51.946
8.498219	1.3072342	4.4544125	51.996
8.645462	1.1779473	4.349067	52.033
8.645462	1.1336545	4.477157	52.102
8.683769	1.1899183	4.4520183	52.145
8.561666	1.1827357	4.2880154	52.202
8.728063	1.2545617	4.268862	52.252
8.690952	1.1540052	4.0557775	52.292
8.938752	1.1360487	3.7804444	52.353
8.971074	1.0666169	3.834314	52.392
8.884883	0.9876082	3.66672	52.442
9.100361	1.055843	3.4560301	52.493
8.90643	0.9576807	3.3889925	52.544
9.26197	0.9947908	3.3327289	52.593
9.147048	0.9576807	2.9484594	52.664
9.28232	0.9636662	2.8323407	52.691
9.344569	0.78769237	2.4756045	52.752
9.446322	0.7613561	2.195483	52.802
9.360131	0.770933	2.123657	52.852
9.555259	0.7374141	1.9009962	52.902
9.526528	0.78170687	1.7585411	52.942
9.673772	0.79966336	1.5933412	52.992
9.657013	0.7733272	1.4269443	53.032
9.455899	0.81163436	1.1994951	53.101
9.763555	0.7326257	1.2126632	53.153
9.728839	0.6907272	1.1228806	53.202
9.690532	0.736217	0.9816227	53.25
9.581595	0.7733272	0.9540894	53.302
9.736021	0.7673417	0.91817635	53.353
9.617508	0.7637503	0.8870517	53.392
9.616311	0.7374141	0.8595184	53.442
9.55047	0.78769237	0.82360536	53.493
9.659407	0.81163436	0.557849	53.544
9.5492735	0.7697359	0.6536171	53.593
9.502586	0.6955156	0.6380547	53.643
9.776723	0.7206547	0.28491	53.693
9.569624	0.6943185	0.11851298	53.743
9.662998	0.6703765	0.044292733	53.793
9.556456	0.6512229	-0.22984336	53.843
9.7324295	0.6919243	-0.49559975	53.893
9.569624	0.6380547	-0.6691794	53.943
9.801862	0.7110779	-0.9708488	53.993
9.54209	0.7290344	-1.0354922	54.033
9.629479	0.760159	-1.1899183	54.093
9.725247	0.7637503	-1.5442601	54.152
9.637859	0.7326257	-1.483208	54.202
9.528923	0.6967127	-1.4820108	54.252
9.494206	0.6739678	-1.8662802	54.3
9.548077	0.6404489	-1.8411411	54.35
9.449914	0.6584055	-1.8722657	54.403
9.471462	0.641646	-2.110489	54.442
9.532514	0.7529764	-2.0147207	54.492
9.398438	0.7685388	-2.099715	54.553
9.56723	0.7314286	-2.123657	54.587
9.404425	0.700304	-2.1859062	54.637
9.568427	0.6560113	-2.2816741	54.693
9.398438	0.6811504	-2.1655555	54.748
9.458294	0.7266402	-2.2373815	54.793
9.440337	0.6943185	-2.1033063	54.848
9.528923	0.6919243	-2.1392193	54.893
9.43914	0.6739678	-2.0219033	54.948
9.435549	0.7649474	-2.0111294	54.993
9.452309	0.7529764	-2.0829554	55.028
9.481039	0.7589619	-2.0817583	55.102
9.466674	0.6907272	-1.8112136	55.152
9.496601	0.7026982	-2.0015526	55.202
9.582792	0.6931214	-1.9213469	55.252
9.445126	0.7493851	-1.8435353	55.3
9.464279	0.712275	-1.8806454	55.347
9.489418	0.6691794	-1.8411411	55.4
9.51336	0.6548142	-1.7741034	55.445
9.490616	0.7553706	-1.6304513	55.495
9.546879	0.7386112	-1.7429788	55.545
9.458294	0.7733272	-1.6400281	55.603
9.67018	0.6967127	-1.6819267	55.637
9.647436	0.6907272	-1.6328455	55.687
9.502586	0.6979098	-1.282095	55.737
9.65821	0.65242	-1.8770541	55.786
9.595961	0.8738836	-0.6452374	55.837
9.5385	0.7469909	-1.1384429	55.887
9.66659	0.7350199	-0.65242	55.936
9.627085	0.830788	-0.5482722	55.987
9.811439	0.8283938	-0.61890113	56.036
9.598354	0.8643068	-0.36511576	56.102
9.639056	0.7457938	-0.1376666	56.152
9.662998	0.78050977	-0.15562311	56.202
9.691729	0.7757214	0.089782566	56.252
9.603143	0.6919243	0.11372458	56.3
9.710882	0.7541735	0.12928689	56.345
9.672575	0.770933	0.29807812	56.395
9.660604	0.8355764	0.47046062	56.446
9.7240505	0.8678981	0.6488287	56.501
9.701305	0.91099375	0.8607155	56.553
9.651027	0.91219085	1.1719618	56.595
9.629479	0.8535329	1.283292	56.645
9.561244	0.80086046	1.4915876	56.703
9.314642	0.81522566	1.7657237	56.737
9.421184	0.6440403	1.7645266	56.786
9.475053	0.8643068	1.9069817	56.836
9.610326	0.9576807	2.1619642	56.903
9.7324295	1.0426749	2.2361844	56.936
9.386468	0.9552865	2.171541	56.986
9.434352	0.94211835	2.5378537	57.036
9.224859	0.9768343	2.9173348	57.102
8.9279785	0.7637503	3.2441432	57.152
8.820239	0.80445176	3.572149	57.202
9.2069025	1.2557588	3.551798	57.252
9.190144	1.0402806	3.2477345	57.301
9.081207	1.043872	3.3411086	57.352
9.039309	0.9983821	3.5865142	57.395
8.948329	1.0594343	3.7469256	57.445
9.040505	1.0498575	3.9073372	57.495
8.476671	1.2366052	4.4161053	57.55
8.513782	1.3012487	4.8374844	57.601
8.189367	1.2593501	4.959589	57.652
7.848193	1.1013328	5.106832	57.702
8.212111	1.3359646	4.9919105	57.752
8.086416	1.34195	5.0721164	57.795
8.015787	1.0869676	4.8243165	57.853
8.391677	1.4401124	5.1571107	57.903
8.456321	1.5454572	5.2181625	57.952
8.488642	2.0027497	5.7185507	57.987
7.7691846	2.018312	5.603629	58.037
7.8757267	1.8746599	5.935226	58.101
7.315483	1.970428	6.3362546	58.151
6.9611416	1.8327614	6.4631476	58.202
6.576872	1.6651673	6.503849	58.252
6.719327	1.9045875	7.0305734	58.3
5.9986725	2.184709	6.945579	58.345
6.6079965	1.8016368	7.3190746	58.395
6.655881	1.934515	7.1969705	58.445
5.919664	2.086547	7.169437	58.503
6.0704985	2.1571758	7.3633676	58.536
5.9280434	2.2218192	7.811083	58.609
5.837064	1.9644425	7.455544	58.651
5.792771	2.0350714	7.603985	58.701
5.2983685	2.2649148	7.627927	58.752
5.5521536	2.4408886	7.8948803	58.802
5.470751	2.4301147	7.771579	58.85
5.469554	2.349909	7.8386164	58.903
5.2804117	2.5905263	7.7667904	58.953
5.4312468	2.4504654	8.040926	58.992
5.409699	2.6731262	8.117541	59.042
5.040992	2.3630772	8.09719	59.101
5.412093	2.517503	8.6095495	59.152
4.679467	2.5115175	8.012196	59.201
4.295198	2.6683378	8.313866	59.251
4.759673	2.468422	8.6574335	59.3
4.1395745	2.610877	8.327033	59.342
3.9695864	2.516306	8.487445	59.403
4.012682	2.6850972	8.584411	59.452
3.807978	2.4492683	8.8645315	59.503
3.5410242	2.2122424	8.613141	59.536
3.6834793	2.6599581	8.728063	59.593
3.3506854	2.3056161	8.829816	59.648
3.1244333	2.3235726	8.916007	59.709
3.2118216	2.4887726	9.059659	59.751
3.6296098	2.6563668	8.726865	59.802
3.4404678	2.0590134	8.92319	59.852
3.2465374	2.7688942	9.157822	59.902
3.193865	2.873042	9.087193	59.95
3.4225113	3.1519666	9.147048	59.992
3.2956185	2.8060043	8.767567	60.036
2.813187	2.7030537	8.871715	60.09
3.0142999	2.7952304	8.822633	60.14
2.767697	2.5797524	9.060856	60.192
2.859874	2.5881321	9.057265	60.242
3.3243492	2.8814218	9.077616	60.293
3.1196449	2.8886044	9.106346	60.347
3.2106245	2.814384	9.004593	60.394
2.9257145	2.9281087	9.279925	60.448
2.8275523	2.9724014	9.018958	60.493
2.7281928	2.7868507	8.893262	60.548
2.2158337	2.8802247	9.081207	60.594
2.4468741	2.932897	9.155427	60.648
2.3582888	2.871845	9.175778	60.693
2.255338	2.7880478	8.962694	60.75
2.3594859	2.7365725	9.269152	60.8
1.602918	2.991555	9.514558	60.851
1.7860745	3.0813377	9.435549	60.9
