6.885724	1.1073183	6.731298	0.144
6.968324	1.1851299	6.851008	0.203
6.939594	1.2437878	6.715736	0.244
7.0209966	1.186327	6.6534867	0.293
7.0712748	1.1312603	6.7384806	0.344
7.0102224	1.1133038	6.872556	0.394
6.9946604	1.0666169	6.6630635	0.444
7.04015	1.0905589	6.801927	0.494
6.9527617	1.1192893	6.6750345	0.545
6.9264255	1.1911154	6.8306575	0.594
6.951565	1.0714053	6.739678	0.646
7.074866	1.0486604	6.71813	0.694
7.1634517	0.9876082	6.691794	0.744
7.017405	1.0570401	6.7085533	0.794
7.004237	1.0307038	6.7827735	0.844
7.1371155	0.9828198	6.6762314	0.888
7.0126166	1.1013328	6.7265096	0.945
7.0664864	1.13964	6.742072	0.962
6.906075	1.043872	6.801927	1.043
6.884527	1.0498575	6.7863646	1.093
6.8773446	0.94331545	6.941988	1.143
7.1550717	0.94690675	6.733692	1.192
6.9108634	1.055843	6.612785	1.244
7.291541	1.292869	6.6079965	1.297
7.313089	1.2198458	6.5122285	1.342
7.2221093	0.91578215	6.5349736	1.395
7.2819643	1.0666169	6.695385	1.444
7.01142	0.9864111	6.82946	1.494
6.6882024	1.055843	6.7372837	1.544
6.9886746	1.0390835	6.7971387	1.588
6.8450227	1.2030864	6.908469	1.645
6.8198833	1.1575965	6.7564373	1.7
6.894104	1.1611878	6.8210807	1.745
6.9012866	1.377863	6.7241154	1.8
7.052121	1.4281414	6.7145386	1.845
7.253234	1.2126632	6.6391215	1.9
7.45315	1.2306197	6.588843	1.945
7.121553	1.2425907	6.7444663	1.964
7.065289	1.1204864	6.9599442	2.034
6.870162	1.079785	7.029376	2.105
6.927623	1.3335704	6.927623	2.143
6.851008	1.3575124	7.0784574	2.193
6.7492547	1.0031705	6.9970546	2.254
6.9647326	1.3227965	6.919243	2.292
6.7612257	0.9516952	6.745663	2.354
6.7468605	1.4999673	6.9240313	2.403
7.195773	1.6531962	7.0545154	2.453
6.8486137	1.2509704	7.047333	2.504
6.7205243	1.4197617	7.1502833	2.543
6.503849	1.4628572	7.4375877	2.593
6.2261214	1.5957354	7.499837	2.644
5.943606	1.7058687	7.633912	2.694
6.0489507	1.8626889	7.8158712	2.744
5.756858	1.9536686	7.989451	2.794
5.507861	1.7657237	7.9487495	2.838
5.2157683	1.863886	8.099585	2.888
5.233725	2.088941	8.148665	2.944
4.927267	2.0219033	8.306683	2.979
4.8482585	2.0614076	8.388085	3.043
4.158728	1.863886	8.477868	3.093
3.6523547	2.2481554	8.748413	3.143
2.9628246	1.8842367	8.784326	3.193
2.231396	2.1176715	8.986636	3.244
2.6120741	2.4361002	9.210494	3.294
2.4013844	2.4432828	9.317036	3.344
2.5378537	2.7234044	9.309854	3.394
2.801216	2.554613	9.369708	3.438
2.5258827	2.3307555	9.08001	3.488
2.9364884	2.6084828	9.252393	3.554
2.6001031	2.2505496	9.3182335	3.593
2.5462334	2.9017725	9.384073	3.649
2.3774424	2.8455088	9.509769	3.695
2.0506337	2.669535	9.51336	3.76
1.4532804	2.6671407	9.540894	3.799
1.1528081	2.2625206	9.209297	3.839
0.7182605	2.2613235	9.441534	3.899
0.5542577	2.2936451	9.491813	3.939
0.50996494	2.244564	9.423578	3.98
0.38187516	2.3953989	9.455899	4.044
0.79248077	2.1739352	9.593566	4.094
0.82599956	2.337938	9.862914	4.144
1.0737995	2.0123265	9.524135	4.194
1.2294226	1.8423382	9.323022	4.252
1.2605472	1.8902222	9.296685	4.292
1.1264719	1.9883845	9.667787	4.342
1.1025299	2.1930888	9.384073	4.392
1.4556746	1.8926164	9.336189	4.442
1.2509704	1.9165585	9.478644	4.492
1.7262194	1.8818425	9.459491	4.542
2.0506337	1.8614918	9.502586	4.593
2.4229321	1.8004397	9.103952	4.642
2.6060886	1.8171991	9.147048	4.696
3.4249055	2.2649148	9.519346	4.742
3.66672	2.0254946	8.823831	4.794
3.7672763	2.5605986	8.913613	4.844
4.3538556	1.9680338	8.979453	4.894
4.6603136	2.1811178	8.971074	4.944
4.5645456	2.172738	8.965088	4.965
4.1958385	1.7058687	8.67539	5.04
3.7433343	1.70946	8.807071	5.093
3.7792473	1.7058687	8.773552	5.143
4.462792	2.292448	8.670602	5.193
4.441244	2.1883004	8.784326	5.242
4.6220064	2.0721815	8.528147	5.294
4.6950297	2.1859062	8.256405	5.344
4.948815	2.0219033	8.4108305	5.394
5.067328	1.9871874	8.475474	5.444
5.3103395	1.8986019	8.058883	5.495
5.627571	1.6843209	7.97748	5.545
5.7305217	1.4891934	7.8326306	5.599
5.8705826	1.5646108	7.7931266	5.639
5.9005103	1.377863	7.8290396	5.699
5.957971	1.4197617	7.8410106	5.739
6.0585275	1.42455	7.86615	5.793
5.731719	1.5251064	7.753622	5.843
5.792771	1.578976	7.777564	5.893
5.8933277	1.4460979	7.839813	5.943
5.779603	1.5478514	7.8446016	5.982
5.8119245	1.4030021	7.8146744	6.042
5.765238	1.460463	7.7560163	6.094
5.8143187	1.4317327	7.750031	6.144
5.9244523	1.4736311	7.819463	6.194
5.9184666	1.4664485	7.715315	6.244
5.8813562	1.4161704	7.69257	6.295
5.792771	1.3239936	7.7572136	6.345
5.8562174	1.435324	7.7189064	6.399
5.943606	1.447295	7.7201033	6.439
5.997475	1.3838485	7.7105265	6.499
5.9041014	1.3503298	7.6602483	6.539
5.971139	1.365892	7.651869	6.599
5.961562	1.412579	7.747637	6.639
5.816713	1.3144168	7.678205	6.699
5.8238955	1.2473791	7.69257	6.74
6.05733	1.3563153	7.7105265	6.799
6.0405707	1.3850456	7.633912	6.861
5.9531827	1.2425907	7.620744	6.903
6.2392898	1.3730747	7.702147	6.943
6.10282	1.3239936	7.715315	6.983
5.949591	1.3323733	7.5884223	7.045
6.0010667	1.3503298	7.6135616	7.092
6.0681043	1.3263878	7.6255326	7.142
5.9483943	1.2737153	7.657854	7.194
5.872977	1.2988545	7.679402	7.244
5.829881	1.4077905	7.61835	7.294
6.06571	1.376666	7.538144	7.344
6.256049	1.3515269	7.4926543	7.395
6.405687	1.3132197	7.4112515	7.445
6.179435	1.3239936	7.2149267	7.499
6.2883706	1.4915876	7.4603324	7.54
6.4308257	1.2330139	7.291541	7.599
6.4044895	1.1779473	7.2113357	7.64
6.815095	1.3575124	7.0964136	7.699
7.0221934	1.0785879	6.779182	7.74
7.1167645	1.0845734	6.7959414	7.799
7.065289	0.9923966	6.7504516	7.84
6.6522894	1.0642227	6.9719152	7.899
6.8773446	1.1360487	6.805518	7.956
7.3442135	1.0809821	6.4763155	7.983
7.3442135	1.0809821	6.4763155	7.983
7.538144	0.93732995	6.519411	8.093
6.908469	0.9792285	6.477513	8.143
7.5333557	0.8798691	6.5577183	8.192
7.3777328	0.80205756	6.2763996	8.244
7.5285673	0.8690952	6.171055	8.294
7.6243353	0.9684546	6.005855	8.344
7.6734166	1.3479356	6.0285997	8.394
7.714118	1.0235212	5.967548	8.445
7.371747	1.0450691	6.303933	8.499
7.1431007	1.1707647	6.3230867	8.539
7.386112	1.0522517	6.194997	8.599
7.5932107	1.2653356	6.1411276	8.64
7.9607205	1.1420342	5.8885393	8.699
7.9367785	1.0223241	5.8358665	8.74
7.788338	0.90381116	5.8203044	8.799
7.4866686	0.7398083	5.746084	8.839
7.586028	1.234211	6.0740895	8.899
7.979874	1.2844892	6.075287	8.94
7.86615	1.2126632	5.729325	8.985
7.86615	1.2126632	5.729325	8.985
7.668628	1.0486604	5.631162	9.093
7.639898	1.2114661	6.1985884	9.143
7.9152308	1.3180081	6.23091	9.193
7.3071036	0.9576807	6.06571	9.242
7.479486	1.2270284	6.135142	9.294
7.577648	1.2749124	6.197391	9.344
7.4232225	1.3455414	6.1662664	9.394
7.404069	1.210269	6.1746464	9.444
7.3609734	1.2126632	6.137536	9.495
7.5572977	1.3227965	6.253655	9.545
7.621941	1.2294226	6.2823853	9.595
7.515399	1.186327	6.066907	9.645
7.4004774	1.0989386	6.2105594	9.695
7.499837	1.1492168	6.133945	9.745
7.5405383	1.2126632	6.066907	9.795
7.538144	1.1755531	6.133945	9.845
7.5321584	1.1815386	6.181829	9.895
7.4483614	1.1240777	6.143522	9.945
7.5213847	1.1767502	6.1638722	9.985
7.381324	1.1695676	6.205771	10.043
7.5848308	1.2330139	6.179435	10.093
7.547721	1.246182	6.147113	10.146
7.595605	1.2449849	6.1064115	10.193
7.4854717	1.2126632	6.1423244	10.252
7.5094137	1.2318168	6.184223	10.294
7.386112	1.2737153	6.206968	10.344
7.41604	1.3611037	6.2584434	10.394
7.5321584	1.3838485	6.23091	10.444
7.454347	1.328782	6.1638722	10.495
7.431602	1.3706805	6.1566896	10.545
7.5046253	1.3742718	6.181829	10.595
7.536947	1.3838485	6.199785	10.645
7.4028716	1.2916719	6.209362	10.695
7.347805	1.3922282	6.315904	10.745
7.4830775	1.4939818	6.2620344	10.795
7.430405	1.389834	6.209362	10.845
7.3897038	1.4185646	6.2345014	10.895
7.523779	1.4532804	6.244078	10.945
7.489063	1.4161704	6.2021794	10.98
7.392098	1.3395559	6.2404866	11.043
7.3885064	1.3611037	6.25964	11.093
7.429208	1.4053963	6.283582	11.143
7.431602	1.3790601	6.245275	11.193
7.374141	1.30484	6.2632318	11.242
7.302315	1.3239936	6.3003416	11.292
7.3202715	1.3227965	6.3458314	11.344
7.345411	1.3395559	6.3709707	11.394
7.290344	1.3084313	6.3446345	11.444
7.3071036	1.2952632	6.355408	11.494
7.337031	1.3084313	6.385336	11.545
7.337031	1.2437878	6.362591	11.595
7.2424603	1.2186487	6.2823853	11.645
7.3418193	1.2270284	6.3709707	11.695
7.301118	1.1779473	6.3206925	11.745
7.3442135	1.2617443	6.291962	11.795
7.430405	1.234211	6.283582	11.845
7.356185	1.1959038	6.303933	11.895
7.351396	1.210269	6.384139	11.945
7.357382	1.2150574	6.3589997	11.979
7.33344	1.2042835	6.3709707	12.043
7.321469	1.271321	6.361394	12.093
7.313089	1.3036429	6.3829417	12.143
7.3657618	1.282095	6.343437	12.193
7.2927384	1.2689269	6.3566055	12.242
7.3298483	1.2797008	6.3721676	12.296
7.351396	1.3072342	6.3422403	12.342
7.267599	1.316811	6.35062	12.394
7.3346367	1.3587095	6.384139	12.444
7.309498	1.3072342	6.3697734	12.494
7.3166804	1.3263878	6.3793507	12.544
7.314286	1.3670892	6.3913217	12.595
7.285556	1.4149733	6.399701	12.645
7.3226657	1.3802572	6.3865333	12.695
7.2831616	1.3826514	6.343437	12.745
7.27957	1.3431472	6.3709707	12.795
7.267599	1.4520833	6.363788	12.845
7.3430166	1.423353	6.343437	12.895
7.3166804	1.4532804	6.3470287	12.945
7.301118	1.4329298	6.38773	12.978
7.297527	1.4700398	6.3661823	13.043
7.277176	1.4389153	6.409278	13.093
7.2388687	1.4652514	6.3829417	13.143
7.289147	1.5059528	6.384139	13.193
7.3059063	1.483208	6.3709707	13.242
7.2484455	1.4748282	6.3601966	13.294
7.2723875	1.520318	6.397307	13.344
7.2221093	1.4700398	6.3925185	13.399
7.2592196	1.5035586	6.4272346	13.442
7.2687964	1.5179238	6.39611	13.494
7.253234	1.5071499	6.4152637	13.544
7.2687964	1.5023615	6.399701	13.594
7.265205	1.5023615	6.373365	13.644
7.243657	1.5119383	6.4416	13.695
7.249643	1.4915876	6.4152637	13.746
7.2723875	1.5071499	6.4032927	13.795
7.2340803	1.5107412	6.405687	13.847
7.297527	1.4664485	6.3985043	13.896
7.228095	1.4640543	6.375759	13.945
7.2113357	1.4341269	6.3805475	13.979
7.2544312	1.3922282	6.4499793	14.044
7.20535	1.4053963	6.4188547	14.093
7.2963295	1.4700398	6.385336	14.145
7.2927384	1.4137762	6.3601966	14.193
7.241263	1.3694834	6.4260373	14.242
7.2951326	1.376666	6.405687	14.294
7.303512	1.34195	6.3829417	14.344
7.2711906	1.3347675	6.420052	14.394
7.290344	1.328782	6.421249	14.446
7.225701	1.3251907	6.4068837	14.493
7.2987237	1.3215994	6.4140663	14.543
7.264008	1.3060371	6.4164605	14.593
7.2664022	1.2856863	6.4068837	14.643
7.2580223	1.246182	6.421249	14.694
7.275979	1.270124	6.4068837	14.744
7.299921	1.2545617	6.384139	14.794
7.2783732	1.2808979	6.393716	14.844
7.2664022	1.2785037	6.3745623	14.895
7.3083005	1.30484	6.4547677	14.945
7.3166804	1.2808979	6.362591	14.995
7.3166804	1.2808979	6.362591	14.995
7.3226657	1.2521675	6.411672	15.089
7.2304893	1.3192052	6.4260373	15.139
7.3047094	1.3395559	6.3769565	15.199
7.2592196	1.3335704	6.4284315	15.239
7.265205	1.352724	6.471527	15.299
7.2592196	1.3838485	6.4284315	15.339
7.2508397	1.3383588	6.4392056	15.399
7.27957	1.3922282	6.4416	15.439
7.3071036	1.436521	6.432023	15.48
7.3071036	1.4449008	6.423643	15.553
7.290344	1.4688427	6.445191	15.593
7.243657	1.435324	6.471527	15.643
7.0928226	1.3970166	6.477513	15.693
7.074866	1.459266	6.549339	15.742
7.153875	1.5095441	6.555324	15.794
7.0952168	1.5179238	6.5098343	15.844
7.123947	1.5334862	6.518214	15.894
7.204153	1.5263035	6.495469	15.944
7.169437	1.5729905	6.5325794	15.989
7.169437	1.5729905	6.5325794	15.989
7.0712748	1.578976	6.555324	16.093
7.1023993	1.5682021	6.50744	16.143
7.038953	1.5873557	6.621165	16.193
7.0341644	1.578976	6.6247563	16.242
7.037756	1.6184803	6.613982	16.294
7.065289	1.5813702	6.612785	16.344
7.0221934	1.6196774	6.6079965	16.394
7.097611	1.5897499	6.578069	16.444
7.055712	1.6316484	6.597223	16.488
7.07726	1.6364368	6.6163764	16.544
7.016208	1.6244658	6.612785	16.598
7.0102224	1.6316484	6.625953	16.643
7.0425444	1.6136919	6.6534867	16.693
6.9946604	1.6172832	6.647501	16.743
7.038953	1.62686	6.6403184	16.792
7.00304	1.5993267	6.667852	16.844
6.9946604	1.5981296	6.6762314	16.887
7.0449386	1.5837644	6.661866	16.944
6.9982514	1.5729905	6.704962	16.999
6.96593	1.5861586	6.695385	17.05
6.921637	1.5526398	6.7109475	17.093
6.9850836	1.5765818	6.731298	17.143
6.9012866	1.5107412	6.7827735	17.194
6.9120603	1.5011644	6.728904	17.244
6.9946604	1.5682021	6.7372837	17.294
6.921637	1.5011644	6.7133417	17.345
6.9383965	1.5179238	6.7600284	17.394
6.931214	1.4700398	6.8043213	17.439
6.906075	1.4784195	6.728904	17.488
6.915652	1.4556746	6.8103065	17.545
6.89171	1.4891934	6.7743936	17.6
6.903681	1.4903905	6.8043213	17.645
6.885724	1.4520833	6.75524	17.7
6.9000893	1.5119383	6.8246717	17.745
6.8785415	1.4856021	6.825869	17.793
6.8569937	1.5263035	6.839037	17.843
6.827066	1.5346833	6.811504	17.893
6.859388	1.5466543	6.8210807	17.942
6.8007298	1.5622166	6.8581905	17.994
6.83784	1.5586253	6.9120603	18.042
6.742072	1.532289	6.8641763	18.092
6.817489	1.6651673	6.885724	18.144
6.853402	1.6184803	6.8761473	18.195
6.7468605	1.6484078	6.932411	18.244
6.767211	1.6424223	6.8043213	18.294
6.8091097	1.7932571	7.004237	18.345
6.8007298	1.7345991	6.963536	18.395
6.697779	1.7621324	6.9623384	18.445
6.6666546	1.745373	6.9731126	18.495
6.4547677	1.8028339	7.1083846	18.545
6.4248405	1.8830396	7.121553	18.595
6.409278	1.8507179	7.156269	18.645
6.405687	1.8722657	7.1885905	18.695
6.3123126	1.875857	7.2089415	18.745
6.315904	1.8866309	7.2005615	18.798
6.3003416	1.934515	7.2484455	18.843
6.362591	1.9512744	7.301118	18.893
6.3482256	1.8914193	7.2819643	18.943
6.2979474	1.9093759	7.2448545	18.993
6.209362	1.9752164	7.2592196	19.042
6.2045736	2.135628	7.381324	19.094
6.1866174	2.1859062	7.4363904	19.144
6.033388	2.1296425	7.350199	19.194
6.069301	2.1619642	7.4268136	19.244
6.0525417	2.1392193	7.511808	19.288
5.961562	2.1080947	7.5788455	19.345
6.042965	2.1775265	7.5668745	19.399
6.089652	2.2505496	7.5944076	19.445
6.0285997	2.1535845	7.4806833	19.5
5.828684	2.1404164	7.595605	19.544
5.759252	2.0973208	7.6482773	19.599
5.659893	2.1320367	7.7691846	19.645
5.499481	2.15957	7.8086886	19.7
5.3965306	2.1679497	7.8972745	19.744
5.3965306	2.2134395	8.030152	19.799
5.2720323	2.2062569	7.973889	19.845
5.0984526	2.220622	7.953538	19.879
5.233725	2.1021092	8.061277	19.943
5.103241	2.1978772	8.000225	19.994
5.103241	2.1978772	8.000225	19.994
5.0541596	2.066196	8.186973	20.094
5.0014873	2.2337902	8.201338	20.144
5.0242324	2.2014685	8.1558485	20.194
5.0625396	2.1787236	8.160637	20.244
5.115212	2.2038627	8.170214	20.294
5.093664	2.219425	8.191761	20.339
5.0493712	2.1272483	8.173804	20.388
4.879383	2.1559787	8.169016	20.445
4.8135424	2.1883004	8.240842	20.5
4.830302	2.2709002	8.305486	20.545
4.7680526	2.3127987	8.287529	20.605
4.7189717	2.2936451	8.336611	20.644
4.7764325	2.303222	8.292317	20.699
4.7046065	2.3678656	8.379706	20.744
4.5765166	2.3104045	8.368932	20.799
4.5298295	2.3403323	8.36175	20.844
4.406528	2.3786395	8.467094	20.9
4.378995	2.4420857	8.497022	20.945
4.309563	2.4839842	8.492233	20.98
4.309563	2.4839842	8.492233	20.98
4.1503487	2.5234885	8.623915	21.095
4.140772	2.5234885	8.590396	21.143
4.045004	2.5737667	8.6095495	21.193
4.0378213	2.574964	8.655039	21.242
3.8965633	2.542642	8.614338	21.294
3.9001546	2.6803088	8.644265	21.344
3.8474822	2.6192567	8.656237	21.394
3.774459	2.6144683	8.704121	21.444
3.7469256	2.6180596	8.653842	21.495
3.7828386	2.7497406	8.762778	21.54
3.702633	2.7329812	8.755595	21.599
3.9264908	2.6982653	8.835801	21.639
3.6212301	2.742558	8.684967	21.699
3.4476504	2.719813	8.701726	21.739
3.5649664	2.7162218	8.74123	21.799
3.6332011	2.7748797	8.810662	21.839
3.5637693	2.7868507	8.775947	21.899
3.4835634	2.7102363	8.730456	21.939
3.5362358	2.835932	8.771158	22.0
3.5362358	2.835932	8.771158	22.0
3.5805287	2.8107927	8.798691	22.093
3.620033	2.7832594	8.841787	22.149
3.465607	2.6922798	8.785523	22.193
3.4560301	2.6743233	8.765172	22.242
3.3961751	2.8550856	8.868123	22.294
3.2968156	2.7844565	8.827422	22.344
3.3399115	2.741361	8.84059	22.394
3.4284968	2.7126305	8.89446	22.444
3.371036	2.7030537	8.9279785	22.495
3.3901896	2.7497406	8.836999	22.545
3.4811692	2.7341783	8.90643	22.599
3.429694	2.5917234	8.925584	22.639
3.2393548	2.5965118	8.882488	22.699
3.1962593	2.6755204	8.810662	22.739
3.1866825	2.707842	8.9040365	22.799
3.2357635	2.6647465	8.8884735	22.839
3.21661	2.7126305	8.900445	22.899
3.50152	2.6001031	8.977059	22.94
3.5242648	2.610877	8.84059	23.0
3.5242648	2.610877	8.84059	23.0
3.4955344	2.5378537	8.883685	23.094
3.6272156	2.633622	9.01417	23.143
3.4632127	2.5570073	8.802282	23.197
3.369839	2.6132712	8.742428	23.242
3.4727895	2.5821466	8.763975	23.294
3.514688	2.5809495	8.802282	23.344
3.5637693	2.6013002	8.856153	23.394
3.514688	2.384625	8.662222	23.444
3.5075054	2.6874914	8.6574335	23.495
3.6260185	2.6084828	8.616732	23.54
4.1144357	2.9604304	9.062054	23.599
4.367024	2.541445	8.916007	23.639
3.715801	2.4313118	8.476671	23.699
3.83192	2.5701754	8.604761	23.739
4.1216183	2.6264393	8.746018	23.8
3.9372647	2.6982653	8.686164	23.839
3.8007953	2.7509377	8.62152	23.899
3.86903	2.7377696	8.607155	23.939
3.8714242	2.6671407	8.613141	23.996
3.8714242	2.6671407	8.613141	23.996
4.134786	2.7365725	8.643068	24.093
4.1718965	2.7126305	8.578424	24.143
4.249708	2.6683378	8.488642	24.193
4.355053	2.6013002	8.555679	24.252
4.1742907	2.7042508	8.549694	24.294
4.1180267	2.6635494	8.576031	24.349
4.2054152	2.7102363	8.579621	24.392
4.122815	2.64679	8.409634	24.442
4.313154	2.906561	8.645462	24.492
4.2461166	2.6886885	8.477868	24.542
4.0857053	2.694674	8.49343	24.592
4.158728	2.4744074	8.47308	24.644
4.2042184	2.4528596	8.60117	24.694
4.435259	2.5378537	8.577228	24.744
4.248511	2.6803088	8.49343	24.794
4.402937	2.670732	8.546103	24.838
4.4556093	2.634819	8.494628	24.895
4.355053	2.6276364	8.403648	24.945
4.200627	2.3630772	8.492233	24.996
4.3119574	2.3930047	8.548497	25.046
4.4556093	2.3415294	8.59279	25.093
4.404134	2.373851	8.499416	25.143
4.4915223	2.3187842	8.421604	25.193
4.560954	2.3798366	8.394072	25.242
4.699818	2.4049757	8.562862	25.292
4.775235	2.3654714	8.560468	25.342
4.3418846	2.2996306	8.380903	25.392
4.368221	2.0841527	8.487445	25.442
4.370615	2.1033063	8.546103	25.492
4.3742065	2.15957	8.558074	25.542
4.355053	2.1859062	8.451532	25.592
4.51307	2.0506337	8.348581	25.642
4.703409	2.0973208	8.374918	25.692
4.747702	1.9931729	8.288726	25.742
4.8255134	2.030283	8.310274	25.792
4.7740383	1.9764135	8.152257	25.842
5.055357	2.1021092	8.258799	25.892
5.0661306	1.9416976	8.063671	25.942
5.2923827	1.9405005	8.057686	25.993
5.341464	2.0087352	7.973889	26.042
5.363012	1.9297266	7.9331875	26.092
5.523423	2.0482395	7.8984714	26.142
5.674258	1.9261353	7.7428484	26.192
5.6646814	1.9931729	7.711724	26.242
5.886145	2.1272483	7.691373	26.292
5.758055	2.0697873	7.666234	26.342
5.981913	2.2254105	7.690176	26.392
6.114791	1.9416976	7.2939353	26.442
5.841852	2.007538	7.489063	26.492
6.6546836	2.0015526	7.4495587	26.542
6.0956373	1.804031	7.189788	26.592
6.257246	1.9596541	7.2831616	26.642
6.743269	2.0446482	7.374141	26.692
6.2847795	1.7788919	7.0126166	26.742
6.525397	2.0290859	7.1826053	26.792
6.727707	2.03148	7.189788	26.842
6.6654577	1.9883845	7.2484455	26.892
6.83784	1.7764976	6.799533	26.942
6.646304	1.7417817	6.8306575	26.992
6.685808	1.8004397	6.897695	27.042
6.625953	1.7872716	6.95755	27.092
6.6726403	1.7741034	6.9707184	27.142
6.6510925	1.8124107	6.941988	27.192
6.621165	1.780089	6.9611416	27.242
6.6905966	1.8231846	6.9012866	27.292
6.943185	1.8411411	6.9826894	27.342
6.870162	1.769315	6.697779	27.392
6.8569937	1.7824832	6.83784	27.442
6.8127007	1.6986861	6.7708025	27.492
6.8641763	1.7286136	6.7959414	27.542
6.7923503	1.6639702	6.801927	27.592
6.7983356	1.7477672	6.76362	27.642
6.872556	1.7489643	6.7564373	27.692
6.8881183	1.7764976	6.769605	27.741
6.8905125	1.7202339	6.7013707	27.792
6.979098	1.721431	6.683414	27.842
7.016208	1.6484078	6.6187706	27.892
7.0461354	1.6771383	6.633136	27.942
7.074866	1.5191209	6.835446	27.992
7.2867527	1.3862427	6.090849	28.042
6.9264255	1.6304513	6.537368	28.092
7.1490865	1.5801731	6.6870055	28.142
7.264008	1.3575124	6.4463882	28.192
7.345411	1.2641385	6.317101	28.242
7.428011	1.2330139	6.2967505	28.292
7.511808	1.067814	6.1195793	28.342
7.5429325	0.9780314	6.0920463	28.392
7.4974427	1.0187328	5.949591	28.442
7.788338	1.1073183	5.9172697	28.492
7.8745294	0.91937345	5.7736173	28.542
7.905654	0.9888053	5.7784057	28.592
8.240842	1.0127473	5.6670756	28.642
8.057686	0.93254155	5.517438	28.692
8.389283	0.9828198	5.9843073	28.744
8.834604	0.6655881	4.796783	28.794
8.104373	0.8523358	5.2325277	28.844
8.033744	0.6811504	5.366603	28.894
7.8613615	0.8499416	5.509058	28.938
7.739257	0.7422025	6.329072	28.996
7.8625584	0.79248077	6.373365	29.009
6.7564373	1.0845734	6.2847795	29.093
7.028179	1.3072342	6.4380083	29.143
7.2472486	1.1025299	6.235698	29.193
6.3218894	1.3251907	6.566098	29.243
6.2871737	1.3742718	7.180211	29.292
7.183802	1.3359646	6.7887588	29.342
7.111976	1.2749124	6.621165	29.392
7.644686	1.4616601	6.4344172	29.442
7.240066	1.2210429	6.2141504	29.492
7.8146744	1.2449849	6.1507044	29.542
7.457938	1.0666169	6.155493	29.592
7.3669586	1.0402806	6.2261214	29.642
7.219715	1.1468226	6.341043	29.692
7.8757267	1.1659763	6.2728086	29.742
7.643489	1.0821792	6.063316	29.792
7.457938	1.3251907	6.1159883	29.842
7.6710224	1.2401965	5.901707	29.892
7.536947	1.4401124	6.266823	29.942
7.8062944	1.3826514	6.137536	30.003
7.619547	1.5095441	6.325481	30.049
7.4830775	1.5071499	6.017826	30.092
7.117962	1.5047557	6.1926026	30.142
7.3909006	1.151611	6.1770406	30.194
7.547721	1.2737153	6.1542954	30.244
7.395689	1.0929531	6.257246	30.294
7.7691846	1.2198458	6.077681	30.344
7.3669586	1.3946224	6.35062	30.396
7.267599	0.94092125	5.9627595	30.445
7.359776	0.9995792	6.149507	30.495
7.6231384	0.79487497	6.2632318	30.545
7.467515	1.0247183	6.197391	30.595
7.3669586	1.1216835	6.1746464	30.647
7.550115	1.3611037	6.2464724	30.693
7.5453267	1.292869	6.173449	30.743
7.323863	1.0941502	6.0585275	30.793
7.553706	1.115698	6.1662664	30.843
7.621941	1.3120226	6.303933	30.892
7.6375036	1.3072342	6.053739	30.942
7.3729444	1.1061212	6.1327477	30.994
7.505822	1.0642227	6.1112	31.014
7.8709383	0.9959879	6.0645127	31.092
7.735666	0.94810385	6.0968347	31.142
7.418434	0.6835446	5.943606	31.192
7.526173	0.8607155	6.2404866	31.242
7.7440453	0.9959879	5.9687448	31.294
7.37055	0.89543146	6.0525417	31.344
6.0728927	0.52073884	6.1938	31.394
8.556877	0.8343793	6.0800753	31.444
7.043741	1.3275849	6.4511766	31.495
8.172607	1.2749124	6.0357823	31.545
7.4375877	1.271321	6.1195793	31.595
7.905654	1.0031705	5.9651537	31.645
7.4735007	1.2605472	6.30513	31.695
8.127118	1.0067618	5.7496753	31.746
7.5070195	1.2808979	5.9172697	31.793
7.4567413	1.6424223	6.530185	31.843
7.529764	1.4867992	6.539762	31.893
7.323863	1.1097125	6.3422403	31.943
7.9451585	1.8016368	6.5828576	31.992
7.445967	1.0019734	6.3099184	32.042
7.00304	1.2605472	6.8162923	32.092
6.76362	1.5682021	6.7983356	32.142
6.1183825	1.3515269	6.7731967	32.194
5.719748	1.590947	7.3418193	32.244
5.5748987	1.7274165	7.422025	32.294
5.99149	1.8710686	7.66384	32.344
6.43322	1.6412252	7.6243353	32.395
6.7480574	1.4532804	7.2831616	32.445
6.503849	1.2557588	6.9707184	32.495
6.68102	1.2198458	6.7767878	32.545
7.249643	1.4065934	6.9168487	32.595
7.2245035	1.4281414	6.8091097	32.645
6.7468605	1.4030021	6.8462195	32.695
6.657078	1.3551182	7.0006456	32.745
6.5325794	1.3958195	7.2268977	32.797
6.319495	1.5370775	7.368156	32.842
6.405687	1.6136919	7.6734166	32.893
6.609194	1.2761095	6.7348895	32.943
6.2883706	1.4688427	7.129933	32.993
6.519411	1.3443443	7.1083846	33.042
6.482301	1.2401965	6.956353	33.102
6.5206084	1.328782	7.2424603	33.144
6.4188547	1.6567876	7.3310456	33.195
6.477513	1.8291701	7.0712748	33.244
6.459556	1.7681179	7.153875	33.294
6.5936313	1.8004397	7.141904	33.345
6.4547677	1.8411411	7.120356	33.395
6.4104753	1.7238252	6.9623384	33.445
6.269217	1.5957354	6.992266	33.495
6.8366427	1.7250223	6.951565	33.545
6.6846113	1.7848774	6.7684083	33.595
6.757634	1.661576	6.64391	33.645
7.1371155	1.5813702	6.469133	33.695
7.327454	1.4616601	6.317101	33.768
7.4124484	1.364695	6.1806316	33.794
7.563283	1.2330139	6.027403	33.843
7.7667904	1.3036429	5.9807158	33.896
8.186973	1.4281414	5.613206	33.945
8.192958	1.3802572	5.427655	33.992
8.209718	1.1587936	5.3618145	34.042
8.194156	1.1180922	5.368997	34.094
8.24204	1.1408371	5.2397103	34.142
8.281544	1.1671734	5.3678	34.192
8.276755	1.1994951	5.5725045	34.242
8.135497	1.1109096	5.4911017	34.292
7.529764	0.6428431	5.2899885	34.342
8.141483	0.8846575	5.4061074	34.392
8.032547	0.8810662	5.509058	34.442
7.6470804	0.7445967	5.398925	34.492
7.723695	0.7553706	5.580884	34.542
8.159439	1.1025299	5.6156	34.592
8.085219	1.1911154	5.4180784	34.642
8.033744	1.0426749	5.3007627	34.692
8.069656	1.0175357	5.2061915	34.742
8.283937	0.9672575	5.1583076	34.792
8.318654	0.8463503	5.052963	34.842
8.471883	0.79487497	4.859032	34.892
8.396465	0.6572084	4.787206	34.946
8.311471	0.7733272	4.8267107	35.004
8.449138	0.8762778	4.709395	35.043
8.432379	0.7769185	4.679467	35.092
8.736442	0.9672575	4.5561657	35.142
8.598776	0.89902276	4.3718123	35.192
8.811859	0.7266402	4.211401	35.244
8.754398	0.7062895	4.0976763	35.294
8.900445	0.61770403	4.0138793	35.344
8.954314	0.6607997	3.894169	35.394
8.962694	0.59615624	3.8115692	35.438
8.9842415	0.5734113	3.667917	35.488
9.0476885	0.45010993	3.5936968	35.546
9.012972	0.5291186	3.5326445	35.6
9.010578	0.39624038	3.4751837	35.645
9.001001	0.16998832	3.1890767	35.7
8.895657	0.50637364	3.2788591	35.744
9.143456	0.45848963	3.1603463	35.799
9.451111	0.6679823	3.0705638	35.845
9.561244	0.38307226	2.742558	35.899
9.334992	0.36870706	2.6156654	35.945
9.465476	0.4321534	2.6922798	35.98
9.594764	0.48841715	2.6384103	36.009
9.483433	0.44651863	2.5570073	36.093
9.299079	0.37229836	2.7329812	36.143
9.300277	0.4309563	2.7976246	36.193
9.36492	0.38307226	2.7114334	36.242
9.376891	0.40222588	2.8072014	36.292
9.200917	0.47884035	2.8215668	36.342
9.193734	0.40222588	2.8287494	36.394
9.332599	0.34237084	2.8299465	36.444
9.248801	0.2765303	2.8083985	36.494
9.28232	0.2837129	2.8407204	36.544
9.266758	0.24061728	2.815581	36.595
9.368511	0.22505496	2.7832594	36.645
9.223662	0.34356794	2.7928362	36.699
9.340978	0.29927522	2.8335378	36.74
9.301474	0.16280572	2.7138276	36.799
9.336189	0.18555063	2.717419	36.839
9.352949	0.17717093	2.6994624	36.899
9.356541	0.22625206	2.6767175	36.94
9.214086	0.20949265	2.7688942	36.999
9.275137	0.21068975	2.802413	37.019
9.241618	0.21547815	2.8335378	37.094
9.336189	0.31004912	2.791639	37.143
9.276335	0.22625206	2.8766334	37.193
9.266758	0.24061728	2.8060043	37.243
9.374496	0.260968	2.8000188	37.292
9.323022	0.2813187	2.8203697	37.345
9.350554	0.24061728	2.8287494	37.394
9.257181	0.22864626	2.8407204	37.444
9.2787285	0.23463176	2.9735985	37.494
9.218874	0.2657564	3.052607	37.538
9.212888	0.31364042	3.0945058	37.588
9.157822	0.32202014	3.1771057	37.645
9.19134	0.35434186	3.1627405	37.699
9.209297	0.38187516	3.132813	37.745
9.176975	0.29927522	3.1974564	37.8
9.168595	0.33039984	3.1986535	37.844
9.15423	0.29688102	3.2237926	37.9
9.114726	0.30765492	3.2908301	37.944
9.113529	0.39743748	3.3279405	38.0
9.161413	0.44651863	3.321955	38.019
9.088389	0.40222588	3.393781	38.096
9.101558	0.35913026	3.333926	38.143
9.176975	0.3878607	3.309984	38.195
9.17099	0.41180268	3.2609026	38.243
9.168595	0.36272156	3.3147724	38.292
9.157822	0.39863458	3.2812533	38.344
9.19134	0.35075054	3.3159695	38.394
9.096769	0.36391866	3.3267434	38.444
9.124303	0.40102878	3.3782187	38.494
9.111135	0.41060558	3.4261026	38.539
9.112331	0.4441244	3.417723	38.588
9.074024	0.427365	3.4560301	38.644
9.064447	0.48123455	3.527856	38.7
9.040505	0.45968673	3.537433	38.745
9.001001	0.46327803	3.5936968	38.8
9.0429	0.48243165	3.6248214	38.844
8.983045	0.48482585	3.678691	38.899
9.016563	0.49081135	3.6834793	38.945
8.955511	0.50996494	3.764882	38.999
8.974665	0.45848963	3.8055837	39.019
8.866926	0.557849	3.858256	39.096
8.959103	0.59256494	3.8498764	39.143
8.896853	0.60693014	3.9492357	39.193
8.878897	0.58897364	3.940856	39.246
8.820239	0.61411273	3.9875429	39.292
8.876503	0.61171854	4.0581717	39.344
8.747216	0.6452374	4.0904937	39.394
8.825027	0.6847417	4.1276035	39.444
8.789114	0.6667852	4.1958385	39.494
8.775947	0.712275	4.2078094	39.545
8.783129	0.7266402	4.2161894	39.595
8.752005	0.7146692	4.271256	39.645
8.716091	0.7146692	4.297592	39.695
8.639477	0.7098808	4.426879	39.745
8.617929	0.79966336	4.4843397	39.795
8.565256	0.78050977	4.5286326	39.845
8.532935	0.81522566	4.554969	39.895
8.610746	0.79966336	4.6124296	39.945
8.559271	0.842759	4.6124296	40.007
8.574833	0.81522566	4.59567	40.025
8.588001	0.82240826	4.655525	40.093
8.487445	0.78649527	4.698621	40.143
8.561666	0.842759	4.7070007	40.193
8.483853	0.8511387	4.772841	40.243
8.413225	0.8762778	4.8662148	40.283
8.366538	0.8655039	4.894945	40.342
8.358158	0.8583213	4.96318	40.394
8.264784	0.8523358	5.067328	40.444
8.26239	0.866701	5.093664	40.494
8.232463	0.8643068	5.106832	40.544
8.27077	0.8846575	5.130774	40.595
8.194156	0.89184016	5.17387	40.645
8.285135	0.89543146	5.2145715	40.695
8.239645	0.8595184	5.189432	40.747
8.190564	0.8583213	5.2205567	40.792
8.206126	0.88944596	5.2648497	40.843
8.171411	0.85473	5.270835	40.893
8.135497	0.8738836	5.3486466	40.952
8.110358	0.8631097	5.437232	40.994
8.039729	0.8858546	5.4444146	41.024
8.050503	0.90261406	5.451597	41.097
7.9822683	0.82240826	5.533	41.144
7.914034	0.8702923	5.5964465	41.188
7.98586	0.91099375	5.614403	41.244
7.8793178	0.94810385	5.639542	41.3
7.8984714	0.9540894	5.7161565	41.367
7.967903	1.0007763	5.6886234	41.404
7.8865004	0.89902276	5.6682725	41.443
7.8170686	0.94211835	5.753267	41.493
7.751228	0.9696517	5.8226986	41.543
7.6961613	1.0235212	5.9304376	41.592
7.7224975	1.0199299	5.9483943	41.643
7.6255326	1.0295067	5.959168	41.694
7.642292	1.0151415	5.997475	41.744
7.691373	1.0498575	6.042965	41.794
7.6003933	1.0067618	6.0106435	41.845
7.5800424	1.091756	6.0621185	41.895
7.5704656	1.0977415	6.157887	41.945
7.467515	1.0761937	6.1758432	41.995
7.479486	1.1456255	6.183026	42.016
7.479486	1.115698	6.2165446	42.093
7.345411	1.1815386	6.343437	42.143
7.3909006	1.2306197	6.3302693	42.193
7.2328835	1.258153	6.353014	42.243
7.2388687	1.2641385	6.421249	42.294
7.181408	1.328782	6.421249	42.344
7.2687964	1.3012487	6.4128695	42.394
7.2149267	1.3754689	6.501455	42.449
7.2963295	1.271321	6.4739213	42.492
7.3765354	1.2030864	6.3865333	42.544
7.311892	1.2258313	6.4427967	42.594
7.0940194	1.115698	6.3099184	42.643
7.3190746	1.079785	6.457162	42.694
7.4327993	1.2844892	6.483498	42.745
7.3406224	0.89184016	6.393716	42.795
7.3609734	0.878672	6.269217	42.845
7.5189905	0.6715736	6.215348	42.895
7.8984714	0.6476316	6.1183825	42.945
7.577648	0.5518635	5.8454432	42.995
7.5968018	0.7769185	6.0022635	43.027
7.7943234	0.842759	6.2392898	43.095
7.5692687	0.8403648	6.265626	43.143
7.499837	0.8822633	6.3087215	43.193
7.3885064	0.90021986	6.5218053	43.243
7.3897038	0.6739678	6.467936	43.292
7.2460513	1.0737995	6.4787097	43.344
6.927623	0.51834464	6.435614	43.394
7.026982	1.1492168	6.96593	43.444
6.8246717	0.6943185	6.5936313	43.5
6.519411	0.8834604	6.7372837	43.545
6.992266	1.0354922	7.015011	43.593
7.311892	0.94690675	6.733692	43.643
7.0844426	0.93972415	6.692991	43.693
7.5165963	1.115698	6.7265096	43.742
7.2580223	0.81642276	6.6750345	43.794
7.028179	0.7793127	6.739678	43.844
6.921637	0.80924016	6.870162	43.894
6.721721	0.8391677	6.9360023	43.944
6.706159	0.9552865	6.993463	43.995
6.5960255	0.9959879	7.1023993	44.028
6.1279593	1.0450691	7.2508397	44.093
6.5804634	0.6931214	7.098808	44.143
6.4487824	0.79846627	7.004237	44.193
6.519411	0.90859956	7.1263413	44.243
6.894104	0.878672	7.076063	44.292
6.7384806	0.91697925	7.0940194	44.344
6.8246717	0.9804256	7.053318	44.394
6.871359	1.1133038	7.101202	44.444
6.63553	1.0390835	7.07726	44.494
6.467936	0.9576807	7.120356	44.545
6.421249	1.0606314	7.291541	44.607
6.4631476	1.1133038	7.2927384	44.643
6.4284315	1.0366893	7.2963295	44.693
6.408081	0.9516952	7.1526775	44.743
6.5577183	1.2737153	7.207744	44.803
6.789956	1.2162545	7.2185183	44.852
6.491878	1.1348516	7.074866	44.894
6.443994	1.1851299	7.225701	44.944
6.4727244	1.0726024	7.3286514	45.006
6.1866174	1.1731589	7.3190746	45.026
6.3661823	1.2545617	7.261614	45.095
6.47033	1.2150574	7.2460513	45.143
6.697779	1.1659763	7.252037	45.192
6.7001734	1.1611878	7.1730285	45.243
6.691794	1.0151415	7.07726	45.292
6.6163764	1.033098	7.1059904	45.344
6.555324	1.1791444	7.1909847	45.394
6.5601125	1.2976574	7.2831616	45.444
6.5206084	1.3227965	7.243657	45.494
6.4547677	1.3215994	7.2664022	45.545
6.527791	1.3359646	7.321469	45.595
6.4787097	1.377863	7.261614	45.645
6.3338604	1.460463	7.33344	45.702
6.417658	1.3982137	7.3753386	45.743
6.385336	1.3311762	7.2628107	45.793
6.3003416	1.3946224	7.301118	45.843
6.349423	1.5023615	7.430405	45.893
6.1207767	1.6903064	7.502231	45.942
6.203377	1.7369933	7.398083	45.994
6.1507044	1.7489643	7.503428	46.027
6.0010667	1.721431	7.526173	46.102
6.0321913	1.7010803	7.551312	46.142
6.0944405	1.6136919	7.5764513	46.194
6.054936	1.638831	7.5465236	46.244
6.0980315	1.6376339	7.4926543	46.294
6.087258	1.7489643	7.5201874	46.344
6.125565	1.7178397	7.539341	46.395
6.003461	1.6915035	7.5309615	46.445
6.087258	1.7118542	7.60997	46.499
5.99149	1.578976	7.5345526	46.54
5.959168	1.6112977	7.49026	46.599
6.090849	1.6077064	7.5082164	46.639
6.126762	1.6220716	7.502231	46.699
6.0381765	1.6436194	7.4746976	46.74
6.194997	1.6400281	7.5070195	46.807
6.2392898	1.6184803	7.445967	46.853
6.247669	1.6232687	7.419631	46.893
6.3099184	1.5837644	7.4112515	46.943
6.241684	1.5071499	7.289147	46.993
6.314707	1.5334862	7.357382	47.025
6.3362546	1.4460979	7.3406224	47.092
6.203377	1.4772224	7.309498	47.144
6.3829417	1.5705963	7.3346367	47.194
6.325481	1.5825673	7.368156	47.244
6.3661823	1.5143325	7.368156	47.294
6.3601966	1.5598224	7.309498	47.345
6.384139	1.5131354	7.2927384	47.395
6.4487824	1.5454572	7.314286	47.445
6.4404025	1.6124948	7.3549876	47.495
6.421249	1.590947	7.253234	47.545
6.421249	1.5191209	7.253234	47.595
6.3829417	1.5610195	7.2783732	47.645
6.4272346	1.5837644	7.2113357	47.692
6.4643445	1.5562311	7.2460513	47.743
6.447585	1.520318	7.2149267	47.793
6.530185	1.5406688	7.165846	47.843
6.59004	1.6077064	7.1981673	47.894
6.707356	1.4951789	7.1383123	47.942
6.435614	1.5442601	7.061698	48.001
6.453571	1.377863	7.21373	48.032
6.384139	1.4101849	7.16824	48.092
6.3470287	1.4975731	7.351396	48.144
6.4427967	1.5119383	7.2328835	48.194
6.435614	1.5382746	7.144298	48.244
6.5505357	1.5598224	7.1347213	48.294
6.5864487	1.5035586	7.100005	48.345
6.602011	1.4089876	7.028179	48.395
6.7001734	1.4293385	6.9479733	48.445
6.554127	1.4628572	7.013814	48.495
6.591237	1.435324	7.03177	48.545
6.6642604	1.447295	6.921637	48.595
6.7480574	1.4281414	6.96593	48.645
6.6307416	1.4760253	6.517017	48.695
7.297527	1.4401124	6.894104	48.745
7.0449386	1.5119383	6.789956	48.795
7.217321	1.4927847	6.5577183	48.845
6.980295	1.5310919	6.7348895	48.895
6.977901	1.4915876	6.6642604	48.952
6.993463	1.353921	6.5936313	48.993
7.062895	1.3263878	6.5481415	49.025
7.2209125	1.3204023	6.4511766	49.094
7.3346367	1.2282255	6.3542113	49.143
7.49026	1.2246342	6.217742	49.202
7.5165963	1.1755531	6.093243	49.244
7.6410947	1.328782	6.078878	49.294
7.785944	1.1528081	5.923255	49.343
7.8517847	1.1252748	5.8562174	49.394
7.9487495	1.13964	5.7987566	49.445
7.8972745	1.0019734	5.7281275	49.495
7.884106	1.0271125	5.705383	49.538
7.9750857	0.9995792	5.5976434	49.595
7.9367785	0.973243	5.6670756	49.645
7.8386164	1.0462662	5.626374	49.695
7.788338	1.0893618	5.851429	49.745
7.762002	0.9660604	5.710171	49.795
7.7703815	1.0283096	5.7736173	49.845
7.8422074	0.92296475	5.637148	49.895
7.9272017	0.9864111	5.6108117	49.945
7.9870567	0.961272	5.494693	50.008
8.000225	1.009156	5.4659624	50.029
8.244433	1.0510546	5.267244	50.104
8.214506	0.8798691	5.2002063	50.143
8.34499	0.8343793	5.1726727	50.193
8.307879	0.8774749	5.055357	50.243
8.39048	0.8726865	5.0362034	50.294
8.271967	0.8295909	4.995502	50.344
8.468291	0.8690952	4.9775453	50.394
8.383297	0.8451532	4.972757	50.444
8.456321	0.9624691	5.055357	50.495
8.498219	0.8595184	4.9428296	50.545
8.2169	0.82719666	4.960786	50.595
8.453926	0.7457938	5.0661306	50.645
8.537724	0.6895301	5.0182467	50.695
8.2516165	0.6775591	4.973954	50.745
8.485051	0.51954174	4.8147397	50.795
8.376115	0.51355624	4.950012	50.845
8.316259	0.15322891	4.9799395	50.895
8.354567	0.6512229	4.9548006	50.945
8.565256	0.7338228	4.924873	50.995
8.055291	0.6464345	4.8015714	51.035
7.825448	0.47884035	4.823119	51.093
8.288726	0.5746084	5.2241483	51.149
8.74961	0.49440265	4.983531	51.193
8.377312	0.47405192	4.4843397	51.243
8.791509	0.33877954	4.0701427	51.294
8.72088	0.48243165	4.5980644	51.344
9.251195	0.48362875	3.5781345	51.394
9.089587	0.61411273	3.8714242	51.444
8.9519205	0.7134721	3.6595373	51.495
9.076419	0.45489833	3.8307228	51.545
9.193734	0.58897364	3.7936125	51.595
9.0081835	0.4381389	3.693056	51.645
8.954314	0.48482585	3.8391025	51.695
9.021352	0.5506664	3.952827	51.745
8.842984	0.6919243	4.203021	51.795
8.75799	0.6344634	4.187459	51.845
8.826224	0.7206547	4.2580876	51.895
8.789114	0.60214174	4.2676644	51.945
8.773552	0.6344634	4.3837833	51.995
8.546103	0.50278234	4.5166616	52.035
8.465898	0.6584055	4.63278	52.093
8.698134	0.6919243	4.665102	52.143
8.403648	0.6847417	4.7081976	52.193
8.394072	0.59256494	4.7285485	52.253
8.443152	0.5410896	4.757279	52.292
8.444349	0.51475334	4.501099	52.344
8.516175	0.7302315	4.8003745	52.394
8.358158	0.59256494	4.685453	52.444
8.388085	0.6895301	4.6938324	52.494
8.513782	0.7074866	4.7740383	52.545
8.3868885	0.70509243	4.987122	52.595
8.535329	0.878672	4.6818614	52.645
8.591593	0.61770403	4.7500963	52.695
8.560468	0.5781997	4.373009	52.745
8.558074	0.6955156	4.6519337	52.795
8.595184	0.92176765	4.7620673	52.845
8.480263	0.8391677	4.7680526	52.895
8.354567	0.8595184	4.805163	52.945
8.591593	0.8738836	4.830302	52.995
8.543709	0.89543146	4.8506527	53.035
8.614338	0.6667852	4.5513773	53.099
8.635885	0.7733272	4.619612	53.143
8.595184	0.6931214	4.5657425	53.193
8.611943	0.6859388	4.6591167	53.243
8.588001	0.6380547	4.6471453	53.292
8.674192	0.59136784	4.4783545	53.348
8.463503	0.58777654	4.7740383	53.392
9.029732	0.5590461	4.665102	53.444
8.301894	0.62847793	5.09127	53.494
7.9595237	0.9684546	5.329493	53.544
7.819463	0.7733272	5.2887917	53.594
7.8865004	0.8367735	5.5401826	53.645
7.941567	0.89662856	5.5725045	53.695
7.8996687	0.90500826	5.555745	53.745
8.204929	1.1887212	5.7161565	53.795
7.583634	0.29927522	5.333084	53.847
8.1163435	0.7757214	5.129577	53.895
8.433576	0.6428431	5.151125	53.944
8.261193	0.7146692	5.0757074	53.996
8.2276745	0.65242	5.2564697	54.028
8.304289	0.5303157	5.011064	54.095
8.603564	0.4201824	4.7536874	54.144
8.389283	0.79966336	5.0481744	54.193
8.409634	0.5410896	4.7189717	54.243
8.659827	0.59974754	4.557363	54.294
8.683769	1.0055647	4.938041	54.344
8.285135	0.6739678	4.8841715	54.394
8.354567	0.79487497	5.0900726	54.444
7.905654	0.7278373	5.0637364	54.502
8.073248	0.5291186	5.461174	54.544
8.100781	0.7038953	5.237316	54.594
8.602366	0.866701	4.996699	54.644
8.318654	0.9600749	5.145139	54.694
8.281544	0.7577648	4.951209	54.745
8.040926	0.45130703	5.161899	54.795
8.286332	0.62967503	4.8817773	54.844
8.785523	0.842759	4.4280763	54.895
8.65025	0.7422025	4.3837833	54.945
8.881291	0.6631939	4.260482	55.008
8.815451	0.760159	4.19943	55.035
8.717288	0.5746084	4.2401314	55.092
8.949526	0.760159	4.120421	55.143
8.825027	0.82121116	4.197036	55.193
8.957906	0.50517654	4.357447	55.243
8.623915	0.60094464	4.4424415	55.302
8.543709	0.5542577	4.3634324	55.344
8.674192	0.60214174	4.247314	55.394
8.814254	0.46806642	4.256891	55.444
8.775947	0.5482722	4.0414124	55.494
9.0237465	0.7637503	4.1958385	55.545
8.750807	0.7613561	4.283227	55.593
8.835801	0.78649527	4.289212	55.643
8.704121	0.79846627	4.4448357	55.693
8.896853	0.59376204	4.2281604	55.743
8.780735	0.05626374	4.2161894	55.794
8.37013	0.34476504	4.4196963	55.844
8.65025	0.5590461	4.3634324	55.894
8.583213	0.82121116	4.88896	55.944
8.384495	0.89662856	4.8003745	55.994
8.324639	0.85473	4.9416323	56.028
8.503007	0.7062895	4.71538	56.092
8.422802	0.5770026	4.811148	56.143
8.4108305	0.48722005	4.71538	56.193
8.297106	0.6955156	5.033809	56.243
8.157045	0.9911995	5.044583	56.302
8.39886	0.85473	5.1116204	56.344
8.024167	0.6548142	4.7405195	56.394
8.358158	0.50038815	4.6279917	56.444
8.244433	0.48841715	5.1247888	56.494
8.111555	1.127669	4.945224	56.545
8.327033	0.8834604	4.739322	56.597
8.372523	0.8619126	4.4364557	56.642
8.711303	0.7302315	4.3718123	56.693
8.844181	0.59855044	3.9863458	56.743
9.160215	0.46567222	3.5661635	56.803
9.260772	0.3854665	3.1998506	56.842
9.3182335	0.36511576	2.9352913	56.894
9.469068	0.33039984	2.610877	56.944
9.568427	0.34237084	2.5953147	56.994
9.578004	0.50517654	2.4624364	57.044
9.528923	0.39743748	2.268506	57.098
9.368511	0.427365	2.2984335	57.145
9.4535055	0.25857377	2.055422	57.199
9.485827	0.35075054	2.0602105	57.239
9.431957	0.1352724	1.9764135	57.299
9.589975	0.30765492	1.5227122	57.339
9.721656	0.38067806	1.5957354	57.399
9.713276	0.31244332	1.5286977	57.44
9.531317	0.24061728	1.4939818	57.499
9.568427	0.19153613	1.3299791	57.546
9.5971575	0.19752164	1.2066777	57.599
9.679757	0.20350714	1.0893618	57.64
9.67018	0.15801731	0.8702923	57.702
9.779117	0.075417355	0.7278373	57.754
9.722853	0.16400282	0.581791	57.793
9.749189	0.05865794	0.48482585	57.843
9.618706	0.08259996	0.3842694	57.893
9.764751	0.07182605	0.29209262	57.942
9.7958765	0.11133038	0.17597382	57.994
9.774328	0.07182605	0.24779987	58.044
9.698911	0.005985504	0.21308395	58.092
9.617508	-0.01316811	0.2681506	58.142
9.727641	0.1376666	0.31364042	58.194
9.801862	-0.062249243	0.2861071	58.244
9.548077	0.14844051	0.44771573	58.294
9.682152	0.16280572	0.40102878	58.344
9.733627	0.1604115	0.4177882	58.395
9.56723	0.1340753	0.49679685	58.445
9.822212	0.059855044	0.5590461	58.499
9.696517	0.33518824	0.36870706	58.539
9.605537	0.24061728	0.4333505	58.599
9.688137	0.25139117	0.35553896	58.64
9.645041	0.22266077	0.34117374	58.699
9.518148	0.30645782	0.23463176	58.739
9.703699	0.21667525	0.17118542	58.784
9.824607	0.11252748	-0.010773907	58.853
9.700109	0.15322891	-0.015562311	58.893
9.744401	0.17956513	0.016759412	58.943
9.713276	0.22864626	0.020350715	58.993
9.762358	0.24660277	0.033518825	59.042
9.726444	0.2741361	-0.025139118	59.092
9.768343	0.24660277	-0.11611878	59.142
9.661801	0.20709845	-0.10055647	59.194
9.66659	0.22984336	-0.107739076	59.244
9.7719345	0.25498247	-0.095768064	59.294
9.7324295	0.2633622	-0.05267244	59.344
9.77792	0.36391866	0.039504327	59.394
9.510966	0.30885202	-0.010773907	59.445
9.7958765	0.22026655	0.037110128	59.499
9.643845	0.22864626	0.11372458	59.539
9.759963	0.2717419	0.10534488	59.599
9.725247	0.21906945	0.08619126	59.639
9.813833	0.25617957	0.093373865	59.693
9.54209	0.25498247	0.30406362	59.743
9.773131	0.22505496	0.2885013	59.793
9.704897	0.18914193	0.35553896	59.843
9.662998	0.2657564	0.5518635	59.897
9.676167	0.33279404	0.63206923	59.942
9.64983	0.35673606	0.7206547	60.004
9.533711	0.21188685	0.7038953	60.042
9.783905	0.24301147	0.8439561	60.093
9.720459	0.28491	0.9624691	60.142
9.645041	0.2837129	1.0055647	60.194
9.563639	0.22146365	1.1611878	60.244
9.605537	0.23822308	1.2689269	60.294
9.607931	0.38307226	1.3371617	60.344
9.679757	0.34237084	1.3467385	60.395
9.352949	0.09935937	1.4293385	60.443
9.482236	0.5291186	1.4760253	60.491
9.392453	-0.021547815	2.231396	60.542
9.7563715	0.33877954	2.232593	60.592
9.44752	0.36391866	1.4556746	60.642
