1.6316484	-8.659827	1.9476831	0.09
1.4101849	-8.966286	1.8602947	0.005
1.4879963	-8.955511	3.3087866	0.048
1.5095441	-8.9998045	3.441665	0.078
1.5107412	-8.991425	3.4919431	0.1
1.6196774	-9.040505	3.2980127	0.13
1.5933412	-9.082404	3.1794999	0.15
1.508347	-9.057265	3.1615434	0.18
1.4676456	-9.063251	3.2489316	0.2
1.567005	-9.030929	3.4105403	0.23
1.5933412	-9.01776	3.3195608	0.25
1.5454572	-9.046491	3.2632968	0.28
1.5251064	-9.044097	3.276465	0.295
1.6460136	-9.048885	3.1998506	0.331
1.7238252	-9.082404	3.1256304	0.345
1.5382746	-9.119514	3.0538042	0.375
1.460463	-9.038112	3.1998506	0.394
1.5071499	-9.048885	3.25372	0.431
1.5382746	-9.074024	3.2980127	0.451
1.5394717	-9.041702	3.3686419	0.481
1.541866	-9.038112	3.4105403	0.498
1.4999673	-9.024943	3.3662477	0.531
1.471237	-8.99741	3.3758245	0.551
1.4700398	-8.996213	3.4249055	0.581
1.472434	-9.059659	3.3375173	0.601
1.4209588	-9.033323	3.2932243	0.62
1.4891934	-9.028535	3.289633	0.651
1.5502456	-9.078813	3.3051953	0.671
1.5263035	-8.998607	3.3267434	0.701
1.4652514	-8.878897	3.3674448	0.721
1.5346833	-9.127894	3.3183637	0.751
1.5705963	-9.143456	3.2190042	0.771
1.4939818	-9.039309	3.300407	0.801
1.4221559	-9.003395	3.3662477	0.831
1.389834	-9.006987	3.3375173	0.851
1.4065934	-9.006987	3.3375173	0.851
1.5275006	-9.029732	3.2441432	0.9
1.5801731	-9.087193	3.228581	0.929
1.5921441	-9.084799	3.2082303	0.949
1.5849615	-9.01776	3.1854854	0.979
1.6938977	-9.048885	3.2453403	0.999
1.6927006	-8.965088	3.1950622	1.029
1.6436194	-8.911219	3.2716765	1.049
1.614889	-9.14226	3.3889925	1.079
1.5921441	-9.242816	3.3051953	1.098
1.4939818	-9.238028	3.063381	1.13
1.471237	-9.068039	3.1747115	1.15
1.4748282	-8.990228	3.3147724	1.18
1.4449008	-9.068039	3.288436	1.2
1.5047557	-9.096769	3.2632968	1.23
1.4760253	-9.0237465	3.2118216	1.25
1.5023615	-9.039309	3.1986535	1.28
1.6041151	-9.1829605	3.1136594	1.3
1.6089035	-9.14585	3.0107086	1.331
1.6555905	-9.021352	3.169923	1.351
1.6280571	-9.045294	3.229778	1.381
1.6723499	-9.120711	3.072958	1.401
1.661576	-9.163807	2.919729	1.421
1.5729905	-9.118318	3.1112652	1.451
1.4772224	-9.083601	3.345897	1.481
1.471237	-9.006987	3.3494883	1.502
1.5023615	-8.955511	3.2716765	1.52
1.5275006	-9.124303	3.0310593	1.551
1.5275006	-9.144653	2.9987376	1.57
1.4987702	-9.099164	3.1292217	1.602
1.4856021	-9.045294	3.2142158	1.621
1.5849615	-9.069236	3.1675289	1.651
1.6472107	-9.095572	3.1435869	1.671
1.6962919	-9.097966	2.9939492	1.701
1.6364368	-9.094376	2.9831753	1.72
1.7154455	-9.105149	3.204639	1.751
1.5981296	-9.029732	3.2848446	1.781
1.5885528	-9.00579	3.3123782	1.801
1.5849615	-9.057265	3.300407	1.821
1.6567876	-9.118318	3.1399956	1.841
1.6567876	-9.118318	3.1399956	1.841
1.6567876	-9.132683	3.0705638	1.901
1.5813702	-9.024943	3.180697	1.913
1.5993267	-9.054871	3.2213984	1.941
1.5394717	-9.097966	3.156755	1.982
1.5993267	-9.057265	3.252523	2.002
1.5454572	-9.036914	3.3746274	2.029
1.4796166	-9.059659	3.3446999	2.051
1.4927847	-9.077616	3.2704794	2.07
1.5729905	-9.121908	3.241749	2.099
1.4867992	-9.143456	3.1890767	2.12
1.5263035	-9.13388	3.1435869	2.135
1.7549498	-8.956709	3.0214825	2.17
1.7178397	-9.033323	3.0310593	2.184
1.6567876	-9.1255	3.0478187	2.22
1.8435353	-8.992621	3.241749	2.248
1.8842367	-8.974665	3.3566709	2.27
1.7621324	-9.021352	3.3183637	2.284
1.5514427	-9.052477	3.074155	2.32
1.5741876	-9.056067	3.0933087	2.348
1.6412252	-9.065644	3.1747115	2.37
1.6879122	-9.028535	3.1854854	2.385
1.5334862	-9.175778	2.9113493	2.42
1.614889	-9.057265	3.1256304	2.448
1.2773066	-9.082404	3.3387144	2.478
1.5286977	-9.041702	3.2369606	2.498
1.5861586	-9.070433	3.406949	2.53
1.352724	-9.238028	3.2082303	2.55
1.2904748	-9.263166	2.932897	2.57
1.5119383	-9.11712	3.0585926	2.6
1.875857	-8.991425	3.2477345	2.62
1.851915	-9.009381	3.2680852	2.64
1.7357962	-8.944737	3.2393548	2.67
1.62686	-9.0081835	3.2225955	2.7
1.6196774	-9.069236	3.2704794	2.72
1.6519991	-9.011775	3.301604	2.735
1.6915035	-9.006987	3.321955	2.771
1.5969325	-9.099164	3.3147724	2.796
1.7669208	-9.039309	2.9963434	2.831
1.7022774	-9.010578	3.0693667	2.842
1.6017209	-8.968679	3.156755	2.854
1.7501614	-9.0716305	3.2106245	2.899
1.7860745	-9.020155	3.0825348	2.919
1.5071499	-9.127894	3.1902738	2.949
1.3515269	-9.228451	3.1878796	2.969
1.5562311	-8.993818	3.2094274	2.999
1.6819267	-8.963891	3.3159695	3.019
1.4185646	-9.038112	3.3973722	3.049
1.2318168	-9.087193	3.2213984	3.068
1.543063	-9.068039	3.2261868	3.1
1.5275006	-9.204509	3.1615434	3.12
1.4939818	-9.248801	3.0538042	3.15
1.4820108	-9.204509	2.9640217	3.17
1.6172832	-9.097966	2.9293058	3.2
1.7286136	-9.103952	3.0454245	3.22
1.673547	-9.082404	3.1747115	3.24
1.5897499	-9.036914	3.2716765	3.27
1.5897499	-9.036914	3.2716765	3.284
1.7310078	-9.184157	3.2692823	3.321
1.8052281	-8.88608	3.2333694	3.348
1.8303672	-9.002198	3.144784	3.369
1.7070658	-9.289502	3.0358477	3.399
1.5023615	-9.36492	3.0011318	3.419
1.1731589	-9.185355	2.7952304	3.449
1.2006922	-8.9602995	3.1280246	3.469
1.292869	-8.858546	3.4919431	3.499
1.3491327	-8.968679	3.466804	3.519
1.4975731	-9.046491	3.4213142	3.548
1.6711528	-9.088389	3.3147724	3.568
1.5286977	-9.046491	3.2848446	3.598
1.3515269	-9.059659	3.301604	3.62
1.2605472	-9.0429	3.2142158	3.65
1.2940661	-9.051279	3.2321723	3.67
1.2964603	-9.108741	3.2944214	3.7
1.2653356	-9.150639	3.264494	3.72
1.2378023	-9.065644	3.228581	3.75
1.1480197	-9.03452	3.3207579	3.77
1.2054806	-9.029732	3.2824504	3.8
1.30484	-9.036914	3.3327289	3.821
1.483208	-8.998607	3.2261868	3.851
1.532289	-8.998607	3.2261868	3.851
1.5993267	-9.249998	2.9532478	3.903
1.6567876	-9.176975	2.9640217	3.909
1.6986861	-9.059659	2.955642	3.941
1.7429788	-9.173384	2.979584	3.969
1.5346833	-9.211691	2.8526914	4.0
1.5119383	-9.19972	2.8658595	4.019
1.5047557	-9.239224	3.0346506	4.051
1.400608	-9.210494	3.0538042	4.069
1.340753	-9.226056	2.9352913	4.099
1.4413095	-9.151836	2.979584	4.118
1.1109096	-9.326612	2.9879637	4.148
0.9876082	-9.404425	2.5881321	4.168
0.88944596	-9.295488	2.6288335	4.198
0.94930094	-9.161413	2.8107927	4.218
1.0654198	-9.173384	2.9101522	4.248
1.1911154	-9.338584	2.8802247	4.268
1.0618285	-9.52174	2.5605986	4.299
1.0977415	-9.55047	2.2888567	4.318
0.9792285	-9.435549	2.291251	4.352
1.0726024	-9.337387	2.657564	4.37
1.2354081	-9.294291	2.980781	4.402
1.4030021	-9.31105	2.8886044	4.42
1.3503298	-9.330204	2.5617957	4.451
1.1731589	-9.423578	2.3259668	4.479
0.8355764	-9.586384	2.1978772	4.497
0.6452374	-9.387665	2.2110453	4.53
0.7661445	-9.301474	2.3355439	4.55
0.9516952	-9.435549	2.2098482	4.58
0.8678981	-9.719262	2.1021092	4.6
0.5781997	-9.570822	2.0087352	4.631
0.5602432	-9.212888	1.9656396	4.65
0.5686229	-9.210494	2.1260512	4.68
0.90740246	-9.454702	2.3247697	4.7
1.0199299	-9.635465	2.0937295	4.72
0.6931214	-9.635465	1.7226281	4.751
0.076614454	-9.44752	2.1033063	4.771
-0.12569559	-9.240421	2.3546975	4.801
-0.21547815	-9.320627	2.2972364	4.821
-0.25378537	-9.38168	2.2266076	4.851
-0.25378537	-9.38168	2.574964	5.039
-0.33279404	-9.759963	2.574964	5.039
-0.33279404	-9.759963	2.574964	5.039
-0.33279404	-9.759963	2.574964	5.039
-0.33279404	-9.759963	2.574964	5.039
-0.33279404	-9.759963	2.574964	5.039
-0.33279404	-9.759963	2.574964	5.039
-0.33279404	-9.759963	2.574964	5.039
-0.17357962	-9.532514	2.5797524	5.078
-0.12449849	-9.301474	2.5462334	5.1
0.017956512	-9.062054	2.634819	5.12
0.11731588	-9.204509	2.5438392	5.15
0.17357962	-9.358934	2.4504654	5.17
0.10534488	-9.3421755	2.3989902	5.2
0.075417355	-9.257181	2.2888567	5.22
0.11492168	-9.147048	2.504335	5.25
0.39743748	-9.1829605	2.2601264	5.28
0.25977087	-9.215282	2.2732944	5.301
0.1340753	-9.252393	2.2744915	5.321
0.33518824	-9.737218	2.790442	5.351
0.7673417	-9.750386	2.9855695	5.371
0.9888053	-9.143456	2.882619	5.401
0.91817635	-8.991425	2.8048072	5.421
0.700304	-9.181764	2.822764	5.451
0.37828386	-9.300277	2.859874	5.471
0.21428105	-9.588778	2.9843724	5.501
0.19991584	-9.568427	2.9987376	5.521
0.31124622	-9.19134	3.2956185	5.551
0.35793316	-9.2069025	3.4356794	5.571
0.45010993	-9.259575	3.465607	5.601
0.51235914	-9.180567	3.3638535	5.62
0.45489833	-9.083601	3.0801406	5.651
0.2717419	-9.193734	2.980781	5.671
0.18435353	-9.303867	2.7509377	5.701
0.22026655	-9.354146	2.7257986	5.721
0.25857377	-9.361329	2.7844565	5.752
0.37349546	-9.337387	2.8622682	5.781
0.45489833	-9.289502	2.8407204	5.801
0.5590461	-9.223662	2.9101522	5.831
0.688333	-9.218874	2.9999347	5.851
0.7266402	-9.218874	2.9999347	5.851
0.7266402	-9.218874	2.9999347	5.851
0.9983821	-9.403227	2.767697	5.93
0.81163436	-9.248801	2.7629087	5.949
0.770933	-9.088389	3.0418332	5.98
0.8870517	-9.283517	3.1423898	5.999
0.8415619	-9.40203	3.028665	6.029
0.676362	-9.281123	2.9783869	6.049
0.641646	-9.114726	3.084929	6.078
0.65242	-9.172187	3.1364043	6.098
0.664391	-9.232041	3.1052797	6.118
0.62368953	-9.228451	3.0202854	6.143
0.62009823	-9.218874	3.0430303	6.175
0.6488287	-9.242816	3.0107086	6.197
0.6560113	-9.247604	2.9017725	6.228
0.6404489	-9.269152	2.9508536	6.248
0.6655881	-9.232041	3.0238767	6.277
0.7553706	-9.2069025	3.110068	6.298
0.82001406	-9.3026705	3.0418332	6.328
0.80684596	-9.382876	3.0550013	6.348
0.93852705	-9.258378	3.0705638	6.377
1.0079589	-9.215282	3.0813377	6.399
1.0534488	-9.1829605	3.1387985	6.43
0.9552865	-9.14226	3.157952	6.448
0.94451255	-9.062054	3.1962593	6.48
0.9684546	-9.093178	3.0454245	6.5
0.8870517	-9.19972	3.0178912	6.53
0.830788	-9.155427	2.9616275	6.55
0.8487445	-9.14226	2.9269116	6.58
0.7721301	-9.193734	3.0107086	6.601
0.7134721	-9.246407	3.0059202	6.62
0.7266402	-9.287108	3.004723	6.651
0.7505822	-9.288305	3.0801406	6.671
0.7685388	-9.324219	3.074155	6.701
0.8379706	-9.3661175	3.0490158	6.72
0.8487445	-9.332599	3.0382419	6.75
0.8583213	-9.3182335	3.0382419	6.781
0.90381116	-9.227253	3.0430303	6.8
0.91219085	-9.193734	3.028665	6.82
0.9804256	-9.14585	3.0753522	6.851
1.1180922	-9.14585	3.0753522	6.851
0.89303726	-9.1829605	2.992752	6.9
0.90979666	-9.132683	3.016694	6.929
0.89064306	-9.169792	3.0573955	6.949
0.8690952	-9.190144	3.052607	6.98
0.8619126	-9.165004	3.0933087	6.999
0.81761986	-9.176975	3.064578	7.029
0.8511387	-9.229648	3.13401	7.049
0.89303726	-9.257181	3.1292217	7.079
0.90620536	-9.215282	3.108871	7.098
0.8738836	-9.26556	2.9903579	7.129
0.90261406	-9.31943	3.004723	7.15
0.90141696	-9.233239	3.0178912	7.18
0.9780314	-9.240421	3.0023289	7.2
0.9696517	-9.246407	3.074155	7.23
0.92655605	-9.221268	3.052607	7.25
0.90859956	-9.242816	2.9879637	7.27
0.8643068	-9.283517	2.920926	7.3
0.82121116	-9.26197	2.9939492	7.321
0.92057055	-9.178172	3.1316159	7.351
0.9888053	-9.186552	3.1292217	7.371
0.94451255	-9.218874	3.0298622	7.398
0.8726865	-9.160215	2.9640217	7.421
0.8439561	-9.141062	2.9879637	7.434
0.7374141	-9.112331	3.1124623	7.471
0.712275	-9.120711	3.1376014	7.484
0.60214174	-9.144653	3.2393548	7.521
0.80804306	-9.050082	3.276465	7.548
0.8595184	-9.205706	3.229778	7.579
0.7493851	-9.2069025	3.1268275	7.599
0.7745243	-9.214086	3.1040826	7.629
0.748188	-9.218874	3.1495724	7.648
0.8283938	-9.320627	3.120842	7.678
0.90500826	-9.259575	2.943671	7.699
0.9564836	-9.317036	2.9532478	7.729
0.9708488	-9.284714	3.0071173	7.75
0.93972415	-9.257181	3.083732	7.78
0.9708488	-9.190144	3.1244333	7.8
0.94570965	-9.153033	3.0442274	7.83
0.90141696	-9.131485	3.039439	7.85
0.8870517	-9.156625	3.0442274	7.859
0.8870517	-9.156625	3.0442274	7.859
0.79846627	-9.119514	3.1711202	7.928
0.7541735	-9.1255	3.1483753	7.95
0.7230489	-9.19972	3.1160536	7.98
0.7517793	-9.227253	3.120842	7.999
0.7745243	-9.192537	3.0885203	8.03
0.79008657	-9.2308445	3.1052797	8.05
0.7781156	-9.204509	3.0573955	8.08
0.82001406	-9.246407	2.9700072	8.1
0.8343793	-9.277532	2.9867666	8.119
0.866701	-9.260772	2.9867666	8.151
0.89303726	-9.309854	3.0250738	8.17
0.90381116	-9.295488	3.0310593	8.201
0.8583213	-9.255983	2.9879637	8.22
0.8451532	-9.217676	2.96881	8.251
0.8678981	-9.193734	2.9700072	8.281
0.8834604	-9.232041	2.9951463	8.301
0.8391677	-9.228451	2.9712043	8.32
0.82480246	-9.16261	2.967613	8.351
0.80804306	-9.187749	2.9783869	8.381
0.7745243	-9.239224	3.0083144	8.401
0.7493851	-9.223662	3.0250738	8.42
0.7218518	-9.203311	3.0669725	8.45
0.7182605	-9.197326	3.0310593	8.481
0.78529817	-9.214086	3.0071173	8.5
0.79846627	-9.2547865	2.9783869	8.52
0.80445176	-9.27394	2.967613	8.551
0.80684596	-9.281123	2.9460652	8.57
0.8415619	-9.285912	2.9843724	8.601
0.8702923	-9.269152	2.943671	8.62
0.8355764	-9.28232	2.9843724	8.651
0.81402856	-9.297882	2.9460652	8.681
0.830788	-9.258378	2.8886044	8.7
0.8319851	-9.267955	2.8778305	8.731
0.79966336	-9.294291	2.9161377	8.751
0.7553706	-9.269152	2.9293058	8.77
0.7206547	-9.255983	3.0298622	8.801
0.7469909	-9.211691	3.0358477	8.82
0.7637503	-9.242816	2.9005754	8.85
0.7350199	-9.242816	2.9005754	8.85
0.7589619	-9.238028	2.9771898	8.9
0.79726917	-9.218874	2.9747956	8.929
0.770933	-9.246407	2.9496565	8.948
0.770933	-9.211691	2.870648	8.979
0.7793127	-9.240421	2.8538885	8.999
0.7697359	-9.27394	2.8562827	9.029
0.7625532	-9.251195	2.89459	9.049
0.78170687	-9.259575	2.9508536	9.079
0.78649527	-9.26197	2.9281087	9.098
0.78050977	-9.255983	2.89459	9.13
0.7529764	-9.281123	2.9484594	9.15
0.7721301	-9.295488	2.9017725	9.169
0.7733272	-9.2907	2.955642	9.2
0.7757214	-9.264363	3.0358477	9.23
0.79846627	-9.240421	2.9771898	9.25
0.80564886	-9.257181	2.9580362	9.28
0.80205756	-9.277532	2.9412768	9.299
0.79128367	-9.3026705	2.9400797	9.32
0.7457938	-9.27394	2.9604304	9.351
0.7769185	-9.234436	2.9783869	9.37
0.79607207	-9.223662	3.0071173	9.401
0.830788	-9.2069025	2.9963434	9.42
0.82599956	-9.217676	2.9891608	9.451
0.79248077	-9.226056	3.0011318	9.481
0.78170687	-9.224859	3.0322564	9.519
0.7757214	-9.210494	3.0478187	9.528
0.7685388	-9.221268	3.064578	9.549
0.79607207	-9.2069025	3.064578	9.579
0.7493851	-9.205706	3.0621839	9.599
0.7757214	-9.217676	3.0885203	9.629
0.80086046	-9.226056	3.0466216	9.649
0.7769185	-9.260772	3.0454245	9.679
0.7697359	-9.264363	3.0250738	9.699
0.78050977	-9.235633	3.0430303	9.73
0.80564886	-9.244013	3.0621839	9.75
0.8535329	-9.187749	3.095703	9.779
0.78290397	-9.2547865	3.015497	9.8
0.7757214	-9.235633	3.0310593	9.829
0.81163436	-9.224859	3.0777464	9.849
0.8379706	-9.179369	3.095703	10.079
0.7661445	-9.196129	3.095703	10.09
0.7374141	-9.198523	3.095703	10.09
0.7374141	-9.198523	3.095703	10.09
0.7374141	-9.198523	3.095703	10.1
0.7374141	-9.198523	3.095703	10.1
0.7374141	-9.198523	3.095703	10.1
0.7374141	-9.198523	3.095703	10.1
0.7374141	-9.198523	3.1064768	10.108
0.7422025	-9.197326	3.1064768	10.108
0.7553706	-9.180567	3.1244333	10.127
0.78649527	-9.192537	3.1256304	10.148
0.79367787	-9.19134	3.1519666	10.18
0.80445176	-9.184157	3.1603463	10.2
0.81283146	-9.179369	3.084929	10.23
0.8295909	-9.2069025	3.0693667	10.25
0.8415619	-9.194932	3.110068	10.279
0.82001406	-9.197326	3.1387985	10.299
0.78410107	-9.222465	3.169923	10.33
0.79367787	-9.187749	3.1376014	10.35
0.78290397	-9.200917	3.122039	10.381
0.7757214	-9.233239	3.0969	10.4
0.7661445	-9.222465	3.0621839	10.431
0.7733272	-9.198523	3.071761	10.45
0.842759	-9.226056	3.0777464	10.481
0.8331822	-9.223662	3.063381	10.501
0.82480246	-9.217676	3.0418332	10.53
0.82001406	-9.208099	3.0789435	10.55
0.8523358	-9.198523	3.0789435	10.57
0.8583213	-9.198523	3.108871	10.601
0.8523358	-9.2308445	3.0789435	10.631
0.8451532	-9.210494	3.1052797	10.651
0.8415619	-9.211691	3.098097	10.67
0.8283938	-9.208099	3.0550013	10.701
0.80325466	-9.203311	3.0442274	10.72
0.81881696	-9.222465	3.0777464	10.751
0.8870517	-9.176975	3.0921116	10.781
0.8583213	-9.212888	2.9891608	10.8
0.7589619	-9.26556	2.8898015	10.821
0.82360536	-9.217676	2.9951463	10.85
0.8702923	-9.229648	3.0142999	10.861
0.8403648	-9.223662	3.1016884	10.899
0.8463503	-9.19972	2.9891608	10.92
0.8583213	-9.203311	2.9137435	10.949
0.8583213	-9.270349	2.919729	10.969
0.8535329	-9.247604	2.9149406	10.999
0.82360536	-9.218874	2.9951463	11.019
0.8571242	-9.229648	2.9412768	11.049
0.8463503	-9.263166	2.906561	11.078
0.81761986	-9.2547865	2.9412768	11.097
0.830788	-9.2547865	2.907758	11.128
0.8367735	-9.26197	2.9364884	11.148
0.8607155	-9.260772	2.9245174	11.178
0.8750807	-9.275137	2.885013	11.198
0.89423436	-9.27394	2.8886044	11.22
0.8643068	-9.3026705	2.825158	11.25
0.8798691	-9.31105	2.8000188	11.27
0.8355764	-9.26556	2.814384	11.3
0.8451532	-9.255983	2.859874	11.32
0.8511387	-9.257181	2.8550856	11.349
0.80684596	-9.276335	2.8862102	11.369
0.79726917	-9.28232	2.8431146	11.4
0.7721301	-9.26197	2.8658595	11.421
0.7793127	-9.257181	2.870648	11.434
0.81043726	-9.252393	2.9340942	11.471
0.82121116	-9.252393	2.9317	11.498
0.81043726	-9.27394	2.9592333	11.521
0.78888947	-9.2308445	2.9592333	11.551
0.81642276	-9.246407	2.9628246	11.571
0.81761986	-9.235633	2.979584	11.584
0.80684596	-9.234436	2.9520507	11.629
0.8343793	-9.238028	2.9496565	11.649
0.8403648	-9.27394	2.9604304	11.669
0.8655039	-9.17099	3.071761	11.699
0.8870517	-9.23683	2.9999347	11.729
0.79487497	-9.220071	2.991555	11.749
0.81761986	-9.223662	3.05141	11.779
1.0570401	-9.224859	2.9843724	11.799
0.79487497	-9.285912	3.1747115	11.83
0.5470751	-9.126697	3.204639	11.85
0.6380547	-9.052477	3.1244333	11.859
0.94930094	-9.051279	2.8694508	11.897
0.8774749	-9.354146	2.8526914	11.93
0.736217	-9.479841	2.895787	11.949
0.5243302	-9.356541	2.9221232	11.981
0.7613561	-9.127894	3.1196449	12.0
0.80086046	-9.172187	3.2321723	12.03
0.80445176	-9.248801	3.0202854	12.05
0.78290397	-9.283517	2.8622682	12.08
0.770933	-9.333796	2.8514943	12.1
0.7158663	-9.36492	2.9005754	12.131
0.6368576	-9.433155	2.682703	12.151
0.45609543	-9.386468	2.5151088	12.181
0.34715924	-9.356541	1.9273324	12.2
0.6404489	-9.495404	1.8734628	12.22
0.9672575	-9.665392	2.4253263	12.251
0.9804256	-9.532514	2.585738	12.281
0.712275	-9.380483	2.5187001	12.3
0.5422867	-9.330204	2.3989902	12.331
0.5674258	-9.498995	2.171541	12.35
0.61770403	-9.524135	2.3247697	12.381
0.5494693	-9.4295635	2.5222914	12.401
0.47046062	-9.454702	2.3187842	12.431
0.5530606	-9.555259	2.1164744	12.45
0.7194576	-9.391256	2.0769699	12.47
0.7278373	-9.384073	2.1057005	12.501
0.4213795	-9.509769	2.3391352	12.521
0.18674773	-9.55885	2.3343468	12.551
0.073023155	-9.520543	2.2050598	12.57
0.08499416	-9.446322	2.0111294	12.601
0.095768064	-9.4774475	1.7968484	12.62
-0.005985504	-9.5385	1.3084313	12.651
-0.12090719	-9.625888	1.151611	12.681
-0.095768064	-9.668983	1.1671734	12.701
-0.037110128	-9.636662	1.1803415	12.721
-0.06943185	-9.551667	1.2294226	12.751
-0.06584055	-9.56723	1.2042835	12.77
-0.09935937	-9.654618	1.1216835	12.798
-0.08379706	-9.685743	1.1647792	12.821
-0.04070143	-9.691729	1.1109096	12.849
0.01316811	-9.700109	1.0247183	12.859
-0.05746084	-9.719262	0.7661445	12.898
-0.30645782	-9.688137	0.7158663	12.919
-0.5410896	-9.712079	0.60932434	12.949
-0.5674258	-9.701305	0.58298814	12.969
-0.5650316	-9.685743	0.6607997	12.999
-0.50397944	-9.709685	0.6931214	13.019
-0.4441244	-9.737218	0.60573304	13.048
-0.49200845	-9.736021	0.56982	13.07
-0.6332663	-9.659407	0.5614403	13.1
-0.63087213	-9.683349	0.50637364	13.12
-0.5374983	-9.698911	0.46567222	13.15
-0.5303157	-9.7240505	0.40940848	13.17
-0.5674258	-9.690532	0.4345476	13.2
-0.5734113	-9.700109	0.37229836	13.22
-0.58418524	-9.697714	0.39145198	13.249
-0.59735334	-9.642648	0.4201824	13.271
-0.5758055	-9.685743	0.33638534	13.301
-0.60573304	-9.702502	0.34835634	13.328
-0.6488287	-9.706094	0.35793316	13.349
-0.6572084	-9.704897	0.33638534	13.379
-0.62608373	-9.68694	0.32561144	13.399
-0.56982	-9.691729	0.29807812	13.429
-0.5710171	-9.720459	0.2861071	13.449
-0.62488663	-9.715671	0.2717419	13.479
-0.6476316	-9.691729	0.34715924	13.499
-0.62129533	-9.679757	0.4285621	13.53
-0.5410896	-9.64145	0.4201824	13.549
-0.545878	-9.696517	0.2873042	13.58
-0.61770403	-9.7324295	0.31603462	13.6
-0.5650316	-9.665392	0.35913026	13.63
-0.5327099	-9.69532	0.40821138	13.65
-0.5363012	-9.700109	0.45010993	13.669
-0.5674258	-9.697714	0.50397944	13.7
-0.5710171	-9.67018	0.4225766	13.731
-0.5243302	-9.689334	0.41299978	13.751
-0.50996494	-9.696517	0.45489833	13.771
-0.51834464	-9.692925	0.46926352	13.801
-0.49679685	-9.677363	0.48722005	13.82
-0.46926352	-9.690532	0.48123455	13.852
-0.45370123	-9.680955	0.48841715	13.861
-0.45370123	-9.680955	0.48841715	13.861
-0.45370123	-9.6845455	0.47285482	13.929
-0.40821138	-9.704897	0.5291186	13.949
-0.3866636	-9.722853	0.5422867	13.979
-0.4345476	-9.694122	0.521936	13.999
-0.49679685	-9.664195	0.5291186	14.029
-0.5506664	-9.664195	0.51355624	14.049
-0.48961425	-9.794679	0.52073884	14.078
-0.4417302	-9.801862	0.29209262	14.1
-0.45848963	-9.733627	0.32920274	14.13
-0.34476504	-9.689334	0.46686932	14.15
-0.2621651	-9.733627	0.48362875	14.18
-0.2669535	-9.743204	0.4225766	14.2
-0.24899697	-9.673772	0.39983168	14.23
-0.22026655	-9.64983	0.48961425	14.249
-0.25258827	-9.657013	0.557849	14.28
-0.22625206	-9.657013	0.6859388	14.301
-0.19153613	-9.664195	0.6847417	14.32
-0.18195933	-9.648633	0.7374141	14.351
-0.12449849	-9.664195	0.7254431	14.381
-0.12808979	-9.698911	0.7469909	14.4
-0.21428105	-9.689334	0.80086046	14.421
-0.20111294	-9.651027	0.7577648	14.451
-0.16639702	-9.672575	0.6979098	14.47
-0.15322891	-9.736021	0.6440403	14.501
-0.11971009	-9.707291	0.7194576	14.52
-0.076614454	-9.697714	0.80205756	14.551
-0.050278235	-9.697714	0.80325466	14.57
-0.08020575	-9.679757	0.7541735	14.601
-0.044292733	-9.688137	0.7314286	14.62
-0.029927522	-9.706094	0.6811504	14.652
-0.029927522	-9.694122	0.6691794	14.671
-0.035913024	-9.643845	0.748188	14.701
-0.033518825	-9.671378	0.7170634	14.72
-0.031124622	-9.698911	0.712275	14.751
-0.08738836	-9.697714	0.7110779	14.77
-0.075417355	-9.722853	0.6823475	14.801
-0.06464344	-9.701305	0.7254431	14.821
-0.06584055	-9.665392	0.82240826	14.852
-0.05865794	-9.673772	0.8798691	15.059
0.17597382	-9.673772	0.8798691	15.059
0.17597382	-9.673772	0.8798691	15.059
0.17597382	-9.673772	0.8798691	15.059
0.17597382	-9.721656	0.8607155	15.069
0.14604631	-9.721656	0.8607155	15.069
0.14604631	-9.721656	0.8607155	15.069
0.14604631	-9.721656	0.8607155	15.069
0.14604631	-9.721656	0.85473	15.078
0.07182605	-9.685743	0.90500826	15.097
0.12330139	-9.654618	0.9911995	15.128
0.089782566	-9.64983	1.0378864	15.15
0.073023155	-9.657013	1.0881647	15.18
0.110133275	-9.661801	1.1504139	15.2
0.12808979	-9.672575	1.1432313	15.23
0.077811554	-9.645041	1.2868834	15.25
0.10295067	-9.604341	1.3922282	15.269
0.19632454	-9.593566	1.4041992	15.3
0.19273324	-9.64983	1.316811	15.33
0.14844051	-9.652225	1.340753	15.351
0.19871874	-9.591172	1.3970166	15.37
0.25019407	-9.598354	1.4676456	15.4
0.32321724	-9.576807	1.5586253	15.421
0.34117374	-9.589975	1.5610195	15.451
0.39025488	-9.606734	1.4784195	15.471
0.35553896	-9.57561	1.4449008	15.501
0.38187516	-9.570822	1.4796166	15.52
0.4369418	-9.548077	1.6699557	15.551
0.51355624	-9.570822	1.685518	15.581
0.58897364	-9.617508	1.6304513	15.601
0.5518635	-9.594764	1.5717934	15.631
0.5482722	-9.586384	1.5478514	15.651
0.5710171	-9.555259	1.6591818	15.671
0.6596026	-9.533711	1.7657237	15.701
0.6751649	-9.554062	1.8016368	15.72
0.63206923	-9.564836	1.7226281	15.751
0.533907	-9.540894	1.7549498	15.77
0.59017074	-9.478644	1.934515	15.801
0.7266402	-9.48463	1.9608512	15.821
0.7565677	-9.504981	1.899799	15.852
0.7517793	-9.5253315	1.899799	15.852
0.7517793	-9.5253315	1.899799	15.852
0.760159	-9.496601	1.8363527	15.929
0.78410107	-9.473856	1.875857	15.949
0.7697359	-9.48463	1.8543092	15.979
0.7398083	-9.545682	1.8698715	15.999
0.7637503	-9.518148	1.8183962	16.029
0.81163436	-9.497798	1.8171991	16.049
0.80445176	-9.507375	1.8339585	16.078
0.80684596	-9.556456	1.8471266	16.1
0.80684596	-9.544485	1.8531121	16.13
0.80684596	-9.497798	1.9237411	16.15
0.82001406	-9.466674	1.7561469	16.18
0.79607207	-9.527725	1.8207904	16.2
0.8451532	-9.543288	1.8351556	16.23
0.8643068	-9.551667	1.8459295	16.25
0.8702923	-9.504981	1.9273324	16.28
0.8774749	-9.44752	1.9273324	16.3
0.90740246	-9.463082	1.9369092	16.331
0.92655605	-9.540894	1.922544	16.351
0.8798691	-9.497798	1.9321208	16.371
0.85473	-9.481039	1.9512744	16.401
0.8822633	-9.463082	1.9800048	16.42
0.88944596	-9.49301	2.0027497	16.451
0.8355764	-9.495404	1.9955671	16.47
0.8774749	-9.476251	1.9548657	16.501
0.878672	-9.509769	2.0039468	16.521
0.8834604	-9.465476	2.0374656	16.551
0.8870517	-9.48463	2.0039468	16.57
0.8750807	-9.478644	1.9752164	16.601
0.8762778	-9.470264	1.9644425	16.621
0.8834604	-9.475053	1.9237411	16.651
0.90261406	-9.473856	1.9572599	16.67
0.90381116	-9.488221	1.9321208	16.701
0.88944596	-9.528923	1.9057846	16.731
0.878672	-9.494206	1.9057846	16.75
0.89902276	-9.495404	1.9177556	16.77
0.90261406	-9.498995	1.9261353	16.801
0.8846575	-9.487024	1.9165585	16.82
0.8762778	-9.48463	1.9009962	16.853
0.8475474	-9.496601	1.9069817	16.861
0.8475474	-9.496601	1.9069817	16.861
0.8607155	-9.506178	1.9512744	16.93
0.8655039	-9.512163	1.8926164	16.949
0.8463503	-9.503783	1.8914193	16.979
0.8690952	-9.489418	1.9800048	16.999
0.93254155	-9.466674	1.9620483	17.029
0.8319851	-9.524135	1.8794483	17.049
0.78888947	-9.545682	1.8435353	17.079
0.8762778	-9.489418	1.8567034	17.098
0.91219085	-9.496601	1.8950106	17.13
0.866701	-9.488221	2.0039468	17.15
0.8415619	-9.433155	1.9967642	17.18
0.90021986	-9.464279	1.9476831	17.2
0.90021986	-9.502586	1.9057846	17.219
0.8834604	-9.481039	1.8902222	17.25
0.8834604	-9.464279	1.9297266	17.28
0.8798691	-9.49301	1.9153614	17.3
0.88944596	-9.497798	1.9440918	17.32
0.878672	-9.509769	1.8974048	17.351
0.8523358	-9.502586	1.875857	17.381
0.90261406	-9.512163	1.9249382	17.4
0.89184016	-9.510966	1.9321208	17.42
0.8870517	-9.454702	1.9428947	17.452
0.90979666	-9.457097	1.9189527	17.47
0.8762778	-9.519346	1.8926164	17.501
0.88944596	-9.51336	1.8782512	17.52
0.8607155	-9.495404	1.8830396	17.55
0.8678981	-9.49301	1.8866309	17.57
0.8870517	-9.495404	1.851915	17.601
0.88944596	-9.514558	1.8614918	17.62
0.8487445	-9.497798	1.8614918	17.651
0.8726865	-9.510966	1.8674773	17.67
0.866701	-9.503783	1.8662802	17.701
0.8774749	-9.51336	1.8315643	17.731
0.8619126	-9.520543	1.8806454	17.751
0.8655039	-9.476251	1.8626889	17.77
0.8798691	-9.506178	1.8435353	17.801
0.8487445	-9.502586	1.8435353	17.831
0.8571242	-9.51336	1.8327614	17.852
0.8355764	-9.5253315	1.8339585	17.861
0.8355764	-9.5253315	1.8339585	17.861
0.90021986	-9.464279	1.8698715	17.929
0.8403648	-9.551667	1.7286136	17.95
0.80205756	-9.574412	1.6927006	17.98
0.94211835	-9.488221	1.8052281	17.999
0.9660604	-9.503783	1.8495208	18.029
0.88944596	-9.476251	1.9321208	18.05
0.8762778	-9.452309	1.9476831	18.079
0.89064306	-9.482236	1.9177556	18.098
0.8355764	-9.494206	1.827973	18.13
0.79726917	-9.485827	1.8483237	18.151
0.79726917	-9.49301	1.863886	18.17
0.82001406	-9.53012	1.8614918	18.2
0.81761986	-9.531317	1.7860745	18.231
0.78649527	-9.54209	1.7549498	18.251
0.8678981	-9.551667	1.7190368	18.27
0.90381116	-9.552865	1.7405846	18.3
0.8726865	-9.531317	1.757344	18.322
0.85473	-9.526528	1.7788919	18.352
0.89184016	-9.514558	1.7776948	18.381
0.89064306	-9.526528	1.7741034	18.4
0.878672	-9.532514	1.7848774	18.42
0.88944596	-9.512163	1.7621324	18.451
0.8810662	-9.507375	1.8435353	18.47
0.91697925	-9.520543	1.8770541	18.501
0.89543146	-9.508572	1.922544	18.52
0.90859956	-9.464279	1.9656396	18.551
0.89782566	-9.475053	1.9560628	18.57
0.90381116	-9.4774475	1.9285295	18.601
0.878672	-9.491813	1.9189527	18.62
0.8738836	-9.472659	1.9273324	18.65
0.8870517	-9.495404	1.9476831	18.681
0.90859956	-9.510966	1.9249382	18.701
0.90500826	-9.494206	1.9249382	18.721
0.89303726	-9.518148	1.8363527	18.751
0.89303726	-9.516952	1.8674773	18.77
0.90261406	-9.482236	1.9560628	18.801
0.9528923	-9.471462	1.9440918	18.82
0.93732995	-9.483433	1.827973	18.852
0.89184016	-9.555259	1.7956513	18.861
0.89184016	-9.555259	1.7956513	18.861
0.93732995	-9.497798	1.9536686	18.93
0.89902276	-9.507375	1.99437	18.949
0.8738836	-9.476251	1.9536686	18.969
0.89184016	-9.460688	1.9357121	18.999
0.91578215	-9.458294	1.9237411	19.019
0.88944596	-9.507375	1.9141643	19.049
0.89303726	-9.500193	1.9117701	19.069
0.8822633	-9.469068	1.9129672	19.098
0.89662856	-9.494206	1.9297266	19.127
0.89662856	-9.49301	1.9213469	19.15
0.93254155	-9.504981	1.8746599	19.17
0.90979666	-9.482236	1.9201498	19.2
0.91099375	-9.451111	1.9393034	19.22
0.93134445	-9.476251	1.9261353	19.25
0.90859956	-9.509769	1.9093759	19.27
0.92057055	-9.487024	1.9141643	19.3
0.91099375	-9.510966	1.922544	19.32
0.90381116	-9.488221	1.9369092	19.351
0.8714894	-9.487024	1.9117701	19.37
0.8678981	-9.516952	1.8866309	19.401
0.8834604	-9.479841	1.9129672	19.42
0.91578215	-9.489418	1.9165585	19.452
0.9576807	-9.507375	1.9057846	19.48
0.91937345	-9.482236	1.8842367	19.5
0.90500826	-9.504981	1.9141643	19.52
0.8798691	-9.48463	1.9189527	19.551
0.8595184	-9.491813	1.946486	19.581
0.8690952	-9.479841	1.9153614	19.601
0.90620536	-9.515755	1.9321208	19.62
0.88944596	-9.51336	1.8806454	19.651
0.8631097	-9.516952	1.8866309	19.67
0.842759	-9.520543	1.8016368	19.7
0.81402856	-9.510966	1.8806454	19.72
0.8810662	-9.4774475	1.9800048	19.751
0.8738836	-9.482236	1.8794483	19.781
0.8535329	-9.528923	1.7741034	19.801
0.7721301	-9.531317	1.8076223	19.82
0.8283938	-9.500193	1.8148049	19.852
0.8583213	-9.5492735	1.7884687	20.059
0.7314286	-9.5492735	1.7884687	20.059
0.7314286	-9.5492735	1.7884687	20.069
0.7314286	-9.5492735	1.7884687	20.069
0.7314286	-9.5492735	1.7884687	20.069
0.7314286	-9.5492735	1.7884687	20.069
0.7314286	-9.5492735	1.7884687	20.069
0.7314286	-9.5492735	1.757344	20.078
0.7386112	-9.543288	1.757344	20.078
0.724246	-9.556456	1.6903064	20.097
0.7015011	-9.57561	1.6256629	20.13
0.62249243	-9.591172	1.6831238	20.15
0.5781997	-9.580399	1.6783354	20.18
0.5650316	-9.543288	1.614889	20.2
0.545878	-9.56723	1.5873557	20.229
0.545878	-9.592369	1.5466543	20.249
0.47285482	-9.598354	1.5119383	20.28
0.34955344	-9.580399	1.5251064	20.3
0.33877954	-9.592369	1.5119383	20.319
0.30885202	-9.630676	1.5382746	20.351
0.29568392	-9.633071	1.4796166	20.37
0.25498247	-9.633071	1.4185646	20.401
0.16639702	-9.613917	1.3814543	20.42
0.077811554	-9.604341	1.3587095	20.451
0.10055647	-9.613917	1.3826514	20.481
0.053869538	-9.61272	1.30484	20.501
0.019153614	-9.630676	1.2808979	20.52
-0.01316811	-9.643845	1.1827357	20.551
-0.05865794	-9.611523	1.2042835	20.58
-0.06584055	-9.640253	1.1755531	20.6
-0.08499416	-9.648633	1.1288661	20.631
-0.12808979	-9.683349	1.0642227	20.65
-0.18794483	-9.694122	0.9756372	20.681
-0.2681506	-9.660604	0.9911995	20.7
-0.260968	-9.647436	1.0247183	20.731
-0.2657564	-9.639056	0.94810385	20.751
-0.29448682	-9.651027	0.90859956	20.77
-0.35434186	-9.653421	0.8774749	20.8
-0.29688102	-9.718064	0.89902276	20.831
-0.31124622	-9.69532	0.93852705	20.851
-0.31483752	-9.673772	0.92775315	20.861
-0.31483752	-9.673772	0.92775315	20.861
-0.31483752	-9.661801	0.8415619	20.939
-0.36272156	-9.667787	0.8367735	20.948
-0.36152446	-9.734824	0.8295909	20.978
-0.4165911	-9.696517	0.78769237	20.999
-0.4201824	-9.661801	0.79607207	21.029
-0.4141969	-9.654618	0.78050977	21.049
-0.41060558	-9.662998	0.79367787	21.079
-0.4285621	-9.683349	0.7673417	21.098
-0.45489833	-9.694122	0.7302315	21.13
-0.48602295	-9.653421	0.760159	21.15
-0.47764325	-9.665392	0.79008657	21.18
-0.58538234	-9.683349	0.6799533	21.2
-0.6332663	-9.653421	0.6751649	21.23
-0.65242	-9.635465	0.6895301	21.25
-0.6823475	-9.652225	0.6811504	21.28
-0.7218518	-9.640253	0.6512229	21.3
-0.7553706	-9.697714	0.60812724	21.331
-0.7350199	-9.647436	0.5315128	21.351
-0.81043726	-9.636662	0.5363012	21.37
-0.82599956	-9.683349	0.5530606	21.4
-0.8367735	-9.643845	0.5279215	21.42
-0.8487445	-9.682152	0.50278234	21.451
-0.8451532	-9.688137	0.48961425	21.47
-0.8750807	-9.664195	0.4321534	21.501
-0.94810385	-9.633071	0.4369418	21.52
-1.0055647	-9.643845	0.439336	21.551
-1.021127	-9.660604	0.40940848	21.581
-1.0366893	-9.676167	0.40462008	21.601
-1.0642227	-9.630676	0.37948096	21.631
-1.0809821	-9.631873	0.31244332	21.64
-1.115698	-9.604341	0.37588966	21.678
-1.0726024	-9.57561	0.50757074	21.699
-1.0630256	-9.619903	0.4321534	21.729
-1.1168951	-9.651027	0.3184288	21.749
-1.1384429	-9.5971575	0.34955344	21.779
-0.9504981	-9.534908	0.3854665	21.799
-0.8882488	-9.564836	0.4225766	21.829
-0.8319851	-9.64145	0.48961425	21.849
-0.78529817	-9.7563715	0.4225766	21.868
-0.78888947	-9.706094	0.30765492	21.898
-0.6871359	-9.615114	0.35913026	21.93
-0.533907	-9.67018	0.40342298	21.95
-0.49440265	-9.672575	0.45489833	21.98
-0.40222588	-9.67018	0.33877954	22.0
-0.40462008	-9.610326	0.30166942	22.03
-0.36032736	-9.683349	0.2681506	22.05
-0.29448682	-9.709685	0.25617957	22.08
-0.19033903	-9.671378	0.29568392	22.1
-0.15322891	-9.643845	0.34237084	22.131
-0.035913024	-9.630676	0.4309563	22.151
0.031124622	-9.682152	0.46327803	22.17
0.074220255	-9.734824	0.50876784	22.2
0.16998832	-9.691729	0.50397944	22.22
0.30286652	-9.751583	0.58538234	22.251
0.427365	-9.745598	0.60214174	22.281
0.60453594	-9.707291	0.7469909	22.301
0.724246	-9.648633	0.7649474	22.32
0.80325466	-9.665392	0.89184016	22.351
0.81522566	-9.710882	0.90021986	22.381
0.8439561	-9.664195	0.8451532	22.4
0.90979666	-9.628283	0.8702923	22.431
0.9552865	-9.677363	0.9744401	22.451
0.9588778	-9.642648	0.9744401	22.47
0.9516952	-9.598354	1.0989386	22.501
1.0319009	-9.619903	1.079785	22.531
1.1336545	-9.648633	1.1252748	22.551
1.2318168	-9.659407	1.0390835	22.581
1.271321	-9.540894	1.163582	22.601
1.3515269	-9.544485	1.377863	22.62
1.5215151	-9.524135	1.4688427	22.65
1.6699557	-9.528923	1.483208	22.681
1.733402	-9.601946	1.4664485	22.7
1.5478514	-9.605537	1.4927847	22.731
1.483208	-9.479841	1.4820108	22.751
1.3826514	-9.49301	1.459266	22.781
1.2569559	-9.591172	1.4437037	22.801
1.163582	-9.609129	1.34195	22.82
1.0737995	-9.5492735	1.3874398	22.851
1.067814	-9.555259	1.4389153	22.871
1.067814	-9.555259	1.4389153	22.871
1.3551182	-9.616311	1.6376339	22.929
1.3359646	-9.587581	1.5717934	22.949
1.1827357	-9.585187	1.5107412	22.979
1.0582372	-9.653421	1.4341269	22.999
0.9792285	-9.534908	1.6364368	23.029
0.89902276	-9.509769	1.9261353	23.049
0.92895025	-9.5385	1.8770541	23.079
0.8607155	-9.605537	1.6950948	23.098
0.6512229	-9.531317	1.567005	23.13
0.6404489	-9.605537	1.6364368	23.15
0.62129533	-9.616311	1.7729063	23.18
0.58657944	-9.619903	1.7968484	23.2
0.557849	-9.619903	1.8004397	23.23
0.49799395	-9.609129	1.8602947	23.25
0.37708676	-9.515755	2.007538	23.28
0.31483752	-9.581595	1.9919758	23.3
0.23223756	-9.635465	1.8818425	23.32
0.11492168	-9.616311	1.8567034	23.351
-0.045489833	-9.531317	2.0614076	23.37
-0.1388637	-9.433155	2.3355439	23.401
-0.09816227	-9.437943	2.3702598	23.42
-0.12330139	-9.469068	2.2230163	23.451
-0.19632454	-9.457097	2.27928	23.471
-0.21068975	-9.472659	2.3774424	23.501
-0.33279404	-9.396045	2.4049757	23.521
-0.4321534	-9.397242	2.384625	23.551
-0.5602432	-9.349358	2.385822	23.57
-0.6619968	-9.249998	2.566584	23.601
-0.7098808	-9.24521	2.5845408	23.62
-0.7290344	-9.276335	2.6479871	23.651
-0.81163436	-9.314642	2.753332	23.67
-0.8331822	-9.13388	2.8335378	23.701
-0.7469909	-9.143456	2.9281087	23.731
-0.82360536	-9.166202	3.004723	23.751
-0.80804306	-9.169792	3.0119057	23.771
-0.7673417	-9.100361	3.0071173	23.801
-0.78649527	-9.052477	3.072958	23.82
-0.7637503	-9.090784	3.1268275	23.851
-0.7086837	-9.138668	3.1543608	23.87
-0.7086837	-9.138668	3.1543608	23.87
-0.7505822	-9.101558	3.1280246	23.929
-0.7505822	-9.165004	3.0334535	23.949
-0.7098808	-9.226056	3.004723	23.979
-0.70509243	-9.258378	2.966416	23.999
-0.7158663	-9.184157	2.9508536	24.029
-0.7026982	-9.196129	2.9221232	24.048
-0.6991069	-9.215282	2.8299465	24.079
-0.61650693	-9.26197	2.777274	24.098
-0.5506664	-9.247604	2.753332	24.13
-0.47764325	-9.257181	2.7569232	24.15
-0.45010993	-9.279925	2.7353754	24.18
-0.4309563	-9.386468	2.6192567	24.2
-0.46088383	-9.3733	2.5258827	24.23
-0.39863458	-9.26556	2.4947581	24.25
-0.34596214	-9.380483	2.505532	24.28
-0.30645782	-9.515755	2.384625	24.3
-0.29209262	-9.497798	2.3343468	24.32
-0.272939	-9.396045	2.2122424	24.351
-0.19153613	-9.396045	2.1547816	24.371
-0.11252748	-9.532514	2.1092918	24.401
-0.07062895	-9.593566	2.019509	24.421
-0.045489833	-9.601946	1.9213469	24.451
0.07062895	-9.534908	1.8950106	24.471
0.12808979	-9.552865	1.7848774	24.502
0.09816227	-9.570822	1.7477672	24.52
0.17717093	-9.619903	1.7381904	24.551
0.31364042	-9.639056	1.721431	24.581
0.48003745	-9.739613	1.5394717	24.6
0.50757074	-9.736021	1.4939818	24.62
0.50637364	-9.680955	1.388637	24.651
0.4381389	-9.682152	1.3682863	24.67
0.4237737	-9.639056	1.3251907	24.701
0.45609543	-9.629479	1.2330139	24.73
0.50996494	-9.61272	1.1575965	24.75
0.5231331	-9.587581	1.163582	24.77
0.61052144	-9.568427	1.2413936	24.801
0.6859388	-9.667787	1.2294226	24.831
0.7254431	-9.607931	1.271321	24.851
0.7086837	-9.618706	1.1180922	24.979
0.92535895	-9.618706	1.1180922	24.979
0.92535895	-9.555259	1.0809821	24.989
0.90740246	-9.555259	1.0809821	24.989
0.90740246	-9.555259	1.0809821	25.029
0.90620536	-9.607931	0.92895025	25.029
0.90620536	-9.607931	0.92895025	25.029
0.8690952	-9.544485	0.9564836	25.048
0.8774749	-9.57561	0.9828198	25.079
0.9804256	-9.397242	0.9600749	25.097
0.9768343	-9.750386	0.80086046	25.13
1.0390835	-9.560047	0.7386112	25.15
1.0510546	-9.651027	0.6775591	25.18
0.9780314	-9.64983	0.6607997	25.2
0.9864111	-9.5492735	0.712275	25.23
1.1240777	-9.610326	0.70509243	25.25
1.1324574	-9.619903	0.6344634	25.28
1.2689269	-9.698911	0.5279215	25.3
1.3862427	-9.616311	0.439336	25.331
1.5969325	-9.6845455	0.48602295	25.351
1.6603789	-9.728839	0.49200845	25.37
1.6579847	-9.633071	0.50637364	25.401
1.6938977	-9.646238	0.4333505	25.42
1.7046716	-9.753978	0.45250413	25.451
1.6472107	-9.661801	0.51475334	25.481
1.7441759	-9.593566	0.49799395	25.501
1.769315	-9.65821	0.39863458	25.531
1.769315	-9.61272	0.47405192	25.551
1.6867151	-9.61272	0.6332663	25.588
1.7764976	-9.636662	0.6356605	25.598
1.7274165	-9.647436	0.7266402	25.629
1.5777789	-9.657013	0.7457938	25.649
1.5382746	-9.674969	0.770933	25.679
1.4413095	-9.697714	0.7433996	25.699
1.4425066	-9.755175	0.7457938	25.729
1.2916719	-9.639056	0.79128367	25.749
1.1815386	-9.600749	1.0761937	25.778
1.2246342	-9.668983	1.2006922	25.8
1.3850456	-9.698911	1.0857705	25.83
1.2018893	-9.7563715	0.8774749	25.85
0.94331545	-9.781511	0.8643068	25.869
0.94331545	-9.781511	0.8643068	25.869
0.3890578	-9.555259	1.2018893	25.928
0.31004912	-9.510966	1.2030864	25.948
0.21188685	-9.490616	1.340753	25.977
0.21547815	-9.498995	1.5167267	25.998
0.23822308	-9.504981	1.6136919	26.03
0.1352724	-9.488221	1.7082629	26.049
0.045489833	-9.481039	1.8351556	26.07
0.045489833	-9.451111	1.9428947	26.1
0.038307227	-9.460688	2.0757728	26.12
-0.050278235	-9.436746	2.1499932	26.15
-0.10414778	-9.415198	2.2146366	26.17
0.08259996	-9.467871	2.5474305	26.2
0.23702596	-9.55047	2.5893292	26.22
0.4405331	-9.616311	1.9560628	26.25
0.22266077	-9.562442	1.520318	26.271
-0.18195933	-9.270349	1.9536686	26.301
-0.58657944	-9.163807	2.2337902	26.32
-0.50517654	-9.307459	2.280477	26.351
-0.36391866	-9.461885	2.1763294	26.381
-0.3878607	-9.425972	2.147599	26.401
-0.50038815	-9.4295635	2.0829554	26.431
-0.59855044	-9.400833	1.8842367	26.451
-0.78649527	-9.404425	1.8950106	26.481
-0.8631097	-9.452309	2.055422	26.5
-0.93852705	-9.459491	1.8195933	26.52
-1.1540052	-9.421184	1.3347675	26.552
-1.186327	-9.400833	1.5574282	26.581
-0.961272	-9.498995	1.5717934	26.601
-0.81283146	-9.527725	1.4460979	26.621
-0.85473	-9.7084875	1.2437878	26.651
-0.9516952	-9.605537	1.2413936	26.681
-0.9684546	-9.616311	1.174356	26.701
-0.93373865	-9.616311	1.0857705	26.731
-0.93134445	-9.67018	1.0319009	26.751
-1.0259154	-9.57561	0.90620536	26.77
-1.1180922	-9.646238	0.78410107	26.8
-1.1911154	-9.664195	0.79367787	26.82
-1.2150574	-9.528923	0.770933	26.851
-1.2449849	-9.443929	0.7230489	26.87
-1.2449849	-9.443929	0.7230489	26.87
-1.246182	-9.578004	0.6619968	26.929
-1.283292	-9.591172	0.79607207	26.949
-1.2988545	-9.753978	0.9636662	26.979
-1.328782	-9.7240505	0.89423436	26.999
-1.3096284	-9.6845455	0.724246	27.028
-1.4149733	-9.64983	0.51116204	27.049
-1.5155296	-9.673772	0.34835634	27.079
-1.5693992	-9.654618	0.25258827	27.099
-1.5921441	-9.645041	0.18914193	27.13
-1.6891093	-9.5732155	0.11133038	27.149
-1.6831238	-9.57561	0.008379706	27.18
-1.7381904	-9.554062	-0.08379706	27.2
-1.8136078	-9.52174	-0.09696517	27.23
-1.8555063	-9.503783	-0.24660277	27.249
-1.8219875	-9.504981	-0.23582886	27.28
-1.8854338	-9.552865	-0.2717419	27.299
-1.9979613	-9.562442	-0.33997664	27.331
-2.0937295	-9.454702	-0.2896984	27.351
-2.2996306	-9.431957	-0.50158525	27.381
-2.598906	-9.48463	-0.439336	27.4
-2.384625	-9.568427	-0.320823	27.431
-2.1703439	-9.607931	-0.28491	27.451
-1.8579005	-9.560047	-0.47046062	27.47
-1.7908629	-9.613917	-0.35553896	27.501
-2.099715	-9.449914	-0.46686932	27.52
-2.2098482	-9.386468	-0.37828386	27.551
-2.160767	-9.384073	-0.33638534	27.571
-2.1918917	-9.398438	-0.39743748	27.601
-2.3523033	-9.457097	-0.4201824	27.62
-2.4361002	-9.329007	-0.46567222	27.651
-2.6192567	-9.269152	-0.3854665	27.671
-2.5785553	-9.303867	-0.29807812	27.701
-2.4480712	-9.367314	-0.2741361	27.72
-2.337938	-9.566033	-0.34955344	27.751
-2.2421699	-9.563639	-0.44891283	27.781
-2.243367	-9.449914	-0.4249708	27.801
-2.2613235	-9.448717	-0.35553896	27.82
-2.2996306	-9.442732	-0.32800564	27.851
-2.2840683	-9.472659	-0.30645782	27.871
-2.2840683	-9.472659	-0.30645782	27.871
-2.304419	-9.404425	-0.21906945	27.929
-2.2816741	-9.44752	-0.21428105	27.949
-2.2649148	-9.482236	-0.20470424	27.969
-2.2661119	-9.454702	-0.18435353	27.999
-2.3139958	-9.382876	-0.11372458	28.029
-2.2457612	-9.441534	-0.14724341	28.049
-2.183512	-9.503783	-0.1436521	28.069
-2.1643584	-9.48463	-0.10534488	28.099
-2.1068976	-9.435549	-0.05746084	28.129
-1.9608512	-9.473856	-0.0047884034	28.15
-1.8746599	-9.556456	-0.04189853	28.17
-1.8579005	-9.600749	-0.06584055	28.2
-1.839944	-9.551667	0.017956512	28.22
-1.7681179	-9.551667	0.077811554	28.25
-1.7705121	-9.589975	0.02873042	28.27
-1.7178397	-9.662998	0.031124622	28.299
-1.6543933	-9.589975	0.06344634	28.32
-1.4197617	-9.495404	0.272939	28.351
-1.3850456	-9.568427	0.32680854	28.37
-1.423353	-9.64983	0.3196259	28.398
-1.4508862	-9.654618	0.23223756	28.421
-1.4496891	-9.643845	0.23582886	28.451
-1.4077905	-9.652225	0.35793316	28.48
-1.2330139	-9.645041	0.5351041	28.5
-1.0690111	-9.634268	0.7410054	28.531
-0.9636662	-9.668983	0.8331822	28.55
-0.94570965	-9.706094	0.60453594	28.58
-1.0319009	-9.683349	0.581791	28.6
-1.009156	-9.572019	0.7422025	28.631
-0.7625532	-9.526528	1.1420342	28.651
-0.6679823	-9.561244	1.1971009	28.67
-0.6392518	-9.710882	1.0726024	28.701
-0.7146692	-9.709685	1.0319009	28.72
-0.79248077	-9.634268	1.1264719	28.751
-0.7721301	-9.528923	1.3084313	28.77
-0.6404489	-9.522937	1.4281414	28.802
-0.5386954	-9.603143	1.4221559	28.82
-0.49679685	-9.647436	1.3850456	28.851
-0.5434838	-9.603143	1.447295	28.871
-0.5434838	-9.603143	1.447295	28.871
-0.2753332	-9.522937	1.6496049	28.929
-0.21068975	-9.554062	1.6567876	28.949
-0.21308395	-9.630676	1.5801731	28.979
-0.31364042	-9.640253	1.5275006	28.999
-0.33039984	-9.580399	1.5921441	29.019
-0.2753332	-9.433155	1.6711528	29.049
-0.18435353	-9.458294	1.7477672	29.069
-0.21428105	-9.417592	1.7585411	29.098
-0.21068975	-9.48463	1.6412252	29.12
-0.14844051	-9.617508	1.6089035	29.15
-0.0035913025	-9.622296	1.7513585	29.17
0.2753332	-9.633071	1.6915035	29.2
0.3184288	-9.668983	1.6675615	29.22
0.29927522	-9.671378	1.697489	29.25
0.19871874	-9.610326	1.661576	29.27
0.25019407	-9.51336	1.7010803	29.3
0.2657564	-9.509769	1.7082629	29.321
0.2657564	-9.502586	1.757344	29.335
0.39983168	-9.52174	1.8124107	29.371
0.44532153	-9.522937	1.7932571	29.401
0.44651863	-9.570822	1.7968484	29.421
0.4189853	-9.613917	1.7369933	29.448
0.46327803	-9.566033	1.887828	29.479
0.44532153	-9.583989	1.8842367	29.499
0.45250413	-9.570822	1.816002	29.518
0.45489833	-9.580399	1.7944542	29.55
0.5267244	-9.640253	1.8100165	29.579
0.60214174	-9.580399	1.8435353	29.599
0.61052144	-9.57561	1.839944	29.619
0.63087213	-9.520543	1.8387469	29.647
0.5351041	-9.5385	1.7812861	29.677
0.45010993	-9.5013895	1.7489643	29.697
0.4405331	-9.545682	1.7286136	29.73
0.4345476	-9.536105	1.6903064	29.75
0.4441244	-9.53012	1.673547	29.77
0.39504328	-9.609129	1.5945383	29.8
0.320823	-9.630676	1.5849615	29.82
0.4141969	-9.568427	1.5861586	29.85
0.5231331	-9.595961	1.4532804	29.87
0.5231331	-9.585187	1.4185646	29.948
0.50038815	-9.585187	1.4185646	29.948
0.50038815	-9.585187	1.4185646	29.948
0.581791	-9.546879	1.4664485	29.978
0.50637364	-9.454702	1.1659763	30.09
0.2669535	-9.454702	1.1659763	30.09
0.2669535	-9.454702	1.1659763	30.09
0.2669535	-9.415198	1.1875241	30.108
0.17597382	-9.415198	1.1875241	30.108
0.17597382	-9.415198	1.1875241	30.108
0.23343466	-9.904813	1.1145009	30.15
0.29328972	-10.006566	0.9840169	30.17
0.2861071	-9.759963	0.81642276	30.2
0.18914193	-9.576807	0.8343793	30.221
0.22864626	-9.611523	0.79846627	30.256
0.60453594	-9.655815	0.62129533	30.279
0.748188	-9.694122	0.47764325	30.301
0.7613561	-9.730036	0.427365	30.32
0.6835446	-9.703699	0.2885013	30.351
0.7338228	-9.702502	0.19273324	30.381
0.7517793	-9.734824	0.062249243	30.4
0.6967127	-9.673772	-0.005985504	30.431
0.6655881	-9.664195	0.01316811	30.45
0.748188	-9.744401	0.022744916	30.47
0.8595184	-9.811439	-0.06464344	30.501
0.9648633	-9.712079	-0.039504327	30.52
0.985214	-9.662998	-0.059855044	30.551
0.9660604	-9.706094	-0.08738836	30.581
0.9660604	-9.744401	-0.094570965	30.605
0.93972415	-9.722853	-0.079008654	30.629
0.93254155	-9.719262	-0.035913024	30.649
0.94810385	-9.667787	0.088585466	30.679
0.9983821	-9.65821	0.06943185	30.699
0.9804256	-9.685743	-0.021547815	30.729
0.7290344	-9.657013	-0.037110128	30.749
0.62967503	-9.744401	-0.035913024	30.779
0.6440403	-9.742006	0.15322891	30.799
0.7613561	-9.682152	0.33758244	30.83
0.93254155	-9.688137	0.1388637	30.85
0.90979666	-9.706094	0.045489833	30.879
0.8475474	-9.745598	0.045489833	30.879
0.7457938	-9.65821	0.24779987	30.928
0.760159	-9.65821	0.30047232	30.948
0.7541735	-9.704897	0.39863458	30.978
0.7422025	-9.719262	0.39624038	31.0
0.7410054	-9.726444	0.4285621	31.02
0.7529764	-9.7084875	0.49559975	31.05
0.7649474	-9.725247	0.50876784	31.07
0.79487497	-9.68694	0.5422867	31.1
0.82121116	-9.660604	0.5243302	31.12
0.7445967	-9.679757	0.62608373	31.15
0.6667852	-9.740809	0.6464345	31.17
0.5506664	-9.696517	0.6679823	31.201
0.4429273	-9.61272	0.7254431	31.23
0.46208093	-9.574412	0.8487445	31.249
0.47764325	-9.554062	0.92535895	31.269
0.60573304	-9.574412	1.0618285	31.299
0.61171854	-9.627085	1.067814	31.328
0.51235914	-9.629479	1.1109096	31.349
0.40342298	-9.623494	1.1085154	31.369
0.35434186	-9.569624	1.1168951	31.399
0.39504328	-9.531317	1.2665327	31.419
0.5626374	-9.556456	1.4389153	31.448
0.61411273	-9.69532	1.4377182	31.478
0.5781997	-9.737218	1.3802572	31.5
0.45729253	-9.616311	1.3431472	31.52
0.35434186	-9.475053	1.423353	31.549
0.40222588	-9.479841	1.541866	31.569
0.40342298	-9.586384	1.5502456	31.6
0.39743748	-9.619903	1.4927847	31.62
0.4321534	-9.589975	1.5717934	31.65
0.5279215	-9.52174	1.6412252	31.67
0.58418524	-9.506178	1.6256629	31.701
0.6332663	-9.555259	1.5370775	31.721
0.62129533	-9.5971575	1.5813702	31.751
0.7230489	-9.569624	1.5526398	31.781
0.7422025	-9.543288	1.5406688	31.801
0.70509243	-9.55047	1.5777789	31.831
0.712275	-9.508572	1.5921441	31.85
0.7553706	-9.561244	1.5837644	31.87
0.7553706	-9.561244	1.5837644	31.87
0.7769185	-9.574412	1.5849615	31.926
0.78050977	-9.581595	1.6256629	31.95
0.79966336	-9.570822	1.5825673	31.979
0.6955156	-9.534908	1.5981296	31.999
0.6823475	-9.5385	1.532289	32.029
0.6452374	-9.568427	1.5682021	32.049
0.6512229	-9.569624	1.6256629	32.069
0.6452374	-9.555259	1.602918	32.099
0.59735334	-9.551667	1.5622166	32.128
0.61890113	-9.581595	1.5382746	32.15
0.6536171	-9.568427	1.471237	32.18
0.7098808	-9.57561	1.4305356	32.2
0.6823475	-9.537302	1.436521	32.23
0.6667852	-9.560047	1.4879963	32.25
0.7314286	-9.613917	1.4856021	32.28
0.7649474	-9.592369	1.4856021	32.3
0.7410054	-9.551667	1.4341269	32.319
0.6907272	-9.536105	1.3982137	32.351
0.6991069	-9.536105	1.4389153	32.381
0.79607207	-9.591172	1.448492	32.401
0.7505822	-9.586384	1.4377182	32.42
0.79008657	-9.591172	1.3934253	32.452
0.7637503	-9.545682	1.3754689	32.481
0.7541735	-9.563639	1.3563153	32.5
0.80086046	-9.516952	1.4389153	32.531
1.0067618	-9.531317	1.5765818	32.551
1.1264719	-9.613917	1.4257472	32.581
1.0737995	-9.643845	1.4341269	32.6
1.1228806	-9.635465	1.4520833	32.62
1.2042835	-9.519346	1.5227122	32.651
1.2964603	-9.503783	1.6472107	32.67
1.292869	-9.621099	1.5610195	32.702
1.3084313	-9.552865	1.5227122	32.72
1.3000516	-9.51336	1.4796166	32.75
1.3036429	-9.515755	1.4939818	32.77
1.271321	-9.544485	1.4149733	32.801
1.2150574	-9.53012	1.4173675	32.82
1.2006922	-9.589975	1.4221559	32.851
1.1875241	-9.581595	1.3431472	32.871
1.1587936	-9.593566	1.34195	32.881
1.1659763	-9.54209	1.4760253	32.929
1.1827357	-9.5732155	1.472434	32.949
1.1360487	-9.579201	1.423353	32.979
1.1109096	-9.572019	1.400608	32.999
1.1216835	-9.5385	1.5215151	33.029
1.1719618	-9.5732155	1.5358804	33.049
1.2090719	-9.636662	1.3215994	33.079
1.1468226	-9.623494	1.1911154	33.097
1.0845734	-9.689334	1.1707647	33.13
1.0749966	-9.722853	1.3072342	33.15
1.0809821	-9.692925	1.352724	33.18
1.163582	-9.610326	1.5059528	33.2
1.1228806	-9.568427	1.5275006	33.23
0.985214	-9.5732155	1.5011644	33.25
0.92535895	-9.5385	1.6759412	33.28
0.79008657	-9.526528	1.8136078	33.3
0.7422025	-9.527725	1.8902222	33.32
0.6344634	-9.568427	1.9369092	33.351
0.46447513	-9.54209	1.9955671	33.381
0.39863458	-9.445126	2.2589293	33.401
0.39145198	-9.372103	2.2517467	33.431
0.3890578	-9.388862	2.219425	33.45
0.30885202	-9.461885	2.244564	33.471
0.33399114	-9.443929	2.27928	33.501
0.32202014	-9.368511	2.2840683	33.521
0.2669535	-9.356541	2.3331497	33.551
0.24420857	-9.436746	2.2697031	33.57
0.24660277	-9.485827	2.303222	33.601
0.20111294	-9.44752	2.3582888	33.631
0.33518824	-9.4295635	2.542642	33.65
0.581791	-9.466674	2.504335	33.681
0.5518635	-9.528923	2.086547	33.7
0.4177882	-9.574412	1.9859903	33.731
0.19033903	-9.526528	2.2493525	33.75
0.260968	-9.461885	2.421735	33.77
0.30526072	-9.270349	2.4863784	33.802
0.25737667	-9.212888	2.5007436	33.831
0.18195933	-9.244013	2.5713725	33.85
0.19871874	-9.27394	2.7246015	33.88
0.24540567	-9.269152	2.7246015	33.88
0.25139117	-9.246407	2.96881	33.929
0.2621651	-9.228451	3.028665	33.949
0.3184288	-9.19972	3.0573955	33.978
0.33518824	-9.233239	3.071761	33.999
0.31603462	-9.252393	3.0538042	34.019
0.32202014	-9.25359	2.9819782	34.049
0.29568392	-9.25359	2.813187	34.079
0.36750996	-9.317036	2.8431146	34.099
0.4213795	-9.315839	2.7365725	34.13
0.427365	-9.31943	2.6779146	34.15
0.4345476	-9.350554	2.6862943	34.18
0.47405192	-9.324219	2.610877	34.2
0.50876784	-9.325416	2.669535	34.23
0.50996494	-9.257181	2.6839	34.25
0.5386954	-9.271546	2.6168625	34.28
0.49679685	-9.300277	2.6060886	34.3
0.50757074	-9.325416	2.6384103	34.32
0.59136784	-9.300277	2.6084828	34.351
0.60094464	-9.271546	2.6408045	34.381
0.6392518	-9.260772	2.6886885	34.4
0.6344634	-9.255983	2.7126305	34.42
0.5770026	-9.303867	2.44448	34.451
0.8415619	-9.3661175	2.3008277	34.471
0.91578215	-9.38168	2.3092074	34.484
0.9923966	-9.526528	2.1823149	34.521
1.0833763	-9.476251	2.1703439	34.548
0.9504981	-9.500193	2.0470424	34.569
0.8391677	-9.5385	1.8890251	34.599
0.9588778	-9.532514	1.6962919	34.628
0.9864111	-9.470264	1.5454572	34.648
0.9804256	-9.406818	1.5562311	34.679
1.0115502	-9.372103	1.5227122	34.699
1.0749966	-9.419987	1.4927847	34.719
1.2653356	-9.624691	1.3634979	34.748
1.4281414	-9.765948	1.1552023	34.778
1.484405	-9.751583	1.033098	34.798
1.4867992	-9.709685	0.94810385	34.83
1.4568717	-9.67018	0.91219085	34.85
1.4460979	-9.627085	0.89303726	34.88
1.4628572	-9.665392	0.6584055	35.03
1.6603789	-9.665392	0.6584055	35.03
1.6603789	-9.665392	0.6584055	35.03
1.6603789	-9.665392	0.61650693	35.049
1.6184803	-9.689334	0.61650693	35.049
1.6184803	-9.689334	0.61650693	35.049
1.6184803	-9.689334	0.61650693	35.049
1.471237	-9.55047	0.7685388	35.077
1.4975731	-9.563639	0.89662856	35.1
1.0977415	-9.657013	0.90740246	35.17
1.0977415	-9.657013	0.90740246	35.17
1.0977415	-9.657013	0.90740246	35.17
1.6160861	-9.340978	0.62967503	35.2
1.7381904	-9.589975	0.8463503	35.227
1.5693992	-9.807847	1.0462662	35.25
1.3934253	-9.731233	1.033098	35.28
1.496376	-9.500193	1.0594343	35.3
1.4760253	-9.512163	0.9995792	35.33
1.2653356	-9.613917	0.94570965	35.35
1.2198458	-9.593566	1.067814	35.38
1.1707647	-9.57561	1.127669	35.4
1.174356	-9.564836	1.1468226	35.419
1.163582	-9.601946	1.1504139	35.45
1.1300632	-9.615114	1.0534488	35.47
1.0630256	-9.611523	1.1073183	35.501
0.92775315	-9.570822	1.1719618	35.52
0.8439561	-9.592369	1.2545617	35.551
0.79607207	-9.579201	1.2138603	35.57
0.78170687	-9.629479	1.1408371	35.601
0.6787562	-9.616311	1.1587936	35.63
0.6536171	-9.600749	1.1959038	35.651
0.61770403	-9.588778	1.246182	35.68
0.6452374	-9.5971575	1.2449849	35.7
0.6488287	-9.581595	1.2641385	35.731
0.6356605	-9.579201	1.328782	35.751
0.61650693	-9.625888	1.283292	35.77
0.56982	-9.651027	1.2138603	35.801
0.48362875	-9.566033	1.2557588	35.82
0.4249708	-9.564836	1.2605472	35.85
0.3878607	-9.588778	1.2749124	35.871
0.38187516	-9.623494	1.2138603	35.883
0.2861071	-9.660604	1.0546459	35.929
0.16639702	-9.64983	1.0630256	35.949
0.1340753	-9.637859	1.1025299	35.979
0.16400282	-9.625888	1.0534488	35.999
0.10414778	-9.643845	0.9636662	36.029
0.07182605	-9.673772	0.9528923	36.049
0.061052144	-9.709685	0.9756372	36.079
0.035913024	-9.683349	0.9804256	36.099
0.027533319	-9.660604	1.0247183	36.13
-0.05746084	-9.651027	0.9911995	36.15
-0.05865794	-9.659407	0.9528923	36.18
-0.089782566	-9.661801	0.8822633	36.2
-0.092176765	-9.6845455	0.82719666	36.23
-0.12449849	-9.680955	0.91099375	36.249
-0.11611878	-9.66659	0.8870517	36.28
-0.16280572	-9.910798	1.0462662	36.3
-0.17238252	-9.947908	1.1204864	36.331
-0.16639702	-9.922769	1.13964	36.351
-0.20231004	-9.865308	0.18195933	36.381
-0.50278234	-10.042479	-0.30166942	36.4
-0.7398083	-9.939528	0.29209262	36.42
-0.6727707	-9.882068	0.59376204	36.451
-0.1592144	-9.834184	0.39025488	36.481
0.059855044	-9.751583	0.61291564	36.5
-0.3878607	-9.712079	0.7553706	36.521
-0.7541735	-9.605537	0.80445176	36.551
-0.7302315	-9.68694	0.78649527	36.571
-0.8774749	-9.642648	0.8379706	36.602
-1.1408371	-9.940725	0.60094464	36.62
-1.2988545	-9.882068	0.8690952	36.651
-1.9045875	-9.872491	0.5351041	36.67
-2.385822	-9.560047	1.1707647	36.702
-2.3319526	-9.483433	1.0606314	36.731
-2.0326772	-10.042479	0.7170634	36.751
-1.5071499	-10.010158	0.58538234	36.781
-1.1288661	-9.646238	0.664391	36.801
-1.8076223	-9.28232	0.50876784	36.831
-2.255338	-9.272743	0.7254431	36.85
-2.7042508	-9.165004	0.79248077	36.881
-2.610877	-9.198523	0.7194576	36.881
-2.6719291	-9.313444	0.92895025	36.922
-2.5342624	-9.185355	1.0199299	36.951
-2.541445	-9.074024	0.91937345	36.971
-2.4349031	-8.961497	1.0749966	37.001
-2.6288335	-9.0716305	0.961272	37.02
-2.8048072	-9.194932	0.712275	37.048
-3.265691	-9.021352	0.90021986	37.069
-3.1519666	-8.9758625	0.8714894	37.099
-3.1172507	-8.91481	0.8319851	37.119
-3.0992942	-8.941146	0.6979098	37.149
-3.0597897	-8.823831	0.79966336	37.179
-3.0550013	-8.756793	0.7314286	37.199
-3.1244333	-8.579621	0.80086046	37.229
-3.0813377	-8.51857	0.90979666	37.248
-3.0681696	-8.443152	1.0606314	37.28
-2.9532478	-8.42759	1.043872	37.3
-2.9867666	-8.626308	1.1456255	37.33
-3.1364043	-8.674192	1.0857705	37.35
-3.1495724	-8.51857	1.1540052	37.38
-2.9831753	-8.549694	1.0175357	37.399
-2.7509377	-8.123527	1.1935096	37.43
-1.8387469	-8.070854	1.5801731	37.45
-1.3718776	-10.216059	1.650802	37.481
-2.9472623	-12.095507	0.94810385	37.5
-2.3930047	-11.741165	0.31603462	37.531
-3.1842883	-9.654618	1.2437878	37.551
-2.3930047	-8.7771435	1.3623008	37.57
-0.91219085	-9.272743	0.770933	37.601
-0.82480246	-9.563639	0.2705448	37.62
-1.2330139	-9.296685	0.20949265	37.651
-1.4389153	-9.180567	0.24660277	37.67
-1.6340426	-9.198523	0.50278234	37.702
-0.91578215	-9.562442	0.78769237	37.72
-0.3866636	-9.910798	0.80325466	37.75
-0.6572084	-10.07121	0.33518824	37.77
-1.2090719	-9.981427	-0.6703765	37.802
-1.271321	-9.921572	-0.7757214	37.821
-0.8511387	-10.1143055	-0.12569559	37.851
-0.47165772	-9.840169	0.0011971008	37.871
-0.46447513	-9.682152	-0.092176765	37.881
-0.46447513	-9.682152	-0.092176765	37.881
-0.63206923	-10.089166	-1.3024458	37.95
-0.82240826	-9.902418	-1.9069817	37.98
-0.6811504	-9.740809	-2.0003555	37.998
-0.5722142	-9.652225	-1.9009962	38.029
-0.10175357	-9.490616	-1.8950106	38.049
0.093373865	-9.427169	-2.1188686	38.079
0.015562311	-9.519346	-2.2541409	38.1
-0.20949265	-9.409213	-2.3942018	38.129
0.15322891	-9.504981	-2.2505496	38.15
0.090979666	-9.603143	-2.2290018	38.18
-0.36391866	-9.67856	-2.6408045	38.199
-0.47405192	-9.598354	-3.0023289	38.23
-0.40701428	-9.540894	-2.9484594	38.251
0.088585466	-9.606734	-2.6001031	38.269
0.1448492	-9.465476	-2.6635494	38.3
-0.19512744	-9.490616	-2.8862102	38.319
-0.7433996	-9.531317	-2.9245174	38.35
-0.6967127	-9.543288	-2.7138276	38.38
-0.5626374	-9.54209	-2.3714569	38.4
-0.07062895	-9.689334	-2.0254946	38.421
-0.1376666	-9.704897	-1.6639702	38.451
-0.2717419	-9.61272	-1.5717934	38.471
-0.5674258	-9.551667	-1.5705963	38.501
-0.8499416	-9.506178	-1.8495208	38.531
-1.0007763	-9.202114	-1.4532804	38.551
-0.6440403	-9.44752	-0.9959879	38.581
-0.45968673	-9.709685	-0.5434838	38.6
-0.50996494	-9.742006	-0.39983168	38.62
-0.62129533	-9.604341	-0.34715924	38.651
-1.1061212	-9.818622	-0.33279404	38.681
-2.1080947	-10.226832	-0.5734113	38.7
-1.970428	-9.988609	-0.5566519	38.731
-0.4225766	-9.399636	0.020350715	38.751
0.1352724	-9.228451	0.4201824	38.77
0.985214	-9.32781	1.328782	38.801
0.81163436	-9.619903	1.2761095	38.82
0.18435353	-9.593566	0.3890578	38.851
-0.29328972	-9.563639	0.23942018	38.881
-0.33997664	-9.527725	0.3184288	38.881
-0.33997664	-9.527725	0.3184288	38.881
-0.46327803	-9.607931	0.7086837	38.949
-0.51954174	-9.719262	0.56982	38.979
-0.50158525	-9.7719345	0.60693014	38.999
-0.5542577	-9.660604	0.6955156	39.029
-0.5758055	-9.690532	0.6979098	39.048
-0.641646	-9.81503	0.6703765	39.079
-0.78290397	-9.822212	0.7433996	39.099
-1.0893618	-9.853337	0.5470751	39.128
-1.246182	-9.736021	0.40821138	39.15
-1.2749124	-9.676167	0.41060558	39.169
-1.2378023	-9.539697	0.37229836	39.2
-1.2880806	-9.572019	0.22625206	39.219
-1.3575124	-9.625888	0.2705448	39.25
-1.4101849	-9.563639	0.4285621	39.269
-1.496376	-9.5013895	0.36391866	39.3
-1.4856021	-9.500193	0.35434186	39.331
-1.3934253	-9.380483	0.40821138	39.351
-1.3335704	-9.0476885	0.5542577	39.38
-1.270124	-9.113529	0.7445967	39.4
-1.258153	-9.580399	0.6596026	39.42
-1.2533646	-9.753978	0.5255273	39.451
-1.1803415	-9.536105	0.415394	39.481
-0.93254155	-9.380483	0.49799395	39.5
-0.8379706	-9.503783	0.5518635	39.52
-0.7685388	-9.800665	0.29328972	39.551
-0.51235914	-9.886856	0.23223756	39.581
-0.44651863	-9.861717	0.33638534	39.601
-0.49559975	-9.82341	0.39983168	39.631
-0.60932434	-9.810242	0.37708676	39.65
-0.59974754	-9.810242	0.32800564	39.681
-0.5470751	-9.829395	0.31364042	39.701
-0.48003745	-9.855731	0.35194764	39.72
-0.35913026	-9.80665	0.46567222	39.751
-0.06943185	-9.702502	0.6344634	39.781
0.18076223	-9.858126	0.5530606	39.8
0.077811554	-9.830592	0.3854665	39.831
-0.033518825	-9.753978	0.40821138	39.851
-0.08738836	-9.739613	0.44532153	39.88
-0.10534488	-9.702502	0.8415619	39.999
-0.12449849	-9.702502	0.8415619	39.999
-0.12449849	-9.702502	0.8451532	40.009
-0.12330139	-9.736021	0.8451532	40.009
-0.12330139	-9.736021	0.8451532	40.009
-0.19393034	-9.707291	0.7410054	40.029
-0.18794483	-9.691729	0.7194576	40.049
-0.20470424	-9.704897	0.7086837	40.079
-0.30166942	-9.623494	0.7769185	40.098
-0.29807812	-9.611523	0.8559271	40.16
-0.260968	-9.611523	0.8559271	40.16
-0.2777274	-9.664195	0.8523358	40.179
-0.31603462	-9.661801	0.93014735	40.199
-0.2717419	-9.651027	1.0342951	40.23
-0.33877954	-9.667787	0.93613285	40.25
-0.34835634	-9.645041	0.8810662	40.28
-0.4165911	-9.636662	0.9696517	40.3
-0.37229836	-9.607931	0.997185	40.32
-0.34955344	-9.629479	0.90261406	40.351
-0.39264908	-9.690532	0.8523358	40.381
-0.37948096	-9.698911	0.8762778	40.401
-0.35194764	-9.692925	0.88944596	40.42
-0.30286652	-9.690532	0.94930094	40.451
-0.4429273	-9.7084875	1.0702082	40.48
-0.24301147	-9.635465	0.9947908	40.5
-0.23702596	-9.634268	0.93972415	40.531
-0.25498247	-9.646238	0.92775315	40.551
-0.521936	-9.702502	0.91219085	40.581
-0.3196259	-9.591172	0.9923966	40.601
-0.3196259	-9.55885	0.9900024	40.62
-0.5386954	-9.616311	1.0283096	40.65
-0.47285482	-9.624691	1.0666169	40.67
-0.4357447	-9.589975	1.0726024	40.701
-0.46208093	-9.556456	1.0989386	40.72
-0.47524905	-9.520543	1.2078748	40.751
-0.45968673	-9.514558	1.234211	40.781
-0.4165911	-9.589975	1.2521675	40.8
-0.41180268	-9.627085	1.2018893	40.831
-0.46447513	-9.488221	1.1563994	40.85
-0.48362875	-9.431957	1.0941502	40.87
-0.46567222	-9.459491	1.0606314	40.883
-0.46567222	-9.459491	0.8619126	40.929
-0.46088383	-9.66659	0.8331822	40.95
-0.35194764	-9.635465	0.82360536	40.969
-0.18195933	-9.676167	0.6464345	40.998
-0.24899697	-9.709685	0.49200845	41.019
-0.24301147	-9.7803135	0.46926352	41.049
-0.23104046	-9.765948	0.37469256	41.08
-0.11252748	-9.76954	0.35673606	41.099
-0.008379706	-9.783905	0.19991584	41.128
-0.008379706	-9.813833	0.15562311	41.15
0.079008654	-9.750386	0.22625206	41.17
0.33399114	-9.752781	0.14604631	41.199
0.4249708	-9.846154	-0.050278235	41.227
0.31603462	-9.873688	-0.089782566	41.25
0.35673606	-9.725247	-0.05267244	41.27
0.47644615	-9.779117	-0.11971009	41.299
0.4225766	-9.731233	-0.08259996	41.32
0.40821138	-9.701305	-0.05626374	41.35
0.35913026	-9.706094	-0.092176765	41.37
0.35913026	-9.718064	-0.059855044	41.4
0.2885013	-9.703699	0.027533319	41.42
0.4321534	-9.858126	-0.053869538	41.456
0.38067806	-9.846154	-0.23104046	41.468
0.24061728	-9.825804	-0.18435353	41.499
0.12210429	-9.850943	-0.142455	41.529
0.2765303	-9.755175	-0.047884032	41.549
0.05746084	-9.779117	-0.045489833	41.579
0.10534488	-9.822212	0.05865794	41.599
0.009576807	-9.683349	0.19871874	41.629
0.06344634	-9.731233	0.34356794	41.649
-0.1412579	-9.765948	0.50996494	41.68
0.14604631	-9.640253	0.48123455	41.7
0.130484	-9.659407	0.60214174	41.73
-0.033518825	-9.655815	0.748188	41.75
-0.09696517	-9.630676	0.7206547	41.78
-0.089782566	-9.763555	0.7517793	41.8
-0.02873042	-9.743204	1.0606314	41.83
-0.007182605	-9.660604	1.0594343	41.85
0.079008654	-9.706094	1.1611878	41.881
-0.031124622	-9.757569	1.2150574	41.891
-0.11133038	-9.566033	1.2940661	41.929
-0.12569559	-9.61272	1.5526398	41.949
-0.18435353	-9.54209	1.7489643	41.979
-0.25977087	-9.421184	1.685518	41.999
-0.08619126	-9.479841	1.4532804	42.029
0.11731588	-9.665392	1.4065934	42.049
0.08379706	-9.616311	1.543063	42.079
0.033518825	-9.619903	1.697489	42.098
-0.1328782	-9.548077	1.8052281	42.13
-0.22984336	-9.445126	1.9165585	42.15
-0.15203181	-9.51336	1.9895816	42.18
-0.10414778	-9.615114	1.9776106	42.2
-0.108936176	-9.510966	1.8459295	42.23
-0.21787235	-9.354146	1.79206	42.25
-0.18914193	-9.452309	1.7944542	42.28
-0.1328782	-9.61272	1.6627731	42.299
-0.14963761	-9.594764	1.6400281	42.32
-0.20111294	-9.472659	1.851915	42.351
-0.25258827	-9.465476	1.8986019	42.381
-0.30645782	-9.488221	1.982399	42.401
-0.31004912	-9.524135	2.160767	42.42
-0.17717093	-9.509769	2.2290018	42.45
-0.074220255	-9.5385	2.066196	42.47
-0.08619126	-9.576807	1.958457	42.501
-0.22984336	-9.5971575	2.1631613	42.52
-0.3196259	-9.55885	2.1787236	42.551
-0.47524905	-9.548077	2.0937295	42.581
-0.51355624	-9.55885	2.0733786	42.6
-0.6607997	-9.531317	2.1284454	42.631
-0.6823475	-9.545682	2.0973208	42.651
-0.6596026	-9.563639	2.03148	42.67
-0.5279215	-9.385271	2.1990743	42.701
-0.47884035	-9.333796	2.3750482	42.72
-0.4237737	-9.41041	2.5821466	42.751
-0.7302315	-9.510966	2.304419	42.77
-0.82001406	-9.460688	2.2888567	42.801
-0.81402856	-9.355343	2.5342624	42.831
-0.7194576	-9.362526	2.56419	42.851
-0.6428431	-9.374496	2.5498247	42.871
-0.6919243	-9.368511	2.5031378	42.89
-0.6919243	-9.368511	2.5031378	42.89
-0.89423436	-9.193734	2.4827871	42.938
-0.8607155	-9.488221	2.1906946	42.979
-0.94331545	-9.461885	2.1404164	42.999
-0.830788	-9.412804	2.2984335	43.028
-0.7386112	-9.368511	2.3259668	43.049
-0.62728083	-9.448717	2.2960393	43.079
-0.5363012	-9.459491	2.4037786	43.099
-0.58777654	-9.482236	2.3930047	43.129
-0.60453594	-9.415198	2.4947581	43.149
-0.51954174	-9.414001	2.5270798	43.169
-0.46208093	-9.412804	2.5366566	43.2
-0.5267244	-9.435549	2.540248	43.219
-0.6823475	-9.42238	2.372654	43.25
-0.7170634	-9.424775	2.3092074	43.269
-0.7266402	-9.394848	2.1643584	43.3
-0.7673417	-9.344569	2.1871033	43.319
-0.7793127	-9.356541	2.3331497	43.351
-0.7146692	-9.417592	2.44448	43.371
-0.7422025	-9.458294	2.5917234	43.4
-0.81163436	-9.434352	2.5953147	43.421
-0.8882488	-9.331401	2.4971523	43.451
-0.78888947	-9.394848	2.4779987	43.481
-0.7781156	-9.467871	2.5306711	43.501
-0.78769237	-9.382876	2.492364	43.521
-0.80205756	-9.338584	2.4313118	43.551
-0.78769237	-9.26197	2.3642743	43.57
-0.78529817	-9.356541	2.2577322	43.601
-0.59855044	-9.354146	2.4648306	43.631
-0.45010993	-9.470264	2.7509377	43.651
-0.46447513	-9.552865	2.553416	43.681
-0.60573304	-9.527725	2.3319526	43.701
-0.7529764	-9.382876	2.2242134	43.72
-0.82599956	-9.277532	2.2888567	43.752
-0.7302315	-9.343372	2.315193	43.781
-0.7098808	-9.4295635	2.292448	43.781
-0.5494693	-9.580399	2.2481554	43.829
-0.49081135	-9.55047	2.291251	43.849
-0.47524905	-9.41879	2.327164	43.879
-0.4357447	-9.4535055	2.2840683	43.888
-0.4357447	-9.552865	2.1452048	43.929
-0.2645593	-9.495404	2.112883	43.95
-0.32202014	-9.384073	2.3307555	43.979
-0.32441434	-9.362526	2.3906105	43.999
-0.2621651	-9.448717	2.1392193	44.03
-0.23463176	-9.57561	2.1942859	44.049
-0.3184288	-9.532514	2.3930047	44.081
-0.31124622	-9.443929	2.5953147	44.1
-0.36631286	-9.398438	2.5486276	44.13
-0.31244332	-9.392453	2.3211784	44.15
-0.33279404	-9.463082	2.184709	44.18
-0.20231004	-9.811439	2.1871033	44.2
-0.33758244	-9.683349	2.1655555	44.231
-0.6895301	-9.28232	0.8714894	44.25
-0.45370123	-9.337387	0.5781997	44.271
0.2813187	-9.460688	2.753332	44.301
0.12330139	-9.012972	3.7565024	44.331
0.02633622	-9.443929	2.8431146	44.351
-0.11731588	-9.685743	2.315193	44.381
-0.30645782	-9.773131	1.2054806	44.401
0.050278235	-9.518148	1.436521	44.431
0.31004912	-9.321824	2.1428106	44.45
0.05267244	-9.412804	2.112883	44.481
0.089782566	-9.639056	1.9069817	44.5
0.04189853	-9.627085	1.6472107	44.52
0.10175357	-9.508572	1.5047557	44.551
-0.04189853	-9.583989	1.6160861	44.571
-0.019153614	-9.720459	1.5119383	44.601
0.08499416	-9.581595	1.2868834	44.631
0.14604631	-9.543288	1.151611	44.651
0.17956513	-9.591172	1.1587936	44.67
0.055066638	-9.677363	1.1587936	44.701
-0.06584055	-9.712079	1.0079589	44.72
-0.045489833	-9.737218	0.94930094	44.751
0.06584055	-9.744401	0.9588778	44.77
0.18914193	-9.726444	0.9720459	44.801
0.33399114	-9.767146	0.8798691	44.82
0.34476504	-9.792285	0.7146692	44.852
0.30645782	-9.740809	0.6356605	44.871
0.30765492	-9.720459	0.6380547	44.89
0.30765492	-9.720459	0.6380547	44.89
0.30765492	-9.706094	0.6859388	44.951
0.25857377	-9.704897	0.62488663	44.979
0.37469256	-9.765948	0.5351041	44.998
0.40102878	-9.759963	0.4441244	45.029
0.33159694	-9.721656	0.47884035	45.049
0.39025488	-9.655815	0.6500258	45.079
0.37229836	-9.685743	0.6955156	45.099
0.36750996	-9.69532	0.6548142	45.129
0.40940848	-9.713276	0.6356605	45.149
0.3854665	-9.704897	0.6703765	45.18
0.36990416	-9.726444	0.664391	45.2
0.33039984	-9.736021	0.60693014	45.219
0.51714754	-9.637859	0.51954174	45.25
0.5482722	-9.753978	0.62249243	45.269
0.50278234	-9.744401	0.50158525	45.3
0.48841715	-9.713276	0.48961425	45.331
0.46567222	-9.696517	0.6919243	45.35
0.45250413	-9.725247	0.7410054	45.381
0.37469256	-9.758766	0.5722142	45.4
0.19393034	-9.615114	0.60094464	45.42
0.3890578	-9.66659	0.6560113	45.451
0.4189853	-9.783905	0.63206923	45.481
0.3842694	-9.865308	0.51355624	45.501
0.34835634	-9.7563715	0.46447513	45.52
0.40581718	-9.673772	0.56982	45.55
0.38067806	-9.694122	0.6871359	45.581
0.33039984	-9.738416	0.8295909	45.601
0.50517654	-9.731233	0.8367735	45.631
0.37110126	-9.648633	0.8295909	45.651
0.29927522	-9.668983	0.93493575	45.681
0.16519992	-9.623494	1.0809821	45.7
0.17118542	-9.630676	1.079785	45.72
0.130484	-9.627085	1.1468226	45.751
-0.051475335	-9.647436	1.2737153	45.78
-0.1412579	-9.625888	1.3994108	45.801
-0.23582886	-9.607931	1.472434	45.82
-0.23104046	-9.634268	1.4317327	45.851
-0.23223756	-9.636662	1.4137762	45.87
-0.2753332	-9.640253	1.3575124	45.884
-0.2753332	-9.640253	1.3575124	45.884
-0.3842694	-9.536105	1.6915035	45.948
-0.39624038	-9.481039	1.7178397	45.979
-0.3890578	-9.494206	1.6927006	45.999
-0.36511576	-9.500193	1.7106571	46.029
-0.37349546	-9.491813	1.6915035	46.049
-0.3184288	-9.470264	1.7010803	46.079
-0.32202014	-9.508572	1.7022774	46.099
-0.37349546	-9.479841	1.6627731	46.128
-0.4177882	-9.398438	1.5981296	46.15
-0.5422867	-9.196129	1.6460136	46.18
-0.62728083	-9.368511	1.7872716	46.199
-0.34835634	-9.554062	1.79206	46.23
-0.051475335	-9.520543	1.7561469	46.25
-0.17118542	-9.4774475	1.9656396	46.28
-0.30406362	-9.546879	2.042254	46.3
-0.22266077	-9.634268	1.7776948	46.33
-0.30885202	-9.672575	1.4317327	46.351
-0.427365	-9.589975	1.2569559	46.38
-0.41060558	-9.619903	1.2437878	46.401
-0.37588966	-9.647436	1.1599907	46.43
-0.33279404	-9.704897	0.9804256	46.451
-0.30166942	-9.700109	0.8774749	46.481
-0.37828386	-9.743204	0.6380547	46.5
-0.29448682	-9.736021	0.5614403	46.531
-0.25857377	-9.738416	0.49081135	46.55
-0.18555063	-9.739613	0.49200845	46.57
-0.029927522	-9.744401	0.7302315	46.6
0.0023942017	-9.770737	0.7445967	46.62
-0.12210429	-9.703699	0.61171854	46.651
-0.24301147	-9.704897	0.48602295	46.67
-0.30406362	-9.763555	0.22266077	46.701
-0.44532153	-9.82341	0.06584055	46.731
-0.50517654	-9.788693	0.019153614	46.751
-0.5470751	-9.731233	-0.12330139	46.781
-0.61411273	-9.65821	-0.095768064	46.8
-0.6619968	-9.662998	-0.044292733	46.82
-0.7338228	-9.726444	-0.18674773	46.851
-0.88944596	-9.707291	-0.33638534	46.881
-0.93972415	-9.637859	-0.3866636	46.891
-0.93972415	-9.637859	-0.3866636	46.891
-1.1180922	-9.690532	-0.39384618	46.946
-1.1432313	-9.727641	-0.40821138	46.979
-1.2066777	-9.606734	-0.35553896	46.999
-1.2090719	-9.627085	-0.38187516	47.029
-1.3970166	-9.627085	-0.3172317	47.049
-1.2773066	-9.640253	-0.47165772	47.079
-1.3479356	-9.652225	-0.60333884	47.099
-1.4748282	-9.696517	-0.78888947	47.128
-1.4161704	-9.564836	-0.6596026	47.15
-1.5861586	-9.544485	-0.45968673	47.17
-1.567005	-9.522937	-0.51475334	47.2
-1.5370775	-9.514558	-0.50517654	47.22
-1.5023615	-9.518148	-0.51235914	47.25
-1.4915876	-9.51336	-0.60693014	47.27
-1.7310078	-9.569624	-0.60573304	47.3
-1.6412252	-9.581595	-0.63206923	47.32
-1.6364368	-9.568427	-0.6392518	47.351
-1.7489643	-9.56723	-0.61770403	47.371
-1.7489643	-9.48463	-0.46088383	47.401
-1.6711528	-9.482236	-0.49679685	47.421
-1.7549498	-9.55047	-0.60453594	47.448
-1.7812861	-9.566033	-0.6512229	47.478
-1.7429788	-9.440337	-0.5734113	47.499
-1.7262194	-9.42238	-0.5398925	47.519
-1.8710686	-9.51336	-0.5793968	47.549
-1.8495208	-9.490616	-0.58897364	47.569
-1.7489643	-9.532514	-0.5231331	47.599
-1.851915	-9.603143	-0.521936	47.629
-1.8543092	-9.566033	-0.5530606	47.648
-1.8327614	-9.485827	-0.5434838	47.67
-1.7322049	-9.533711	-0.5638345	47.7
-1.745373	-9.581595	-0.6488287	47.73
-1.7417817	-9.548077	-0.6536171	47.75
-1.7369933	-9.520543	-0.61890113	47.78
-1.7250223	-9.519346	-0.61650693	47.8
-1.7393875	-9.533711	-0.6428431	47.83
-1.7621324	-9.57561	-0.6500258	47.85
-1.7465701	-9.580399	-0.58657944	47.881
-1.7477672	-9.518148	-0.5626374	47.89
-1.7477672	-9.518148	-0.5626374	47.89
-1.7597382	-9.531317	-0.5315128	47.946
-1.6819267	-9.531317	-0.45010993	47.979
-1.520318	-9.552865	-0.4213795	47.999
-1.4568717	-9.646238	-0.4417302	48.03
-1.5765818	-9.64145	-0.61770403	48.049
-1.6220716	-9.532514	-0.6512229	48.079
-1.6232687	-9.520543	-0.59974754	48.099
-1.6053122	-9.560047	-0.45489833	48.127
-1.5586253	-9.585187	-0.46926352	48.15
-1.5466543	-9.593566	-0.415394	48.18
-1.5239093	-9.579201	-0.3890578	48.2
-1.5047557	-9.600749	-0.37708676	48.23
-1.4449008	-9.64983	-0.2896984	48.25
-1.2904748	-9.604341	-0.29209262	48.28
-1.1767502	-9.445126	-0.1316811	48.3
-1.0737995	-9.568427	0.027533319	48.33
-1.0163386	-9.776723	-0.046686932	48.351
-1.0247183	-9.7863	-0.25139117	48.381
-1.0702082	-9.617508	-0.22864626	48.401
-0.93254155	-9.671378	-0.06464344	48.42
-0.8750807	-9.719262	0.049081136	48.451
-0.8343793	-9.701305	0.08020575	48.481
-0.8391677	-9.728839	0.020350715	48.501
-0.9624691	-9.7084875	-0.0047884034	48.52
-0.94092125	-9.610326	0.14844051	48.551
-0.7146692	-9.54209	0.31004912	48.57
-0.62608373	-9.709685	0.25737667	48.601
-0.6631939	-9.783905	0.16879122	48.62
-0.81163436	-9.731233	0.18315643	48.651
-0.6392518	-9.606734	0.36750996	48.67
-0.35075054	-9.631873	0.439336	48.701
-0.31124622	-9.828198	0.3184288	48.721
-0.38067806	-9.922769	0.1316811	48.75
-0.5494693	-9.753978	0.19153613	48.77
-0.51116204	-9.508572	0.45848963	48.801
-0.36152446	-9.610326	0.5470751	48.831
-0.34955344	-9.725247	0.45130703	48.851
-0.29927522	-9.752781	0.45489833	48.87
-0.21068975	-9.728839	0.5805939	48.891
-0.21068975	-9.728839	0.5805939	48.891
0.04070143	-9.710882	0.65242	48.949
0.016759412	-9.744401	0.581791	48.979
-0.038307227	-9.758766	0.5805939	48.999
-0.011971008	-9.712079	0.62249243	49.029
-0.011971008	-9.677363	0.6859388	49.049
-0.050278235	-9.628283	0.6464345	49.079
-0.016759412	-9.630676	0.61411273	49.099
-0.076614454	-9.652225	0.5518635	49.128
-0.06703765	-9.642648	0.60693014	49.15
0.017956512	-9.672575	0.6823475	49.18
0.1592144	-9.642648	0.4369418	49.2
0.17118542	-9.689334	0.3866636	49.23
0.089782566	-9.685743	0.40940848	49.25
0.09935937	-9.676167	0.439336	49.28
0.08259996	-9.615114	0.46686932	49.3
0.073023155	-9.561244	0.47285482	49.33
0.079008654	-9.564836	0.41180268	49.351
0.019153614	-9.660604	0.33877954	49.37
-0.29568392	-9.591172	0.31244332	49.401
-0.11971009	-9.589975	0.41180268	49.42
0.29688102	-9.592369	0.35793316	49.451
0.7062895	-9.734824	0.18435353	49.47
0.8774749	-9.827001	0.038307227	49.501
0.56982	-9.811439	-0.08259996	49.52
0.545878	-9.712079	-0.051475335	49.551
0.61530983	-9.689334	-0.11971009	49.57
0.90261406	-9.647436	-0.10654198	49.601
1.1540052	-9.636662	-0.29568392	49.631
1.1575965	-9.622296	-0.33159694	49.651
1.1240777	-9.593566	-0.36272156	49.67
1.0737995	-9.520543	-0.36750996	49.701
0.9720459	-9.495404	-0.37469256	49.72
1.0342951	-9.67856	-0.2717419	49.751
0.92895025	-9.583989	-0.4213795	49.77
1.0055647	-9.660604	-0.36032736	49.801
0.8726865	-9.588778	-0.49919105	49.831
0.92176765	-9.746795	-0.47764325	49.851
0.94810385	-9.733627	-0.50996494	49.87
0.92655605	-9.712079	-0.56982	49.891
0.92655605	-9.712079	-0.56982	49.891
0.92655605	-9.64983	-0.6667852	49.951
0.9636662	-9.752781	-0.7278373	49.979
1.0103531	-9.674969	-0.90979666	49.999
1.1408371	-9.56723	-1.1994951	50.029
1.3587095	-9.578004	-1.2964603	50.049
1.389834	-9.598354	-1.3575124	50.079
1.2868834	-9.546879	-1.3467385	50.099
1.2545617	-9.526528	-1.3455414	50.13
1.174356	-9.498995	-1.2880806	50.15
1.0929531	-9.508572	-1.2126632	50.18
1.103727	-9.554062	-1.2844892	50.2
1.0462662	-9.600749	-1.412579	50.23
1.0067618	-9.552865	-1.4939818	50.25
0.997185	-9.587581	-1.42455	50.28
1.0845734	-9.583989	-1.4401124	50.3
1.1168951	-9.578004	-1.4987702	50.331
1.1145009	-9.534908	-1.496376	50.351
1.1372458	-9.5492735	-1.5023615	50.381
1.1827357	-9.568427	-1.460463	50.4
1.198298	-9.564836	-1.4377182	50.431
1.2234371	-9.5492735	-1.4449008	50.451
1.2210429	-9.5385	-1.4676456	50.47
1.1168951	-9.621099	-1.4556746	50.5
1.0749966	-9.593566	-1.4760253	50.531
1.1348516	-9.563639	-1.2880806	50.551
1.4281414	-9.544485	-1.1923125	50.581
1.4065934	-9.604341	-1.3862427	50.6
1.1923125	-9.578004	-1.4951789	50.62
1.2114661	-9.508572	-1.567005	50.651
1.1923125	-9.470264	-1.2318168	50.68
1.1659763	-9.536105	-0.9660604	50.7
1.1264719	-9.600749	-0.8475474	50.72
1.1575965	-9.616311	-0.7625532	50.751
1.0630256	-9.619903	-0.6811504	50.781
1.2425907	-9.651027	-0.7218518	50.8
1.1719618	-9.726444	-0.6835446	50.83
1.0151415	-9.661801	-0.7182605	50.85
0.866701	-9.636662	-0.6332663	50.881
0.7350199	-9.703699	-0.427365	50.9
0.7350199	-9.703699	-0.427365	50.9
1.127669	-9.555259	-0.10055647	50.948
1.3144168	-9.753978	-0.46686932	50.981
0.9708488	-9.7958765	-0.50637364	51.0
0.8762778	-9.643845	-0.2801216	51.02
1.0187328	-9.564836	0.008379706	51.051
1.1384429	-9.580399	0.021547815	51.081
0.9552865	-9.613917	-0.08140286	51.101
0.8439561	-9.710882	-0.1364695	51.131
0.6703765	-9.719262	-0.050278235	51.15
0.47165772	-9.671378	0.0023942017	51.171
0.4369418	-9.683349	-0.044292733	51.201
0.37708676	-9.69532	0.08140286	51.231
0.38307226	-9.703699	0.34117374	51.251
0.29688102	-9.672575	0.50757074	51.281
0.20470424	-9.680955	0.48841715	51.301
-0.007182605	-9.703699	0.427365	51.331
0.027533319	-9.661801	0.5446809	51.351
0.1316811	-9.648633	0.62967503	51.381
0.15203181	-9.68694	0.7541735	51.401
0.005985504	-9.668983	0.7194576	51.42
-0.1388637	-9.640253	0.7410054	51.451
0.015562311	-9.5971575	0.7529764	51.481
-0.055066638	-9.609129	0.81522566	51.501
-0.075417355	-9.619903	0.91219085	51.531
-0.10175357	-9.566033	0.8882488	51.551
-0.08379706	-9.619903	0.8571242	51.57
-0.06464344	-9.5971575	0.81761986	51.601
-0.14724341	-9.552865	0.8355764	51.631
-0.19273324	-9.588778	0.7374141	51.651
-0.18195933	-9.648633	0.6907272	51.68
-0.1340753	-9.689334	0.7637503	51.7
-0.11492168	-9.671378	0.79008657	51.732
0.017956512	-9.787497	0.7697359	51.748
0.17597382	-9.700109	0.7290344	51.778
0.033518825	-9.519346	0.29568392	51.799
-0.5422867	-9.579201	0.30645782	51.829
-0.06823475	-9.647436	0.21667525	51.849
0.094570965	-9.779117	-0.095768064	51.879
0.19033903	-9.847352	-0.25378537	51.899
0.19033903	-9.847352	-0.25378537	51.899
-0.02873042	-9.579201	0.10295067	51.947
0.108936176	-9.631873	0.2681506	51.978
0.29688102	-9.728839	0.1604115	51.999
0.25378537	-9.765948	0.035913024	52.02
0.031124622	-9.685743	-0.10414778	52.05
-0.095768064	-9.655815	-0.047884032	52.07
-0.08259996	-9.662998	0.17118542	52.1
-0.011971008	-9.653421	0.2789245	52.12
0.062249243	-9.652225	0.17717093	52.149
-0.010773907	-9.643845	0.008379706	52.169
-0.20829555	-9.585187	-0.051475335	52.201
-0.29328972	-9.552865	0.19632454	52.231
-0.19273324	-9.64983	0.21547815	52.251
-0.0047884034	-9.775525	0.007182605	52.27
0.07062895	-9.92636	-0.31364042	52.298
0.0035913025	-9.876082	-0.5530606	52.321
0.019153614	-9.758766	-0.50757074	52.334
0.34476504	-9.6845455	-0.22864626	52.371
0.36152446	-9.755175	0.07182605	52.401
0.12330139	-9.643845	-0.079008654	52.428
-0.092176765	-9.537302	-0.33159694	52.449
-0.15442601	-9.680955	-0.439336	52.478
0.14844051	-9.8042555	-0.4405331	52.499
0.25019407	-9.821015	-0.93852705	52.529
0.15083471	-9.770737	-1.1324574	52.549
0.10654198	-9.746795	-1.0450691	52.579
0.19991584	-9.781511	-1.0402806	52.599
0.20111294	-9.713276	-1.1372458	52.628
0.11492168	-9.640253	-1.2138603	52.65
-0.022744916	-9.629479	-1.3132197	52.68
-0.009576807	-9.585187	-1.30484	52.7
0.025139118	-9.527725	-1.3275849	52.719
0.077811554	-9.503783	-1.3108255	52.75
0.06584055	-9.526528	-1.3575124	52.78
-0.062249243	-9.557653	-1.5023615	52.8
-0.17357962	-9.61272	-1.567005	52.83
-0.19393034	-9.636662	-1.5717934	52.851
-0.18195933	-9.604341	-1.6112977	52.881
-0.20829555	-9.64145	-1.5813702	52.901
-0.20829555	-9.64145	-1.5813702	52.901
-0.20829555	-9.64145	-1.5813702	52.901
-0.31004912	-9.548077	-1.6519991	52.978
-0.34476504	-9.534908	-1.6711528	52.999
-0.36152446	-9.595961	-1.6543933	53.029
-0.4249708	-9.566033	-1.6316484	53.048
-0.45968673	-9.554062	-1.6424223	53.079
-0.4309563	-9.551667	-1.6400281	53.099
-0.4405331	-9.545682	-1.5741876	53.129
-0.40821138	-9.543288	-1.5370775	53.148
-0.4213795	-9.546879	-1.520318	53.18
-0.39743748	-9.536105	-1.5382746	53.2
-0.29927522	-9.605537	-1.614889	53.23
-0.2705448	-9.630676	-1.6112977	53.25
-0.2753332	-9.637859	-1.4425066	53.28
-0.2825158	-9.473856	-1.3994108	53.3
-0.110133275	-9.522937	-1.4401124	53.319
-0.12569559	-9.633071	-1.4149733	53.349
-0.142455	-9.628283	-1.400608	53.37
-0.11492168	-9.664195	-1.411382	53.402
-0.075417355	-9.617508	-1.2880806	53.42
-0.06823475	-9.591172	-1.2653356	53.451
0.0035913025	-9.5971575	-1.2557588	53.481
0.017956512	-9.55047	-1.1911154	53.5
0.079008654	-9.557653	-1.2018893	53.52
0.08619126	-9.562442	-1.0199299	53.551
0.12090719	-9.582792	-0.9792285	53.58
0.19871874	-9.647436	-1.0702082	53.6
0.16759412	-9.680955	-1.0941502	53.62
0.17357962	-9.713276	-1.1264719	53.651
0.25737667	-9.643845	-1.0247183	53.67
0.23942018	-9.568427	-0.94331545	53.701
0.18315643	-9.709685	-0.8607155	53.72
0.32321724	-9.980229	-0.63206923	53.751
1.0402806	-10.128671	-0.6955156	53.77
1.1013328	-9.995792	-0.9935937	53.802
0.62728083	-9.659407	-1.2366052	53.821
0.46088383	-9.455899	-0.8702923	53.851
0.320823	-9.524135	-0.2621651	53.87
0.50158525	-9.655815	-0.01436521	53.901
0.46686932	-9.655815	-0.01436521	53.901
0.46686932	-9.57561	-0.015562311	53.951
0.39264908	-9.636662	-0.05626374	53.97
0.5434838	-9.710882	0.15562311	53.999
0.5518635	-9.725247	0.3196259	54.029
0.6380547	-9.733627	0.40222588	54.049
0.6476316	-9.751583	0.48961425	54.079
0.6739678	-9.5732155	0.49559975	54.099
0.5255273	-9.767146	0.35793316	54.131
0.37349546	-9.903615	0.1400608	54.149
0.22984336	-9.861717	0.2765303	54.169
0.06464344	-9.578004	0.62129533	54.2
0.30645782	-9.518148	1.0115502	54.231
0.34117374	-9.617508	0.92895025	54.25
0.37708676	-9.733627	0.7038953	54.281
0.3866636	-9.716867	0.62009823	54.3
0.40940848	-9.744401	0.59974754	54.319
0.40342298	-9.722853	0.6679823	54.351
0.37349546	-9.672575	0.79367787	54.37
0.34356794	-9.617508	0.93014735	54.401
0.45130703	-9.627085	0.9540894	54.42
0.5626374	-9.725247	0.8870517	54.451
0.5650316	-9.698911	0.8463503	54.481
0.40342298	-9.680955	0.7577648	54.5
0.320823	-9.673772	0.8487445	54.531
0.29568392	-9.647436	1.043872	54.551
0.19632454	-9.616311	1.1049241	54.57
0.11252748	-9.629479	1.0941502	54.601
0.074220255	-9.5971575	1.1204864	54.631
-0.007182605	-9.57561	1.0941502	54.651
-0.24420857	-9.655815	0.9672575	54.671
-0.19871874	-9.61272	1.0127473	54.701
-0.20350714	-9.524135	1.1504139	54.72
-0.25737667	-9.479841	1.2545617	54.751
-0.260968	-9.518148	1.2557588	54.77
-0.130484	-9.591172	1.3371617	54.801
-0.1604115	-9.610326	1.1971009	54.82
-0.35913026	-9.54209	1.1372458	54.85
-0.40581718	-9.531317	1.1372458	54.87
-0.4189853	-9.613917	1.1264719	54.901
-0.4261679	-9.613917	1.1264719	54.901
-0.4261679	-9.613917	1.1264719	54.901
0.1604115	-9.659407	1.2090719	54.978
0.03232172	-9.677363	0.9947908	54.999
-0.04189853	-9.680955	0.8798691	55.029
-0.038307227	-9.664195	0.8283938	55.049
0.12689269	-9.671378	0.7733272	55.079
0.2777274	-9.623494	0.7781156	55.099
0.46208093	-9.579201	0.7433996	55.128
0.6607997	-9.611523	0.6775591	55.15
0.5805939	-9.7324295	0.59855044	55.18
0.5374983	-9.714474	0.44651863	55.199
0.45010993	-9.714474	0.17357962	55.23
0.2621651	-9.694122	0.12449849	55.25
0.30047232	-9.703699	0.17357962	55.28
0.50038815	-9.734824	0.16519992	55.299
0.58777654	-9.692925	0.016759412	55.33
0.6715736	-9.69532	-0.15562311	55.351
0.6572084	-9.759963	-0.2765303	55.381
0.59136784	-9.668983	-0.34356794	55.4
0.40342298	-9.659407	-0.29448682	55.431
0.5386954	-9.749189	-0.32800564	55.45
0.62129533	-9.785102	-0.40821138	55.481
0.6679823	-9.841366	-0.5710171	55.5
0.6859388	-9.787497	-0.6679823	55.52
0.60094464	-9.714474	-0.6512229	55.552
0.5674258	-9.743204	-0.78529817	55.581
0.5770026	-9.736021	-1.1851299	55.601
0.5243302	-9.655815	-1.1540052	55.631
0.5722142	-9.68694	-0.997185	55.651
0.79248077	-9.77792	-1.0307038	55.67
0.81283146	-9.783905	-1.1288661	55.701
0.7517793	-9.702502	-1.1695676	55.72
0.7637503	-9.768343	-1.0354922	55.751
0.7170634	-9.725247	-1.0426749	55.771
0.6512229	-9.736021	-0.9840169	55.801
0.5770026	-9.773131	-1.0271125	55.82
0.4333505	-9.781511	-1.1360487	55.851
0.24420857	-9.69532	-0.8882488	55.881
0.30885202	-9.574412	-0.724246	55.9
0.30885202	-9.574412	-0.724246	55.9
0.30885202	-9.574412	-0.724246	55.9
0.415394	-9.526528	-0.5590461	55.968
0.4285621	-9.672575	-0.49799395	55.999
0.32561144	-9.707291	-0.25258827	56.029
0.18195933	-9.838972	-0.19153613	56.049
0.20949265	-10.004171	-0.33399114	56.079
0.17597382	-9.976639	-0.2873042	56.099
0.1352724	-10.133459	-0.079008654	56.128
0.022744916	-9.901221	-0.2753332	56.149
-0.25019407	-9.495404	-0.24899697	56.18
-0.2681506	-9.0716305	0.14844051	56.2
-0.037110128	-9.23683	0.46447513	56.23
0.077811554	-9.276335	0.2801216	56.25
-0.11252748	-9.465476	0.08499416	56.269
-0.4177882	-9.628283	0.02633622	56.3
-0.5494693	-9.445126	0.06584055	56.331
-0.62728083	-9.665392	0.37588966	56.351
-0.7206547	-9.801862	0.4381389	56.37
-0.62129533	-10.012551	0.93493575	56.401
-0.055066638	-9.613917	0.9744401	56.42
-0.19512744	-9.308656	0.58777654	56.451
-0.78529817	-9.797073	0.7302315	56.47
-0.5327099	-9.799467	0.9636662	56.501
-0.39384618	-9.588778	1.0414777	56.52
-0.44651863	-9.121908	0.93134445	56.551
-0.11492168	-9.436746	0.81522566	56.581
0.2717419	-10.147824	0.52073884	56.601
0.09696517	-9.704897	0.34596214	56.62
-0.11252748	-9.409213	0.20590134	56.651
-0.272939	-9.440337	0.095768064	56.67
-0.30526072	-9.662998	-0.30047232	56.701
-0.2813187	-9.854534	-0.36990416	56.72
-0.19991584	-9.846154	-0.4297592	56.751
-0.533907	-9.888053	-0.45250413	56.77
-0.21308395	-9.500193	-0.51954174	56.801
-0.39504328	-9.445126	-0.581791	56.821
-0.29328972	-9.727641	-0.6787562	56.851
0.034715924	-9.827001	-0.60573304	56.87
0.023942016	-9.586384	-0.4357447	56.901
-0.0035913025	-9.586384	-0.4357447	56.901
-0.0035913025	-9.586384	-0.4357447	56.901
-0.090979666	-9.745598	-0.81761986	56.969
-0.093373865	-9.878476	-0.6584055	56.999
-0.05267244	-9.773131	-0.6739678	57.029
0.12449849	-9.703699	-0.7206547	57.049
0.24779987	-9.665392	-0.8295909	57.079
0.008379706	-9.67856	-0.8690952	57.099
0.020350715	-9.67018	-1.0869676	57.129
0.04189853	-9.691729	-1.174356	57.149
0.046686932	-9.701305	-1.0953473	57.18
0.09696517	-9.742006	-1.0199299	57.2
0.3842694	-9.561244	-1.1923125	57.23
0.10055647	-9.570822	-1.365892	57.249
0.19273324	-9.657013	-1.3874398	57.28
0.2777274	-9.557653	-1.532289	57.3
0.094570965	-9.595961	-1.5370775	57.319
0.0023942017	-9.556456	-1.6017209	57.35
0.039504327	-9.481039	-1.6256629	57.37
0.095768064	-9.414001	-1.661576	57.401
0.12689269	-9.466674	-1.5921441	57.42
0.6464345	-9.490616	-1.6603789	57.451
0.39624038	-9.459491	-1.6927006	57.481
0.33758244	-9.449914	-1.7836803	57.501
0.5614403	-9.434352	-1.7621324	57.521
0.92535895	-9.515755	-1.9536686	57.551
1.0594343	-9.647436	-1.9357121	57.57
1.0259154	-9.67018	-1.7836803	57.601
1.1599907	-9.949105	-2.4361002	57.631
1.0450691	-9.524135	-2.4720132	57.651
0.62009823	-9.451111	-2.1775265	57.681
0.41180268	-9.519346	-2.1739352	57.701
0.5770026	-9.497798	-2.0147207	57.72
0.6392518	-9.48463	-1.9393034	57.751
0.8295909	-9.481039	-1.8686744	57.77
0.79367787	-9.56723	-1.7597382	57.801
0.4405331	-9.679757	-1.8411411	57.82
0.22864626	-9.702502	-1.9776106	57.851
0.11731588	-9.688137	-1.8986019	57.87
0.10414778	-9.642648	-1.8291701	57.9
0.016759412	-9.642648	-1.8291701	57.9
0.016759412	-9.642648	-1.8291701	57.9
0.14604631	-9.581595	-1.1168951	57.979
0.33877954	-9.570822	-1.1240777	57.999
0.49081135	-9.504981	-1.1875241	58.029
0.61890113	-9.49301	-1.1599907	58.049
0.48482585	-9.671378	-1.1719618	58.078
0.4225766	-9.744401	-1.0642227	58.1
0.31364042	-9.763555	-1.0414777	58.128
0.22625206	-9.79827	-1.1145009	58.15
-0.025139118	-9.7240505	-1.0199299	58.18
-0.1592144	-9.696517	-0.9792285	58.199
-0.2621651	-9.557653	-0.6691794	58.23
-0.62009823	-9.281123	-0.59495914	58.251
-0.45729253	-9.544485	-0.5770026	58.27
-0.4285621	-9.797073	-0.39025488	58.3
-0.2908955	-9.654618	-0.16759412	58.33
-0.2633622	-9.568427	-0.25737667	58.351
-0.31124622	-9.611523	-0.29927522	58.381
-0.37948096	-9.8042555	-0.4369418	58.4
-0.3878607	-9.868899	-0.49559975	58.42
-0.2681506	-9.840169	-0.4201824	58.451
-0.08259996	-9.775525	-0.25617957	58.47
0.11133038	-9.79827	-0.32920274	58.501
-0.04070143	-9.68694	-0.5638345	58.52
-0.21068975	-9.660604	-0.6332663	58.551
-0.21308395	-9.654618	-0.4225766	58.581
-0.2657564	-9.634268	-0.20949265	58.601
-0.51595044	-9.660604	-0.12090719	58.62
-0.51714754	-9.7240505	0.108936176	58.651
-0.5781997	-9.7479925	0.1340753	58.67
-0.62608373	-9.703699	0.21428105	58.701
-0.770933	-9.605537	0.33877954	58.72
-0.79248077	-9.378088	0.59256494	58.751
-0.88944596	-9.434352	0.6847417	58.77
-1.0019734	-9.682152	0.4429273	58.8
-1.0283096	-9.593566	0.40462008	58.82
-1.0055647	-9.508572	0.7110779	58.851
-0.688333	-9.545682	0.760159	58.87
-0.62608373	-9.645041	0.6631939	58.901
-0.7170634	-9.652225	0.6631939	58.901
-0.93493575	-9.742006	0.5650316	58.949
-1.1312603	-9.633071	0.7625532	58.979
-0.6368576	-9.646238	0.5686229	58.999
-0.60812724	-9.629479	0.79248077	59.029
-0.6691794	-9.65821	0.7589619	59.049
-0.6631939	-9.69532	0.4429273	59.079
-0.7661445	-9.49301	0.4261679	59.099
-0.6428431	-9.2787285	0.59376204	59.128
-0.4201824	-9.417592	0.6584055	59.15
-0.4201824	-9.718064	0.5662287	59.17
-0.37110126	-9.848549	0.521936	59.2
-0.2645593	-9.680955	0.47884035	59.23
-0.3196259	-9.718064	0.31004912	59.25
-0.48003745	-9.8042555	0.045489833	59.28
-0.51595044	-9.858126	-0.079008654	59.3
-0.44891283	-9.737218	-0.04070143	59.33
-0.33758244	-9.680955	-0.055066638	59.352
-0.25737667	-9.633071	-0.12090719	59.37
-0.25258827	-9.526528	-0.23343466	59.4
-0.24540567	-9.557653	-0.3842694	59.42
-0.320823	-9.722853	-0.46327803	59.451
-0.33997664	-9.728839	-0.5446809	59.47
-0.3842694	-9.701305	-0.51595044	59.5
-0.34835634	-9.694122	-0.4165911	59.52
-0.31603462	-9.703699	-0.45250413	59.551
-0.29328972	-9.671378	-0.59376204	59.581
-0.25617957	-9.67018	-0.6440403	59.601
-0.21428105	-9.653421	-0.7086837	59.62
-0.17956513	-9.65821	-0.7110779	59.651
-0.17238252	-9.660604	-0.712275	59.67
-0.05626374	-9.615114	-0.8882488	59.701
0.023942016	-9.645041	-0.9923966	59.731
-0.015562311	-9.66659	-0.92775315	59.751
-0.01316811	-9.65821	-1.0127473	59.77
-0.0035913025	-9.69532	-1.2785037	59.802
0.009576807	-9.631873	-1.3299791	59.831
0.1352724	-9.601946	-1.3156139	59.85
0.24181437	-9.56723	-1.1707647	59.881
0.24061728	-9.629479	-1.22224	59.901
0.24061728	-9.629479	-1.22224	59.901
0.24061728	-9.629479	-1.22224	59.952
0.29927522	-9.607931	-1.532289	59.97
0.35194764	-9.630676	-1.5155296	59.999
0.4237737	-9.582792	-1.4867992	60.029
0.50876784	-9.5971575	-1.5275006	60.049
0.5255273	-9.613917	-1.5897499	60.069
0.5638345	-9.619903	-1.6292542	60.099
0.62488663	-9.600749	-1.6112977	60.119
0.61411273	-9.615114	-1.5406688	60.149
0.5650316	-9.580399	-1.5658079	60.178
0.5710171	-9.568427	-1.5813702	60.197
0.61171854	-9.629479	-1.5394717	60.229
0.51595044	-9.598354	-1.5454572	60.25
0.50158525	-9.634268	-1.5705963	60.27
0.47405192	-9.594764	-1.5346833	60.3
0.4429273	-9.580399	-1.471237	60.319
0.5255273	-9.5732155	-1.2294226	60.35
0.5590461	-9.585187	-1.2904748	60.37
0.47644615	-9.645041	-1.3838485	60.4
0.46926352	-9.624691	-1.3670892	60.42
0.48243165	-9.631873	-1.282095	60.451
0.59495914	-9.636662	-1.2725182	60.471
0.60573304	-9.616311	-1.271321	60.501
0.40222588	-9.606734	-1.2497733	60.521
0.4213795	-9.564836	-1.1336545	60.548
0.46327803	-9.609129	-1.0702082	60.569
0.45250413	-9.594764	-1.0019734	60.598
0.415394	-9.664195	-1.1372458	60.629
0.11492168	-9.661801	-1.1336545	60.649
0.10055647	-9.664195	-0.9672575	60.669
0.21787235	-9.5732155	-0.7613561	60.699
0.260968	-9.643845	-0.8690952	60.719
0.1448492	-9.690532	-0.93613285	60.748
0.18435353	-9.64983	-0.6596026	60.777
0.30885202	-9.648633	-0.48722005	60.798
0.32202014	-9.572019	-0.7062895	60.83
0.29807812	-9.526528	-0.78410107	60.85
0.32920274	-9.532514	-0.8487445	60.87
0.36272156	-9.683349	-0.6691794	60.899
0.37588966	-9.694122	-0.6332663	60.91
0.272939	-9.767146	-0.7565677	60.948
0.12808979	-9.628283	-0.59615624	60.978
0.20111294	-9.592369	-0.5638345	60.987
0.5650316	-9.61272	-0.18674773	61.02
0.36511576	-9.616311	-0.7158663	61.05
0.21667525	-9.4535055	-0.6667852	61.07
0.2645593	-9.630676	-0.5279215	61.1
0.33997664	-9.665392	-0.52073884	61.12
0.50996494	-9.779117	-0.2753332	61.15
0.40342298	-9.740809	-0.39983168	61.17
0.2669535	-9.713276	-0.3854665	61.201
0.033518825	-9.781511	-0.47524905	61.22
0.08020575	-9.698911	-0.46208093	61.251
0.22625206	-9.665392	-0.4261679	61.281
0.39504328	-9.585187	-0.40581718	61.301
0.48841715	-9.572019	-0.50517654	61.335
0.39264908	-9.637859	-0.6476316	61.339
0.7386112	-9.76116	-0.22266077	61.369
0.91817635	-9.601946	0.15801731	61.398
0.3842694	-9.640253	-0.81402856	61.428
