2.2301989	-9.113529	2.5474305	0.199
2.231396	-8.89805	2.6372132	0.251
2.3415294	-9.307459	2.4648306	0.302
2.2613235	-8.992621	2.516306	0.346
2.3930047	-9.165004	2.5139117	0.4
2.4732103	-9.108741	2.6001031	0.451
2.2948422	-9.010578	2.7389667	0.501
2.3666685	-9.075222	2.4552538	0.551
2.2373815	-9.3421755	2.385822	0.602
2.3116016	-9.143456	2.5019407	0.652
2.3020248	-9.234436	2.6671407	0.702
2.1883004	-7.493851	1.043872	0.752
2.0721815	-8.884883	3.2860417	0.802
2.6001031	-9.068039	2.8455088	0.852
2.2397757	-9.123106	2.5438392	0.903
1.7465701	-8.653842	3.039439	0.947
2.0853498	-8.555679	3.120842	0.973
2.2361844	-8.717288	2.7988217	1.051
2.4732103	-8.979453	3.2154129	1.1
2.7856536	-9.129091	3.582923	1.149
1.4089876	-9.045294	3.6607344	1.2
0.8858546	-8.847773	3.5206735	1.252
1.5370775	-8.571242	2.9616275	1.302
2.3307555	-8.9519205	2.7329812	1.352
2.3786395	-9.813833	2.3642743	1.402
2.2409728	-8.797494	2.9221232	1.452
2.0853498	-8.993818	2.9819782	1.502
1.2952632	-9.642648	2.6084828	1.55
1.0426749	-8.853758	3.3865983	1.601
1.0785879	-8.956709	2.8634653	1.65
1.3670892	-9.111135	3.039439	1.7
1.2605472	-9.39365	2.882619	1.751
0.80684596	-9.11712	2.8658595	1.801
0.30047232	-9.403227	2.6671407	1.851
0.9588778	-9.390059	2.966416	1.901
1.2378023	-8.054094	3.028665	1.952
0.7625532	-8.100781	3.2668881	1.98
0.9816227	-10.680533	2.634819	2.03
0.7565677	-9.306262	2.5330653	2.09
1.0618285	-7.5333557	3.9025488	2.141
1.4425066	-10.200497	2.873042	2.201
0.8559271	-10.808623	2.742558	2.251
0.5327099	-6.229713	4.23654	2.301
1.1575965	-8.11395	3.774459	2.351
0.8391677	-10.703279	2.2182279	2.401
0.5626374	-9.504981	2.9819782	2.451
1.5945383	-8.303091	3.965995	2.501
1.70946	-9.022549	2.585738	2.551
1.1001357	-9.064447	2.2301989	2.589
0.8607155	-9.719262	3.3327289	2.652
1.2042835	-9.880871	1.590947	2.701
0.35673606	-9.481039	1.3946224	2.752
0.7158663	-9.490616	1.8423382	2.802
1.0055647	-10.00896	1.9476831	2.853
0.47524905	-9.816227	1.0342951	2.903
0.90021986	-9.4295635	1.0941502	2.952
1.0821792	-10.011354	0.7781156	2.972
0.50876784	-9.782708	1.6496049	3.051
1.5466543	-8.470686	2.2146366	3.1
1.0618285	-9.235633	2.7150247	3.15
0.80804306	-10.45907	2.3535004	3.202
0.4141969	-9.035717	2.8514943	3.252
1.0594343	-8.133103	3.7948096	3.301
0.9516952	-9.487024	2.6635494	3.351
0.830788	-10.277111	2.0350714	3.401
1.1432313	-9.866506	2.7389667	3.453
1.4640543	-8.725668	3.192668	3.502
1.1372458	-8.028955	3.3650506	3.542
0.78050977	-10.199299	2.8443117	3.602
0.09816227	-10.386047	2.4600422	3.652
0.62249243	-8.100781	3.4332852	3.702
1.6903064	-8.977059	3.2680852	3.752
0.8762778	-10.055647	2.789245	3.803
1.3479356	-8.348581	3.2632968	3.852
1.1887212	-8.767567	2.5965118	3.902
0.8511387	-10.400413	2.9101522	3.953
0.6907272	-10.80623	2.8335378	3.972
1.7848774	-8.6574335	3.241749	4.05
2.19668	-9.631873	2.3546975	4.101
0.533907	-9.151836	3.0262709	4.15
0.92176765	-8.550891	3.300407	4.2
0.89184016	-8.447941	3.1507695	4.249
1.1432313	-9.279925	2.5246856	4.299
0.9672575	-9.500193	1.970428	4.349
1.7034745	-9.400833	1.6077064	4.399
2.256535	-10.134656	1.1528081	4.449
1.4891934	-9.696517	0.32202014	4.499
1.9716251	-9.287108	-0.130484	4.549
2.8898015	-9.508572	-0.5674258	4.601
3.0023289	-9.629479	-0.61171854	4.641
2.5354595	-9.785102	-0.59974754	4.691
2.6683378	-9.604341	-0.18195933	4.741
2.8000188	-9.599552	0.076614454	4.791
2.4708161	-9.774328	0.022744916	4.842
2.598906	-9.775525	0.49440265	4.887
2.372654	-9.7719345	0.51595044	4.95
1.3036429	-9.61272	0.58298814	4.98
1.1444284	-10.053253	2.6791117	5.041
0.10055647	-9.946711	3.071761	5.091
-0.8535329	-8.306683	3.4105403	5.141
-1.1216835	-9.149442	3.6978445	5.191
-1.5981296	-7.290344	3.9013517	5.242
-1.067814	-8.279149	3.918111	5.301
-1.1300632	-8.395268	4.0222588	5.342
-0.78888947	-8.641871	4.2437224	5.402
-0.5614403	-8.560468	3.8654387	5.441
-0.5518635	-8.831013	3.6978445	5.491
-0.31603462	-8.815451	3.3279405	5.541
-0.062249243	-9.087193	2.8095956	5.591
0.21428105	-9.227253	2.6803088	5.642
0.6895301	-9.710882	2.2852654	5.692
0.9600749	-9.604341	1.851915	5.742
1.6675615	-10.657789	0.8583213	5.792
1.4652514	-9.459491	0.770933	5.842
2.1140802	-9.455899	0.90021986	5.9
2.2230163	-9.805453	0.49200845	5.94
1.638831	-9.616311	0.29328972	5.98
2.328361	-9.697714	0.4333505	6.051
2.432509	-9.925163	0.029927522	6.099
2.2720973	-9.817424	-0.031124622	6.141
1.520318	-9.622296	-0.1316811	6.191
1.5179238	-9.691729	0.92296475	6.241
1.9261353	-9.860519	1.009156	6.291
0.34117374	-9.308656	1.4736311	6.342
0.58897364	-9.380483	2.3056161	6.4
0.842759	-9.600749	2.2182279	6.45
0.49799395	-9.143456	2.48159	6.5
0.7589619	-10.007763	2.6312277	6.54
0.5243302	-8.854955	2.4899697	6.599
0.6739678	-8.48146	2.8622682	6.641
0.7158663	-9.202114	2.3535004	6.691
0.6607997	-9.983821	2.6994624	6.741
0.9888053	-10.053253	2.2661119	6.791
1.0115502	-8.257602	2.9352913	6.842
0.8690952	-8.566454	2.5893292	6.892
0.073023155	-9.451111	2.4121583	6.942
0.2908955	-10.777499	2.4025815	6.982
0.25019407	-8.7951	2.0626047	7.041
1.412579	-9.346964	1.7082629	7.101
1.4341269	-9.227253	0.94211835	7.14
1.1180922	-10.461464	0.58538234	7.19
1.0606314	-9.841366	0.4201824	7.241
1.0546459	-9.586384	0.16280572	7.293
1.7681179	-9.762358	-0.1436521	7.34
1.827973	-9.682152	-0.22864626	7.392
1.7106571	-9.916783	-0.05626374	7.441
1.4532804	-9.848549	0.16160862	7.491
1.5646108	-9.821015	0.6691794	7.541
1.1408371	-9.507375	1.0223241	7.6
0.9792285	-9.293094	1.4173675	7.651
0.7015011	-9.332599	2.3223755	7.7
1.2389994	-9.745598	2.2780828	7.74
-0.039504327	-9.15423	2.5366566	7.801
0.5243302	-8.7125	2.837129	7.841
1.2593501	-9.483433	2.1308396	7.891
0.9840169	-8.811859	1.8112136	7.941
1.2258313	-8.859743	2.018312	7.981
1.1707647	-9.544485	1.3311762	8.04
0.7517793	-9.892841	0.81522566	8.101
1.2114661	-9.640253	0.14724341	8.15
1.1336545	-10.09156	-0.4237737	8.19
1.5586253	-9.483433	-0.6536171	8.241
1.9333179	-9.507375	-0.8870517	8.291
1.8195933	-9.443929	-1.0390835	8.341
1.8698715	-9.595961	-1.0390835	8.391
1.9273324	-9.578004	-1.1121067	8.442
2.0386627	-9.829395	-0.8571242	8.5
2.0410569	-9.5732155	-1.091756	8.54
2.005144	-9.564836	-1.1288661	8.591
1.9488802	-9.842564	-1.3024458	8.651
2.1033063	-9.751583	-1.0067618	8.699
2.0482395	-9.709685	-1.0223241	8.741
2.336741	-9.498995	-0.18435353	8.799
1.7369933	-9.485827	0.40701428	8.841
1.5406688	-9.749189	0.23343466	8.891
0.39743748	-9.600749	1.2354081	8.941
0.31483752	-9.734824	1.7992426	8.981
0.8343793	-9.054871	2.2732944	9.051
0.7266402	-8.771158	2.80361	9.101
0.2801216	-8.787917	3.1196449	9.15
0.25977087	-8.977059	3.3399115	9.2
0.35075054	-8.911219	3.0969	9.241
0.7278373	-8.924387	3.359065	9.291
0.8643068	-9.187749	2.3068132	9.35
0.688333	-9.3182335	1.8136078	9.402
1.0498575	-9.554062	1.5562311	9.451
1.1647792	-9.635465	1.1659763	9.502
1.3443443	-9.618706	0.6991069	9.552
1.5777789	-9.598354	-0.059855044	9.601
1.3359646	-10.217256	-0.2885013	9.65
0.89064306	-9.946711	-1.0079589	9.701
1.3934253	-9.738416	-0.58777654	9.75
1.7633295	-9.664195	-0.5530606	9.8
2.148796	-9.810242	-0.5626374	9.851
1.1348516	-10.019734	-0.39863458	9.901
0.65242	-10.05445	0.3866636	9.951
1.3072342	-9.563639	0.90859956	9.982
1.1803415	-9.233239	1.3144168	10.051
0.48362875	-9.260772	1.8148049	10.1
0.61650693	-9.26556	2.2816741	10.15
0.7721301	-9.427169	2.373851	10.201
1.0402806	-9.321824	2.1021092	10.252
0.93852705	-9.68694	1.8962077	10.302
0.90141696	-9.136273	2.1499932	10.352
1.258153	-9.137471	2.2349873	10.402
1.2892777	-9.557653	2.043451	10.443
0.8774749	-9.409213	2.3199813	10.502
0.9768343	-9.400833	2.3259668	10.552
0.7781156	-9.398438	2.4648306	10.602
1.3096284	-8.998607	2.7485435	10.652
1.0007763	-9.512163	2.5594015	10.702
0.6967127	-9.314642	2.4349031	10.752
1.5526398	-9.31105	2.6013002	10.803
1.0127473	-9.700109	2.1978772	10.842
1.4269443	-9.00579	2.0219033	10.892
1.508347	-9.623494	1.9129672	10.953
1.0319009	-9.428367	1.8387469	10.983
1.3718776	-10.324995	1.7345991	11.05
1.3850456	-9.662998	1.3706805	11.102
1.5993267	-9.3421755	2.2278047	11.152
1.4293385	-9.579201	1.4927847	11.203
1.3024458	-9.416395	2.8526914	11.253
0.997185	-9.297882	3.3423057	11.302
0.37948096	-8.971074	3.6379895	11.353
-0.19632454	-8.60117	3.5913026	11.387
-0.4225766	-8.857349	3.5637693	11.45
0.32441434	-9.3661175	3.4931402	11.501
0.50038815	-9.167398	2.9771898	11.55
0.8499416	-9.051279	2.4049757	11.599
0.6572084	-8.8884735	2.2720973	11.652
0.6955156	-10.149021	2.4708161	11.702
0.39504328	-9.543288	1.9764135	11.751
1.1420342	-9.510966	1.6915035	11.802
1.5813702	-9.827001	1.316811	11.852
1.2018893	-9.698911	1.0785879	11.902
1.4460979	-9.8042555	1.1959038	11.952
1.6184803	-9.731233	1.1504139	11.983
1.5705963	-9.928755	1.5370775	12.05
0.5710171	-9.488221	2.0231004	12.1
0.2717419	-9.035717	2.7006595	12.15
0.7098808	-9.345766	3.1364043	12.2
0.04070143	-9.020155	3.0310593	12.251
0.04189853	-8.754398	3.3028011	12.302
0.37469256	-9.427169	3.1615434	12.352
0.3196259	-8.76996	3.2010477	12.402
1.1001357	-8.844181	2.9532478	12.452
1.42455	-9.14226	2.4983494	12.502
0.8834604	-9.337387	2.6767175	12.552
1.1348516	-10.387244	1.7944542	12.602
0.8367735	-9.579201	1.2856863	12.652
1.839944	-9.463082	1.3371617	12.702
1.6867151	-9.803059	0.9923966	12.753
1.7501614	-9.793482	1.6364368	12.803
0.92057055	-9.611523	1.6519991	12.852
1.1049241	-9.313444	2.457648	12.903
1.3251907	-9.580399	2.327164	12.942
0.93972415	-9.36492	2.6743233	12.983
0.58657944	-9.260772	3.2142158	13.051
0.82719666	-9.3026705	3.1830912	13.1
1.0079589	-8.825027	3.5853171	13.15
0.46806642	-8.63828	3.6236243	13.2
0.557849	-8.799889	3.289633	13.249
0.6440403	-8.820239	3.5194764	13.291
0.59495914	-9.307459	3.181894	13.352
0.5291186	-8.828619	3.3075895	13.399
0.9720459	-9.027337	3.1387985	13.451
0.9816227	-9.349358	2.6611552	13.501
0.90740246	-9.44752	2.4624364	13.552
1.2258313	-9.545682	2.1535845	13.601
0.80445176	-9.592369	1.9009962	13.646
1.3120226	-9.722853	1.6723499	13.697
1.532289	-9.611523	1.5275006	13.75
1.5693992	-9.609129	1.7417817	13.8
1.186327	-9.665392	1.8854338	13.85
1.2366052	-9.303867	2.4049757	13.9
0.8391677	-9.053674	2.707842	13.952
0.6955156	-9.238028	2.7210102	13.981
0.49559975	-9.405622	2.7581203	14.052
0.65242	-8.747216	3.2225955	14.102
0.94331545	-9.5971575	2.6551697	14.151
1.0067618	-9.126697	2.36188	14.201
1.0283096	-9.49301	1.9931729	14.253
0.90859956	-9.2069025	2.1799207	14.303
1.3395559	-9.210494	2.3870192	14.346
0.8846575	-9.396045	2.1571758	14.403
0.39504328	-9.700109	1.9692309	14.446
1.0067618	-9.451111	2.0003555	14.49
1.4700398	-9.755175	1.5023615	14.552
1.4185646	-9.579201	1.1959038	14.602
1.4329298	-9.618706	1.0929531	14.652
1.2916719	-9.697714	1.2497733	14.692
1.127669	-9.657013	1.3611037	14.746
1.0618285	-9.647436	1.7585411	14.787
0.7793127	-9.519346	1.9883845	14.846
0.8870517	-9.618706	2.1547816	14.887
0.44651863	-9.391256	1.8854338	14.946
0.9624691	-9.175778	2.5378537	14.987
0.81522566	-9.345766	2.3535004	15.05
0.4357447	-8.99741	2.7353754	15.092
0.56982	-8.893262	3.2441432	15.142
0.6464345	-9.212888	3.2632968	15.2
0.6907272	-8.404845	3.1184478	15.25
0.997185	-9.788693	2.8431146	15.3
0.39863458	-10.031705	2.3678656	15.34
0.9876082	-9.32781	2.0087352	15.399
1.5286977	-9.524135	1.5933412	15.439
1.5801731	-9.801862	0.9720459	15.491
1.4867992	-9.77792	1.1204864	15.541
1.2773066	-9.651027	1.2533646	15.601
1.0283096	-9.64145	1.4101849	15.641
1.2294226	-9.507375	1.9476831	15.691
1.0414777	-9.643845	2.086547	15.741
0.61770403	-9.330204	2.3989902	15.791
0.7194576	-9.139865	2.6731262	15.842
0.6859388	-9.368511	2.554613	15.906
0.7553706	-9.36492	2.3894134	15.95
0.9564836	-9.289502	2.5498247	15.99
1.1731589	-8.9279785	2.542642	16.051
1.4975731	-9.27394	2.8622682	16.09
0.6631939	-9.465476	2.4827871	16.139
0.61291564	-9.249998	2.585738	16.191
1.1827357	-9.622296	2.6324248	16.241
0.8846575	-9.589975	2.1511903	16.291
1.6843209	-9.090784	2.244564	16.341
2.2876596	-9.595961	2.1930888	16.392
1.7381904	-9.391256	2.1440077	16.442
0.25617957	-8.568848	2.5761611	16.492
0.008379706	-9.31943	2.4229321	16.54
0.91219085	-9.509769	2.1619642	16.59
0.93134445	-9.987412	1.3096284	16.65
1.0342951	-9.677363	0.6775591	16.7
1.5263035	-9.743204	0.48841715	16.749
1.7106571	-9.683349	0.33997664	16.801
1.7477672	-9.651027	0.30166942	16.841
1.6962919	-9.799467	0.5542577	16.891
1.6196774	-9.628283	0.7577648	16.941
1.6376339	-9.701305	0.79966336	16.992
1.151611	-9.563639	0.80564886	17.052
1.1001357	-9.635465	1.0378864	17.087
0.7613561	-9.5492735	1.4293385	17.15
0.6536171	-9.203311	1.7657237	17.2
0.8463503	-9.441534	1.9177556	17.249
0.6332663	-9.543288	1.7393875	17.291
0.79367787	-9.488221	1.8303672	17.341
1.0151415	-9.387665	2.0733786	17.393
0.9588778	-9.613917	1.6675615	17.449
1.2904748	-9.299079	1.6687586	17.501
1.459266	-9.39365	1.8471266	17.541
1.4030021	-9.532514	1.7130513	17.591
1.448492	-9.581595	1.7322049	17.641
1.2904748	-9.510966	1.7166426	17.691
1.2677298	-9.392453	2.0386627	17.742
1.2174516	-9.057265	2.1679497	17.792
0.82719666	-9.408015	2.304419	17.841
0.8678981	-9.39365	2.3822308	17.89
1.5011644	-9.228451	2.3918076	17.95
1.2485762	-9.633071	1.8016368	17.99
1.0761937	-9.263166	1.6627731	18.049
1.5897499	-9.621099	1.4628572	18.101
1.4556746	-9.613917	1.3036429	18.141
1.6101006	-9.742006	1.3730747	18.191
0.985214	-9.792285	1.2174516	18.241
0.9995792	-9.564836	1.3742718	18.291
1.4137762	-9.149442	1.6412252	18.342
1.2605472	-9.488221	1.7130513	18.392
1.1587936	-9.557653	1.8674773	18.45
1.3227965	-9.209297	2.2290018	18.49
1.0139444	-9.8042555	1.70946	18.54
0.9935937	-9.333796	1.7741034	18.6
1.6915035	-9.375694	1.7812861	18.641
1.7310078	-9.627085	1.2797008	18.691
1.7872716	-9.655815	1.8231846	18.741
1.34195	-9.409213	2.0171149	18.791
1.0869676	-9.11712	3.0382419	18.842
0.6787562	-9.1829605	3.0298622	18.892
0.5291186	-9.121908	3.1304188	18.95
0.79008657	-8.996213	3.1483753	18.991
1.3108255	-9.16261	3.2692823	19.04
0.49200845	-8.908825	2.7760768	19.1
0.6691794	-8.905233	2.8095956	19.139
1.2689269	-9.4295635	2.4827871	19.191
1.4688427	-9.43914	2.4121583	19.241
1.2401965	-9.38168	2.1655555	19.291
1.3563153	-9.524135	2.1272483	19.341
1.377863	-9.582792	2.1416135	19.39
1.6352397	-9.2308445	2.6120741	19.45
1.3431472	-9.091981	2.621651	19.49
1.2988545	-9.2787285	2.634819	19.55
1.2940661	-9.391256	2.6731262	19.6
1.7764976	-9.545682	2.718616	19.649
1.3670892	-9.494206	2.2589293	19.691
1.1947067	-9.078813	2.6132712	19.751
1.3479356	-9.436746	1.8136078	19.801
1.210269	-9.500193	2.1930888	19.851
1.6579847	-9.446322	2.1092918	19.902
1.1288661	-9.188946	2.1894975	19.953
1.1563994	-9.386468	2.1894975	19.99
1.0965444	-9.2907	2.303222	20.05
1.0785879	-9.487024	2.0470424	20.092
1.043872	-9.399636	2.03148	20.15
1.2533646	-9.4295635	1.9632454	20.2
1.198298	-9.767146	1.697489	20.25
1.2844892	-9.370906	1.8914193	20.3
1.8423382	-9.67856	2.0578163	20.352
1.1456255	-9.394848	2.0254946	20.402
1.3563153	-8.902839	2.4181437	20.452
1.3215994	-9.594764	2.3295584	20.502
0.94092125	-9.451111	2.146402	20.553
1.6124948	-9.15423	2.6839	20.597
0.9935937	-9.522937	2.1894975	20.651
1.1575965	-9.300277	1.9500773	20.7
1.6472107	-9.482236	1.9883845	20.751
1.6124948	-9.433155	2.2062569	20.8
1.3682863	-9.519346	2.1152773	20.851
1.0702082	-9.28232	2.3331497	20.901
1.2210429	-9.287108	2.552219	20.951
1.2066777	-9.384073	2.4791958	20.992
0.9564836	-9.362526	2.19668	21.05
1.1815386	-9.527725	2.5115175	21.102
1.5334862	-9.388862	2.3918076	21.151
0.8690952	-8.790312	2.5797524	21.201
1.1671734	-9.372103	2.6024973	21.251
1.1839328	-9.440337	2.634819	21.303
1.2162545	-8.968679	3.0107086	21.35
1.1264719	-9.690532	2.19668	21.4
0.6931214	-9.016563	2.2709002	21.452
1.6005238	-9.212888	2.6791117	21.5
1.316811	-9.408015	2.2481554	21.549
1.3335704	-9.372103	2.5761611	21.602
1.4173675	-9.217676	2.4600422	21.652
1.2725182	-9.581595	2.4947581	21.702
1.2773066	-9.168595	2.6180596	21.751
0.80325466	-9.333796	2.8000188	21.802
0.9696517	-9.211691	2.433706	21.846
1.1587936	-9.433155	2.6288335	21.903
1.7884687	-9.277532	2.5797524	21.952
0.9744401	-9.42238	2.2577322	22.0
0.79726917	-8.596381	2.7353754	22.05
1.5861586	-8.505402	2.9317	22.1
1.7345991	-9.437943	3.0765493	22.15
0.79966336	-9.982624	2.018312	22.201
1.1288661	-9.459491	1.9393034	22.251
1.8986019	-9.585187	1.5777789	22.302
2.086547	-9.661801	0.94930094	22.351
1.8124107	-9.709685	0.641646	22.403
2.1428106	-9.5732155	0.90141696	22.45
1.9273324	-9.611523	1.4688427	22.501
1.4221559	-9.679757	1.7393875	22.55
0.91697925	-9.520543	2.1751323	22.6
0.6464345	-9.3421755	3.1543608	22.651
0.34596214	-9.2308445	3.3566709	22.702
0.39145198	-8.505402	3.514688	22.751
0.51235914	-8.651448	3.5410242	22.791
0.46088383	-8.921992	3.2573113	22.853
0.5291186	-9.056067	3.0454245	22.902
0.62368953	-9.384073	2.8921957	22.952
0.5638345	-9.196129	2.7389667	23.003
0.7170634	-9.232041	2.4037786	23.051
1.3060371	-9.580399	2.078167	23.1
0.7230489	-9.768343	1.555034	23.152
1.2904748	-10.158598	1.8459295	23.192
1.0522517	-9.368511	1.6292542	23.25
1.5945383	-8.860941	2.0362685	23.3
1.2916719	-9.691729	1.6962919	23.35
0.91937345	-10.075998	1.8710686	23.4
1.1420342	-9.259575	2.1571758	23.449
1.3192052	-9.176975	2.517503	23.501
1.3144168	-9.673772	2.0123265	23.551
0.6799533	-9.398438	2.3942018	23.601
0.6619968	-9.111135	1.8734628	23.651
1.4149733	-9.655815	2.231396	23.702
1.1097125	-9.435549	2.1667526	23.746
1.0714053	-9.144653	2.2361844	23.803
1.2425907	-9.452309	2.0913353	23.85
1.3599066	-9.685743	2.2900538	23.901
1.4532804	-9.202114	2.493561	23.95
1.3730747	-8.852561	2.4959552	24.0
1.1552023	-9.375694	2.4708161	24.049
1.2916719	-9.57561	2.396596	24.102
1.0857705	-9.3026705	2.0614076	24.151
0.8583213	-9.569624	1.9740193	24.202
1.1923125	-9.406818	1.9309237	24.251
1.2629414	-9.41041	1.804031	24.302
1.3072342	-9.452309	1.7441759	24.352
1.2665327	-9.797073	1.7034745	24.403
1.1109096	-9.615114	1.6196774	24.453
1.1791444	-9.454702	1.5179238	24.502
1.3742718	-9.500193	1.4305356	24.553
1.5598224	-9.487024	1.7082629	24.592
1.6843209	-9.512163	1.7022774	24.642
1.6879122	-9.900024	1.8794483	24.703
1.922544	-9.096769	2.1823149	24.752
1.1731589	-9.124303	2.1883004	24.802
0.89423436	-9.136273	2.043451	24.853
1.1540052	-9.240421	2.3127987	24.892
1.0151415	-9.606734	2.1140802	24.942
1.5610195	-9.647436	2.5151088	24.993
0.7278373	-9.742006	1.602918	25.05
1.2892777	-8.827422	1.9045875	25.1
1.5071499	-9.61272	1.8926164	25.15
1.2389994	-9.5732155	2.1332338	25.19
1.1923125	-9.445126	2.2146366	25.249
1.127669	-9.226056	2.2888567	25.291
1.352724	-9.343372	2.15957	25.341
0.9911995	-9.537302	2.086547	25.391
1.1875241	-9.372103	2.2697031	25.443
0.94331545	-9.409213	2.255338	25.501
1.1480197	-9.31105	2.2134395	25.541
1.5442601	-9.260772	2.2577322	25.591
1.0893618	-9.344569	2.244564	25.641
1.2952632	-9.295488	2.36188	25.691
1.3551182	-9.5732155	2.1511903	25.742
1.7118542	-9.338584	2.469619	25.792
0.9708488	-9.551667	1.9476831	25.842
1.163582	-9.172187	2.0470424	25.892
1.1288661	-9.633071	2.134431	25.942
1.3024458	-9.42238	2.2218192	25.992
1.3024458	-9.42238	2.2218192	25.992
1.2844892	-9.258378	2.348712	26.101
1.2653356	-9.483433	2.2050598	26.15
1.2497733	-9.409213	2.0446482	26.201
1.2665327	-9.496601	2.1260512	26.251
1.0761937	-9.382876	2.19668	26.302
1.1719618	-9.388862	2.043451	26.352
1.2473791	-9.340978	2.2720973	26.402
1.13964	-9.408015	2.2122424	26.453
1.2976574	-9.406818	2.1392193	26.503
1.4413095	-9.330204	2.3104045	26.547
0.8846575	-9.361329	2.1404164	26.6
1.0462662	-9.111135	1.9740193	26.65
1.1025299	-9.42238	1.827973	26.7
1.7944542	-9.229648	2.0578163	26.749
1.0486604	-9.508572	1.484405	26.791
0.50757074	-9.69532	1.1324574	26.841
0.91697925	-9.7084875	1.3180081	26.891
1.4401124	-9.680955	0.92655605	26.952
1.3024458	-9.781511	0.5470751	26.993
1.3012487	-9.76116	0.5542577	27.005
2.2697031	-9.330204	0.33279404	27.1
2.172738	-9.5013895	0.5542577	27.15
1.8602947	-9.668983	0.7278373	27.2
1.8219875	-9.634268	0.91697925	27.252
1.8674773	-9.554062	1.0043676	27.301
1.7154455	-9.461885	0.79607207	27.352
1.6531962	-9.531317	0.82001406	27.402
1.7525556	-9.483433	0.85473	27.452
1.5873557	-9.569624	1.0881647	27.5
1.5442601	-9.53012	0.9756372	27.55
1.7250223	-9.475053	1.0857705	27.602
1.6891093	-9.67856	0.8439561	27.65
1.3694834	-9.43076	1.1791444	27.699
1.5370775	-9.645041	1.1492168	27.749
1.3934253	-9.494206	1.22224	27.789
1.4508862	-9.497798	1.7681179	27.849
1.2054806	-9.5253315	1.6005238	27.891
0.9876082	-9.478644	1.6256629	27.941
1.1504139	-9.582792	1.8100165	27.992
1.6460136	-9.15423	2.136825	28.049
1.2126632	-9.543288	1.6759412	28.101
1.3204023	-9.324219	2.0590134	28.141
1.2785037	-9.338584	2.2457612	28.191
1.174356	-9.436746	2.03148	28.241
1.2066777	-9.326612	2.0685902	28.286
1.2785037	-9.294291	2.2038627	28.346
0.94570965	-9.446322	1.9141643	28.387
0.9864111	-9.903615	1.946486	28.446
1.0726024	-9.572019	2.0027497	28.487
1.1887212	-9.027337	2.1296425	28.547
1.3551182	-9.433155	2.0123265	28.587
1.1659763	-9.624691	2.0362685	28.646
1.0929531	-9.374496	2.1643584	28.687
1.2485762	-9.387665	2.099715	28.742
1.292869	-9.405622	2.1667526	28.792
1.1791444	-9.31943	2.1057005	28.842
1.234211	-9.391256	2.0853498	28.892
1.4053963	-9.446322	2.1057005	28.95
1.2006922	-9.526528	2.0458453	29.0
1.2617443	-9.399636	2.043451	29.05
1.2138603	-9.419987	2.0219033	29.1
1.2988545	-9.454702	2.0171149	29.152
1.2773066	-9.440337	1.9500773	29.201
1.1348516	-9.471462	1.9165585	29.251
0.8391677	-9.397242	2.0147207	29.301
1.1791444	-9.587581	1.946486	29.346
1.0809821	-9.3026705	2.373851	29.4
1.5035586	-9.652225	1.7956513	29.453
1.3072342	-9.67856	2.0123265	29.5
1.0869676	-9.392453	1.827973	29.549
0.8499416	-9.563639	2.3451207	29.602
1.3000516	-9.576807	2.3020248	29.651
0.15801731	-9.085996	2.2469583	29.702
0.4297592	-9.425972	3.1364043	29.751
0.6380547	-9.223662	2.9759927	29.803
0.50158525	-8.781932	3.0992942	29.85
0.2669535	-9.176975	2.1655555	29.901
0.30526072	-8.887277	2.7844565	29.95
0.6392518	-9.404425	2.72939	30.001
1.2437878	-8.76637	2.5270798	30.049
1.412579	-9.012972	2.3786395	30.102
0.6691794	-9.996989	1.8543092	30.151
1.1959038	-9.624691	1.5622166	30.201
2.005144	-9.570822	1.1168951	30.251
1.8423382	-9.583989	0.7158663	30.303
2.0374656	-9.712079	0.12330139	30.352
2.2182279	-9.625888	-0.21906945	30.403
2.055422	-9.713276	-0.30765492	30.442
2.110489	-9.5732155	0.05746084	30.492
2.1092918	-9.648633	0.16519992	30.552
1.6376339	-9.694122	0.35553896	30.602
1.6136919	-9.64983	0.5722142	30.653
1.721431	-9.458294	0.61650693	30.702
1.6316484	-9.53012	0.82480246	30.752
1.271321	-9.6845455	0.6667852	30.802
1.1911154	-9.481039	0.8690952	30.853
1.2940661	-9.667787	0.81642276	30.902
0.82599956	-9.7719345	0.9600749	30.952
1.0773908	-9.652225	1.3946224	31.003
1.1061212	-9.652225	1.3946224	31.003
0.94092125	-9.218874	1.7142484	31.101
1.4999673	-9.175778	2.1883004	31.15
1.7106571	-9.518148	1.9117701	31.2
1.0761937	-9.355343	1.7812861	31.249
1.2294226	-9.234436	2.0566192	31.302
1.3060371	-9.531317	1.8926164	31.35
1.0163386	-9.625888	1.9907787	31.401
0.32202014	-9.7479925	1.9871874	31.453
0.12330139	-9.677363	1.7884687	31.491
-0.7278373	-9.288305	1.7489643	31.543
-1.3204023	-9.26556	1.0486604	31.593
-1.3970166	-9.469068	0.7398083	31.643
-1.9668367	-9.536105	0.31364042	31.693
-1.9500773	-9.539697	0.16639702	31.744
-1.8495208	-9.651027	0.1364695	31.794
-1.8351556	-9.610326	-0.089782566	31.844
-1.6089035	-9.689334	-0.17238252	31.894
-1.2078748	-9.593566	0.16879122	31.944
-0.6655881	-9.832987	0.5638345	31.994
-0.6655881	-9.832987	0.5638345	32.004
0.04189853	-9.469068	1.0163386	32.093
0.8858546	-9.725247	1.2485762	32.142
1.1695676	-9.703699	1.3611037	32.192
1.5562311	-9.101558	2.3666685	32.242
1.9381063	-9.166202	2.4756045	32.293
1.614889	-9.126697	2.7928362	32.343
1.7633295	-9.033323	2.942474	32.393
1.1324574	-9.498995	2.018312	32.443
1.1180922	-9.306262	1.8100165	32.494
1.4185646	-9.294291	1.328782	32.544
1.8974048	-9.38168	1.0366893	32.594
1.6436194	-9.691729	0.35793316	32.644
2.2122424	-10.028113	0.24899697	32.694
2.5031378	-9.544485	0.25258827	32.744
2.2505496	-9.516952	-0.16519992	32.794
2.7605145	-9.433155	-0.36032736	32.844
3.1627405	-9.345766	-0.25378537	32.894
2.6204538	-9.528923	-0.2896984	32.944
2.8263552	-9.7958765	-0.075417355	32.994
2.883816	-9.792285	-0.35075054	33.007
2.1643584	-9.41879	1.5179238	33.092
2.6659436	-9.718064	0.7170634	33.142
1.4556746	-9.446322	0.7110779	33.192
1.6807296	-9.7084875	1.4341269	33.241
1.1851299	-9.478644	1.8112136	33.293
1.9357121	-9.528923	3.2561142	33.343
1.4748282	-9.7863	2.8107927	33.393
-0.48961425	-8.925584	3.2992098	33.443
-0.22385786	-8.913613	3.5362358	33.494
-0.2657564	-8.683769	3.526659	33.552
-1.2844892	-8.671799	3.4835634	33.602
-1.1168951	-8.659827	3.702633	33.652
-1.283292	-8.604761	3.7553053	33.692
-1.2868834	-8.536526	3.8307228	33.743
-0.9840169	-8.584411	3.9456444	33.793
-0.61291564	-8.941146	3.8474822	33.843
-0.6991069	-8.659827	3.515885	33.893
-0.6787562	-8.808268	3.4596214	33.944
-0.7290344	-8.880095	3.1519666	33.994
-0.700304	-8.9124155	3.0059202	34.014
-0.48722005	-8.955511	2.930503	34.092
-0.110133275	-9.536105	2.6910827	34.142
0.91817635	-10.089166	2.1499932	34.202
1.0690111	-9.51336	1.8219875	34.251
1.2090719	-9.82341	1.6962919	34.293
0.17836803	-10.070012	1.1935096	34.343
0.7146692	-10.007763	0.5602432	34.403
1.7058687	-9.485827	0.93254155	34.443
2.0733786	-9.8437605	0.90500826	34.494
1.5825673	-9.619903	0.8391677	34.544
1.2509704	-9.224859	0.78649527	34.605
1.4437037	-9.52174	1.483208	34.644
1.2162545	-10.139444	1.3742718	34.694
1.0905589	-10.38485	2.2349873	34.744
1.6472107	-9.228451	2.1942859	34.794
0.22505496	-7.9152308	1.8746599	34.844
0.6368576	-8.98903	2.2266076	34.894
1.2270284	-9.002198	3.2620997	34.944
0.51116204	-9.352949	2.3391352	35.005
0.581791	-10.460267	2.3642743	35.015
0.48123455	-8.945934	2.111686	35.103
0.47524905	-8.117541	2.042254	35.142
0.47884035	-9.193734	2.0266917	35.192
0.81881696	-9.469068	2.5498247	35.242
1.1875241	-10.538078	3.58412	35.293
-0.4213795	-9.637859	1.8818425	35.343
0.8750807	-8.319851	1.9093759	35.393
1.946486	-10.903194	2.777274	35.443
1.4149733	-10.1382475	1.7980455	35.481
1.22224	-8.986636	1.970428	35.552
1.8183962	-9.701305	1.9680338	35.602
-0.079008654	-9.259575	1.8974048	35.652
0.50158525	-9.825804	1.851915	35.702
-0.007182605	-10.111911	1.6304513	35.743
-0.033518825	-8.755595	2.1787236	35.793
0.17238252	-9.508572	2.086547	35.843
0.45968673	-9.714474	2.099715	35.893
1.9788077	-9.4295635	2.2469583	35.944
1.6077064	-9.321824	2.4708161	36.004
1.6998832	-9.003395	2.6300306	36.014
0.05746084	-9.775525	2.822764	36.093
-0.4345476	-9.196129	2.6791117	36.142
-0.36511576	-9.354146	2.3630772	36.192
-0.40102878	-9.807847	1.1061212	36.242
-0.91697925	-9.500193	0.4345476	36.304
-0.15682021	-10.193314	1.3850456	36.351
0.30047232	-9.816227	1.8136078	36.393
0.59735334	-9.409213	2.4959552	36.443
1.22224	-9.40203	2.730587	36.493
1.3623008	-8.699332	3.5793316	36.543
1.3180081	-8.771158	3.7457285	36.594
0.91099375	-9.097966	3.3614593	36.652
0.60214174	-9.26197	3.0693667	36.702
0.5614403	-9.5253315	2.5222914	36.752
0.58897364	-9.485827	2.1667526	36.802
0.50397944	-9.673772	1.2689269	36.851
0.59136784	-9.691729	1.4065934	36.893
0.48003745	-9.548077	1.5191209	36.943
0.70509243	-9.8916445	1.3503298	36.994
0.6991069	-9.799467	1.555034	37.013
0.973243	-9.431957	2.3546975	37.092
2.124854	-9.169792	2.8550856	37.142
2.5797524	-8.900445	2.6503813	37.192
2.657564	-9.333796	2.0590134	37.242
1.8818425	-9.42238	1.6962919	37.293
1.0402806	-9.563639	1.8351556	37.343
0.29688102	-9.730036	2.0374656	37.393
0.37110126	-9.5732155	1.4975731	37.443
1.1061212	-9.417592	2.1416135	37.492
1.3263878	-9.241618	2.042254	37.553
1.6244658	-9.405622	1.3946224	37.592
1.6460136	-9.533711	2.3762453	37.648
1.5837644	-9.504981	2.2254105	37.694
1.2330139	-9.473856	3.004723	37.744
1.6531962	-8.6334915	3.383007	37.794
1.0342951	-8.761581	3.1376014	37.852
1.009156	-8.9040365	3.466804	37.902
0.5674258	-9.331401	3.705027	37.952
0.130484	-9.688137	2.4971523	38.002
0.2681506	-8.584411	2.4732103	38.052
1.30484	-9.682152	2.4732103	38.093
0.4441244	-9.43076	2.1523874	38.143
0.5363012	-9.130288	2.0027497	38.193
1.2210429	-9.841366	2.0649989	38.243
0.62368953	-9.255983	2.409764	38.294
0.8355764	-9.4774475	2.6647465	38.344
1.6244658	-9.478644	2.1296425	38.398
1.1324574	-9.570822	1.887828	38.444
0.80205756	-9.3661175	1.9919758	38.492
1.0414777	-9.4535055	1.899799	38.548
1.3575124	-9.5492735	1.483208	38.592
1.0031705	-9.662998	1.4939818	38.642
0.7577648	-9.440337	1.0749966	38.692
0.6392518	-10.086772	1.0139444	38.751
0.075417355	-9.714474	1.4508862	38.793
0.11971009	-9.228451	2.0733786	38.843
0.641646	-9.249998	2.349909	38.893
0.60812724	-9.173384	2.3139958	38.943
1.3623008	-9.758766	3.7325604	38.999
1.5969325	-10.212467	3.6750996	39.011
0.49320555	-8.599973	2.1883004	39.092
1.4652514	-9.491813	2.207454	39.152
0.92895025	-9.24521	2.0123265	39.202
0.82121116	-9.340978	1.982399	39.253
0.79248077	-9.738416	1.8507179	39.293
0.18195933	-9.78989	1.8411411	39.343
-0.4369418	-9.685743	1.7501614	39.393
-0.142455	-9.879673	2.220622	39.443
0.24779987	-8.737639	2.304419	39.494
0.19632454	-9.218874	2.622848	39.552
0.4381389	-9.332599	2.3786395	39.602
1.3024458	-10.023325	2.8993783	39.652
0.6655881	-8.962694	2.1033063	39.702
-0.06344634	-9.532514	2.231396	39.743
0.65242	-9.576807	1.9500773	39.793
0.31364042	-9.536105	1.6687586	39.843
0.35793316	-9.519346	1.1695676	39.893
0.4249708	-9.702502	0.8810662	39.944
0.29927522	-9.859323	1.0151415	40.01
0.29209262	-9.842564	0.8499416	40.024
-0.08140286	-9.952697	0.45848963	40.092
0.2705448	-9.643845	0.7685388	40.142
0.8750807	-9.736021	0.8391677	40.192
0.89064306	-9.874885	0.62728083	40.243
0.748188	-9.876082	1.0115502	40.293
0.94930094	-9.799467	1.163582	40.343
0.9528923	-9.773131	1.411382	40.393
0.91578215	-9.217676	2.4516625	40.444
0.32920274	-9.147048	2.5258827	40.498
-0.11372458	-9.141062	2.7138276	40.552
-0.60094464	-9.619903	2.7269957	40.602
-1.0642227	-9.825804	2.0147207	40.652
-1.4975731	-8.649054	1.9835961	40.702
0.108936176	-10.031705	1.7776948	40.753
-0.017956512	-9.91798	1.0043676	40.803
-0.3878607	-9.149442	1.3227965	40.843
-0.22984336	-9.490616	1.8016368	40.893
0.11611878	-9.68694	1.9524715	40.943
-1.0187328	-9.31105	2.0147207	40.995
-0.59735334	-9.169792	2.2876596	41.024
-0.19632454	-9.776723	1.8746599	41.102
-0.2681506	-9.427169	1.5837644	41.152
0.07062895	-9.621099	1.389834	41.202
0.12928689	-9.7479925	0.961272	41.243
-0.33997664	-9.907207	0.46686932	41.293
-0.11971009	-9.688137	0.21188685	41.343
0.6332663	-9.787497	0.2621651	41.393
0.5410896	-9.774328	-0.07062895	41.444
0.41299978	-9.915586	0.10055647	41.494
0.39863458	-9.664195	0.4165911	41.552
0.51834464	-9.88925	0.9768343	41.592
0.50996494	-9.962274	0.6727707	41.652
0.142455	-9.519346	1.0414777	41.702
0.40342298	-9.727641	1.4030021	41.753
0.7721301	-9.434352	1.673547	41.793
0.6799533	-9.209297	2.1990743	41.843
0.94451255	-9.217676	2.5594015	41.893
0.34955344	-9.475053	2.3235726	41.944
0.034715924	-10.000581	2.1440077	41.998
-0.035913024	-9.458294	1.8267759	42.028
0.5351041	-9.654618	1.7118542	42.093
0.28491	-9.885659	1.2437878	42.142
-0.12569559	-9.289502	1.1540052	42.202
0.19153613	-10.049662	1.496376	42.241
-0.5662287	-9.844957	1.8088194	42.293
-0.01316811	-8.956709	2.3451207	42.353
0.59256494	-9.193734	2.6886885	42.393
0.22505496	-9.490616	2.4145525	42.443
0.51954174	-9.964667	2.8191724	42.494
-0.320823	-9.321824	1.8495208	42.544
-0.5734113	-9.470264	1.4879963	42.594
0.18315643	-10.0029745	1.3144168	42.648
0.37229836	-9.415198	1.4820108	42.702
0.7445967	-9.544485	1.6077064	42.752
0.60693014	-9.412804	1.733402	42.802
0.7290344	-9.770737	2.12246	42.851
-0.51475334	-9.672575	1.5981296	42.893
-0.32441434	-9.569624	1.8459295	42.953
0.439336	-9.227253	2.1416135	42.994
0.25378537	-9.781511	1.5263035	43.026
0.05267244	-9.334992	2.100912	43.096
0.34596214	-9.627085	1.9512744	43.142
-0.39504328	-9.879673	1.42455	43.192
0.15322891	-9.813833	1.9967642	43.242
1.9812019	-9.003395	2.919729	43.293
1.2006922	-8.604761	3.5745432	43.343
1.541866	-8.640674	3.430891	43.393
1.4197617	-9.534908	3.3758245	43.443
0.51595044	-9.862914	3.083732	43.493
-0.878672	-8.9279785	3.132813	43.554
0.24061728	-9.121908	2.6922798	43.593
-0.5770026	-10.056845	2.2397757	43.643
-0.16639702	-8.032547	3.6032736	43.693
-0.58777654	-10.455479	1.2162545	43.743
-1.5251064	-10.172963	0.6667852	43.794
-0.997185	-9.568427	0.6667852	43.844
-0.14604631	-10.284293	-0.2753332	43.894
0.16879122	-9.7803135	-0.90979666	43.942
0.6572084	-9.965864	-0.36391866	43.992
0.93613285	-9.870096	-0.23942018	44.032
1.3634979	-9.731233	0.52073884	44.093
2.1559787	-9.618706	1.1408371	44.143
1.804031	-9.82341	1.8423382	44.193
0.9720459	-9.546879	2.005144	44.243
1.5310919	-8.72088	3.930082	44.293
2.1942859	-9.391256	4.533421	44.344
1.2533646	-9.694122	3.5853171	44.394
0.29328972	-8.447941	4.5046906	44.444
-0.48123455	-8.252813	3.918111	44.498
-1.292869	-8.0684595	3.8379054	44.544
-2.03148	-8.526949	3.7253778	44.594
-2.4001873	-8.872911	3.4081461	44.642
-2.5701754	-8.455123	3.3195608	44.693
-1.9297266	-8.429984	3.83192	44.742
-1.1899183	-9.166202	3.8881836	44.792
-1.0450691	-8.993818	3.608062	44.841
-1.2449849	-8.826224	3.3901896	44.891
-1.4628572	-9.147048	3.0382419	44.943
-1.8255788	-9.039309	3.1004913	45.005
-1.7848774	-9.046491	3.1495724	45.033
-1.8626889	-8.950723	2.9640217	45.091
-1.7597382	-8.967483	2.9340942	45.143
-1.3874398	-9.369708	3.0370448	45.193
-0.8858546	-9.31943	2.967613	45.243
-0.8882488	-9.388862	2.7988217	45.293
-0.33159694	-9.223662	2.7748797	45.344
-0.59615624	-9.419987	2.4947581	45.394
-0.8810662	-9.188946	2.4660277	45.442
-1.1899183	-9.203311	2.56419	45.492
-0.8774749	-9.427169	2.3080103	45.554
-0.45370123	-9.352949	2.2828712	45.602
-0.45250413	-8.913613	2.2134395	45.643
0.7721301	-9.163807	2.2601264	45.693
1.2150574	-10.2974615	2.0853498	45.743
0.21667525	-9.568427	0.90261406	45.793
0.62488663	-9.4774475	0.320823	45.844
0.6464345	-9.892841	0.044292733	45.894
0.62728083	-9.821015	-0.6572084	45.942
0.581791	-9.719262	-0.62728083	45.992
0.58777654	-9.743204	-0.48841715	46.032
0.89543146	-9.696517	-0.58298814	46.102
1.5693992	-9.738416	-0.37469256	46.151
1.7046716	-9.7803135	-0.50158525	46.193
1.614889	-9.618706	-0.50158525	46.243
2.111686	-9.539697	-0.34715924	46.293
2.2732944	-9.664195	-0.130484	46.343
2.0386627	-9.646238	-0.01316811	46.394
2.124854	-9.506178	0.6464345	46.452
2.480393	-9.563639	0.8798691	46.492
2.1679497	-9.339781	1.3718776	46.552
1.8974048	-9.391256	2.1404164	46.602
1.8171991	-9.443929	2.4708161	46.643
1.7525556	-9.033323	2.858677	46.693
2.2218192	-9.514558	2.3666685	46.743
1.6101006	-9.141062	3.3626564	46.803
0.9528923	-9.132683	3.9959226	46.844
1.0905589	-8.804677	4.4424415	46.894
0.7110779	-8.595184	4.8781857	46.944
-0.15322891	-8.622718	4.4340615	46.995
0.021547815	-8.081628	4.6662993	47.032
-0.11971009	-8.040926	4.7668557	47.102
-1.1384429	-8.182184	4.923676	47.142
-1.4377182	-8.040926	4.9667716	47.192
-1.460463	-8.049306	4.7788267	47.251
-1.7753005	-7.97748	4.981137	47.293
-1.42455	-8.073248	4.868609	47.343
-1.532289	-8.289924	4.5753193	47.393
-1.6986861	-8.416816	4.357447	47.443
-1.6400281	-8.441956	4.2556934	47.494
-1.283292	-8.577228	4.2341456	47.552
-0.7386112	-8.723274	4.167108	47.592
-0.40701428	-8.858546	4.096479	47.642
-0.076614454	-8.568848	4.0174704	47.702
0.108936176	-8.779537	4.0880995	47.743
0.46447513	-9.0716305	3.738546	47.793
0.6667852	-9.198523	3.606865	47.843
1.0151415	-9.555259	3.6020765	47.893
1.5586253	-9.211691	3.168726	47.944
1.6316484	-9.072827	2.669535	47.994
1.8902222	-9.175778	2.4241292	48.034
2.1787236	-9.372103	2.0087352	48.103
1.8938135	-9.476251	1.7597382	48.142
2.172738	-9.556456	1.7393875	48.202
2.5007436	-9.19972	1.6448165	48.242
2.6551697	-8.916007	1.8076223	48.293
2.6659436	-9.546879	1.5095441	48.343
2.5378537	-9.5492735	1.4425066	48.393
2.3870192	-9.350554	1.4449008	48.443
2.777274	-9.205706	1.4030021	48.494
2.9053638	-9.081207	1.2006922	48.544
2.6084828	-8.9998045	1.2378023	48.594
2.7006595	-9.591172	1.4688427	48.644
2.3511062	-9.5013895	1.2258313	48.694
2.3427265	-9.248801	1.447295	48.744
2.8921957	-9.264363	1.1061212	48.794
2.943671	-9.263166	1.1348516	48.844
3.347094	-9.277532	1.2030864	48.894
2.717419	-9.330204	1.1767502	48.944
2.0626047	-9.324219	1.1360487	48.994
2.3175871	-9.357738	1.0953473	49.034
2.3175871	-9.392453	1.22224	49.102
2.5366566	-9.417592	1.4496891	49.152
2.1787236	-9.370906	1.4903905	49.202
2.1045034	-9.403227	1.5023615	49.252
2.019509	-9.437943	1.5682021	49.293
2.2840683	-9.548077	2.1571758	49.343
1.9297266	-9.500193	1.9405005	49.393
0.14844051	-9.112331	2.930503	49.443
1.5574282	-9.075222	3.9193082	49.494
1.2665327	-10.109517	3.168726	49.544
0.2753332	-8.574833	3.8869865	49.599
0.8858546	-8.39048	3.8881836	49.644
0.8331822	-8.440758	4.308366	49.694
0.08738836	-8.281544	5.221754	49.744
-0.49200845	-8.079233	4.847061	49.794
-0.5674258	-8.238448	4.757279	49.844
0.038307227	-8.98903	5.3223104	49.894
0.17238252	-7.6123643	5.379771	49.944
0.08140286	-7.291541	4.8626237	50.005
0.06584055	-7.595605	5.197812	50.034
-0.1328782	-7.763199	4.3658266	50.094
0.78170687	-10.728417	5.449203	50.152
0.022744916	-7.475895	3.8905778	50.202
-0.676362	-9.038112	3.4979286	50.242
1.6017209	-9.489418	4.2102036	50.291
0.21428105	-8.195353	3.5218706	50.343
0.19153613	-8.204929	3.9121256	50.393
0.6536171	-8.84059	3.8031895	50.443
-0.088585466	-10.055647	4.5238442	50.493
0.8487445	-9.858126	2.9412768	50.544
0.8655039	-8.100781	2.4959552	50.594
1.6017209	-10.086772	2.5953147	50.644
1.9117701	-9.7719345	1.30484	50.694
1.5514427	-9.368511	1.614889	50.744
2.3523033	-9.5492735	1.5514427	50.794
1.6436194	-9.527725	0.25139117	50.844
0.6859388	-9.507375	0.58657944	50.894
1.3730747	-9.727641	2.0709844	50.944
2.220622	-9.363723	2.3139958	50.994
2.1499932	-9.580399	2.1440077	51.034
1.0127473	-9.618706	1.887828	51.102
0.5470751	-9.704897	1.578976	51.152
0.39983168	-9.546879	2.2625206	51.202
1.9177556	-8.945934	2.8682537	51.242
0.22026655	-9.588778	2.067393	51.301
-0.8834604	-9.68694	2.4408886	51.343
0.45130703	-9.106346	2.6479871	51.393
2.0446482	-9.487024	2.1679497	51.443
1.0749966	-9.976639	1.8363527	51.493
1.899799	-9.070433	3.21661	51.544
2.3355439	-9.97185	3.5410242	51.602
1.650802	-9.376891	4.6279917	51.652
1.2533646	-8.617929	3.490746	51.702
-0.45489833	-7.813477	4.074931	51.752
-0.5662287	-7.9942393	4.5118732	51.802
-0.7326257	-7.989451	4.156334	51.843
0.0035913025	-10.594342	4.185065	51.893
-1.5275006	-7.1969705	4.0078936	51.943
-0.93373865	-8.463503	4.2066126	51.993
0.4309563	-9.227253	3.7098155	52.044
-0.6907272	-9.276335	3.2118216	52.103
-0.5530606	-8.176199	3.78643	52.142
0.3196259	-8.6299	4.0306387	52.192
1.3874398	-8.043321	5.199009	52.252
2.328361	-9.543288	4.5777135	52.293
1.2545617	-9.020155	4.1252093	52.343
1.520318	-9.305065	1.887828	52.393
1.0977415	-9.249998	1.7405846	52.443
0.9959879	-10.072407	0.9648633	52.494
0.80445176	-9.953894	0.7781156	52.544
0.16879122	-9.952697	0.4285621	52.594
0.664391	-10.023325	-0.09935937	52.644
1.1085154	-9.454702	0.079008654	52.694
2.2146366	-10.097546	0.45489833	52.744
0.8774749	-8.185776	1.3455414	52.794
4.7896004	-9.425972	2.244564	52.844
2.2493525	-9.941922	3.9492357	52.894
2.3092074	-8.775947	2.4600422	52.944
1.9440918	-8.662222	3.1986535	52.994
3.6607344	-9.685743	3.788824	53.044
1.5251064	-10.5919485	-0.011971008	53.102
-2.1164744	-8.467094	1.1001357	53.152
-1.6184803	-8.865729	3.288436	53.202
-2.2732944	-9.457097	1.4951789	53.252
-2.2732944	-9.064447	2.4181437	53.291
-1.5514427	-9.087193	2.3056161	53.343
-1.2449849	-9.205706	2.3989902	53.393
0.49320555	-9.813833	2.3989902	53.443
1.2413936	-9.66659	2.9293058	53.493
3.4560301	-7.699753	4.402937	53.544
2.9604304	-9.96347	3.0202854	53.594
2.9029696	-7.9092455	4.408922	53.652
2.1930888	-8.992621	3.5553896	53.692
0.6919243	-8.807071	3.6595373	53.742
1.009156	-9.301474	3.0382419	53.792
0.50158525	-9.246407	2.2900538	53.851
-0.2657564	-9.428367	1.411382	53.893
-0.8319851	-9.765948	0.6931214	53.943
-0.6572084	-10.011354	-0.06703765	53.993
0.20829555	-9.526528	0.108936176	54.043
0.90620536	-9.957485	0.6464345	54.102
0.62129533	-9.986216	0.80924016	54.152
0.8762778	-9.414001	1.5634137	54.202
1.7944542	-9.540894	2.2577322	54.252
2.3331497	-9.352949	2.6683378	54.291
2.2038627	-9.718064	2.183512	54.343
3.0561984	-9.082404	2.1260512	54.393
3.0561984	-9.212888	2.2984335	54.443
2.598906	-9.464279	1.9871874	54.493
1.3742718	-9.785102	2.0709844	54.544
-0.1592144	-9.585187	1.5191209	54.594
-0.94570965	-9.414001	2.2002714	54.644
-0.8487445	-9.61272	3.0131028	54.694
-1.079785	-9.002198	2.5258827	54.744
-1.1025299	-8.808268	2.8658595	54.794
-1.8926164	-8.76637	2.0111294	54.844
-0.60094464	-7.9248075	4.709395	54.894
1.9692309	-11.208455	2.4744074	54.944
2.220622	-6.1088057	5.3498435	55.005
2.3654714	-8.816648	4.80636	55.044
1.5981296	-8.917204	4.0797195	55.092
0.34356794	-8.090008	4.9799395	55.152
0.48961425	-8.684967	4.074931	55.192
0.2693477	-9.202114	3.3375173	55.242
-0.12090719	-9.433155	2.4480712	55.293
-0.29448682	-9.645041	1.4664485	55.343
-0.5398925	-9.91439	1.2988545	55.393
-1.2605472	-8.9758625	1.3551182	55.443
1.8950106	-10.222044	1.1168951	55.494
1.2521675	-10.03769	0.5758055	55.544
1.3634979	-9.576807	1.2318168	55.594
2.018312	-9.473856	0.93493575	55.652
1.685518	-10.146626	0.89184016	55.692
2.954445	-8.64666	1.6400281	55.742
4.0043025	-9.247604	2.6408045	55.792
2.3295584	-9.066842	2.8191724	55.851
1.851915	-9.144653	3.6212301	55.893
1.8495208	-9.241618	2.5737667	55.943
0.9576807	-9.160215	3.1723173	55.993
1.9991584	-9.051279	3.4105403	56.043
1.8423382	-9.390059	2.304419	56.092
1.4556746	-9.451111	2.3798366	56.152
2.136825	-9.26197	3.715801	56.192
1.2114661	-9.5385	3.204639	56.252
0.19752164	-9.112331	3.549404	56.293
0.18076223	-8.775947	4.260482	56.343
-0.5422867	-7.621941	4.036624	56.393
-1.0151415	-8.359355	3.7457285	56.443
-0.4405331	-9.114726	4.5681367	56.494
-0.33399114	-8.856153	3.8845923	56.544
-0.3184288	-8.47308	4.1802764	56.594
0.027533319	-8.263587	4.71538	56.644
0.1340753	-8.743625	4.984728	56.694
0.4441244	-7.7213006	4.751293	56.744
0.39264908	-9.7479925	5.139154	56.794
1.0055647	-7.5584946	4.703409	56.844
0.80325466	-8.807071	4.782418	56.894
0.90381116	-8.118738	4.413711	56.944
0.5638345	-8.087613	4.9308586	56.994
0.30885202	-8.919599	4.0785227	57.044
0.044292733	-8.851364	4.1718965	57.102
1.0761937	-9.873688	3.3267434	57.152
0.45968673	-9.654618	1.5682021	57.202
1.282095	-8.852561	2.6862943	57.252
2.64679	-9.097966	2.100912	57.293
2.171541	-9.320627	2.19668	57.343
1.8052281	-9.3182335	2.9903579	57.393
1.8782512	-9.53012	2.7377696	57.443
1.2940661	-9.437943	2.9532478	57.494
1.8339585	-8.804677	3.1136594	57.544
2.255338	-9.068039	2.6048915	57.594
2.2613235	-9.339781	2.5462334	57.645
1.2641385	-9.76954	1.8686744	57.692
1.3682863	-9.416395	1.7884687	57.742
1.839944	-9.210494	2.4504654	57.792
1.4664485	-9.083601	2.5115175	57.852
1.4975731	-9.271546	2.719813	57.891
0.6823475	-9.646238	2.5929205	57.943
0.9876082	-9.242816	3.6822822	57.993
0.9552865	-8.935161	3.8414967	58.043
0.38187516	-8.871715	4.35625	58.102
0.37469256	-8.348581	4.3287168	58.143
0.35913026	-9.574412	5.1259856	58.193
-0.24301147	-7.4711065	4.4603977	58.243
-0.24899697	-8.001422	4.9284644	58.293
-0.3878607	-8.34499	5.0266266	58.344
-0.35314476	-8.048109	5.195418	58.394
-0.50397944	-8.221688	5.2397103	58.444
-0.47165772	-7.9116397	5.493496	58.494
-0.3890578	-8.2037325	5.5377884	58.544
-0.24420857	-7.848193	5.7125654	58.594
-0.21547815	-8.42759	4.8338933	58.644
-0.090979666	-9.066842	5.1571107	58.694
0.47165772	-8.192958	5.2684407	58.744
0.06464344	-7.9810715	4.88058	58.794
-0.5506664	-7.964312	4.5525746	58.844
-0.6823475	-7.4232225	4.000711	58.894
0.3878607	-9.645041	5.351041	58.944
0.45968673	-8.506598	4.0581717	58.994
1.2330139	-8.90643	4.3167458	59.044
1.3215994	-9.894038	3.0693667	59.092
1.0869676	-9.313444	2.6539726	59.142
1.5933412	-8.872911	2.9245174	59.192
2.2062569	-9.214086	2.6503813	59.242
2.2984335	-9.0716305	2.4947581	59.293
2.7509377	-9.672575	2.3511062	59.343
2.1930888	-9.603143	1.8543092	59.393
2.280477	-9.069236	1.9009962	59.443
2.8874073	-9.382876	2.1942859	59.494
2.9221232	-9.267955	2.1416135	59.544
2.4516625	-9.452309	1.8387469	59.589
2.0649989	-8.902839	2.1068976	59.648
2.566584	-8.900445	2.3774424	59.688
3.1136594	-9.454702	2.5222914	59.742
2.2254105	-9.489418	1.9835961	59.792
1.7226281	-9.325416	2.110489	59.842
1.8614918	-8.9842415	2.895787	59.903
2.079364	-9.01776	3.0238767	59.943
2.2361844	-9.218874	3.0190883	60.004
1.79206	-9.267955	2.6862943	60.043
1.436521	-9.150639	3.0693667	60.091
1.4700398	-9.096769	3.3854012	60.143
1.1372458	-8.917204	3.702633	60.188
1.0247183	-8.967483	3.776853	60.247
0.7134721	-8.871715	4.1024647	60.293
0.61052144	-8.7532015	4.156334	60.343
0.70509243	-8.860941	5.341464	60.391
0.6464345	-8.836999	4.462792	60.443
0.17477672	-8.080431	5.4420204	60.491
0.10175357	-7.878121	5.357026	60.54
0.20949265	-7.973889	5.565322	60.591
0.9672575	-7.5213847	5.3498435	60.641
