2.1643584	-8.194156	4.759673	0.204
2.5917234	-8.259995	4.7070007	0.254
2.457648	-8.141483	4.5322237	0.292
2.6683378	-8.221688	4.8638206	0.342
2.6431987	-8.202535	4.6806645	0.393
2.3535004	-8.043321	4.6339774	0.443
2.160767	-8.033744	5.121197	0.493
2.2888567	-8.311471	4.3382936	0.543
2.789245	-8.074445	4.5992613	0.587
2.7688942	-8.440758	4.507085	0.642
2.5510218	-8.093599	4.4843397	0.692
2.7222073	-8.258799	4.4963107	0.742
2.5881321	-8.324639	4.5896845	0.792
2.542642	-8.298303	4.462792	0.843
2.4193408	-8.356961	4.4795513	0.892
2.44448	-8.322245	4.44723	0.944
2.4899697	-8.180987	4.39336	0.995
2.7617116	-8.215703	4.5681367	1.043
2.6874914	-8.453926	4.8614264	1.093
2.123657	-8.340201	4.5418005	1.141
2.2050598	-8.149862	4.9320555	1.193
2.517503	-8.303091	4.83509	1.243
1.9045875	-8.294712	5.2157683	1.293
0.93254155	-8.213309	4.6698904	1.343
1.3371617	-7.714118	6.0920463	1.392
1.9620483	-8.183381	5.60722	1.443
1.5885528	-8.333019	5.7520695	1.493
1.8770541	-7.86615	5.6239796	1.543
1.8411411	-7.6829934	5.555745	1.593
0.8463503	-8.36175	5.7484784	1.641
-0.17477672	-8.279149	5.910087	1.693
0.08738836	-7.491457	5.9926867	1.743
0.076614454	-7.9116397	6.0142345	1.792
-0.1376666	-7.8948803	5.803545	1.843
-0.2633622	-7.513005	6.159084	1.903
-0.2717419	-7.2029557	6.0250087	1.943
-0.62488663	-7.2005615	6.353014	1.992
-0.7194576	-7.405266	6.505046	2.045
-0.7757214	-7.091625	6.339846	2.093
-0.7278373	-7.2029557	6.457162	2.143
-0.8822633	-7.2340803	6.3338604	2.207
-1.2880806	-7.100005	6.157887	2.243
-0.89423436	-6.9587474	6.4272346	2.293
-0.7146692	-7.219715	6.4008985	2.341
-0.7218518	-7.147889	6.423643	2.391
-0.93373865	-7.382521	6.126762	2.443
-0.90261406	-7.3968863	6.0956373	2.494
-0.58897364	-7.6243353	5.741296	2.544
-0.17118542	-7.893683	5.875371	2.594
0.21308395	-8.311471	5.445612	2.643
0.053869538	-8.426393	4.4328647	2.693
-0.45370123	-8.645462	4.3239284	2.743
0.35314476	-9.03452	4.2760444	2.789
0.33638534	-8.832211	3.66672	2.848
0.15203181	-9.356541	2.8921957	2.888
0.3842694	-9.165004	2.7485435	2.948
0.3842694	-9.165004	2.7485435	2.948
0.5327099	-9.566033	2.1859062	3.042
0.8343793	-9.441534	1.411382	3.092
1.5059528	-9.974244	1.8483237	3.142
1.6196774	-9.742006	1.0402806	3.191
2.1751323	-9.346964	1.2737153	3.243
2.2182279	-9.821015	0.6536171	3.293
1.0642227	-9.797073	0.46447513	3.343
1.6436194	-10.111911	0.51834464	3.393
1.3706805	-10.0341	-0.22026655	3.444
2.27928	-9.495404	0.38307226	3.494
2.6168625	-9.509769	0.31244332	3.544
1.946486	-9.308656	0.35434186	3.588
1.970428	-9.672575	0.8295909	3.642
0.4345476	-9.337387	2.1092918	3.691
1.043872	-9.586384	2.2254105	3.742
0.8607155	-9.163807	2.6048915	3.803
0.94331545	-9.01776	3.0142999	3.843
1.2569559	-9.497798	2.3187842	3.893
1.5227122	-9.058462	2.9975405	3.944
1.7010803	-9.28232	2.5929205	4.001
1.7884687	-9.062054	2.96881	4.044
2.0458453	-9.0476885	2.5941176	4.101
1.412579	-9.101558	2.5031378	4.144
1.0881647	-9.137471	2.8574798	4.194
1.8854338	-8.917204	2.8083985	4.243
2.0231004	-9.476251	3.016694	4.293
0.830788	-9.277532	2.5797524	4.341
0.7661445	-9.354146	2.4959552	4.395
1.2916719	-8.962694	3.1184478	4.451
1.3706805	-9.223662	3.240552	4.492
1.3754689	-9.070433	3.098097	4.542
1.5861586	-9.184157	2.7138276	4.593
1.6579847	-9.360131	2.4253263	4.643
1.3934253	-9.317036	2.1320367	4.693
1.7106571	-9.4535055	2.4001873	4.743
1.946486	-9.257181	2.2278047	4.794
1.9895816	-9.32781	2.0266917	4.844
2.1452048	-9.2069025	2.6300306	4.894
1.934515	-9.112331	2.7485435	4.943
1.7597382	-9.255983	2.6132712	4.963
1.5346833	-9.26197	2.859874	5.042
1.436521	-9.027337	2.966416	5.092
1.9381063	-9.299079	2.753332	5.143
1.9333179	-9.051279	2.8993783	5.193
1.7178397	-9.041702	3.039439	5.243
1.9093759	-8.991425	2.9628246	5.293
1.9273324	-9.083601	2.9951463	5.344
1.6328455	-9.059659	3.0765493	5.388
1.6196774	-9.057265	3.1519666	5.442
1.6328455	-9.068039	3.2549171	5.492
1.7788919	-9.021352	3.3243492	5.542
1.9333179	-8.931569	3.3494883	5.592
2.079364	-8.9758625	3.3877954	5.654
1.8076223	-8.9758625	3.3674448	5.693
1.8291701	-8.931569	3.3674448	5.743
1.7393875	-8.967483	3.4021606	5.793
1.8555063	-8.942344	3.5182793	5.844
1.8782512	-8.924387	3.3973722	5.894
1.9321208	-8.9842415	3.300407	5.946
1.887828	-8.924387	3.3722332	5.997
1.8579005	-8.981848	3.3554738	6.042
1.8950106	-8.983045	3.3183637	6.092
1.8507179	-8.949526	3.3159695	6.142
1.8962077	-8.839393	3.3782187	6.193
2.0841527	-9.02614	3.4081461	6.243
1.9524715	-8.918402	3.3494883	6.293
1.9979613	-8.971074	3.3375173	6.343
1.9381063	-8.899248	3.4404678	6.394
1.9668367	-8.935161	3.4464533	6.442
1.9237411	-8.947132	3.3327289	6.494
2.0219033	-8.944737	3.4739866	6.542
1.9476831	-8.929175	3.3315318	6.594
1.9428947	-8.911219	3.3327289	6.642
1.9416976	-8.876503	3.5206735	6.692
1.8543092	-8.874108	3.6104562	6.742
1.8411411	-8.8777	3.6056678	6.792
1.9237411	-8.866926	3.5865142	6.841
1.8986019	-8.882488	3.4799721	6.893
2.0015526	-8.884883	3.4105403	6.943
2.03148	-8.966286	3.5422213	7.003
2.0027497	-8.825027	3.6032736	7.043
1.9907787	-8.844181	3.5781345	7.093
1.9213469	-8.9040365	3.4919431	7.143
2.0147207	-8.866926	3.513491	7.193
1.9812019	-8.880095	3.525462	7.244
1.9800048	-8.883685	3.466804	7.294
2.0219033	-8.893262	3.513491	7.344
1.9728222	-8.881291	3.5541923	7.394
2.0458453	-8.845378	3.515885	7.444
1.9045875	-8.883685	3.4680011	7.494
1.8902222	-8.918402	3.4823663	7.544
1.9632454	-8.895657	3.3195608	7.594
2.0290859	-8.943541	3.2321723	7.644
2.1392193	-8.956709	3.2225955	7.694
1.9117701	-8.979453	3.0813377	7.744
1.9357121	-9.056067	3.2154129	7.794
1.9237411	-8.987833	3.1124623	7.844
1.7824832	-9.143456	2.8119898	7.894
1.8710686	-9.176975	2.8335378	7.944
1.9524715	-9.203311	2.8634653	7.964
1.9357121	-9.31105	2.4636335	8.042
1.7274165	-8.919599	2.767697	8.091
1.8531121	-9.052477	3.0502129	8.142
1.5897499	-9.194932	2.5689783	8.201
1.567005	-9.470264	3.0609868	8.243
1.3742718	-9.153033	2.6431987	8.293
1.2186487	-9.344569	2.112883	8.343
1.3132197	-9.414001	1.970428	8.393
1.1647792	-9.323022	1.8507179	8.444
1.2366052	-9.397242	1.721431	8.494
1.0785879	-9.485827	1.9548657	8.544
0.93493575	-9.676167	1.6208745	8.594
0.9624691	-9.297882	1.3922282	8.644
1.1827357	-9.313444	1.6400281	8.694
0.7266402	-10.030508	2.4229321	8.744
1.7441759	-9.31943	-0.22984336	8.794
1.2234371	-9.764751	0.40940848	8.855
2.1775265	-9.49301	-0.022744916	8.902
1.8794483	-9.5492735	-0.5793968	8.952
2.4061728	-9.345766	-0.37229836	9.002
2.493561	-9.768343	0.023942016	9.052
2.1571758	-9.515755	-0.79128367	9.093
2.3810337	-9.821015	-0.37469256	9.143
1.4065934	-9.524135	-1.8507179	9.193
2.4959552	-9.209297	-0.78050977	9.243
2.397793	-9.440337	-0.46926352	9.294
2.0027497	-9.703699	-0.91219085	9.344
1.7034745	-9.709685	-0.65242	9.394
0.6931214	-9.832987	0.051475335	9.444
0.23942018	-9.531317	-0.09696517	9.494
2.802413	-9.489418	0.39743748	9.544
0.45130703	-9.818622	1.3431472	9.594
0.90261406	-9.38168	1.3180081	9.644
1.0989386	-9.483433	1.9141643	9.694
1.5227122	-8.971074	2.5378537	9.744
2.111686	-9.188946	2.5091233	9.794
1.5849615	-9.3421755	2.0290859	9.844
1.8112136	-9.451111	1.982399	9.894
1.7010803	-9.467871	1.9201498	9.944
1.3982137	-9.449914	1.6687586	9.964
1.8267759	-9.320627	2.2649148	10.052
1.7657237	-8.852561	2.0817583	10.102
2.1571758	-9.01776	2.5845408	10.152
1.7741034	-9.696517	2.15957	10.202
1.7621324	-9.228451	2.3774424	10.243
1.3946224	-9.149442	2.767697	10.293
1.2425907	-9.102755	2.554613	10.343
1.3323733	-9.5492735	2.7281928	10.393
1.9572599	-9.406818	2.1703439	10.444
2.111686	-9.516952	1.9847932	10.494
2.12246	-9.148245	2.231396	10.544
2.005144	-9.167398	2.4516625	10.594
1.9740193	-9.202114	2.6659436	10.673
1.8219875	-9.300277	2.4720132	10.693
1.8243817	-9.218874	2.4672248	10.744
1.8902222	-9.43076	2.3511062	10.794
1.8866309	-9.210494	2.2134395	10.844
1.9776106	-9.066842	2.622848	10.894
1.8854338	-9.198523	2.633622	10.944
1.839944	-9.272743	2.5965118	10.964
1.851915	-9.202114	2.4672248	11.043
1.8267759	-9.291897	2.3439236	11.102
1.7908629	-9.249998	2.5366566	11.152
2.0410569	-9.058462	2.5905263	11.201
2.0901382	-9.1350765	2.6360161	11.243
1.9261353	-9.109938	2.6024973	11.293
1.7753005	-9.126697	2.5941176	11.343
1.8507179	-9.2308445	2.6767175	11.393
1.7501614	-9.23683	2.6396074	11.444
1.9045875	-9.269152	2.6551697	11.494
1.9141643	-9.203311	2.6324248	11.544
1.9213469	-9.276335	2.457648	11.594
1.9895816	-9.085996	2.6839	11.644
1.9285295	-9.076419	2.5821466	11.694
1.8112136	-9.119514	2.6144683	11.744
1.7884687	-9.150639	2.7832594	11.794
1.8986019	-9.149442	2.753332	11.844
1.9021933	-9.172187	2.6671407	11.894
1.9476831	-9.15423	2.7222073	11.944
1.99437	-9.136273	2.718616	11.964
1.8710686	-9.188946	2.6024973	12.052
1.9788077	-9.113529	2.6994624	12.094
1.9381063	-9.100361	2.5689783	12.144
1.9416976	-9.14585	2.6731262	12.194
1.9800048	-9.15423	2.834735	12.244
1.9285295	-9.115923	2.825158	12.294
1.9716251	-9.205706	2.693477	12.344
1.9776106	-9.165004	2.7090392	12.394
1.9812019	-9.126697	2.7569232	12.444
2.0398598	-9.144653	2.6862943	12.494
1.9859903	-9.174581	2.7234044	12.544
1.9572599	-9.108741	2.8095956	12.594
1.9907787	-9.1350765	2.707842	12.644
1.9680338	-9.059659	2.742558	12.694
1.9668367	-9.096769	2.8431146	12.744
1.9812019	-9.090784	2.8514943	12.794
1.9536686	-9.1255	2.791639	12.844
1.9919758	-9.136273	2.7605145	12.894
2.0685902	-9.14585	2.777274	12.944
2.0949266	-9.150639	2.801216	12.964
2.0087352	-9.113529	2.755726	13.044
1.9740193	-9.118318	2.8048072	13.092
2.0506337	-9.131485	2.8215668	13.142
2.0231004	-9.137471	2.822764	13.192
2.0266917	-9.085996	2.8574798	13.243
2.0757728	-9.078813	2.7952304	13.293
2.0446482	-9.085996	2.753332	13.343
1.9859903	-9.072827	2.89459	13.393
2.0087352	-9.085996	2.8682537	13.444
1.9931729	-9.097966	2.8455088	13.494
2.0398598	-9.111135	2.7928362	13.544
2.0649989	-9.124303	2.80361	13.594
2.0171149	-9.105149	2.837129	13.644
2.0290859	-9.155427	2.791639	13.694
2.0231004	-9.058462	2.80361	13.744
2.0614076	-9.038112	2.8119898	13.794
2.0027497	-9.064447	2.858677	13.844
1.9800048	-9.084799	2.8658595	13.894
2.0578163	-9.035717	2.9125464	13.944
2.0841527	-9.038112	2.8981812	13.957
2.1871033	-9.0476885	2.9472623	14.043
2.0901382	-9.317036	2.5342624	14.092
1.6651673	-9.084799	2.670732	14.142
1.804031	-9.093178	2.789245	14.201
1.6531962	-9.216479	2.445677	14.243
1.7106571	-9.150639	2.5438392	14.293
2.0219033	-9.222465	2.5031378	14.343
2.078167	-9.220071	2.3762453	14.393
2.0099323	-9.196129	2.469619	14.445
1.9536686	-9.26556	2.432509	14.493
1.8411411	-9.276335	2.3882163	14.545
1.8495208	-9.223662	2.4396915	14.594
1.9333179	-9.2907	2.3822308	14.644
1.9201498	-9.172187	2.5366566	14.693
1.6400281	-9.179369	2.6036944	14.744
1.9608512	-9.192537	2.566584	14.794
1.7944542	-9.246407	2.4899697	14.844
1.8483237	-9.214086	2.5139117	14.894
1.8447324	-9.176975	2.4229321	14.954
1.9285295	-9.198523	2.409764	14.964
1.9081788	-9.204509	2.6084828	15.051
1.8902222	-9.23683	2.6060886	15.094
1.9237411	-9.185355	2.540248	15.145
1.9201498	-9.155427	2.621651	15.194
1.9692309	-9.166202	2.6204538	15.244
1.9680338	-9.19972	2.5941176	15.294
1.9512744	-9.198523	2.6431987	15.344
1.8267759	-9.157822	2.6623523	15.394
1.8746599	-9.440337	2.5953147	15.444
1.9381063	-9.024943	2.742558	15.494
2.0398598	-9.011775	2.7928362	15.544
1.99437	-8.987833	2.779668	15.594
2.0566192	-9.348161	2.504335	15.654
1.875857	-9.175778	2.493561	15.694
1.9153614	-9.121908	2.8802247	15.744
1.9991584	-9.046491	3.122039	15.794
1.8136078	-9.032125	3.0418332	15.844
1.6663644	-9.062054	2.9891608	15.894
1.7034745	-9.075222	2.9724014	15.955
1.9069817	-9.018958	2.8658595	15.964
2.043451	-9.247604	2.6060886	16.043
2.0709844	-8.992621	2.6408045	16.092
2.2936451	-9.095572	2.8754363	16.142
2.0147207	-9.056067	2.9999347	16.192
1.8183962	-9.150639	2.8682537	16.243
1.9416976	-9.14226	2.8658595	16.293
1.9740193	-9.072827	2.790442	16.343
2.0410569	-9.030929	2.942474	16.387
2.0458453	-9.082404	2.8993783	16.443
2.0518308	-9.038112	2.858677	16.493
2.0087352	-9.157822	2.7748797	16.543
2.0099323	-9.084799	2.741361	16.593
2.0685902	-9.060856	2.8634653	16.644
2.079364	-9.063251	2.7461493	16.688
2.0518308	-9.075222	2.8634653	16.744
1.9680338	-9.070433	2.8670566	16.788
1.9740193	-9.107543	2.802413	16.842
2.0207062	-9.095572	2.8766334	16.892
2.0614076	-9.151836	2.7844565	16.942
2.0386627	-9.153033	2.718616	16.972
2.0171149	-9.088389	2.7700913	17.043
2.0039468	-9.111135	2.7030537	17.087
1.9500773	-9.103952	2.7090392	17.143
1.9500773	-9.11712	2.7976246	17.193
1.9883845	-9.106346	2.791639	17.243
2.0039468	-9.137471	2.731784	17.293
1.9812019	-9.165004	2.741361	17.344
2.0841527	-9.048885	2.8538885	17.388
2.0027497	-9.131485	2.7341783	17.442
2.0147207	-9.115923	2.7928362	17.492
1.9812019	-9.060856	2.7856536	17.542
2.019509	-9.106346	2.7808652	17.591
2.006341	-9.089587	2.8083985	17.643
2.0219033	-9.087193	2.825158	17.693
2.0566192	-9.112331	2.8191724	17.743
2.018312	-9.103952	2.8431146	17.793
2.0350714	-9.090784	2.813187	17.844
2.0566192	-9.065644	2.8299465	17.888
2.043451	-9.072827	2.802413	17.942
2.0159178	-9.076419	2.8634653	17.972
2.0123265	-9.074024	2.9053638	18.042
2.0326772	-9.062054	2.7928362	18.103
2.0398598	-9.065644	2.8443117	18.143
2.0482395	-9.101558	2.8909986	18.193
2.0386627	-9.107543	2.8383262	18.243
2.0506337	-9.065644	2.9257145	18.293
2.0242975	-9.138668	2.8083985	18.344
2.0805612	-9.053674	2.802413	18.394
2.0374656	-9.01776	2.8574798	18.444
2.0614076	-9.072827	2.8550856	18.494
2.007538	-9.050082	2.9041667	18.544
2.0231004	-9.081207	2.8921957	18.594
2.0506337	-9.070433	2.823961	18.644
2.0590134	-9.088389	2.896984	18.694
2.043451	-9.101558	2.9137435	18.743
2.043451	-9.121908	2.8658595	18.794
2.0518308	-9.064447	2.858677	18.844
2.0697873	-9.059659	2.8634653	18.894
2.0254946	-9.059659	2.8981812	18.944
2.0350714	-9.062054	2.9245174	18.974
2.0135236	-9.076419	2.8766334	19.042
2.0506337	-9.058462	2.8886044	19.092
2.0578163	-9.084799	2.8574798	19.142
2.0530279	-9.101558	2.823961	19.192
2.03148	-9.052477	2.9364884	19.243
2.0278888	-9.172187	2.815581	19.293
2.079364	-9.099164	2.8048072	19.343
2.019509	-9.033323	2.8622682	19.393
2.0602105	-9.087193	2.80361	19.444
2.006341	-9.057265	2.8514943	19.494
1.9895816	-9.103952	2.8658595	19.544
2.0099323	-9.100361	2.7928362	19.594
2.0027497	-9.045294	2.8407204	19.644
2.018312	-9.100361	2.7940333	19.694
2.0003555	-9.111135	2.7736826	19.744
2.0266917	-9.141062	2.7760768	19.794
1.9955671	-9.130288	2.7724855	19.844
2.043451	-9.131485	2.755726	19.894
2.0111294	-9.111135	2.7222073	19.944
1.9776106	-9.129091	2.7138276	19.974
2.0087352	-9.099164	2.7940333	20.044
2.018312	-9.101558	2.777274	20.092
1.99437	-9.115923	2.7246015	20.142
2.0039468	-9.0429	2.885013	20.201
2.0027497	-9.15423	2.779668	20.243
2.0614076	-9.059659	2.765303	20.293
1.9812019	-9.068039	2.8203697	20.343
2.018312	-9.074024	2.8491	20.393
1.9835961	-9.089587	2.8491	20.444
2.0278888	-9.109938	2.814384	20.494
2.0602105	-9.097966	2.8107927	20.544
1.9991584	-9.085996	2.8107927	20.594
2.0326772	-9.106346	2.8622682	20.654
2.005144	-9.091981	2.8419175	20.692
2.0111294	-9.095572	2.8526914	20.742
2.0398598	-9.091981	2.837129	20.792
2.0338743	-9.108741	2.8862102	20.842
2.0171149	-9.076419	2.871845	20.893
2.0015526	-9.088389	2.8550856	20.943
2.0338743	-9.084799	2.8646624	20.973
2.043451	-9.083601	2.8802247	21.043
2.0207062	-9.096769	2.8395233	21.093
2.0362685	-9.053674	2.9520507	21.143
1.9991584	-9.143456	2.8335378	21.193
2.054225	-9.097966	2.8323407	21.244
2.0003555	-9.053674	2.9317	21.288
2.0614076	-9.112331	2.8263552	21.342
2.0242975	-9.085996	2.8658595	21.392
2.0171149	-9.08001	2.8981812	21.444
2.0159178	-9.053674	2.8694508	21.488
2.0350714	-9.088389	2.8778305	21.542
2.0410569	-9.087193	2.873042	21.592
2.0242975	-9.089587	2.8407204	21.642
2.0111294	-9.070433	2.9005754	21.703
2.0278888	-9.064447	2.8694508	21.743
2.018312	-9.065644	2.8670566	21.793
2.0278888	-9.072827	2.9029696	21.843
2.0111294	-9.083601	2.8742392	21.893
2.0590134	-9.068039	2.907758	21.944
2.0338743	-9.063251	2.8874073	21.974
1.9931729	-9.090784	2.9005754	22.042
2.067393	-9.041702	2.89459	22.092
1.9895816	-9.147048	2.8622682	22.142
2.0254946	-9.096769	2.885013	22.192
2.0242975	-9.022549	2.8981812	22.243
2.055422	-9.087193	2.8491	22.288
2.0231004	-9.075222	2.9017725	22.348
2.0374656	-9.069236	2.8874073	22.387
2.0530279	-9.097966	2.8694508	22.448
2.0159178	-9.076419	2.8862102	22.488
2.0278888	-9.105149	2.8263552	22.548
2.0087352	-9.078813	2.8407204	22.588
2.0602105	-9.099164	2.8694508	22.648
2.0530279	-9.078813	2.870648	22.688
2.03148	-9.078813	2.870648	22.742
2.0278888	-9.074024	2.871845	22.792
2.0386627	-9.087193	2.8694508	22.842
2.019509	-9.102755	2.9041667	22.891
2.007538	-9.076419	2.8562827	22.943
2.030283	-9.093178	2.8407204	22.973
2.0530279	-9.064447	2.895787	23.041
1.9955671	-9.147048	2.7665	23.093
2.0099323	-9.100361	2.8909986	23.143
2.067393	-9.070433	2.8395233	23.193
2.03148	-9.107543	2.7748797	23.243
1.9812019	-9.083601	2.837129	23.294
1.9991584	-9.085996	2.8419175	23.344
2.03148	-9.08001	2.789245	23.388
2.0015526	-9.083601	2.8072014	23.444
2.019509	-9.102755	2.791639	23.488
1.9907787	-9.115923	2.7497406	23.544
2.0123265	-9.105149	2.791639	23.588
2.0326772	-9.105149	2.7748797	23.642
2.0111294	-9.1255	2.7257986	23.692
2.005144	-9.11712	2.7150247	23.742
1.9548657	-9.147048	2.7114334	23.791
1.982399	-9.139865	2.717419	23.843
1.9668367	-9.132683	2.6443958	23.893
1.9644425	-9.141062	2.707842	23.943
2.005144	-9.083601	2.7952304	23.973
1.9812019	-9.176975	2.7521348	24.042
1.9512744	-9.149442	2.7868507	24.092
2.0171149	-9.089587	2.7353754	24.142
2.0123265	-9.15423	2.7341783	24.192
1.99437	-9.102755	2.7976246	24.243
1.99437	-9.103952	2.8275523	24.293
2.0254946	-9.126697	2.8060043	24.343
2.0027497	-9.077616	2.8215668	24.393
2.0027497	-9.096769	2.8107927	24.444
1.9907787	-9.078813	2.765303	24.488
2.0326772	-9.083601	2.823961	24.542
2.0398598	-9.085996	2.825158	24.592
2.0362685	-9.108741	2.8383262	24.642
2.0003555	-9.097966	2.8455088	24.691
2.0266917	-9.100361	2.8694508	24.743
2.0159178	-9.077616	2.858677	24.793
2.0398598	-9.064447	2.8311436	24.843
2.0242975	-9.022549	2.918532	24.893
1.9883845	-9.139865	2.8694508	24.944
1.9919758	-9.082404	2.858677	24.974
2.0374656	-9.077616	2.908955	25.043
2.0350714	-9.129091	2.8419175	25.092
2.0099323	-9.090784	2.8634653	25.142
2.0506337	-9.064447	2.80361	25.203
2.0446482	-9.058462	2.8263552	25.243
2.0015526	-9.075222	2.9233203	25.293
2.03148	-9.076419	2.8682537	25.343
2.005144	-9.095572	2.8179753	25.393
2.03148	-9.069236	2.9005754	25.442
2.0578163	-9.052477	2.8993783	25.492
2.0266917	-9.0716305	2.8455088	25.542
2.0159178	-9.089587	2.8802247	25.592
2.019509	-9.070433	2.8790276	25.654
2.0338743	-9.078813	2.8790276	25.693
2.0159178	-9.088389	2.8981812	25.743
2.0398598	-9.082404	2.858677	25.793
2.0590134	-9.062054	2.8993783	25.844
2.0171149	-9.155427	2.779668	25.888
2.0578163	-9.056067	2.847903	25.942
1.9812019	-9.058462	2.944868	25.982
2.030283	-9.109938	2.8083985	26.043
1.9919758	-9.0716305	2.8874073	26.091
2.018312	-9.093178	2.873042	26.143
2.0219033	-9.095572	2.7736826	26.193
2.0111294	-9.066842	2.801216	26.243
2.0231004	-9.127894	2.8335378	26.293
2.0039468	-9.121908	2.7988217	26.344
2.0099323	-9.099164	2.7964275	26.394
2.0111294	-9.099164	2.789245	26.442
2.006341	-9.108741	2.7760768	26.492
2.0003555	-9.102755	2.778471	26.542
1.9788077	-9.102755	2.7832594	26.603
2.0242975	-9.102755	2.7952304	26.643
1.9955671	-9.136273	2.7712884	26.693
2.007538	-9.126697	2.743755	26.743
2.0039468	-9.105149	2.7605145	26.793
1.9907787	-9.167398	2.6048915	26.844
2.005144	-9.118318	2.742558	26.888
1.9393034	-9.136273	2.7222073	26.944
1.958457	-9.1255	2.6491842	26.972
1.958457	-9.1255	2.6491842	26.972
2.006341	-9.143456	2.753332	27.092
1.9895816	-9.144653	2.731784	27.142
1.9788077	-9.126697	2.7461493	27.192
1.9740193	-9.136273	2.72939	27.242
1.9812019	-9.127894	2.7150247	27.293
1.982399	-9.107543	2.7712884	27.343
1.9931729	-9.11712	2.7605145	27.393
1.9895816	-9.124303	2.753332	27.443
1.9907787	-9.1255	2.7856536	27.494
1.970428	-9.138668	2.7246015	27.544
1.9812019	-9.130288	2.7617116	27.592
2.0171149	-9.111135	2.8167782	27.642
2.0135236	-9.120711	2.8048072	27.693
1.9835961	-9.089587	2.8203697	27.743
2.0219033	-9.127894	2.8048072	27.791
1.9895816	-9.094376	2.8203697	27.843
1.9859903	-9.108741	2.8933928	27.893
2.0242975	-9.058462	2.8514943	27.943
2.0087352	-9.1255	2.7880478	27.982
2.0099323	-9.103952	2.80361	28.043
2.0242975	-9.101558	2.8562827	28.093
2.0530279	-9.096769	2.8287494	28.143
2.018312	-9.063251	2.8191724	28.193
2.0518308	-9.123106	2.8060043	28.244
2.0039468	-9.093178	2.8060043	28.288
2.019509	-9.096769	2.8431146	28.344
1.9955671	-9.103952	2.8634653	28.388
2.0350714	-9.089587	2.8550856	28.444
2.0326772	-9.115923	2.837129	28.488
2.0362685	-9.085996	2.8502972	28.542
2.0266917	-9.088389	2.861071	28.592
2.0039468	-9.088389	2.8562827	28.642
1.9859903	-9.085996	2.8395233	28.703
2.0374656	-9.033323	2.9017725	28.743
2.0290859	-9.130288	2.8167782	28.793
2.0290859	-9.108741	2.837129	28.843
2.0326772	-9.036914	2.8766334	28.893
2.0566192	-9.093178	2.825158	28.944
2.0135236	-9.085996	2.8203697	28.974
2.0159178	-9.082404	2.883816	29.043
2.0470424	-9.063251	2.861071	29.092
2.0003555	-9.094376	2.858677	29.142
2.0015526	-9.097966	2.8574798	29.192
2.0159178	-9.100361	2.8335378	29.243
2.0242975	-9.0716305	2.8802247	29.293
2.030283	-9.077616	2.8203697	29.343
2.0254946	-9.091981	2.8311436	29.393
2.0219033	-9.108741	2.8455088	29.444
2.0147207	-9.102755	2.8299465	29.488
2.0111294	-9.115923	2.8203697	29.542
2.0039468	-9.088389	2.789245	29.592
2.0123265	-9.112331	2.7952304	29.642
1.9740193	-9.144653	2.7593174	29.703
2.0027497	-9.044097	2.8526914	29.743
1.9955671	-9.161413	2.7102363	29.793
2.0231004	-9.111135	2.790442	29.843
1.9871874	-9.093178	2.7760768	29.893
2.018312	-9.1255	2.731784	29.944
1.982399	-9.118318	2.72939	29.974
2.006341	-9.123106	2.765303	30.043
1.9895816	-9.1350765	2.6803088	30.092
1.9644425	-9.126697	2.7006595	30.142
1.9776106	-9.136273	2.7150247	30.191
2.0410569	-9.15423	2.7641058	30.243
2.0099323	-9.157822	2.6431987	30.293
2.018312	-9.149442	2.7617116	30.343
2.0027497	-9.056067	2.9161377	30.401
1.9273324	-9.124303	2.9113493	30.443
1.8686744	-9.066842	2.9616275	30.493
1.8614918	-9.118318	2.870648	30.543
1.8219875	-9.051279	2.9891608	30.593
1.8782512	-8.924387	3.1974564	30.802
1.6723499	-9.03452	3.1974564	30.802
1.6723499	-9.03452	3.1974564	30.802
1.6723499	-9.03452	3.1974564	30.802
1.8842367	-8.98903	3.2620997	30.842
1.922544	-8.949526	3.2309752	30.892
2.0015526	-8.969876	3.1747115	30.941
1.9033904	-9.001001	3.277662	30.983
1.7836803	-9.003395	3.217807	31.042
1.8806454	-9.015367	3.2441432	31.093
1.8950106	-9.0081835	3.2309752	31.143
1.9500773	-9.035717	3.095703	31.193
1.982399	-9.052477	3.074155	31.243
1.9440918	-9.056067	3.1268275	31.294
1.9644425	-8.993818	3.1735144	31.344
1.9129672	-8.993818	3.2321723	31.388
1.875857	-8.98903	3.25372	31.442
1.8507179	-9.01776	3.192668	31.492
1.8830396	-9.027337	3.13401	31.542
1.9297266	-9.046491	3.0992942	31.592
1.922544	-9.060856	3.0322564	31.643
2.0649989	-9.020155	3.193865	31.693
1.9488802	-9.0237465	3.1555579	31.743
1.910573	-9.004593	3.1902738	31.793
1.8363527	-9.020155	3.156755	31.844
1.8076223	-9.057265	3.1675289	31.888
1.8195933	-8.996213	3.2034419	31.942
1.8303672	-9.028535	3.240552	31.982
1.8100165	-8.987833	3.2106245	32.043
1.8136078	-9.0476885	3.1771057	32.091
1.8555063	-9.075222	3.0945058	32.143
1.8004397	-9.0237465	3.1160536	32.193
1.8411411	-9.028535	3.1160536	32.243
1.8112136	-9.021352	3.1028855	32.293
1.8016368	-9.054871	3.1399956	32.344
1.8124107	-9.024943	3.1040826	32.388
1.8255788	-9.077616	3.0490158	32.442
1.8351556	-9.095572	2.980781	32.492
1.8614918	-9.119514	2.9293058	32.542
1.7729063	-9.081207	3.0442274	32.591
1.757344	-9.144653	2.89459	32.643
1.8626889	-9.087193	2.9508536	32.693
1.7609353	-9.155427	2.8383262	32.743
1.7812861	-9.115923	2.7712884	32.793
1.7836803	-9.151836	2.8311436	32.844
1.8183962	-9.102755	2.882619	32.894
1.7872716	-9.132683	2.8395233	32.942
1.7860745	-9.127894	2.8909986	32.982
1.8363527	-9.108741	2.896984	33.043
1.8327614	-9.083601	2.896984	33.103
1.8351556	-9.102755	2.89459	33.143
1.8854338	-9.101558	3.003526	33.193
1.8387469	-9.143456	2.944868	33.243
1.839944	-9.044097	2.9987376	33.293
1.8698715	-9.099164	2.9412768	33.344
1.7764976	-9.096769	2.8933928	33.394
1.8267759	-9.010578	3.0430303	33.444
1.851915	-9.070433	2.9472623	33.488
1.8602947	-9.056067	3.0083144	33.542
1.8124107	-9.075222	2.967613	33.592
1.934515	-9.118318	3.015497	33.642
1.9632454	-9.075222	2.9963434	33.691
1.982399	-9.033323	2.9412768	33.743
2.0111294	-9.14585	2.89459	33.793
1.8722657	-9.15423	2.871845	33.843
1.8854338	-9.0429	3.0777464	33.893
1.8710686	-9.0716305	3.0202854	33.944
1.8148049	-9.075222	2.9700072	33.988
1.7322049	-9.150639	3.0358477	34.043
1.7501614	-9.063251	3.1256304	34.092
1.8243817	-9.068039	2.9975405	34.142
1.9177556	-9.136273	2.9508536	34.191
1.9033904	-9.048885	3.0119057	34.243
1.8483237	-9.039309	3.0490158	34.293
1.8794483	-9.070433	3.0095115	34.343
1.8016368	-9.14226	2.9747956	34.387
1.769315	-9.021352	3.0669725	34.449
1.8303672	-9.024943	3.0478187	34.487
1.7896658	-9.100361	3.0382419	34.549
1.7597382	-9.105149	3.1064768	34.591
1.8231846	-9.038112	3.1136594	34.643
1.887828	-9.056067	3.0059202	34.694
1.8363527	-9.114726	2.9700072	34.743
1.79206	-9.111135	3.0909145	34.794
1.9081788	-8.961497	3.083732	34.843
1.9560628	-9.165004	2.9352913	34.893
1.8183962	-9.084799	3.0011318	34.943
1.7776948	-9.024943	3.1004913	34.983
1.8806454	-9.115923	2.9819782	35.042
1.7908629	-9.126697	2.9520507	35.092
1.6867151	-9.130288	2.954445	35.142
1.9644425	-9.038112	3.040636	35.192
1.8183962	-9.143456	2.8335378	35.243
1.8064252	-9.068039	2.943671	35.293
1.7513585	-9.173384	2.8119898	35.343
1.8459295	-9.102755	3.027468	35.393
1.9991584	-9.01776	2.9269116	35.444
1.8112136	-9.163807	2.693477	35.493
1.7250223	-9.173384	2.7832594	35.542
1.7393875	-9.143456	2.9472623	35.592
1.8830396	-9.143456	2.801216	35.642
1.8614918	-9.1590185	2.705448	35.691
1.851915	-9.151836	2.6862943	35.793
1.7226281	-9.151836	2.6862943	35.793
1.8291701	-9.181764	2.7593174	35.843
1.8674773	-9.160215	2.7138276	35.893
1.8986019	-9.19972	2.6850972	35.943
1.851915	-9.196129	2.7018566	35.988
1.8734628	-9.15423	2.657564	36.042
1.8435353	-9.111135	2.778471	36.092
1.8650831	-9.167398	2.7521348	36.142
1.7776948	-9.168595	2.7162218	36.192
1.9009962	-9.108741	2.7844565	36.243
1.8028339	-9.147048	2.7748797	36.293
1.7872716	-9.188946	2.789245	36.343
1.8267759	-9.190144	2.8694508	36.393
1.8854338	-9.084799	2.9340942	36.444
1.9369092	-9.119514	2.7605145	36.493
1.8555063	-9.143456	2.7030537	36.542
1.769315	-9.112331	2.8287494	36.592
1.7178397	-9.179369	2.7760768	36.642
1.7788919	-9.112331	2.8814218	36.703
1.9416976	-9.094376	2.706645	36.743
1.8590976	-9.163807	2.5941176	36.793
1.8136078	-9.150639	2.7138276	36.843
1.7812861	-9.2069025	2.8060043	36.893
1.7118542	-9.157822	2.8443117	36.944
1.8447324	-9.119514	2.718616	36.989
1.9237411	-9.210494	2.8275523	37.042
1.8830396	-9.084799	2.9352913	37.092
1.9177556	-9.052477	2.9376855	37.142
1.8674773	-9.221268	2.9700072	37.191
1.7477672	-9.051279	2.9735985	37.243
2.1511903	-9.137471	2.585738	37.293
2.088941	-8.935161	3.0226796	37.343
1.9608512	-9.114726	3.084929	37.393
1.8291701	-9.053674	3.0466216	37.444
1.9740193	-8.98903	3.0346506	37.493
2.0602105	-9.020155	2.9149406	37.542
1.9967642	-9.03452	2.9412768	37.592
2.0614076	-9.059659	3.0921116	37.642
2.0386627	-8.911219	3.3159695	37.703
2.0949266	-8.878897	3.2728736	37.743
2.0530279	-8.956709	3.2968156	37.793
2.0937295	-8.944737	3.1854854	37.843
1.9931729	-8.890868	3.1830912	37.893
2.1655555	-8.993818	3.2142158	37.944
2.160767	-9.01417	3.2668881	37.989
2.0602105	-8.949526	3.2561142	38.042
2.0829554	-8.977059	3.1974564	38.091
2.1631613	-8.887277	3.3435028	38.142
1.9847932	-9.0716305	3.168726	38.191
2.1787236	-8.9519205	3.241749	38.243
2.0231004	-8.995016	3.0202854	38.293
1.757344	-9.089587	2.955642	38.343
1.6915035	-9.039309	3.156755	38.391
2.1416135	-9.060856	2.943671	38.443
2.087744	-9.119514	2.8299465	38.493
2.0817583	-8.955511	2.8886044	38.543
2.0757728	-9.070433	3.052607	38.593
1.9333179	-9.131485	3.0190883	38.644
1.8411411	-8.980651	3.0969	38.693
2.0242975	-9.011775	2.9759927	38.742
1.9440918	-9.060856	2.9245174	38.792
2.0290859	-9.052477	2.9987376	38.842
1.9129672	-9.081207	2.943671	38.891
1.9800048	-8.937555	3.2010477	38.943
2.099715	-9.024943	3.1842883	38.983
2.1021092	-9.004593	3.086126	39.041
2.0350714	-9.046491	2.9508536	39.093
1.9572599	-9.115923	2.8658595	39.143
1.9069817	-9.076419	2.992752	39.193
1.9273324	-9.072827	2.966416	39.243
1.9608512	-9.082404	2.9340942	39.294
1.9237411	-9.083601	2.8814218	39.344
1.9297266	-9.139865	2.7688942	39.393
1.8902222	-9.070433	2.9352913	39.442
1.9249382	-9.165004	2.7461493	39.492
1.9273324	-9.093178	2.8407204	39.542
1.816002	-9.121908	2.8335378	39.591
1.8746599	-9.118318	2.814384	39.643
1.9572599	-9.113529	2.9364884	39.693
1.9680338	-9.058462	2.9700072	39.743
1.9081788	-9.102755	2.815581	39.793
1.8662802	-9.106346	2.8431146	39.844
1.8698715	-9.102755	2.885013	39.888
1.8710686	-9.097966	2.8802247	39.944
1.9141643	-9.066842	2.871845	39.993
1.9428947	-9.103952	2.908955	40.042
1.8842367	-9.099164	2.919729	40.093
1.8806454	-9.127894	2.8802247	40.142
1.8830396	-9.082404	2.882619	40.191
1.8962077	-9.129091	2.906561	40.241
1.9416976	-9.044097	2.9640217	40.291
1.8854338	-9.137471	2.8814218	40.343
1.9321208	-9.103952	2.8694508	40.387
1.9859903	-9.063251	2.954445	40.443
1.8938135	-9.157822	2.9005754	40.493
1.934515	-9.044097	2.767697	40.543
1.8722657	-9.046491	3.0789435	40.593
1.8686744	-9.077616	2.9879637	40.834
2.007538	-9.099164	2.9005754	40.834
2.007538	-9.099164	2.9005754	40.834
2.007538	-9.099164	2.9005754	40.834
1.9991584	-9.102755	2.896984	40.847
1.9476831	-9.065644	3.0346506	40.892
1.9692309	-9.051279	2.9652188	40.942
1.9632454	-9.074024	3.0226796	40.992
1.9620483	-9.044097	2.9951463	41.041
1.9405005	-9.064447	2.9999347	41.093
1.9536686	-9.027337	3.0657754	41.143
1.9117701	-9.048885	3.052607	41.193
1.9069817	-8.992621	3.1387985	41.243
1.8842367	-8.98903	3.1124623	41.294
1.9428947	-9.050082	3.0765493	41.344
1.9381063	-9.024943	3.0909145	41.388
1.9273324	-9.039309	3.0561984	41.444
2.0494366	-9.020155	3.1411927	41.488
1.9572599	-9.036914	3.0777464	41.542
1.9859903	-8.998607	3.1878796	41.592
1.827973	-8.963891	3.3566709	41.642
1.6962919	-8.943541	3.442862	41.703
1.7106571	-8.935161	3.4201171	41.743
1.7788919	-8.92319	3.4093432	41.793
1.8267759	-8.956709	3.4332852	41.843
1.9405005	-8.9842415	3.335123	41.893
1.7944542	-8.986636	3.3267434	41.944
1.8207904	-8.938752	3.3195608	41.988
1.8339585	-9.011775	3.2728736	42.042
1.8734628	-8.967483	3.277662	42.092
1.8579005	-8.947132	3.3028011	42.142
1.8255788	-8.987833	3.2632968	42.192
1.7884687	-8.98903	3.2692823	42.243
1.7944542	-9.003395	3.2728736	42.293
1.8567034	-9.016563	3.2609026	42.343
1.839944	-8.986636	3.2381577	42.387
1.7956513	-9.044097	3.2237926	42.443
1.6747441	-8.991425	3.1352072	42.493
1.9907787	-9.053674	3.3387144	42.543
1.9895816	-9.093178	3.0992942	42.593
1.8650831	-9.029732	3.1268275	42.644
1.8004397	-9.059659	3.1364043	42.684
1.6077064	-9.021352	3.1244333	42.75
1.780089	-9.113529	3.0250738	42.793
1.7106571	-8.9998045	3.1376014	42.843
1.7238252	-9.085996	3.0358477	42.892
1.8028339	-9.089587	3.1112652	42.944
1.7345991	-9.024943	3.1663318	42.994
1.6627731	-9.083601	3.0992942	43.043
1.7130513	-9.051279	3.1136594	43.094
1.8064252	-9.085996	3.0813377	43.144
1.7645266	-9.063251	3.0992942	43.194
1.7788919	-9.045294	3.2070332	43.244
1.7130513	-9.102755	3.0466216	43.295
1.6747441	-9.065644	3.1172507	43.345
1.8136078	-9.054871	3.108871	43.395
1.8267759	-9.069236	3.0466216	43.442
1.7609353	-9.052477	3.21661	43.493
1.638831	-9.089587	3.1627405	43.543
1.7669208	-9.107543	3.0657754	43.593
1.7322049	-9.041702	3.1280246	43.642
1.827973	-9.095572	3.0214825	43.695
1.7142484	-9.065644	3.1399956	43.744
1.7046716	-9.076419	3.156755	43.792
1.7741034	-9.059659	3.1519666	43.844
1.7070658	-9.076419	3.1651347	43.894
1.7202339	-9.087193	3.1352072	43.944
1.6687586	-9.057265	3.1986535	43.994
1.7190368	-9.062054	3.110068	44.043
1.7812861	-9.044097	3.193865	44.093
1.7776948	-9.076419	3.144784	44.143
1.7513585	-9.053674	3.2022448	44.193
1.7872716	-9.107543	3.098097	44.244
1.6160861	-9.0716305	3.1136594	44.294
1.6244658	-9.03452	3.039439	44.344
1.5717934	-9.101558	3.107674	44.394
1.6591818	-9.011775	3.2585084	44.445
1.7357962	-9.041702	3.2800562	44.494
1.7250223	-8.993818	3.309984	44.543
1.7585411	-9.083601	3.1411927	44.593
1.7190368	-9.041702	3.1962593	44.643
1.7441759	-9.045294	3.1663318	44.692
1.745373	-9.032125	3.1914709	44.744
1.6843209	-9.015367	3.2704794	44.794
1.7310078	-9.004593	3.3051953	44.844
1.7262194	-9.016563	3.2932243	44.894
1.7465701	-9.01417	3.240552	44.945
1.7501614	-9.062054	3.1794999	44.995
1.745373	-9.053674	3.1292217	45.043
1.7477672	-9.082404	3.0933087	45.074
1.7597382	-9.0476885	3.1423898	45.143
1.7681179	-9.070433	3.0945058	45.192
1.7298107	-9.076419	3.1292217	45.244
1.7274165	-9.075222	3.1399956	45.294
1.7369933	-9.099164	3.1112652	45.344
1.7561469	-9.059659	3.1316159	45.394
1.6699557	-9.114726	3.169923	45.445
1.7262194	-9.022549	3.0921116	45.495
1.6831238	-9.089587	3.1244333	45.543
1.6208745	-9.027337	3.2106245	45.593
1.6711528	-9.022549	3.217807	45.754
1.7537527	-9.208099	3.21661	45.884
1.7537527	-9.208099	3.21661	45.884
1.7537527	-9.208099	3.21661	45.884
1.7537527	-9.208099	3.21661	45.884
1.7537527	-9.208099	3.21661	45.904
1.7872716	-8.99741	3.228581	45.945
1.8243817	-9.056067	3.1352072	45.995
1.8243817	-9.056067	3.1352072	45.995
1.282095	-8.902839	3.4859576	46.093
1.401805	-8.977059	3.6176388	46.143
1.4808137	-8.911219	3.667917	46.193
1.389834	-8.974665	3.5314474	46.242
1.6771383	-9.033323	3.3482912	46.294
1.6484078	-8.974665	3.2908301	46.344
1.70946	-8.967483	3.5697548	46.394
1.3670892	-8.99741	3.3171666	46.444
1.5334862	-9.004593	3.4165258	46.494
1.6053122	-9.021352	3.3159695	46.545
1.6101006	-8.930372	3.4799721	46.595
1.8339585	-9.106346	3.2812533	46.645
1.5945383	-8.9758625	3.204639	46.695
1.6783354	-8.974665	3.311181	46.745
1.7298107	-8.971074	3.335123	46.794
1.8088194	-8.878897	3.6032736	46.845
1.7848774	-9.011775	3.4201171	46.895
1.4544775	-8.992621	3.4332852	46.944
1.4449008	-8.981848	3.383007	46.995
1.7226281	-8.935161	3.5087025	47.049
1.7465701	-9.015367	3.3542767	47.093
1.7310078	-8.980651	3.3865983	47.143
1.6531962	-8.930372	3.357868	47.193
1.7034745	-9.022549	3.4237084	47.243
1.6747441	-8.939949	3.3446999	47.294
1.9057846	-9.045294	3.2022448	47.344
1.70946	-9.016563	3.0933087	47.394
1.8207904	-9.072827	3.217807	47.444
1.8171991	-9.035717	3.1675289	47.495
1.8579005	-8.987833	3.1771057	47.545
1.899799	-9.040505	3.2070332	47.595
1.8590976	-8.996213	3.2237926	47.645
1.9021933	-9.004593	3.1890767	47.689
1.8626889	-9.0429	3.107674	47.743
1.8411411	-8.98903	3.2740707	47.793
1.8351556	-8.998607	3.1878796	47.843
1.8267759	-9.041702	3.1950622	47.892
1.8435353	-9.004593	3.2249897	47.944
1.922544	-9.022549	3.2034419	47.994
1.8387469	-9.01417	3.1747115	48.042
1.8579005	-9.021352	3.1519666	48.094
1.8435353	-9.032125	3.1316159	48.144
1.8579005	-9.040505	3.1376014	48.194
1.8447324	-9.020155	3.1531637	48.244
1.8495208	-9.029732	3.1615434	48.295
1.8590976	-9.024943	3.1376014	48.345
1.721431	-9.046491	3.1543608	48.394
1.9369092	-9.040505	3.2070332	48.443
1.8435353	-9.045294	3.083732	48.493
1.8686744	-9.030929	3.1759086	48.543
1.8866309	-9.020155	3.1555579	48.592
1.8830396	-9.057265	3.072958	48.644
1.875857	-9.004593	3.1399956	48.694
1.8722657	-9.027337	3.156755	48.744
1.8890251	-9.024943	3.1531637	48.794
1.8794483	-9.021352	3.168726	48.845
1.8626889	-9.039309	3.1507695	48.895
1.8435353	-9.003395	3.180697	48.945
1.875857	-9.029732	3.1376014	48.995
1.9021933	-9.02614	3.1423898	49.043
1.9129672	-9.029732	3.1411927	49.093
1.8962077	-9.0429	3.1783028	49.143
1.8950106	-8.995016	3.1747115	49.192
1.8746599	-9.051279	3.1376014	49.244
1.8866309	-9.01776	3.1639376	49.294
1.9201498	-8.9519205	3.2094274	49.344
1.9153614	-9.056067	3.1112652	49.394
1.7896658	-9.001001	3.110068	49.445
1.9297266	-8.947132	3.1986535	49.489
1.7944542	-9.036914	3.0083144	49.543
1.9333179	-8.792706	3.2429461	49.593
1.8148049	-9.173384	2.847903	49.643
1.614889	-9.119514	2.6731262	49.692
1.4903905	-9.350554	2.4851813	49.744
1.4329298	-9.26556	2.3331497	49.794
1.3814543	-9.340978	2.15957	49.844
1.3455414	-9.224859	2.0362685	49.894
1.5298948	-9.276335	1.8231846	49.945
1.5993267	-9.465476	1.6460136	49.995
1.4197617	-9.518148	1.6136919	50.043
1.5598224	-9.52174	1.1336545	50.104
1.6089035	-9.627085	1.1899183	50.143
1.5801731	-9.886856	0.7182605	50.193
1.7310078	-8.932767	1.0223241	50.244
2.0039468	-9.671378	0.19153613	50.294
1.7944542	-9.570822	0.14724341	50.344
2.0530279	-9.548077	0.23702596	50.394
2.3475149	-9.321824	0.40102878	50.445
2.4361002	-9.696517	0.15682021	50.489
1.7238252	-9.570822	-0.21906945	50.543
2.2577322	-9.288305	-0.089782566	50.595
2.3020248	-9.624691	-0.5734113	50.755
1.8662802	-9.624691	-0.5734113	50.755
1.8662802	-9.624691	-0.5734113	50.755
2.0518308	-9.387665	-0.58777654	50.865
2.0518308	-9.387665	-0.58777654	50.865
1.887828	-9.442732	-0.18674773	50.895
1.7980455	-9.514558	-0.11971009	50.943
1.6041151	-9.472659	-0.05746084	50.993
1.5239093	-9.636662	0.11133038	51.045
2.055422	-9.689334	0.5781997	51.093
1.6017209	-10.195708	0.1400608	51.144
1.3156139	-9.400833	0.3854665	51.194
1.7657237	-9.139865	1.283292	51.244
0.93134445	-9.676167	1.0965444	51.294
1.0642227	-9.326612	1.3251907	51.345
1.2378023	-9.500193	1.6292542	51.395
1.4197617	-9.651027	1.590947	51.445
0.8595184	-9.539697	1.4460979	51.495
1.13964	-9.239224	1.7190368	51.545
1.4389153	-9.363723	1.6136919	51.595
1.3204023	-9.39365	1.7130513	51.645
1.151611	-9.665392	1.5897499	51.695
0.9911995	-9.564836	1.7501614	51.745
1.1827357	-9.555259	1.9560628	51.795
1.3215994	-9.449914	1.887828	51.845
1.3718776	-9.363723	1.8447324	51.895
1.6400281	-9.343372	2.0937295	51.945
1.6591818	-9.400833	1.8806454	51.996
1.6531962	-9.425972	1.8303672	52.006
1.5969325	-9.355343	2.136825	52.093
1.4796166	-9.352949	2.1284454	52.143
1.4975731	-9.307459	2.2409728	52.193
1.6364368	-9.31105	2.3319526	52.242
1.6460136	-9.257181	2.3463178	52.294
1.5765818	-9.388862	2.1871033	52.344
1.7310078	-9.234436	2.2744915	52.394
1.8183962	-9.357738	2.303222	52.444
1.7046716	-9.277532	2.3056161	52.495
1.6795325	-9.358934	2.1547816	52.545
1.8507179	-9.317036	2.147599	52.595
1.8195933	-9.276335	2.3786395	52.645
1.8782512	-9.275137	2.231396	52.695
1.9297266	-9.283517	2.3056161	52.745
1.863886	-9.260772	2.3223755	52.795
1.9153614	-9.252393	2.3319526	52.845
1.8531121	-9.255983	2.3930047	52.895
1.875857	-9.232041	2.385822	52.945
1.9141643	-9.269152	2.3343468	52.995
1.8890251	-9.267955	2.327164	53.005
1.982399	-9.266758	2.315193	53.093
2.0003555	-9.204509	2.3355439	53.143
1.9740193	-9.235633	2.3187842	53.193
2.0087352	-9.299079	2.3546975	53.252
1.8698715	-9.338584	2.1416135	53.294
1.7274165	-9.25359	2.231396	53.344
1.8148049	-9.295488	2.2014685	53.394
1.887828	-9.24521	2.3439236	53.444
1.8782512	-9.217676	2.2852654	53.495
1.8614918	-9.257181	2.2577322	53.545
1.8902222	-9.294291	2.2266076	53.595
1.9237411	-9.295488	2.1894975	53.645
1.9393034	-9.260772	2.2122424	53.695
1.7812861	-9.246407	2.3259668	53.745
1.8626889	-9.27394	2.3427265	53.795
1.7968484	-9.295488	2.2481554	53.845
1.875857	-9.246407	2.360683	53.895
1.9357121	-9.252393	2.3307555	53.945
1.8806454	-9.255983	2.3235726	53.995
1.899799	-9.258378	2.3475149	54.005
1.8650831	-9.23683	2.3127987	54.093
1.8950106	-9.271546	2.3570917	54.143
1.8818425	-9.2547865	2.3810337	54.193
1.8938135	-9.209297	2.3953989	54.243
1.8171991	-9.263166	2.3762453	54.294
1.8112136	-9.218874	2.4947581	54.344
1.8686744	-9.242816	2.3870192	54.394
1.8950106	-9.272743	2.2541409	54.445
1.9213469	-9.252393	2.3139958	54.495
1.863886	-9.283517	2.2385786	54.545
1.9201498	-9.276335	2.2457612	54.595
1.9021933	-9.244013	2.3139958	54.645
1.8614918	-9.284714	2.3439236	54.695
1.7992426	-9.257181	2.3762453	54.745
1.8004397	-9.24521	2.3463178	54.796
1.8854338	-9.283517	2.3247697	54.845
1.8914193	-9.263166	2.220622	54.895
1.8866309	-9.272743	2.2756886	54.945
1.8363527	-9.264363	2.3235726	54.995
1.8423382	-9.28232	2.3295584	55.006
1.8590976	-9.229648	2.397793	55.093
1.8136078	-9.266758	2.243367	55.143
1.8746599	-9.277532	2.3451207	55.193
1.827973	-9.23683	2.3116016	55.242
1.8195933	-9.303867	2.2050598	55.294
1.8351556	-9.26556	2.2349873	55.344
1.8710686	-9.258378	2.304419	55.394
1.934515	-9.2907	2.2888567	55.444
1.863886	-9.255983	2.291251	55.495
1.8794483	-9.269152	2.267309	55.545
1.8626889	-9.271546	2.3080103	55.595
1.8459295	-9.2547865	2.3211784	55.755
1.8686744	-9.263166	2.3307555	55.765
1.8686744	-9.263166	2.3307555	55.765
1.9033904	-9.281123	2.3451207	55.793
1.8662802	-9.227253	2.3475149	55.843
1.8890251	-9.23683	2.3116016	55.913
1.9033904	-9.234436	2.3702598	55.943
1.8471266	-9.23683	2.3463178	55.992
1.8734628	-9.221268	2.3630772	56.004
1.899799	-9.240421	2.3535004	56.092
1.863886	-9.266758	2.3187842	56.144
1.9033904	-9.233239	2.3822308	56.194
1.8686744	-9.238028	2.3930047	56.244
1.8986019	-9.248801	2.3942018	56.294
1.9093759	-9.239224	2.4001873	56.345
1.8662802	-9.26197	2.385822	56.394
1.8315643	-9.224859	2.4588451	56.445
1.8698715	-9.269152	2.4073699	56.495
1.8626889	-9.25359	2.3870192	56.545
1.9177556	-9.263166	2.3259668	56.595
1.9213469	-9.251195	2.360683	56.645
1.9093759	-9.23683	2.4193408	56.695
1.9021933	-9.242816	2.384625	56.745
1.8207904	-9.204509	2.3870192	56.795
1.79206	-9.2547865	2.5234885	56.845
1.8543092	-9.272743	2.3558946	56.895
1.8710686	-9.209297	2.3906105	56.945
1.922544	-9.233239	2.3570917	56.995
1.9213469	-9.255983	2.3319526	57.005
1.7489643	-9.270349	2.2972364	57.093
1.7992426	-9.241618	2.3834279	57.143
1.8459295	-9.185355	2.267309	57.193
1.8291701	-9.26556	2.1547816	57.243
1.7717092	-9.291897	2.1559787	57.294
1.8890251	-9.406818	2.1033063	57.344
1.7046716	-9.358934	2.0961237	57.394
1.7788919	-9.300277	2.0937295	57.444
1.8567034	-9.40203	1.8794483	57.495
1.5394717	-9.267955	1.9129672	57.545
1.7274165	-9.326612	1.4664485	57.595
1.8435353	-9.485827	1.6591818	57.645
1.697489	-9.452309	1.2174516	57.695
1.6184803	-9.624691	1.1252748	57.745
1.555034	-9.611523	1.033098	57.795
1.3958195	-9.557653	1.0007763	57.845
1.4329298	-9.479841	1.1432313	57.895
1.3922282	-9.543288	1.009156	57.945
1.043872	-9.551667	1.2126632	57.995
1.0881647	-9.646238	1.1420342	58.015
0.9959879	-9.555259	1.091756	58.093
1.0522517	-9.572019	1.0534488	58.143
1.0654198	-9.5492735	0.9756372	58.193
1.0127473	-9.605537	1.0151415	58.242
1.0043676	-9.648633	0.9780314	58.294
0.9840169	-9.619903	1.0115502	58.344
0.80086046	-9.665392	0.93014735	58.394
0.7194576	-9.659407	0.8535329	58.444
0.78170687	-9.659407	0.8798691	58.495
0.6859388	-9.67018	0.80564886	58.545
0.6452374	-9.64983	0.90500826	58.595
0.59615624	-9.662998	0.8535329	58.645
0.5374983	-9.64983	0.8834604	58.695
0.47644615	-9.66659	0.985214	58.745
0.58777654	-9.639056	0.8631097	58.795
0.61530983	-9.624691	0.91578215	58.845
0.4141969	-9.730036	0.8846575	58.895
0.30166942	-9.694122	0.8523358	58.945
0.35075054	-9.701305	0.89184016	58.995
0.33518824	-9.679757	0.8822633	59.015
0.23223756	-9.654618	0.8379706	59.094
0.21906945	-9.738416	0.7194576	59.143
0.1592144	-9.648633	0.688333	59.193
0.16998832	-9.691729	0.7625532	59.243
0.05626374	-9.616311	0.8451532	59.294
0.08140286	-9.652225	1.1731589	59.344
0.053869538	-9.660604	0.9864111	59.394
0.017956512	-9.616311	1.0151415	59.444
0.11611878	-9.606734	1.1623849	59.495
-0.05267244	-9.622296	1.0630256	59.545
0.017956512	-9.635465	0.9959879	59.595
-0.088585466	-9.639056	0.9576807	59.645
-0.09696517	-9.659407	0.8535329	59.695
-0.062249243	-9.694122	0.78769237	59.745
-0.15322891	-9.6845455	0.8750807	59.795
-0.088585466	-9.672575	0.8511387	59.845
-0.17238252	-9.690532	0.82360536	59.895
-0.1400608	-9.676167	0.7505822	59.945
-0.15083471	-9.66659	0.6512229	59.995
-0.14724341	-9.6845455	0.6835446	60.015
-0.10534488	-9.736021	0.7194576	60.093
-0.18076223	-9.667787	0.61650693	60.143
-0.16879122	-9.703699	0.6488287	60.193
-0.22026655	-9.682152	0.6955156	60.242
0.009576807	-9.704897	0.6584055	60.294
-0.14844051	-9.623494	0.6955156	60.344
-0.1328782	-9.637859	0.7170634	60.394
-0.29328972	-9.629479	0.5386954	60.444
-0.20829555	-9.528923	0.49320555	60.495
0.12090719	-9.753978	0.9876082	60.545
0.33638534	-9.909601	0.50038815	60.595
0.010773907	-9.751583	0.15442601	60.765
0.3196259	-9.751583	0.15442601	60.765
0.3196259	-9.751583	0.15442601	60.765
0.2813187	-9.697714	0.23343466	60.793
0.01316811	-9.696517	0.37469256	60.843
0.38307226	-9.56723	0.427365	61.012
0.36631286	-9.56723	0.427365	61.012
0.36631286	-9.56723	0.427365	61.012
0.18435353	-9.652225	0.48243165	61.046
-0.22505496	-9.674969	0.45010993	61.094
-0.30765492	-9.568427	0.688333	61.144
0.37229836	-9.805453	0.30526072	61.194
-0.016759412	-10.159795	0.58897364	61.244
0.7182605	-9.384073	0.8391677	61.295
0.2717419	-9.7479925	0.31603462	61.345
0.15801731	-9.651027	0.60094464	61.394
-0.20709845	-9.739613	-1.4532804	61.443
0.39264908	-9.427169	2.0518308	61.496
0.073023155	-9.53012	1.6005238	61.542
