-2.7377696	-9.163807	1.2090719	0.152
-2.7353754	-9.270349	1.2306197	0.184
-2.80361	-9.16261	1.3395559	0.234
-2.5474305	-9.119514	1.7034745	0.289
-2.4504654	-9.153033	1.3275849	0.334
-2.6144683	-9.303867	1.13964	0.384
-2.730587	-9.5253315	0.7505822	0.434
-3.0801406	-9.361329	0.9959879	0.484
-2.529474	-9.315839	0.7015011	0.55
-1.7082629	-9.600749	0.09696517	0.6
-2.0278888	-9.579201	-0.22266077	0.649
-2.0733786	-9.3026705	0.07182605	0.699
-3.964798	-9.009381	-0.60573304	0.748
-3.539827	-9.124303	1.091756	0.8
-3.1639376	-8.49343	0.19752164	0.858
-2.7868507	-9.622296	0.29328972	0.9
-2.9113493	-9.601946	1.6903064	0.95
-1.827973	-9.277532	1.1587936	1.0
-2.110489	-10.9103775	0.06464344	1.048
-3.0107086	-9.694122	0.8403648	1.1
-3.1759086	-8.604761	1.0785879	1.15
-2.705448	-9.02614	1.0151415	1.2
-2.2469583	-9.197326	0.81642276	1.25
-2.0087352	-9.2787285	0.6548142	1.301
-2.9221232	-9.165004	0.50038815	1.35
-2.9939492	-8.980651	0.89543146	1.391
-2.2720973	-8.827422	1.4173675	1.441
-2.4001873	-9.247604	1.0570401	1.499
-2.7629087	-9.1350765	1.827973	1.549
-2.7269957	-9.149442	2.2828712	1.598
-1.9512744	-9.346964	3.1471782	1.649
-2.1260512	-12.642582	0.8619126	1.7
-6.3949127	-12.078748	-0.20590134	1.749
-2.280477	-7.3633676	0.22625206	1.8
-1.99437	-6.2620344	-1.0402806	1.85
-4.441244	-9.1590185	-1.2150574	1.9
-5.4779334	-9.810242	0.46447513	1.95
-5.1930237	-9.810242	0.46447513	1.95
-3.108871	-8.243237	0.30286652	2.011
-1.6567876	-9.27394	-0.09935937	2.094
-2.2661119	-9.247604	-0.1448492	2.15
-2.2900538	-9.345766	0.047884032	2.199
-1.7597382	-9.61272	-0.031124622	2.248
-1.8100165	-9.222465	0.23942018	2.301
-1.4496891	-9.078813	0.30166942	2.349
-2.019509	-9.952697	0.44771573	2.399
-1.9548657	-10.247183	0.5758055	2.449
-2.883816	-11.88362	-0.7290344	2.502
-1.8806454	-12.273875	-0.46806642	2.549
-4.201824	-9.186552	-3.0693667	2.598
-3.4943373	-5.2804117	0.08259996	2.648
-2.4756045	-9.749189	0.45489833	2.7
-4.1240125	-11.196485	-1.1432313	2.75
-3.359065	-8.865729	-0.015562311	2.8
-2.765303	-7.7224975	0.4357447	2.85
-3.1040826	-8.848969	0.6967127	2.89
-3.3901896	-8.585608	1.0953473	2.941
-3.2202013	-8.543709	1.1611878	2.955
-2.2960393	-8.14268	1.328782	3.049
-2.4863784	-8.659827	1.7058687	3.098
-2.4468741	-9.604341	1.9273324	3.149
-2.3678656	-9.7563715	2.243367	3.198
-1.3790601	-12.430696	1.271321	3.25
-6.906075	-12.4869585	-0.4441244	3.298
-5.507861	-8.056489	1.460463	3.348
-2.1212628	-7.0425444	-0.21428105	3.4
-3.7984009	-8.773552	-1.271321	3.45
-6.421249	-9.041702	0.14724341	3.5
-3.618836	-7.835025	0.842759	3.55
-2.72939	-8.182184	-0.1340753	3.589
-1.9081788	-9.416395	0.05267244	3.641
-2.6013002	-9.184157	0.59136784	3.705
-2.5222914	-9.056067	1.0749966	3.748
-2.0135236	-9.114726	0.545878	3.799
-1.3982137	-9.143456	0.90021986	3.849
-1.7824832	-9.582792	0.6847417	3.9
-1.6328455	-9.672575	0.2789245	3.95
-2.0805612	-9.781511	0.2717419	3.998
-4.6818614	-10.699687	0.29209262	4.048
-1.8423382	-11.943475	0.0023942017	4.098
-2.8095956	-10.383653	-0.8463503	4.148
-3.6846764	-6.8306575	-0.25977087	4.198
-3.4153287	-7.8027034	1.2294226	4.248
-3.6116533	-11.172543	0.32800564	4.298
-2.4971523	-9.64145	0.4309563	4.348
-1.2425907	-8.259995	0.80924016	4.398
-2.1440077	-8.734048	0.6655881	4.448
-4.1060557	-9.82341	1.270124	4.497
-2.6276364	-9.279925	1.4377182	4.547
-1.412579	-9.070433	1.2689269	4.6
-1.6448165	-9.173384	1.3694834	4.65
-2.3666685	-9.1350765	1.5143325	4.7
-2.669535	-9.021352	1.520318	4.75
-2.694674	-8.578424	1.7429788	4.791
-2.3523033	-8.561666	1.9285295	4.841
-1.9177556	-8.6813755	1.9021933	4.905
-2.0578163	-8.652645	1.7944542	4.949
-2.1440077	-8.580819	1.8435353	4.96
-1.1659763	-8.4587145	2.005144	5.05
-1.8255788	-8.672996	1.9955671	5.099
-3.8175547	-12.562376	1.2006922	5.15
-4.2197804	-11.295844	-0.62728083	5.2
-2.0171149	-9.187749	-0.50757074	5.25
-2.8921957	-8.821436	-1.0570401	5.3
-2.645593	-6.7085533	-1.0737995	5.35
-2.384625	-13.870808	-0.7469909	5.4
-4.132392	-9.835381	0.90740246	5.45
-1.9512744	-8.355764	0.49320555	5.5
-1.7729063	-8.572439	-0.007182605	5.551
-2.528277	-9.860519	-0.06584055	5.598
-1.4197617	-10.077195	0.3890578	5.649
-1.590947	-9.591172	0.30885202	5.702
-2.088941	-8.836999	0.58538234	5.749
-1.5035586	-9.115923	0.5291186	5.798
-1.6256629	-9.449914	0.4357447	5.85
-1.6292542	-9.539697	0.5494693	5.899
-2.1763294	-9.847352	1.2389994	5.95
-2.3415294	-9.764751	1.423353	5.96
-1.2318168	-9.601946	1.0989386	6.048
-2.8886044	-10.82658	0.557849	6.1
-2.3630772	-10.494983	-0.015562311	6.15
-4.3598413	-8.573636	-1.1336545	6.2
-4.175488	-6.7085533	-0.91338795	6.25
-2.5450363	-9.461885	0.35673606	6.305
-1.459266	-12.483368	-0.02633622	6.349
-1.8662802	-9.25359	0.59855044	6.399
-1.9261353	-7.855376	0.973243	6.449
-2.0003555	-8.713697	1.567005	6.499
-2.4480712	-9.222465	1.5370775	6.55
-2.4241292	-8.746018	1.6807296	6.6
-2.8993783	-8.095993	1.7609353	6.65
-2.7665	-8.819042	1.863886	6.7
-3.3650506	-9.645041	2.0649989	6.751
-1.7896658	-9.030929	1.9416976	6.801
-1.3575124	-8.821436	2.918532	6.85
-5.66947	-12.782643	1.2294226	6.898
-4.71538	-9.683349	-0.037110128	6.949
-3.3746274	-9.2787285	0.641646	6.959
-5.0374002	-7.8888946	-0.37110126	7.047
-2.3930047	-8.123527	-0.25498247	7.1
-4.5262384	-9.459491	-0.19991584	7.149
-4.8123455	-9.1255	0.89423436	7.2
-1.9740193	-8.692149	-0.29807812	7.25
-1.9512744	-8.796297	0.1436521	7.302
-2.5139117	-9.24521	0.10654198	7.351
-2.0602105	-9.063251	0.14724341	7.401
-1.7669208	-9.018958	0.30047232	7.451
-2.207454	-9.096769	0.38187516	7.5
-1.6256629	-9.208099	0.1436521	7.551
-0.9983821	-9.38168	0.5710171	7.605
-0.91697925	-9.434352	0.47884035	7.649
-0.7110779	-9.532514	0.8595184	7.699
-0.19991584	-9.156625	0.7673417	7.749
-2.5270798	-9.490616	-0.8283938	7.799
-8.678981	-12.702437	-0.6787562	7.85
-4.4364557	-10.676943	0.8774749	7.9
-2.2960393	-10.21127	-0.50757074	7.95
-2.7126305	-10.231621	-0.18555063	7.96
-2.7473464	-7.86615	1.1647792	8.047
-2.9029696	-7.3789296	1.1887212	8.1
-2.9017725	-7.955932	1.590947	8.15
-2.0446482	-8.218098	1.3802572	8.199
-2.6791117	-8.977059	1.2425907	8.25
-3.1842883	-9.731233	1.1707647	8.302
-2.232593	-9.643845	2.5151088	8.351
-0.58897364	-10.119094	2.4528596	8.405
-1.3204023	-9.220071	3.2094274	8.449
-3.3051953	-12.728773	0.6380547	8.499
-7.0581064	-11.34253	-2.9520507	8.549
-2.9903579	-8.637083	-1.982399	8.599
-3.4225113	-6.7947445	-2.136825	8.648
-5.5988407	-8.640674	0.034715924	8.7
-3.5422213	-8.785523	-0.39264908	8.75
-2.292448	-8.718486	-0.6548142	8.8
-2.3918076	-9.185355	-0.2885013	8.85
-1.7585411	-9.435549	-0.48003745	8.901
-1.8291701	-9.26197	-0.40462008	8.951
-2.0697873	-9.228451	-0.34237084	8.961
-1.6184803	-9.339781	0.37110126	9.049
-0.81402856	-9.44752	0.33039984	9.099
-1.103727	-9.604341	0.35793316	9.148
-1.6675615	-9.616311	0.6907272	9.199
-1.389834	-9.627085	0.8535329	9.248
-1.2497733	-10.059238	1.0103531	9.3
-1.6747441	-11.088745	0.44532153	9.35
-2.5929205	-11.469423	-0.36391866	9.4
-3.9516299	-9.077616	-1.4652514	9.449
-4.4999022	-6.555324	-0.89184016	9.501
-2.8874073	-10.217256	0.08020575	9.551
-1.8495208	-11.593922	-0.78050977	9.605
-2.633622	-9.176975	0.32441434	9.649
-2.6647465	-7.8769236	0.58777654	9.699
-2.967613	-8.486248	0.59615624	9.749
-2.778471	-8.704121	1.412579	9.799
-2.0721815	-8.9998045	1.1133038	9.847
-2.195483	-8.880095	1.2689269	9.9
-2.0853498	-9.119514	1.5622166	9.95
-2.1188686	-9.25359	1.5717934	9.961
-2.814384	-8.98903	2.1428106	10.048
-1.9009962	-8.882488	2.4600422	10.1
-1.6136919	-8.507795	2.7138276	10.15
-3.2190042	-12.0248785	0.62368953	10.199
-8.625112	-12.0727625	-3.311181	10.25
-2.597709	-8.275558	2.31639	10.29
-2.1918917	-8.119935	-1.365892	10.349
-2.360683	-8.336611	-2.0733786	10.399
-3.2477345	-9.267955	-1.4556746	10.449
-3.2704794	-9.688137	0.4237737	10.499
-2.1691468	-9.156625	-0.09696517	10.55
-1.7657237	-8.340201	-0.29927522	10.6
-1.9752164	-9.736021	0.015562311	10.65
-1.7417817	-9.51336	-0.62129533	10.7
-2.0626047	-9.324219	-0.108936176	10.751
-2.480393	-9.633071	-0.07182605	10.801
-2.111686	-9.3661175	0.36391866	10.851
-1.352724	-9.412804	0.5410896	10.906
-1.3072342	-9.528923	0.4369418	10.949
-1.4760253	-9.562442	0.50038815	10.959
-1.578976	-9.307459	0.90500826	11.049
-1.1504139	-9.622296	0.94930094	11.099
-2.146402	-10.811018	-0.8367735	11.15
-2.088941	-10.705673	-0.16400282	11.199
-2.3570917	-10.572795	-0.7517793	11.249
-2.9017725	-9.185355	-1.1312603	11.3
-2.5438392	-7.644686	-0.91817635	11.351
-2.372654	-8.708909	-0.17836803	11.401
-2.5917234	-11.5951185	-0.59136784	11.451
-2.2493525	-10.21127	-0.40581718	11.501
-2.0841527	-8.525752	-0.06703765	11.551
-2.5881321	-8.802282	0.22505496	11.599
-2.8933928	-9.458294	0.4213795	11.649
-2.2996306	-9.108741	0.45489833	11.699
-2.1691468	-9.046491	0.5686229	11.749
-2.2984335	-9.545682	0.50397944	11.8
-2.3523033	-9.372103	1.1791444	11.85
-2.9364884	-8.695741	1.2078748	11.9
-2.6300306	-8.790312	1.0510546	11.95
-2.2409728	-10.740389	0.01316811	11.97
-2.2637177	-9.866506	-1.8770541	12.049
-0.5793968	-7.7105265	-1.2689269	12.099
-2.9149406	-9.390059	-1.8387469	12.149
-3.1411927	-10.320207	-0.92895025	12.199
-1.5825673	-8.957906	-0.63087213	12.25
-0.94810385	-8.88608	-0.7469909	12.3
-1.103727	-9.471462	-1.021127	12.349
-1.5933412	-9.665392	-1.2665327	12.4
-2.4037786	-9.479841	-0.9840169	12.451
-2.243367	-9.027337	-0.82599956	12.501
-1.9249382	-9.526528	-1.0426749	12.551
-2.1440077	-9.485827	-0.8559271	12.601
-1.4927847	-9.588778	-0.9660604	12.651
-1.6579847	-9.664195	-0.90381116	12.702
-1.6819267	-9.5492735	-0.79008657	12.752
-1.3694834	-9.591172	-0.92176765	12.799
-1.2808979	-9.600749	-0.8607155	12.849
-1.0977415	-9.448717	-0.8810662	12.899
-0.8319851	-9.330204	-0.58418524	12.949
-0.90141696	-9.423578	-0.7098808	12.968
-3.0011318	-9.661801	-1.0366893	13.048
-1.376666	-9.5385	-0.49679685	13.1
-2.706645	-11.083957	-1.5634137	13.15
-1.9500773	-10.28549	-0.17836803	13.2
-2.5258827	-9.248801	-1.0007763	13.25
-3.3279405	-8.191761	0.5674258	13.301
-2.7257986	-10.494983	0.46327803	13.351
-3.550601	-9.448717	0.055066638	13.401
-2.919729	-8.423999	1.1623849	13.451
-2.480393	-8.801085	1.1851299	13.501
-2.598906	-9.399636	0.6727707	13.551
-2.7964275	-8.661025	1.1731589	13.601
-2.5821466	-8.485051	1.459266	13.651
-2.5151088	-8.4826565	1.2234371	13.701
-2.327164	-9.259575	1.2677298	13.751
-2.6850972	-9.472659	1.4449008	13.801
-2.5079262	-8.996213	1.9440918	13.85
-1.7393875	-9.131485	1.8387469	13.901
-2.3666685	-9.7563715	1.1707647	13.959
-4.7764325	-12.447454	0.7230489	13.968
-3.560178	-10.226832	0.6943185	14.049
-2.124854	-8.365341	0.39025488	14.099
-4.617218	-8.402451	-1.5215151	14.148
-5.1439424	-7.704541	-1.9009962	14.2
-4.4520183	-8.647857	0.25019407	14.25
-3.300407	-8.957906	0.08140286	14.3
-2.1871033	-8.809465	-0.6715736	14.35
-2.2493525	-8.409634	-0.11611878	14.391
-2.4013844	-9.161413	0.034715924	14.441
-2.5965118	-9.349358	0.2669535	14.498
-2.054225	-9.118318	0.81881696	14.549
-1.4820108	-9.27394	0.61650693	14.599
-1.2725182	-9.307459	0.62728083	14.649
-1.2042835	-9.214086	0.35793316	14.7
-1.8339585	-9.210494	0.61650693	14.75
-0.4285621	-9.551667	0.5602432	14.8
-1.8148049	-10.949882	-0.11851298	14.85
-3.1435869	-12.652159	0.62009823	14.901
-2.054225	-11.903971	0.5781997	15.114
-2.2182279	-11.756727	-0.23223756	15.138
-3.5853171	-11.188105	-1.70946	15.161
-3.5853171	-11.188105	-1.70946	15.161
-3.5853171	-11.188105	-1.70946	15.161
-3.5853171	-11.188105	-1.70946	15.161
-3.5853171	-11.188105	-1.70946	15.161
-2.5222914	-9.634268	-0.60453594	15.293
-3.2321723	-9.115923	0.61411273	15.341
-3.2716765	-8.406042	0.94690675	15.394
-2.8658595	-8.640674	0.7781156	15.444
-3.1292217	-8.577228	0.6967127	15.494
-3.1878796	-9.269152	0.8690952	15.544
-3.0442274	-9.785102	1.033098	15.594
-2.7162218	-8.89805	0.47884035	15.644
-2.8119898	-8.693346	1.0785879	15.694
-3.6236243	-8.856153	0.91219085	15.744
-3.7445314	-8.677784	1.292869	15.794
-3.6104562	-8.75799	1.4053963	15.844
-3.2585084	-8.364143	1.79206	15.894
-3.1783028	-8.6299	1.5191209	15.944
-3.2692823	-8.763975	1.9440918	15.994
-3.1603463	-8.447941	2.2709002	16.044
-2.705448	-8.613141	2.445677	16.095
-3.311181	-9.940725	1.8136078	16.145
-3.4691982	-10.468647	1.697489	16.155
-3.0250738	-9.7719345	2.5091233	16.245
-0.7254431	-9.190144	2.3678656	16.294
-4.832696	-10.279505	-0.0035913025	16.349
-4.189853	-9.405622	-1.3946224	16.402
-4.6830587	-7.752425	0.20590134	16.465
-3.7924154	-8.119935	0.32680854	16.502
-2.5198972	-9.03452	-0.2693477	16.551
-1.0223241	-9.54209	0.11492168	16.593
-1.4030021	-9.730036	0.08379706	16.643
-2.870648	-9.324219	0.10175357	16.693
-3.1004913	-8.441956	-0.05746084	16.748
-2.2230163	-9.222465	0.08020575	16.791
-1.7381904	-9.907207	0.45609543	16.843
-1.6041151	-10.237606	0.24301147	16.893
-0.37349546	-9.742006	1.5131354	16.943
1.0474633	-10.248381	1.5861586	16.993
-3.4715924	-13.181277	-2.0027497	17.049
-4.2916064	-13.710396	4.2521024	17.092
-4.2640734	-7.699753	-2.693477	17.149
-3.9396589	-7.1885905	-0.18555063	17.162
-5.1822495	-8.684967	-0.8379706	17.242
-3.205836	-7.121553	-0.17357962	17.292
-3.3255463	-7.189788	0.18555063	17.351
-5.365406	-8.556877	0.088585466	17.391
-4.8614264	-8.416816	0.6787562	17.443
-3.9923313	-9.050082	0.25498247	17.493
-3.1627405	-8.807071	0.724246	17.543
-2.1978772	-9.054871	0.8511387	17.593
-2.1871033	-8.846576	0.93134445	17.652
-2.4744074	-9.216479	1.3982137	17.702
-2.64679	-9.343372	1.0929531	17.742
-2.5318682	-8.831013	1.4820108	17.802
-2.6635494	-8.555679	1.7046716	17.841
-2.7485435	-8.67539	1.9728222	17.893
-2.8431146	-8.823831	1.9357121	17.943
-2.5797524	-9.168595	1.9835961	17.993
-2.5246856	-8.921992	2.1284454	18.044
-2.1140802	-8.543709	2.6539726	18.094
-2.267309	-9.516952	2.0769699	18.149
-2.267309	-9.516952	2.0769699	18.149
-3.6643257	-9.817424	1.0654198	18.244
-2.8072014	-8.775947	1.3862427	18.302
-3.9013517	-9.697714	0.7098808	18.352
-4.0438066	-8.74123	-0.2645593	18.401
-2.4648306	-8.298303	-0.78290397	18.443
-3.4261026	-8.90643	-0.24301147	18.493
-2.7868507	-9.694122	0.25737667	18.543
-1.4951789	-9.169792	0.10175357	18.593
-2.2541409	-8.948329	0.11971009	18.644
-2.5390508	-9.234436	0.51116204	18.694
-1.9812019	-9.288305	0.59136784	18.744
-1.7238252	-9.281123	0.60333884	18.802
-1.5215151	-9.320627	0.6739678	18.843
-1.412579	-9.03452	0.6691794	18.892
-1.2198458	-9.361329	0.46926352	18.952
-1.6639702	-9.743204	0.41180268	19.001
-2.1894975	-9.841366	0.50517654	19.043
-1.400608	-9.827001	0.90740246	19.093
-2.110489	-10.947487	0.1388637	19.143
-3.0131028	-11.5316725	-0.30526072	19.166
-1.1216835	-10.404003	0.051475335	19.251
-2.9747956	-9.192537	-0.93254155	19.291
-3.618836	-7.1311297	-0.40462008	19.343
-3.6164417	-8.941146	0.14724341	19.393
-2.7976246	-11.610682	-0.094570965	19.443
-2.243367	-9.674969	0.010773907	19.493
-2.15957	-8.603564	0.545878	19.544
-2.8742392	-8.65025	0.79128367	19.594
-3.2489316	-8.590396	0.91219085	19.644
-2.3654714	-8.756793	1.377863	19.694
-1.9321208	-8.572439	1.1779473	19.744
-2.0697873	-8.550891	1.0857705	19.794
-2.3570917	-9.095572	1.3634979	19.849
-2.7665	-9.514558	1.4209588	19.892
-2.1296425	-9.455899	1.3251907	19.944
-1.8315643	-9.368511	1.7034745	19.992
-3.6631286	-12.8927765	0.7529764	20.052
-5.801151	-10.405201	0.011971008	20.102
-3.0609868	-8.1881695	1.9764135	20.143
-2.9364884	-8.571242	-0.78170687	20.202
-3.8187518	-8.796297	-2.136825	20.243
-4.3263226	-8.384495	-1.0127473	20.293
-4.1371803	-9.343372	-0.45250413	20.343
-3.1040826	-9.291897	-0.35553896	20.393
-2.4432828	-8.423999	-0.40102878	20.445
-2.3834279	-8.908825	-0.12569559	20.494
-2.328361	-9.32781	-0.25498247	20.544
-2.7353754	-9.460688	0.39863458	20.594
-2.2242134	-9.436746	0.8690952	20.644
-1.5849615	-9.399636	0.9504981	20.694
-1.7154455	-9.289502	0.7350199	20.744
-1.4628572	-9.102755	1.1420342	20.794
-0.9804256	-8.973468	1.2413936	20.849
-0.94331545	-9.853337	0.724246	20.892
-2.360683	-9.726444	0.24899697	20.944
-0.81761986	-11.422736	-0.22146365	20.994
-2.6886885	-11.723208	-0.9684546	21.049
-3.0573955	-9.759963	-0.6667852	21.088
-2.4756045	-8.161834	-0.842759	21.148
-2.967613	-7.3346367	-0.7158663	21.163
-3.6858735	-9.846154	0.09816227	21.243
-2.6623523	-11.399991	-0.31004912	21.292
-2.6719291	-9.352949	0.51834464	21.351
-2.8000188	-8.368932	0.47285482	21.393
-2.883816	-8.834604	0.6847417	21.443
-2.6013002	-9.141062	0.8379706	21.493
-2.303222	-8.987833	0.9600749	21.543
-2.445677	-9.004593	1.1875241	21.595
-2.2170308	-9.260772	1.3060371	21.649
-2.0901382	-8.738836	1.3826514	21.692
-2.3834279	-8.582016	1.8830396	21.742
-2.7880478	-8.821436	1.9859903	21.792
-2.268506	-8.918402	2.1260512	21.842
-2.1499932	-8.911219	2.2960393	21.893
-1.7166426	-8.541314	2.9029696	21.943
-2.1643584	-9.7863	2.0446482	21.993
-4.912902	-12.163742	0.37110126	22.044
-3.5122938	-10.667366	-0.36272156	22.094
-2.9532478	-9.165004	-2.19668	22.144
-3.1124623	-7.6841903	-2.3355439	22.166
-4.9404354	-10.514136	-1.0893618	22.243
-3.004723	-9.497798	-0.62009823	22.292
-1.5334862	-8.559271	-0.6967127	22.352
-1.8028339	-9.648633	-0.5722142	22.393
-2.304419	-9.762358	-0.6631939	22.443
-2.2816741	-9.343372	0.077811554	22.493
-2.1643584	-9.326612	0.32920274	22.543
-1.8818425	-9.411607	-0.038307227	22.593
-2.0147207	-9.645041	0.39264908	22.644
-1.1384429	-10.075998	-0.027533319	22.694
-0.6488287	-10.298658	0.29448682	22.752
-1.8267759	-10.96664	-0.5327099	22.794
-3.6727054	-11.328165	0.37349546	22.852
-2.8909986	-10.180145	-0.10295067	22.902
-3.429694	-8.123527	-0.48362875	22.952
-3.5745432	-7.422025	0.8451532	23.002
-3.5661635	-9.975441	0.28491	23.043
-3.0873232	-9.768343	0.12090719	23.093
-3.1675289	-8.101978	1.0702082	23.154
-2.9364884	-7.825448	1.1839328	23.165
-3.1376014	-9.066842	0.51235914	23.241
-3.560178	-9.356541	0.8810662	23.293
-3.2465374	-8.9758625	0.8367735	23.343
-3.2333694	-8.899248	0.8391677	23.393
-3.4272997	-8.8884735	1.1599907	23.443
-3.525462	-8.995016	1.1492168	23.501
-3.513491	-9.035717	1.2401965	23.553
-3.6032736	-8.853758	1.1851299	23.593
-3.6176388	-8.7053175	1.3108255	23.643
-3.132813	-8.8645315	1.6879122	23.693
-2.754529	-8.797494	1.5598224	23.745
-2.8107927	-8.6813755	1.7130513	23.794
-2.5151088	-8.945934	1.9153614	23.849
-2.4827871	-9.100361	2.0278888	23.892
-3.881001	-10.532093	1.1707647	23.944
-5.3642087	-11.294646	0.48482585	23.994
-2.385822	-8.791509	2.3175871	24.043
-2.9293058	-8.790312	1.7884687	24.092
-4.2305546	-9.508572	0.70509243	24.142
-4.0581717	-9.682152	0.12090719	24.163
-3.4524388	-8.805874	-0.1364695	24.241
-3.1256304	-8.724471	-0.5494693	24.303
-3.4249055	-9.103952	0.130484	24.343
-3.333926	-9.094376	0.7015011	24.393
-2.12246	-8.810662	0.50637364	24.443
-1.9428947	-9.119514	0.48602295	24.493
-2.2876596	-9.528923	0.5542577	24.544
-2.0087352	-9.55047	0.51475334	24.594
-1.9859903	-9.416395	0.6847417	24.645
-1.8483237	-9.41041	0.79846627	24.692
-1.6077064	-9.455899	0.85473	24.742
-1.2988545	-9.257181	1.009156	24.792
-1.2641385	-9.221268	0.8295909	24.842
-1.4987702	-9.23683	1.0307038	24.891
-1.1109096	-9.446322	0.7493851	24.943
-1.0821792	-9.782708	0.39264908	24.993
-1.7130513	-10.7116585	0.6871359	25.043
-3.1866825	-11.421539	0.6655881	25.093
-2.1092918	-11.003751	-1.0486604	25.141
-4.1299977	-10.386047	-0.94930094	25.202
-4.871003	-7.074866	0.22505496	25.243
-3.1268275	-6.2752028	0.15322891	25.293
-3.086126	-9.822212	0.8283938	25.344
-2.7856536	-11.1653595	-0.16759412	25.393
-2.31639	-8.297106	0.641646	25.443
-3.3925838	-8.9519205	0.6452374	25.494
-4.07134	-9.17099	0.93373865	25.544
-2.706645	-8.462306	1.2174516	25.594
-2.3247697	-8.858546	1.2725182	25.649
-2.2098482	-9.205706	1.2246342	25.692
-2.3259668	-9.048885	1.2138603	25.744
-2.6862943	-8.919599	1.7226281	25.794
-2.8048072	-9.0081835	1.673547	25.852
-2.705448	-8.987833	1.863886	25.892
-2.5330653	-9.180567	1.99437	25.942
-2.7449522	-8.8777	2.3211784	26.002
-2.72939	-8.595184	2.6001031	26.051
-2.2230163	-8.98903	3.083732	26.093
-3.7672763	-12.8772135	1.8854338	26.143
-5.3474493	-12.7575035	0.2777274	26.163
-1.0510546	-8.086416	1.3204023	26.242
-2.4277205	-8.969876	0.7769185	26.294
-4.0043025	-9.3182335	-1.316811	26.344
-2.908955	-8.664616	-0.6452374	26.393
-3.0071173	-9.55047	0.23582886	26.443
-2.6779146	-9.424775	0.2885013	26.499
-1.6687586	-8.833407	-0.08140286	26.544
-1.8291701	-9.130288	0.32920274	26.594
-2.123657	-9.399636	0.33877954	26.643
-1.9955671	-9.338584	0.6835446	26.693
-1.9512744	-9.180567	0.6859388	26.743
-2.1739352	-9.15423	0.8846575	26.793
-1.7741034	-9.616311	1.0247183	26.843
-0.8690952	-9.242816	0.6847417	26.893
-0.7194576	-9.02614	0.9876082	26.943
-4.238934	-10.159795	-0.92535895	27.001
-1.9788077	-11.125855	0.9624691	27.043
-2.6767175	-12.027272	-1.423353	27.093
-2.5462334	-9.825804	0.17477672	27.143
-2.5067291	-9.4535055	0.049081136	27.163
-2.7485435	-7.8505874	0.33877954	27.253
-2.6910827	-10.571598	0.62249243	27.293
-2.707842	-9.516952	0.44771573	27.343
-2.2050598	-8.236053	0.92895025	27.393
-2.6013002	-8.823831	0.91697925	27.443
-2.9340942	-9.375694	0.89064306	27.494
-2.552219	-9.169792	1.2689269	27.544
-2.2110453	-9.139865	1.1025299	27.594
-2.3523033	-9.0716305	1.1647792	27.644
-2.4013844	-8.935161	1.2952632	27.694
-2.2373815	-8.653842	1.4616601	27.744
-2.432509	-8.74123	1.6053122	27.802
-2.3546975	-9.176975	1.6077064	27.852
-2.1392193	-9.309854	1.9500773	27.902
-1.5658079	-9.216479	2.1440077	27.951
-1.4975731	-9.352949	2.3535004	28.003
-2.9939492	-13.907918	0.60573304	28.043
-5.0996494	-10.250774	0.1376666	28.093
-0.077811554	-8.492233	0.25737667	28.143
-1.2952632	-8.865729	-0.36032736	28.174
-5.009867	-8.414422	-1.5466543	28.242
-4.712986	-9.4774475	-0.2633622	28.293
-1.8686744	-9.457097	0.33399114	28.343
-2.0937295	-9.378088	-1.0953473	28.393
-2.3762453	-8.696938	-0.05746084	28.443
-2.172738	-9.198523	-0.20709845	28.494
-2.3199813	-9.288305	0.08619126	28.544
-2.445677	-9.264363	0.33997664	28.594
-1.8112136	-9.181764	0.2621651	28.644
-1.2485762	-9.228451	0.5363012	28.694
-1.1719618	-9.4535055	0.017956512	28.742
-1.1947067	-9.00579	0.8655039	28.792
-0.90141696	-9.490616	0.21188685	28.842
-3.8606503	-10.896012	-2.110489	28.892
-1.4867992	-11.463438	0.80804306	28.943
-2.1871033	-11.063606	-1.4927847	28.993
-2.5067291	-9.785102	0.29807812	29.043
-3.2441432	-8.62152	-0.2873042	29.093
-3.132813	-8.3868885	0.23702596	29.144
-2.942474	-8.835801	0.35314476	29.159
-3.0681696	-9.793482	0.015562311	29.244
-2.0602105	-7.835025	0.5710171	29.292
-2.7150247	-8.738836	0.32920274	29.342
-3.277662	-9.368511	0.7086837	29.401
-2.5091233	-9.123106	1.1312603	29.443
-1.8148049	-8.88608	1.2066777	29.493
-1.6448165	-8.603564	1.0510546	29.543
-2.4863784	-8.939949	1.270124	29.593
-2.6264393	-9.138668	1.3730747	29.649
-2.906561	-9.075222	1.3108255	29.691
-1.7776948	-9.403227	2.078167	29.748
-2.3834279	-10.488997	1.6783354	29.802
-6.253655	-11.793838	-0.8726865	29.852
-4.0306387	-10.548853	0.8738836	29.892
-3.0885203	-8.3821	0.5363012	29.951
-2.8993783	-8.042124	-0.7398083	29.991
-2.7629087	-8.143877	-2.0326772	30.043
-4.772841	-8.6574335	-1.3934253	30.093
-4.0761285	-8.784326	-0.005985504	30.143
-2.944868	-9.490616	-0.034715924	30.175
-2.0925324	-8.607155	-0.29927522	30.253
-2.1655555	-9.156625	-0.14844051	30.292
-2.3558946	-9.375694	-0.12569559	30.342
-2.5390508	-9.323022	0.21906945	30.392
-2.31639	-9.299079	0.12928689	30.443
-1.8387469	-9.357738	0.32321724	30.493
-1.5346833	-9.26556	0.45010993	30.533
-0.9923966	-9.55885	0.25737667	30.591
-1.5981296	-9.307459	0.2753332	30.643
-1.4580688	-9.351752	0.62009823	30.693
-1.8746599	-10.245986	0.1328782	30.743
-3.1950622	-12.37084	-1.435324	30.793
-2.1416135	-11.948263	-1.2294226	30.844
-2.955642	-9.064447	-0.37948096	30.894
-2.8742392	-6.528988	-0.19033903	30.948
-2.7952304	-7.837419	0.20470424	30.992
-3.2477345	-10.912771	-0.65242	31.052
-2.7760768	-10.235212	-0.33159694	31.102
-2.6324248	-8.892065	0.22744916	31.151
-2.802413	-8.76996	0.51834464	31.172
-2.919729	-8.562862	0.7433996	31.242
-2.456451	-8.846576	1.1192893	31.293
-2.0925324	-9.102755	0.7613561	31.343
-2.086547	-9.072827	0.91458505	31.393
-2.2158337	-9.197326	1.0450691	31.443
-2.3439236	-9.063251	1.6436194	31.491
-2.3546975	-9.2547865	1.6304513	31.544
-2.1894975	-9.112331	1.8806454	31.594
-2.0171149	-9.032125	2.291251	31.644
-2.0219033	-9.148245	2.4504654	31.694
-2.6048915	-12.582727	-1.283292	31.753
-6.0369797	-9.953894	-0.5243302	31.792
-3.0813377	-8.231265	1.5466543	31.842
-2.3259668	-9.427169	0.12090719	31.892
-3.726575	-9.572019	-1.5765818	31.951
-3.3794158	-8.408437	-1.0235212	31.993
-3.1304188	-8.53892	-0.6691794	32.043
-3.1268275	-9.28232	-0.17956513	32.093
-2.3906105	-9.114726	-0.15203181	32.153
-2.2613235	-8.798691	-0.32680854	32.176
-2.4073699	-9.271546	0.14724341	32.253
-2.2697031	-9.551667	0.039504327	32.292
-2.3116016	-9.333796	0.46567222	32.342
-2.2529438	-9.284714	0.16879122	32.392
-2.2649148	-9.441534	0.21906945	32.443
-1.6436194	-9.469068	0.36990416	32.493
-1.3599066	-9.682152	0.30645782	32.543
-1.7657237	-9.5253315	0.30645782	32.593
-2.1428106	-9.1590185	0.6500258	32.644
-1.484405	-9.417592	0.6847417	32.694
-1.3826514	-9.491813	0.6392518	32.744
-2.719813	-10.424355	-0.07062895	32.794
-2.3894134	-10.848128	0.25258827	32.848
-1.8567034	-10.758346	-0.81043726	32.892
-2.4432828	-9.24521	-0.61171854	32.942
-2.753332	-9.091981	0.37828386	32.992
-3.2597055	-8.829816	-0.2753332	33.042
-3.7373488	-8.154651	-0.2633622	33.091
-3.3446999	-9.222465	0.5410896	33.143
-3.2728736	-10.19451	0.21787235	33.175
-2.6635494	-9.234436	0.7182605	33.242
-2.5474305	-8.583213	1.163582	33.303
-2.5067291	-8.9363575	1.0666169	33.343
-2.6683378	-9.068039	1.3443443	33.393
-2.731784	-9.155427	1.5945383	33.443
-2.3511062	-9.040505	1.5346833	33.493
-2.1990743	-9.143456	1.6915035	33.544
-2.231396	-9.369708	1.7908629	33.594
-1.8698715	-8.929175	1.8830396	33.642
-1.9668367	-8.775947	2.0123265	33.692
-2.3092074	-8.756793	1.7130513	33.742
-2.3750482	-9.148245	1.8423382	33.792
-2.4049757	-8.939949	1.5514427	33.843
-2.0649989	-9.299079	1.5921441	33.893
-1.2401965	-9.722853	1.6879122	33.943
-2.7473464	-12.72997	0.1448492	33.993
-4.578911	-10.229227	-1.2593501	34.044
-2.2182279	-7.9068513	1.9273324	34.105
-2.5234885	-8.790312	1.6591818	34.142
-4.1826706	-9.77792	0.5231331	34.174
-3.5877113	-8.86932	0.39983168	34.242
-3.0777464	-8.635885	0.7433996	34.292
-3.430891	-9.084799	-0.011971008	34.343
-3.903746	-9.126697	0.7015011	34.393
-1.8602947	-8.775947	0.107739076	34.441
-2.079364	-9.519346	-0.34117374	34.491
-3.0969	-9.588778	0.4141969	34.544
-2.6599581	-9.428367	0.47644615	34.588
-2.2002714	-9.266758	0.59974754	34.643
-1.8231846	-9.17099	0.59495914	34.688
-1.839944	-9.15423	0.6560113	34.748
-1.9500773	-9.222465	0.6811504	34.788
-1.4089876	-9.320627	0.6344634	34.848
-0.92057055	-9.635465	0.44532153	34.888
-0.7254431	-9.7803135	0.51235914	34.948
-2.7126305	-10.344149	0.32561144	34.988
-3.9719806	-11.613075	2.0518308	35.042
-1.8423382	-10.386047	-1.0594343	35.092
-3.1244333	-8.789114	0.37229836	35.142
-4.4675803	-7.835025	2.0350714	35.182
-4.3299136	-8.973468	0.39624038	35.251
-3.7936125	-8.991425	1.1994951	35.291
-3.3506854	-9.063251	1.460463	35.343
-3.608062	-8.937555	1.1097125	35.393
-4.0318356	-8.476671	1.4089876	35.443
-3.8151605	-8.595184	1.2785037	35.493
-3.120842	-8.652645	1.0642227	35.544
-3.1172507	-8.656237	0.90381116	35.594
-3.9097314	-8.474277	0.92176765	35.644
-3.9013517	-8.433576	0.61052144	35.694
-3.1160536	-9.496601	0.47764325	35.744
-2.791639	-9.515755	0.16879122	35.794
-2.9628246	-9.202114	0.47285482	35.844
-2.1763294	-9.485827	0.29807812	35.894
-1.8052281	-9.892841	-0.11611878	35.944
-2.8323407	-12.741941	-1.1911154	35.994
-2.2170308	-7.836222	1.7250223	36.044
-1.3491327	-9.046491	0.46926352	36.094
-3.0023289	-9.141062	0.92535895	36.144
-2.280477	-9.174581	0.9780314	36.184
-1.4041992	-9.221268	1.6328455	36.253
-1.1791444	-9.605537	0.41180268	36.292
-1.7441759	-9.483433	0.51116204	36.352
-2.0602105	-9.363723	0.427365	36.402
-1.6424223	-9.642648	0.19512744	36.451
-1.4927847	-9.753978	0.23343466	36.493
-1.2306197	-9.594764	0.35075054	36.543
-1.4377182	-9.611523	0.37110126	36.593
-1.6400281	-9.580399	0.5434838	36.643
-1.3838485	-9.409213	0.5650316	36.694
-1.1216835	-9.404425	0.44651863	36.744
-1.0642227	-9.391256	0.50996494	36.794
-1.1647792	-9.631873	0.7433996	36.844
-1.2437878	-10.119094	0.49679685	36.894
-1.1001357	-10.236409	0.5494693	36.944
-1.2270284	-10.005369	0.7757214	36.994
-2.858677	-11.146206	-0.62368953	37.044
-1.5969325	-11.081563	-0.7146692	37.094
-2.2625206	-8.944737	-1.2318168	37.144
-3.3363202	-7.2245035	-1.186327	37.177
-3.3363202	-7.2245035	-1.186327	37.177
-2.6970682	-11.493365	-0.94690675	37.292
-1.79206	-9.54209	-0.10175357	37.353
-2.2840683	-8.944737	0.2705448	37.402
-2.396596	-9.01417	0.39504328	37.443
-2.621651	-8.896853	0.91697925	37.493
-2.2744915	-8.870518	1.0378864	37.543
-1.7896658	-9.281123	0.736217	37.601
-1.8255788	-9.368511	0.9600749	37.643
-2.1452048	-9.056067	1.3060371	37.693
-2.2709002	-8.702923	1.5957354	37.743
-2.337938	-8.649054	1.7980455	37.793
-1.934515	-9.103952	1.7729063	37.844
-2.4791958	-9.033323	1.9644425	37.892
-2.4971523	-8.950723	2.5330653	37.944
-2.8383262	-12.0332575	1.3694834	37.995
-5.5497594	-10.727221	0.28491	38.052
-2.043451	-9.510966	2.1859062	38.102
-2.920926	-9.935937	-0.82480246	38.152
-3.7110126	-9.398438	-2.4540567	38.183
-3.66672	-7.6506715	-1.1133038	38.247
-3.989937	-8.92319	-0.25737667	38.291
-2.9771898	-9.115923	-0.2717419	38.343
-1.8411411	-8.977059	-0.7302315	38.393
-2.3882163	-8.756793	-0.061052144	38.443
-2.4875755	-9.3182335	-0.33399114	38.493
-2.4169466	-8.858546	-0.415394	38.544
-2.6420016	-9.259575	-0.22026655	38.594
-2.409764	-9.726444	-0.17836803	38.648
-1.6783354	-9.3026705	0.30885202	38.692
-1.1240777	-9.331401	0.4201824	38.742
-1.2030864	-9.489418	0.521936	38.802
-1.6819267	-9.332599	0.7062895	38.842
-1.4652514	-9.652225	0.8343793	38.903
-1.5095441	-9.44752	1.316811	38.943
-1.1013328	-9.454702	1.1192893	38.993
-3.8630445	-11.451467	-1.198298	39.043
-3.0358477	-11.288661	-0.49440265	39.093
-2.2816741	-9.860519	-1.5466543	39.144
-3.6619315	-7.1826053	-1.2808979	39.184
-3.0597897	-9.479841	0.21667525	39.247
-3.3626564	-12.028469	-0.6344634	39.292
-2.195483	-9.504981	-0.23942018	39.342
-2.1871033	-7.9870567	0.58538234	39.392
-2.6060886	-8.865729	0.61291564	39.441
-2.919729	-8.9279785	1.115698	39.493
-2.042254	-8.963891	1.1647792	39.543
-1.8806454	-8.664616	1.2270284	39.593
-1.8806454	-8.324639	1.5837644	39.643
-2.0566192	-9.119514	1.5610195	39.71
-2.753332	-9.539697	1.9416976	39.742
-2.3020248	-8.6334915	2.3391352	39.792
-2.943671	-11.184513	1.0654198	39.842
-6.4511766	-10.584765	-0.33279404	39.892
-2.908955	-10.133459	1.4939818	39.951
-3.3614593	-9.060856	-0.89662856	40.003
-3.3087866	-8.325836	-2.6192567	40.048
-2.920926	-7.6889787	-1.9249382	40.093
-4.092888	-9.276335	-1.0390835	40.143
-2.8778305	-9.255983	-0.21787235	40.183
-2.2146366	-8.920795	-1.0510546	40.252
-2.5905263	-9.279925	-0.8846575	40.291
-2.574964	-9.17099	-0.58538234	40.343
-2.7521348	-9.186552	-0.37708676	40.393
-2.5187001	-9.3661175	-0.062249243	40.443
-1.9991584	-9.387665	-0.29568392	40.493
-1.7322049	-9.367314	-0.18435353	40.549
-1.5286977	-9.352949	-0.055066638	40.602
-1.7681179	-9.548077	-0.1604115	40.652
-1.5454572	-9.367314	0.45489833	40.702
-1.3479356	-9.235633	0.49440265	40.751
-1.0773908	-9.281123	0.6440403	40.793
-1.0402806	-9.886856	0.18794483	40.843
-1.4197617	-9.855731	0.24181437	40.893
-3.9959226	-11.670536	-1.3467385	40.943
-1.400608	-10.108319	-0.58657944	40.994
-2.743755	-9.764751	-1.4389153	41.049
-3.7098155	-7.811083	-0.5626374	41.102
-3.6152446	-8.209718	0.7457938	41.152
-2.9364884	-10.123882	0.35793316	41.182
-2.4349031	-10.696096	-0.5267244	41.242
-2.6611552	-9.527725	-0.3866636	41.291
-3.264494	-8.311471	0.38187516	41.348
-3.4237084	-8.520964	1.043872	41.393
-2.8491	-8.858546	1.0319009	41.443
-2.1823149	-8.836999	0.94331545	41.493
-2.433706	-8.690952	1.067814	41.543
-2.858677	-8.892065	1.0007763	41.594
-2.8742392	-9.5253315	1.376666	41.648
-2.5151088	-9.358934	0.90500826	41.702
-2.3702598	-8.937555	1.5358804	41.752
-2.4839842	-8.76996	1.5179238	41.792
-3.6391866	-9.995792	0.93134445	41.851
-5.9878983	-11.620258	-0.7469909	41.893
-3.0358477	-9.555259	1.5466543	41.948
-2.1332338	-8.9519205	0.62249243	41.993
-4.6004586	-8.834604	-0.32561144	42.043
-3.8367083	-8.513782	-1.2473791	42.093
-2.5713725	-8.274361	-1.8327614	42.143
-3.8546648	-9.127894	-1.2306197	42.184
-3.8546648	-9.127894	-1.2306197	42.184
-2.834735	-8.687361	-0.78888947	42.304
-2.767697	-8.967483	-0.94810385	42.342
-2.5079262	-9.308656	-0.7314286	42.392
-2.2254105	-9.180567	-0.45729253	42.441
-2.5629928	-9.343372	-0.5638345	42.493
-2.3810337	-9.303867	-0.31124622	42.543
-1.8507179	-9.414001	-0.23343466	42.593
-1.5358804	-9.502586	-0.38307226	42.643
-1.4987702	-9.406818	-0.39384618	42.692
-2.0494366	-9.363723	-0.2693477	42.743
-1.9393034	-8.930372	0.1436521	42.793
-1.4736311	-9.510966	-0.35793316	42.843
-1.2150574	-9.763555	0.79128367	42.893
-0.18794483	-9.627085	0.557849	42.941
-0.48961425	-10.151415	0.39145198	42.993
-0.9636662	-10.477027	0.0011971008	43.043
-4.337096	-13.451822	-0.6500258	43.093
-3.2944214	-8.990228	-0.2813187	43.143
-3.5649664	-6.5565214	-1.3335704	43.183
-3.539827	-8.488642	1.3204023	43.242
-3.5194764	-11.7303915	0.80924016	43.291
-2.2828712	-9.992201	-0.021547815	43.343
-2.3127987	-7.771579	1.3192052	43.388
-2.8993783	-8.3821	1.2665327	43.441
-3.6870706	-9.121908	1.541866	43.493
-2.9652188	-9.006987	1.3790601	43.543
-2.2816741	-9.00579	1.3706805	43.593
-1.8303672	-9.257181	1.6519991	43.643
-2.5210943	-8.930372	1.9045875	43.693
-2.9245174	-8.449138	2.0147207	43.741
-2.7365725	-8.27077	2.0685902	43.793
-2.621651	-8.759187	2.1188686	43.843
-2.5258827	-9.387665	1.7788919	43.893
-2.5809495	-8.953117	2.552219	43.943
-2.468422	-8.963891	2.6862943	43.993
-3.5338416	-12.300211	1.1887212	44.041
-6.9407907	-11.347319	-1.1599907	44.093
-3.430891	-8.961497	1.3347675	44.143
-2.846706	-8.418014	0.17118542	44.183
-3.6020765	-8.146272	-1.9788077	44.241
-3.8139634	-8.471883	-2.0470424	44.293
-4.337096	-8.911219	-0.142455	44.343
-2.9735985	-8.637083	-0.61530983	44.392
-2.8072014	-8.512584	-1.3479356	44.443
-2.9352913	-9.294291	-0.8403648	44.493
-2.6755204	-9.428367	-0.62129533	44.543
-2.219425	-9.224859	-0.60453594	44.591
-2.315193	-9.239224	-0.45370123	44.643
-2.171541	-9.271546	-0.5243302	44.692
-1.9213469	-9.19972	0.051475335	44.743
-1.3299791	-9.255983	-0.03232172	44.793
-2.0590134	-9.301474	0.6392518	44.843
-2.1930888	-9.157822	1.1504139	44.892
-2.3008277	-9.67018	0.39743748	44.943
-1.650802	-11.130644	1.2162545	44.993
-4.4723687	-13.978547	-2.409764	45.038
-2.432509	-9.512163	-2.3415294	45.093
-3.0083144	-6.172252	-1.3144168	45.138
-1.9596541	-8.099585	0.6572084	45.184
-3.169923	-10.787076	-0.8535329	45.241
-2.5701754	-8.998607	-0.38187516	45.293
-2.5833437	-8.422802	0.22385786	45.343
-2.755726	-9.016563	0.12210429	45.393
-2.873042	-9.2308445	0.45250413	45.444
-2.7257986	-8.980651	0.58418524	45.494
-2.5151088	-8.604761	0.79846627	45.544
-2.586935	-8.626308	1.1252748	45.594
-2.4588451	-8.608353	1.2844892	45.644
-2.4875755	-9.101558	1.6915035	45.694
-2.243367	-9.175778	1.5969325	45.742
-2.681506	-8.941146	1.7896658	45.793
-2.7820623	-8.552089	2.291251	45.842
-2.7389667	-8.752005	2.2780828	45.892
-6.59004	-14.209587	-0.9816227	45.943
-5.747281	-9.980229	0.7290344	45.992
-1.9500773	-8.9040365	0.61411273	46.043
-2.9879637	-8.962694	-1.7884687	46.093
-3.8367083	-7.9810715	-2.136825	46.143
-4.413711	-8.440758	-0.6979098	46.193
-3.9025488	-9.543288	0.08259996	46.244
-2.5845408	-9.306262	-0.35075054	46.289
-2.5151088	-8.567651	-0.2753332	46.342
-2.7449522	-8.932767	-0.034715924	46.394
-2.7497406	-9.228451	-0.10414778	46.444
-2.6623523	-8.911219	0.38067806	46.494
-2.4468741	-9.276335	0.21667525	46.542
-2.1643584	-9.382876	0.1400608	46.592
-1.6280571	-9.26556	0.49320555	46.642
-1.2354081	-9.161413	0.17118542	46.691
-1.7812861	-9.070433	0.48123455	46.744
-1.1240777	-9.48463	0.664391	46.792
-0.6751649	-9.697714	0.7278373	46.843
-0.6536171	-10.461464	0.61291564	46.892
-1.4293385	-10.104729	1.091756	46.941
-3.5877113	-11.399991	-0.33758244	46.993
-2.7365725	-10.500969	-1.8579005	47.043
-5.884948	-8.523358	-1.6639702	47.093
-3.5338416	-9.227253	0.46686932	47.143
-2.0386627	-10.25676	-1.2617443	47.193
-1.9620483	-9.441534	-0.7469909	47.243
-3.6894648	-8.814254	0.11851298	47.293
-3.217807	-9.057265	0.1328782	47.343
-2.693477	-8.671799	0.6907272	47.393
-2.2744915	-8.89446	1.0007763	47.443
-2.2984335	-8.707711	1.1671734	47.494
-2.8933928	-8.664616	1.5023615	47.544
-2.8395233	-8.396465	1.899799	47.594
-2.9903579	-8.990228	1.8686744	47.644
-3.2357635	-9.374496	1.922544	47.694
-3.0023289	-9.129091	2.5330653	47.742
-2.3080103	-9.337387	2.9592333	47.792
-1.9500773	-8.604761	3.6008794	47.842
-5.1200004	-11.180922	0.10295067	47.892
-4.924873	-12.26789	-0.017956512	47.941
-1.0618285	-8.634688	-1.328782	47.993
-5.073313	-6.861782	-0.7170634	48.043
-5.8825536	-9.61272	-2.0925324	48.091
-4.313154	-8.1343	-1.2018893	48.141
-3.9013517	-8.2169	-0.30047232	48.193
-3.5218706	-9.284714	-0.91937345	48.245
-3.3279405	-8.59279	-0.7577648	48.293
-3.0418332	-8.119935	-0.45609543	48.343
-3.5122938	-8.519767	-0.8319851	48.393
-2.5091233	-9.240421	0.06703765	48.443
-3.406949	-8.722076	0.6596026	48.494
-2.9724014	-10.462662	-2.7509377	48.544
-3.3518825	-8.801085	0.6476316	48.594
-2.0590134	-9.01417	0.18794483	48.642
-0.20231004	-8.686164	0.80564886	48.692
0.81163436	-8.469488	1.3479356	48.742
0.81642276	-10.399215	0.25977087	48.803
-1.8614918	-10.07121	0.9648633	48.843
-2.9161377	-9.434352	1.6879122	48.893
-7.091625	-11.233594	-1.2904748	48.938
-4.1156325	-9.238028	-0.7326257	48.993
-1.0666169	-7.2484455	0.033518825	49.041
-2.9532478	-12.087128	-0.019153614	49.091
-4.9296613	-9.607931	0.24779987	49.143
-2.9496565	-6.266823	0.49919105	49.194
-2.8526914	-7.475895	0.6619968	49.245
-3.9133227	-9.392453	0.842759	49.303
-2.9831753	-8.540117	1.0402806	49.341
-2.6060886	-8.231265	1.1468226	49.393
-2.7234044	-8.298303	1.3958195	49.443
-2.6001031	-8.603564	2.0733786	49.492
-1.6579847	-10.028113	2.336741	49.543
0.108936176	-9.633071	2.0745757	49.593
-9.587581	-15.582662	-0.45010993	49.643
-1.4951789	-8.307879	-2.0602105	49.693
-1.8387469	-7.2963295	-0.24779987	49.744
-6.4068837	-6.885724	-1.9692309	49.794
-6.5481415	-10.158598	-0.21428105	49.844
-2.730587	-8.261193	-1.4987702	49.894
-2.743755	-8.321048	-1.6005238	49.942
-3.6092591	-9.062054	-0.6512229	49.992
-2.9472623	-9.121908	-1.1647792	50.042
-2.705448	-8.611943	-0.30406362	50.091
-3.7553053	-9.507375	-0.5243302	50.144
-3.2082303	-9.801862	-0.1328782	50.202
-2.3403323	-9.062054	0.23942018	50.241
-2.9975405	-9.032125	-0.6380547	50.293
-4.0641575	-8.683769	1.2485762	50.343
-4.0533834	-8.580819	-0.91458505	50.393
-5.475539	-7.788338	-0.21667525	50.443
-6.075287	-8.991425	-0.41060558	50.502
-5.297171	-8.768764	-0.80445176	50.543
-4.7285485	-8.37372	-0.3184288	50.593
-3.8414967	-7.6710224	-0.1352724	50.643
-3.6834793	-7.795521	0.075417355	50.693
-3.205836	-7.501034	-0.41060558	50.744
-4.698621	-8.384495	-3.537433	50.794
-3.9013517	-10.74398	-0.81283146	50.844
-4.158728	-9.227253	-0.039504327	50.894
-3.8534677	-10.0029745	-0.35314476	50.944
-4.0258503	-10.237606	-2.4863784	50.994
-4.3035774	-8.774749	-1.8531121	51.044
-3.4751837	-8.834604	-1.9141643	51.094
-3.6894648	-8.856153	-2.3247697	51.144
-2.9700072	-9.001001	-1.9776106	51.195
-2.9700072	-9.001001	-1.9776106	51.205
-3.132813	-9.103952	-1.1755531	51.303
-2.705448	-8.823831	-1.0809821	51.342
-2.4959552	-9.132683	-1.0067618	51.392
-1.8818425	-9.111135	-0.6811504	51.443
-1.780089	-8.793902	-0.32920274	51.493
-1.8363527	-9.082404	0.22026655	51.543
-1.8854338	-9.054871	1.0761937	51.604
-2.6300306	-10.292673	-0.4189853	51.651
-5.566519	-13.170504	0.8319851	51.693
-0.45968673	-11.244369	-1.4939818	51.743
-3.3746274	-10.21965	-3.3171666	51.793
-4.1539397	-9.382876	0.12928689	51.843
-1.7118542	-8.1642275	0.01316811	51.894
-1.234211	-8.23366	-1.4437037	51.944
-3.9719806	-7.563283	-0.35673606	51.994
-3.3435028	-7.728483	0.074220255	52.044
-2.7688942	-8.908825	-0.25857377	52.094
-2.861071	-8.878897	0.031124622	52.144
-3.4572272	-8.90643	0.39504328	52.195
-3.5613751	-8.858546	0.4369418	52.205
-3.039439	-8.368932	0.7158663	52.294
-2.304419	-8.239645	0.9840169	52.342
-2.1859062	-8.400057	1.1719618	52.392
-2.9460652	-9.49301	1.1959038	52.452
-2.0350714	-10.187328	2.541445	52.493
-0.24301147	-10.933122	1.6998832	52.543
-6.0202203	-13.157335	-0.01436521	52.593
-3.063381	-8.687361	1.3299791	52.643
-2.3798366	-7.313089	-0.37828386	52.694
-3.3842041	-7.7919292	-2.7485435	52.744
-6.223727	-8.72088	-0.8643068	52.802
-4.355053	-9.127894	0.79607207	52.842
-2.2337902	-8.978256	-1.1133038	52.894
-2.0290859	-8.635885	-1.0055647	52.944
-2.4253263	-8.700529	0.051475335	52.994
-2.5258827	-9.358934	-0.36870706	53.044
-2.5725696	-9.028535	0.33518824	53.094
-1.602918	-9.024943	0.6787562	53.144
-1.5765818	-9.233239	-0.017956512	53.195
-1.6376339	-9.300277	0.03232172	53.205
-1.210269	-9.882068	-0.10654198	53.303
-1.4520833	-10.180145	0.9660604	53.352
-2.7641058	-11.136629	-0.12808979	53.392
-2.0219033	-12.028469	-0.31124622	53.441
-2.7617116	-11.249157	-2.0171149	53.493
-4.0773253	-6.554127	-1.1468226	53.543
-3.2273839	-7.511808	0.5805939	53.593
-3.8367083	-11.528081	-0.8858546	53.643
-2.8443117	-9.992201	-0.5422867	53.694
-2.1033063	-8.197746	0.48362875	53.744
-2.7461493	-8.550891	0.2825158	53.794
-3.41892	-8.913613	0.7206547	53.843
-2.565387	-8.759187	1.2605472	53.892
-2.2840683	-8.868123	0.61890113	53.952
-2.6611552	-8.546103	1.0618285	54.003
-3.107674	-8.850166	1.292869	54.043
-3.0418332	-9.334992	1.2078748	54.083
-2.066196	-9.294291	1.6603789	54.143
-1.1300632	-9.465476	1.650802	54.195
-2.2218192	-11.830948	0.9768343	54.251
-5.571307	-13.223176	-0.25378537	54.293
-4.4400473	-9.661801	1.2066777	54.343
-2.505532	-8.172607	0.63087213	54.393
-3.3602622	-7.8996687	-1.3132197	54.443
-3.952827	-8.1881695	-1.2078748	54.494
-4.6806645	-8.443152	0.7015011	54.544
-3.606865	-9.27394	0.11611878	54.602
-2.1703439	-9.858126	-0.7015011	54.644
-3.2920272	-8.553286	-0.35314476	54.698
-2.966416	-8.881291	-0.11611878	54.744
-2.717419	-9.057265	-0.5770026	54.794
-2.6970682	-9.400833	-0.1376666	54.853
-2.267309	-9.229648	0.12569559	54.892
-1.6927006	-9.591172	-0.0035913025	54.943
-1.7944542	-9.554062	0.08020575	54.992
-1.7776948	-9.672575	-0.037110128	55.043
-1.733402	-9.615114	0.16879122	55.094
-1.3982137	-9.861717	0.075417355	55.144
-1.2318168	-9.983821	0.4177882	55.202
-4.4220905	-10.358514	-0.6967127	55.252
-3.8163576	-10.217256	1.4377182	55.304
-1.2785037	-8.292317	-0.32920274	55.354
-2.7497406	-8.475474	0.14963761	55.393
-4.68665	-8.998607	2.0123265	55.454
-4.4963107	-9.102755	0.62249243	55.493
-3.8498764	-9.053674	0.58777654	55.544
-3.7828386	-8.647857	0.8391677	55.592
-3.930082	-8.608353	0.5243302	55.642
-4.357447	-8.579621	0.664391	55.692
-3.7457285	-8.671799	0.4381389	55.742
-3.774459	-9.046491	0.15322891	55.793
-3.6367924	-8.972271	0.41060558	55.843
-3.466804	-9.069236	0.4405331	55.893
-3.776853	-9.16261	0.36870706	55.943
-3.7122097	-9.221268	0.3866636	55.993
-3.8031895	-8.92319	0.29209262	56.043
-3.9959226	-8.702923	0.6452374	56.093
-3.8019924	-8.7292595	0.7398083	56.143
-3.5170822	-8.848969	0.6847417	56.194
-3.0346506	-9.011775	0.79966336	56.247
-3.2333694	-8.961497	0.545878	56.293
-3.5577838	-10.451887	0.3172317	56.341
-4.5501804	-9.138668	-0.06344634	56.393
-2.6036944	-8.53054	1.0139444	56.443
-2.742558	-9.297882	-0.40102878	56.493
-2.086547	-9.289502	-0.19512744	56.543
-2.7114334	-9.947908	-0.59136784	56.593
-2.243367	-9.504981	-0.130484	56.643
-1.9859903	-9.296685	-0.5243302	56.692
-2.4863784	-9.5492735	-0.41060558	56.743
-1.2054806	-9.196129	0.5386954	56.792
-0.7565677	-9.794679	-0.20111294	56.843
-1.4903905	-9.527725	0.4261679	56.892
-1.5215151	-8.890868	0.33997664	56.943
-1.009156	-9.167398	0.076614454	56.993
-0.7625532	-9.750386	-0.3878607	57.043
-0.9876082	-9.901221	-0.10414778	57.092
-0.12808979	-10.223241	-0.06703765	57.143
-1.6938977	-12.124237	-0.7410054	57.194
-1.4161704	-12.088325	-0.25019407	57.21
-1.8004397	-9.55047	-0.8846575	57.294
-3.6248214	-9.084799	-0.50278234	57.343
-2.8323407	-8.111555	0.19632454	57.393
-2.64679	-10.933122	-0.6476316	57.443
-3.3195608	-10.104729	-0.08140286	57.493
-2.337938	-8.256405	0.35434186	57.543
-2.2744915	-8.822633	-0.30166942	57.593
-3.2597055	-9.186552	0.22146365	57.643
-3.1064768	-8.4826565	0.7721301	57.692
-2.6539726	-8.48984	0.62847793	57.743
-2.9017725	-7.9571295	0.81881696	57.793
-3.2393548	-8.649054	1.4556746	57.843
-3.2920272	-9.242816	1.2593501	57.892
-1.9632454	-9.39365	2.6036944	57.943
-0.46926352	-10.205285	1.8662802	57.993
-2.6288335	-11.877635	0.6871359	58.043
-7.419631	-12.248735	-0.8379706	58.092
-1.6795325	-8.536526	1.6232687	58.143
-1.3012487	-7.4244194	-1.6843209	58.195
-1.7345991	-7.489063	-2.2062569	58.209
-5.650316	-9.48463	0.7433996	58.293
-2.9173348	-9.151836	-0.2885013	58.343
-2.0578163	-9.00579	-1.3826514	58.388
-2.8431146	-8.584411	-0.2717419	58.443
-2.9029696	-8.821436	-0.48243165	58.493
-3.2213984	-8.88608	-0.34237084	58.543
-2.9975405	-9.0237465	-0.11611878	58.588
-2.3702598	-9.446322	-0.2885013	58.641
-2.3678656	-9.603143	-0.7613561	58.691
-1.8507179	-9.32781	-0.12449849	58.743
-1.4700398	-9.859323	-0.78888947	58.788
-1.1468226	-10.243592	-1.1540052	58.843
-7.350199	-10.040085	-2.0925324	58.888
-3.4560301	-8.67539	0.439336	58.943
-3.2022448	-8.651448	-2.3056161	58.988
-4.9655743	-6.993463	1.9740193	59.043
-4.644751	-8.656237	0.6476316	59.088
-4.201824	-9.691729	0.3196259	59.143
-3.2213984	-9.119514	0.7326257	59.188
-3.3901896	-8.384495	1.4616601	59.249
-3.4045548	-8.552089	1.2258313	59.291
-3.1495724	-9.107543	0.7422025	59.343
-2.9149406	-8.696938	0.8487445	59.388
-1.6196774	-10.633847	-0.56982	59.443
-4.0462008	-10.777499	-0.1352724	59.493
-3.2992098	-7.6231384	2.0099323	59.543
-1.9632454	-9.038112	1.0857705	59.588
-2.4169466	-9.41041	0.48362875	59.643
-2.742558	-9.406818	0.2705448	59.688
-2.1667526	-9.546879	0.79367787	59.743
-1.6220716	-9.425972	0.1448492	59.802
-1.922544	-9.832987	-0.0047884034	59.843
-1.9752164	-9.55047	0.49200845	59.893
-1.6759412	-9.479841	0.58897364	59.944
-1.6316484	-9.591172	0.6823475	59.993
-1.5215151	-9.566033	0.7170634	60.044
-1.5442601	-9.552865	0.6787562	60.094
-2.7724855	-9.651027	-0.053869538	60.144
-2.256535	-9.088389	1.1061212	60.203
-2.5701754	-9.075222	0.8283938	60.214
-2.2409728	-9.76116	0.2741361	60.292
-2.2038627	-9.224859	0.2753332	60.342
-2.469619	-9.38168	0.45489833	60.392
-2.718616	-9.463082	0.47165772	60.443
-2.4887726	-9.44752	0.6356605	60.493
-2.6551697	-9.263166	0.5602432	60.543
-2.5797524	-9.270349	0.8678981	60.593
-2.5222914	-9.308656	0.9660604	60.644
-2.5115175	-9.054871	0.6895301	60.694
-2.8754363	-8.656237	1.0737995	60.744
-2.7665	-9.31943	1.2856863	60.794
-2.3439236	-10.2495775	0.92296475	60.844
-1.7322049	-9.987412	0.6943185	60.894
-2.1883004	-9.214086	1.3742718	60.934
-2.753332	-9.124303	1.2725182	60.993
-2.6252422	-9.3733	0.80804306	61.042
-1.0905589	-9.634268	0.1400608	61.092
-2.2960393	-9.355343	1.6256629	61.152
-2.255338	-9.333796	1.2940661	61.191
-2.3235726	-9.421184	0.7673417	61.251
-2.4492683	-9.277532	1.9117701	61.292
-2.3223755	-9.300277	1.2078748	61.342
-2.373851	-9.336189	2.3331497	61.392
-2.3714569	-9.518148	1.2378023	61.441
-2.0961237	-9.233239	1.6460136	61.491
-2.195483	-9.367314	1.5442601	61.543
-2.232593	-9.332599	1.6172832	61.593
-2.136825	-9.3733	1.5514427	61.641
-2.2709002	-9.352949	1.5634137	61.694
-2.1990743	-9.306262	2.0841527	61.743
-2.1691468	-9.411607	1.6172832	61.793
-2.0039468	-9.326612	1.496376	61.843
-2.2349873	-9.358934	1.5275006	61.899
-2.4875755	-9.032125	2.1164744	61.941
-2.5689783	-9.421184	1.8614918	61.991
-2.4408886	-9.181764	2.054225	62.042
-2.110489	-9.526528	0.22744916	62.091
-2.1212628	-9.56723	0.50158525	62.108
