-2.6683378	-9.360131	0.6631939	0.038
-2.7449522	-9.281123	0.59495914	0.099
-2.908955	-9.321824	0.58298814	0.149
-2.741361	-9.307459	0.5291186	0.199
-2.7820623	-9.124303	0.6607997	0.249
-2.5498247	-8.882488	0.4141969	0.299
-1.4640543	-9.481039	-0.20590134	0.349
-1.8183962	-9.975441	-0.2777274	0.399
-1.3156139	-9.703699	0.10055647	0.449
-2.695871	-9.637859	0.5638345	0.499
-2.6192567	-9.069236	0.79846627	0.549
-1.3156139	-9.285912	0.06703765	0.599
-1.1360487	-9.680955	0.053869538	0.648
-0.7158663	-9.528923	0.24181437	0.698
-0.2657564	-9.473856	0.029927522	0.75
-0.5746084	-9.330204	-0.1328782	0.8
-1.3024458	-10.19451	-0.11611878	0.85
-0.50637364	-11.592725	0.78410107	0.9
0.49200845	-11.99495	0.4237737	0.941
0.12808979	-11.544841	-0.59855044	0.971
-4.2760444	-10.29387	-0.6368576	1.049
-2.6479871	-6.2584434	0.23463176	1.099
-3.2920272	-11.614272	-0.17238252	1.149
-4.292804	-9.645041	-0.4333505	1.199
-1.7525556	-5.997475	0.29568392	1.25
-2.3475149	-7.129933	0.6667852	1.3
-3.0885203	-7.9224133	1.7501614	1.35
-2.0135236	-8.637083	2.112883	1.396
-1.863886	-12.332533	2.918532	1.448
-1.2892777	-12.776657	4.156334	1.491
-5.044583	-12.7335615	-2.4013844	1.551
-7.7189064	-8.722076	-2.2589293	1.601
-3.8498764	-8.3150625	0.81043726	1.651
-4.1695023	-8.0684595	0.23104046	1.702
-3.2106245	-6.8127007	-1.0869676	1.751
-0.2741361	-5.5138464	-0.5734113	1.795
-1.7741034	-5.9005103	0.4225766	1.841
-0.48362875	-9.26556	0.2801216	1.902
-2.753332	-10.140641	0.62728083	1.944
-2.220622	-11.653777	2.184709	1.971
-6.302736	-11.477803	0.08619126	2.047
-3.0550013	-13.351266	3.2429461	2.1
-0.58538234	-15.200787	-5.104438	2.15
-3.4404678	-9.599552	2.7126305	2.2
-2.088941	-2.042254	-0.5398925	2.248
-0.6943185	-1.4197617	1.0534488	2.298
-2.292448	-10.147824	2.9293058	2.348
-2.861071	-12.931084	3.5434184	2.398
0.47644615	-12.406754	5.542577	2.448
-8.104373	-13.496115	-3.8127663	2.499
-13.39915	-9.168595	-4.7429137	2.551
-2.160767	-10.498574	3.7936125	2.591
-5.0864816	-6.6247563	-1.4939818	2.638
-1.7836803	-5.0996494	-0.4237737	2.698
-0.6727707	-4.5274353	0.18076223	2.74
-0.33877954	-8.355764	0.15083471	2.8
-1.9979613	-11.918336	3.9923313	2.85
0.19991584	-12.752715	1.3826514	2.9
-5.5605335	-10.502166	-3.679888	2.952
-9.26197	-7.0940194	-6.5098343	2.971
-6.25964	-13.430274	-6.779182	3.049
-1.3515269	-7.013814	3.4249055	3.099
0.33159694	-2.8694508	-0.19871874	3.149
-1.8722657	-3.882198	0.5793968	3.198
-4.0761285	-7.651869	2.3355439	3.25
-2.2948422	-10.662578	4.0940847	3.3
0.4405331	-12.972981	3.1914709	3.35
-8.22528	-14.773421	-5.7137623	3.4
-14.9063	-6.7133417	-2.6635494	3.451
-3.9193082	-9.033323	3.3039982	3.501
-4.23654	-6.8426285	-1.2174516	3.551
-1.6065093	-5.267244	-1.365892	3.592
0.36391866	-5.5126495	0.06943185	3.651
0.035913024	-7.8039002	-0.9540894	3.701
-1.4987702	-11.265916	3.1711202	3.75
-0.08020575	-12.48217	2.693477	3.799
-2.6204538	-13.961787	-2.8909986	3.857
-5.5497594	-10.662578	0.12449849	3.902
0.92895025	-13.13459	-4.220978	3.948
-2.6515784	-11.071986	-2.2409728	3.981
-3.8881836	-5.2660465	0.7098808	4.048
-1.5239093	-1.5394717	1.2330139	4.095
-1.9764135	-6.588843	0.9792285	4.152
-1.352724	-8.6813755	3.3494883	4.203
-1.5394717	-12.006922	2.8694508	4.253
-1.0103531	-12.5504055	4.301183	4.297
-2.670732	-10.484209	-1.1671734	4.332
-13.897143	-8.836999	-5.907693	4.396
-2.5342624	-10.121488	3.0214825	4.446
-3.6631286	-6.6630635	-1.8686744	4.499
-2.2505496	-5.100847	-1.2150574	4.55
-0.80804306	-5.437232	0.37948096	4.599
-0.029927522	-8.76637	-0.6787562	4.648
-1.4796166	-11.258734	4.911705	4.698
0.62847793	-11.848905	2.469619	4.75
-8.78672	-11.931504	-7.3190746	4.801
-4.957195	-15.016433	3.193865	4.848
-2.2002714	-12.027272	-5.2852	4.89
-1.4089876	-8.674192	0.94451255	4.948
-2.9460652	-6.531382	0.076614454	4.981
-0.48961425	-2.7329812	0.4141969	5.049
-2.9771898	-6.363788	1.4676456	5.094
-2.3546975	-10.34774	3.50152	5.148
-0.31364042	-12.667721	2.1559787	5.2
-2.4624364	-11.003751	4.687847	5.241
-13.356054	-14.840459	-7.1071877	5.298
-6.7348895	-5.7424927	-0.3172317	5.344
-3.70383	-9.927557	0.08738836	5.401
-3.0454245	-7.04015	-0.94810385	5.45
-0.6440403	-5.159505	-0.8463503	5.5
-0.760159	-5.756858	0.80684596	5.55
-0.712275	-7.967903	0.02633622	5.594
-2.2864625	-11.422736	3.095703	5.645
0.08499416	-11.688493	1.5023615	5.698
-7.2364745	-8.360553	-4.011485	5.749
-1.2389994	-13.693637	-0.4429273	5.799
-4.709395	-16.543934	-6.0226145	5.849
-1.5981296	-6.053739	2.0925324	5.898
-0.010773907	-3.539827	-0.08259996	5.941
-0.21906945	-2.054225	0.19991584	5.977
-4.653131	-7.926005	2.4193408	6.048
-2.4863784	-9.3421755	3.4584243	6.101
1.3634979	-13.189657	3.8414967	6.15
-4.033033	-11.675324	2.6647465	6.193
-13.278243	-16.255432	-6.8162923	6.251
-4.2664676	-7.165846	4.10845	6.299
-2.6264393	-10.386047	1.3443443	6.339
-3.3039982	-7.513005	-0.9792285	6.399
-0.044292733	-3.691859	-0.41299978	6.449
-0.6751649	-5.234922	0.4369418	6.499
-0.45010993	-9.455899	0.06703765	6.548
-3.1471782	-12.970588	2.7485435	6.6
1.0869676	-12.338518	1.9021933	6.65
-6.9527617	-9.14226	-7.1526775	6.701
-3.1675289	-16.686388	4.31076	6.75
-2.0745757	-11.050438	-4.9416323	6.802
-2.007538	-7.8589673	1.0235212	6.852
-1.8818425	-3.6343982	0.6500258	6.899
-1.7836803	-3.7576995	0.78050977	6.949
-3.0502129	-6.4727244	0.8571242	6.979
-2.2517467	-10.157401	4.2580876	7.049
-0.7733272	-14.918271	2.0087352	7.098
-1.1228806	-9.767146	5.076905	7.15
-9.737218	-16.303316	-8.1402855	7.2
-10.299856	-6.1303535	1.3227965	7.251
-0.9840169	-10.220847	0.92775315	7.3
-2.397793	-6.76362	-1.5490485	7.352
-1.5370775	-5.389348	-0.37110126	7.399
-0.107739076	-7.076063	-0.110133275	7.449
-0.60812724	-9.502586	0.5590461	7.501
-1.3024458	-10.96305	3.2357635	7.549
0.10295067	-11.677719	2.3020248	7.598
-7.8888946	-11.346122	-5.1666875	7.65
-3.3542767	-12.433089	1.0534488	7.701
-3.1890767	-11.599907	-3.894169	7.744
-2.44448	-7.478289	-0.130484	7.801
-3.0190883	-5.4204726	0.260968	7.844
-1.5167267	-3.572149	0.8571242	7.898
-3.4751837	-7.788338	2.3810337	7.951
-2.6635494	-9.314642	3.276465	7.98
0.7433996	-11.973403	3.7074213	8.048
-1.7489643	-12.016499	2.5617957	8.1
-14.854824	-14.020445	-5.517438	8.151
-6.7372837	-5.592855	0.25857377	8.191
-4.036624	-8.896853	0.079008654	8.25
-2.9843724	-7.5764513	-1.1671734	8.295
0.2645593	-5.4288526	-1.1228806	8.351
-0.15682021	-6.801927	0.1316811	8.398
-0.5231331	-8.72088	0.2753332	8.449
-1.8243817	-10.839748	1.2282255	8.499
-1.4413095	-11.496957	1.6436194	8.549
-4.4005427	-11.348516	-1.7753005	8.598
-5.365406	-10.000581	-1.4915876	8.65
-2.5498247	-16.358383	-4.675876	8.7
-4.0414124	-8.476671	0.46447513	8.74
-0.6811504	-4.8757915	0.04189853	8.798
-1.4281414	-2.682703	0.8643068	8.848
-3.2213984	-6.7133417	0.6727707	8.898
-2.8323407	-10.266336	3.0190883	8.948
-1.2665327	-10.505757	3.5625722	8.98
-3.2573113	-15.313314	0.842759	9.048
-10.589554	-10.939108	-2.0757728	9.1
-1.6184803	-6.5026517	1.9752164	9.15
-4.361038	-9.785102	-0.82599956	9.2
-3.6332011	-7.651869	-1.2162545	9.241
-0.1448492	-5.237316	-0.7445967	9.295
0.46447513	-6.5026517	0.04070143	9.341
-0.78290397	-8.360553	0.36870706	9.399
-2.9137435	-11.669339	3.5757403	9.449
-0.33279404	-11.493365	1.9333179	9.499
-8.286332	-9.354146	-6.0321913	9.549
-1.6879122	-14.01446	2.5917234	9.598
-2.542642	-12.793417	-4.0785227	9.651
-2.906561	-7.120356	0.50996494	9.701
-2.1428106	-3.9252937	1.1575965	9.75
-2.0745757	-2.8766334	0.47884035	9.8
-2.7581203	-6.2979474	1.496376	9.851
-2.1332338	-8.322245	2.6635494	9.881
-1.365892	-12.449849	2.9281087	9.944
-1.4449008	-13.36204	3.4452562	9.981
-1.4449008	-13.36204	3.4452562	9.981
-8.309077	-5.758055	-1.8495208	10.099
-3.1842883	-9.637859	2.2278047	10.149
-3.774459	-6.537368	-1.0857705	10.201
-1.1061212	-5.9759274	-1.1168951	10.25
-0.08020575	-7.1311297	0.6560113	10.3
-0.36990416	-8.305486	0.38067806	10.35
-1.6699557	-9.8042555	1.8914193	10.39
-1.4927847	-12.181698	2.7389667	10.452
-4.405331	-11.733982	-0.32441434	10.499
-7.0006456	-8.688558	-1.8207904	10.549
-3.6104562	-18.041508	-2.801216	10.599
-2.5821466	-7.9236107	0.94451255	10.649
-0.36391866	-4.3023806	0.5590461	10.698
-0.6655881	-3.5362358	1.0271125	10.751
-3.6978445	-6.3829417	1.0618285	10.8
-1.2030864	-9.40203	3.894169	10.85
-0.2908955	-12.957419	2.3894134	10.9
0.037110128	-13.880384	4.2544966	10.934
-8.780735	-13.839683	-2.7257986	10.981
-6.184223	-6.101623	1.3275849	11.05
-2.6611552	-10.480618	1.5981296	11.099
-3.892972	-7.169437	-0.724246	11.149
-0.073023155	-4.583699	-0.22266077	11.199
0.51834464	-5.49589	0.029927522	11.24
-0.31004912	-8.947132	-0.17118542	11.297
-2.944868	-10.589554	2.5582044	11.35
-1.6196774	-12.089521	2.553416	11.39
-1.9871874	-9.799467	0.05746084	11.448
-7.6255326	-4.936844	-3.1052797	11.501
-1.376666	-19.6133	-2.2457612	11.55
-7.0305734	-10.214862	0.04070143	11.598
-0.91578215	-4.1695023	1.5825673	11.64
0.93613285	-2.930503	0.78649527	11.698
-5.207389	-6.9503675	1.22224	11.74
-4.8219223	-9.095572	1.2449849	11.79
-0.92775315	-10.650606	3.3746274	11.848
1.1899183	-14.475344	3.3602622	11.901
-7.3873096	-13.101071	-4.425682	11.95
-12.770672	-10.939108	-3.53863	11.98
-4.107253	-9.616311	1.5286977	12.048
-3.2237926	-6.50744	-0.15322891	12.101
-1.7549498	-4.9320555	-0.7637503	12.147
0.48961425	-6.6415157	-0.45130703	12.2
-0.94810385	-8.2037325	-0.4309563	12.25
-1.0785879	-10.564415	0.79487497	12.3
-1.9033904	-12.105083	2.7257986	12.351
-0.59974754	-11.456255	0.8774749	12.402
-4.679467	-7.627927	-4.2521024	12.452
-0.029927522	-14.486117	0.34835634	12.498
-7.77517	-12.923901	-3.5194764	12.549
-1.0977415	-6.256049	0.8774749	12.599
0.5374983	-3.1184478	0.90620536	12.649
-2.2816741	-4.4184995	1.3251907	12.69
-4.152743	-7.9487495	1.2569559	12.75
-1.4449008	-11.556811	3.003526	12.798
0.39743748	-13.572729	4.358644	12.85
-10.053253	-16.427814	-3.6774938	12.9
-7.3178773	-8.957906	-2.705448	12.94
-2.3139958	-5.7903767	1.4305356	12.988
-6.171055	-7.6734166	-0.89184016	13.048
-1.5765818	-7.4268136	-0.5422867	13.09
0.6380547	-4.948815	-0.40581718	13.148
-0.39264908	-6.8342485	-0.12689269	13.201
-1.1348516	-9.26556	0.29328972	13.251
-2.2517467	-10.56681	1.8100165	13.29
-1.4149733	-11.947066	2.2601264	13.335
-1.4927847	-10.936713	0.60453594	13.4
-3.6822822	-10.720038	0.076614454	13.448
-2.574964	-14.8117285	-3.1411927	13.501
-3.2860417	-10.006566	0.5291186	13.548
-1.447295	-4.4807487	0.2825158	13.601
-0.009576807	-2.148796	0.7170634	13.649
-3.2357635	-5.0876784	1.1360487	13.698
-2.4492683	-9.807847	2.6862943	13.75
-1.258153	-11.631032	2.7629087	13.8
-1.8136078	-13.174095	4.6255975	13.85
-5.0661306	-12.070368	-1.5741876	13.9
-12.999318	-10.545261	-7.2209125	13.949
-4.914099	-6.615179	2.4612393	13.989
-3.764882	-7.892486	-0.61770403	14.049
-3.2453403	-6.3601966	-1.3934253	14.099
-0.7637503	-6.2021794	-0.008379706	14.15
0.21787235	-6.944382	0.7625532	14.2
-0.7350199	-10.454282	0.90261406	14.25
-1.2006922	-11.526884	2.8909986	14.3
0.29328972	-11.694478	1.4856021	14.351
-7.8529816	-9.968259	-4.2293572	14.391
-0.34237084	-19.6133	0.2621651	14.449
-5.9483943	-13.022063	-4.2700586	14.499
-0.06943185	-5.8107276	0.557849	14.549
-0.2705448	-2.6312277	0.48722005	14.599
-2.4408886	-3.9923313	0.8283938	14.648
-3.7948096	-8.396465	2.3391352	14.698
-2.231396	-9.995792	2.980781	14.75
-0.5554548	-13.6254015	2.8898015	14.801
-6.0262055	-14.109031	-1.6124948	14.845
-8.7292595	-9.999383	-2.6180596	14.898
-2.6204538	-8.14268	2.3714569	14.95
-4.867412	-8.911219	0.6488287	14.98
-2.6443958	-6.4787097	-1.6124948	15.049
0.81283146	-5.955577	-0.37588966	15.098
-0.8846575	-6.999449	0.260968	15.148
-0.22385786	-9.619903	0.2861071	15.198
-1.6986861	-11.648989	2.3786395	15.244
-0.11851298	-11.403583	2.2732944	15.301
-8.823831	-8.2169	-5.353435	15.351
0.23822308	-15.837645	0.4405331	15.4
-5.8681884	-15.629349	-5.329493	15.448
-2.0482395	-8.031349	0.6428431	15.49
-0.17118542	-2.9532478	1.4257472	15.548
-1.364695	-3.515885	1.1599907	15.602
-4.0641575	-8.154651	1.1001357	15.65
-2.291251	-9.552865	3.1471782	15.701
0.51595044	-12.87482	3.347094	15.748
-2.4600422	-11.59033	0.91817635	15.798
-10.53329	-18.113333	-5.2409077	15.84
-6.232107	-6.232107	1.5921441	15.9
-2.9269116	-9.576807	1.0115502	15.941
-3.8355112	-6.479907	-1.0546459	15.981
-3.8355112	-6.479907	-1.0546459	15.981
-0.17357962	-7.195773	0.47165772	16.098
-0.6787562	-9.624691	-0.007182605	16.15
-1.8016368	-11.019313	3.5913026	16.2
1.033098	-11.328165	1.7429788	16.25
-6.4763155	-12.119449	-2.7712884	16.3
-7.560889	-12.479776	0.89782566	16.351
-2.079364	-16.340427	-4.4304705	16.401
-4.477157	-7.514202	0.7613561	16.451
-0.8379706	-3.5206735	0.41299978	16.501
-0.51235914	-3.288436	1.590947	16.551
-3.8965633	-7.965509	0.79367787	16.601
-2.944868	-9.627085	2.7760768	16.651
-0.7026982	-11.061212	1.9728222	16.701
-0.80564886	-13.091495	3.4991257	16.751
-8.577228	-17.535133	-5.3139305	16.801
-7.2185183	-4.1240125	1.3754689	16.851
-4.274847	-8.277952	0.7194576	16.901
-4.3885717	-7.32506	-0.9600749	16.951
-2.207454	-6.423643	-1.1707647	16.985
-0.02873042	-7.2711906	0.049081136	17.05
-0.7721301	-8.541314	0.2621651	17.099
-2.0278888	-10.69011	1.8303672	17.149
-1.0953473	-11.750742	3.1878796	17.198
-1.3443443	-11.408371	0.81043726	17.24
-4.039018	-10.757148	-1.2425907	17.299
-2.8275523	-16.81807	-2.9269116	17.35
-4.212598	-9.904813	-0.7649474	17.402
-1.2162545	-5.3678	-0.12090719	17.452
-0.6607997	-3.0454245	2.160767	17.502
-2.9484594	-6.2847795	1.376666	17.551
-4.010288	-8.740033	2.5677812	17.586
-2.585738	-10.260351	2.7042508	17.636
0.58777654	-13.505692	3.4201171	17.686
-4.4568067	-13.194446	-1.590947	17.736
-11.6190605	-12.678495	-5.5521536	17.803
-4.308366	-7.2029557	1.9560628	17.853
-4.1706996	-8.452729	-0.14604631	17.903
-2.4708161	-6.518214	-1.6555905	17.942
0.40462008	-5.967548	-0.9816227	17.986
-0.36750996	-7.4004774	0.41299978	18.051
-0.61171854	-10.140641	0.78170687	18.101
-1.5442601	-11.469423	2.1068976	18.151
-0.21667525	-11.640609	0.37828386	18.201
-9.293094	-8.038532	-5.7365074	18.25
-3.5817258	-11.289858	0.7410054	18.302
-3.5326445	-12.762292	-4.027047	18.351
-1.5801731	-8.304289	0.16879122	18.398
-1.067814	-4.5753193	0.78170687	18.45
-1.4413095	-4.0462008	1.1851299	18.501
-4.3634324	-7.639898	1.2138603	18.552
-2.9963434	-9.999383	3.0705638	18.602
0.30526072	-12.125435	3.3913867	18.651
-0.545878	-12.16853	4.402937	18.696
-14.828488	-17.512388	-6.513426	18.745
-4.947618	-5.804742	2.3810337	18.801
-3.5470097	-9.203311	0.25139117	18.851
-4.059369	-6.707356	-1.1180922	18.901
-0.52073884	-5.0254292	-0.7278373	18.951
0.19033903	-7.5932107	0.39264908	18.99
-0.4249708	-9.847352	-0.142455	19.05
-2.777274	-10.684125	1.8914193	19.101
-0.36272156	-11.678916	2.0231004	19.151
-3.1124623	-9.624691	0.92895025	19.201
-8.024167	-6.6175733	-2.5701754	19.251
-0.4177882	-19.478027	-2.1631613	19.295
-5.8466406	-9.878476	-1.3299791	19.345
-1.6376339	-5.485116	0.50996494	19.401
-0.4141969	-3.4979286	1.2282255	19.451
-3.2309752	-6.8486137	1.0307038	19.501
-3.0334535	-9.147048	2.2146366	19.551
-1.0510546	-10.782288	2.5917234	19.601
-0.6931214	-13.669695	3.620033	19.65
-4.11683	-12.992135	-1.9021933	19.702
-9.26197	-8.497022	-2.9352913	19.752
-4.7417164	-5.3282957	1.3599066	19.794
-3.9384618	-8.15106	-0.094570965	19.845
-3.9624038	-7.539341	-1.3850456	19.904
-0.6967127	-6.0621185	-1.2401965	19.945
-0.51954174	-7.291541	0.38067806	19.996
-0.93852705	-10.662578	0.15083471	20.049
-1.9955671	-10.948685	3.4033577	20.096
-0.33159694	-11.269507	0.90620536	20.152
-7.454347	-11.468226	-3.53863	20.196
-1.1360487	-12.909535	-0.35314476	20.253
-3.441665	-11.745954	-1.6603789	20.296
-2.3080103	-9.331401	-0.61890113	20.353
-1.6328455	-4.084508	1.3742718	20.395
-2.6288335	-4.2544966	0.59017074	20.452
-4.7177744	-7.6770077	1.448492	20.502
-2.9819782	-9.7479925	3.1471782	20.552
2.0123265	-10.579977	3.7253778	20.596
-0.7266402	-13.202826	3.1352072	20.645
-16.539145	-11.95784	-1.3000516	20.701
-2.4229321	-4.784812	-0.90141696	20.752
-6.0764837	-6.8641763	0.6679823	20.8
-4.583699	-7.4256167	-0.46088383	20.851
-0.36152446	-7.1059904	-1.4185646	20.9
-0.04189853	-8.12233	-0.48841715	20.952
-1.3144168	-8.234857	0.5746084	20.992
-1.3227965	-10.939108	-0.49679685	21.051
-1.8902222	-11.1414175	3.3865983	21.101
-0.7517793	-10.368091	1.4197617	21.153
-7.773973	-9.734824	-5.177461	21.2
-2.4911668	-14.759056	0.4201824	21.251
-3.1471782	-11.403583	-1.8602947	21.301
-1.9405005	-9.175778	0.008379706	21.351
-2.2158337	-4.9536033	0.9900024	21.4
-1.7034745	-3.7481227	1.532289	21.452
-3.3279405	-7.419631	1.4389153	21.502
-2.9867666	-9.685743	2.054225	21.552
-1.6460136	-10.670957	2.8646624	21.602
0.6667852	-11.941081	3.9971197	21.636
-2.9041667	-11.372458	-1.7345991	21.702
-15.62456	-17.240646	-5.5641246	21.753
-3.681085	-6.9120603	1.9847932	21.8
-3.8989575	-9.070433	0.39264908	21.851
-2.9855695	-7.2831616	-1.3946224	21.901
-0.18914193	-6.987478	-0.62967503	21.94
-0.7745243	-7.595605	0.6560113	21.991
-0.5327099	-10.460267	0.06464344	22.05
-2.6252422	-10.092757	1.8650831	22.102
-0.81283146	-10.381259	2.1751323	22.152
-4.697424	-11.35929	-0.724246	22.2
-4.4927197	-8.555679	-0.5542577	22.25
-2.480393	-15.176845	-1.6065093	22.302
-4.674679	-12.4390745	-0.2908955	22.352
-1.2174516	-7.339425	0.44891283	22.402
-0.6560113	-4.559757	2.0123265	22.452
-2.871845	-5.9388175	1.3144168	22.486
-3.9324763	-8.447941	1.3551182	22.546
-2.5306711	-9.76954	3.4105403	22.601
1.0067618	-12.187684	3.1280246	22.651
-4.235343	-16.229095	-2.2709002	22.701
-7.479486	-8.699332	-1.5598224	22.751
-1.3551182	-5.4791307	0.7074866	22.801
-8.324639	-8.35337	1.1899183	22.85
-2.6013002	-9.835381	-0.7685388	22.902
0.6464345	-6.695385	-0.6404489	22.951
-0.6943185	-6.6630635	0.8535329	22.991
-1.4053963	-9.372103	0.7697359	23.05
-1.946486	-9.6845455	1.3515269	23.101
-1.3814543	-10.700885	1.7717092	23.15
-1.9309237	-11.044453	1.2689269	23.202
-8.832211	-13.693637	-2.255338	23.252
-4.3766007	-9.455899	-1.5921441	23.302
-2.6886885	-9.725247	-1.0666169	23.352
-3.8977604	-9.844957	0.9828198	23.4
-1.4879963	-8.244433	1.4867992	23.453
-1.2988545	-6.0142345	1.0761937	23.486
-3.0346506	-8.9758625	2.19668	23.536
-1.6436194	-7.101202	1.8016368	23.601
-0.521936	-8.273164	4.1120415	23.651
-3.8857894	-12.7814455	2.44448	23.701
-8.65863	-19.6133	3.357868	23.751
-4.2796354	-7.1730285	1.4676456	23.801
-6.6870055	-9.367314	-1.9249382	23.852
-5.8801594	-11.136629	-2.079364	23.902
-3.4225113	-9.109938	-0.7733272	23.952
-2.2170308	-7.6387005	-0.8355764	24.0
-2.4349031	-7.3346367	-1.1647792	24.051
-1.1420342	-5.9052987	-0.027533319	24.1
-0.46567222	-5.825093	0.088585466	24.151
0.010773907	-6.2464724	-0.007182605	24.2
-0.51235914	-8.400057	0.79966336	24.241
-0.7206547	-11.249157	3.3159695	24.299
-1.4030021	-10.524911	2.9137435	24.352
-1.721431	-9.106346	2.835932	24.402
-6.3589997	-8.765172	-4.0019083	24.452
-3.3997664	-14.3735895	-0.41299978	24.502
-4.220978	-11.432313	-4.177882	24.553
-3.6343982	-8.462306	1.7178397	24.602
-2.4971523	-7.1191587	0.6428431	24.651
-0.8475474	-6.827066	0.6991069	24.701
-1.0773908	-8.0924015	1.9393034	24.751
-2.9628246	-8.189367	2.2840683	24.801
-2.079364	-8.532935	3.4632127	24.841
-1.661576	-10.175357	3.58412	24.902
0.39025488	-10.866084	4.2556934	24.952
-10.499771	-17.158047	2.5474305	25.002
-2.9616275	-6.791153	-2.2026656	25.05
-4.203021	-7.989451	0.7326257	25.1
-5.4887075	-10.016143	-0.19991584	25.151
-1.9524715	-8.354567	-0.9720459	25.201
-0.12689269	-6.8091097	0.24779987	25.25
-0.80564886	-8.192958	0.6907272	25.302
-0.58657944	-9.465476	-0.20949265	25.352
-1.1755531	-9.105149	1.1671734	25.401
-1.9800048	-9.773131	2.870648	25.452
-0.11851298	-10.013748	1.340753	25.5
-2.087744	-9.870096	0.11731588	25.552
-4.056975	-11.1893015	0.8870517	25.602
-3.3255463	-16.751032	0.2813187	25.652
-2.3187842	-8.652645	0.5614403	25.702
-1.1109096	-6.9982514	2.0123265	25.753
-1.411382	-6.2644286	0.736217	25.803
-2.183512	-6.777985	0.39743748	25.843
-3.2908301	-8.067263	2.4768016	25.893
-1.9081788	-8.737639	2.741361	25.943
-0.18794483	-10.085575	2.3714569	26.003
0.35553896	-10.356119	2.5582044	26.003
-2.3415294	-12.00333	-0.60573304	26.101
-15.856798	-11.52449	-5.1235914	26.151
-6.090849	-6.2225304	-0.6859388	26.201
-3.2704794	-9.0081835	1.5466543	26.25
-4.0258503	-8.161834	-1.9895816	26.302
-2.3774424	-7.8769236	-1.5275006	26.342
-0.9768343	-8.939949	0.34955344	26.396
-1.2078748	-8.943541	1.2042835	26.436
-0.2621651	-9.032125	0.90500826	26.502
-0.94930094	-9.305065	1.4640543	26.537
-1.6795325	-9.17099	2.3187842	26.619
-0.961272	-8.438364	1.1204864	26.651
-7.1071877	-3.618836	-3.228581	26.701
-4.799177	-19.6133	0.6691794	26.751
-6.2345014	-14.310143	-3.7098155	26.801
-0.89064306	-4.4077253	2.1918917	26.85
0.5710171	-5.9029045	1.4556746	26.895
-4.4280763	-8.289924	-0.545878	26.947
-4.249708	-8.038532	1.1145009	26.996
-1.9393034	-8.249222	2.6551697	27.049
-1.0115502	-9.404425	3.2190042	27.101
-1.127669	-9.435549	2.7617116	27.151
-4.973954	-12.492945	-1.6400281	27.201
-10.793061	-11.640609	-1.3251907	27.251
-0.31603462	-6.670246	-1.3563153	27.295
-6.247669	-7.4387846	-0.30286652	27.346
-7.3047094	-9.076419	-0.33518824	27.401
-1.2916719	-9.55047	-1.9333179	27.451
-0.7661445	-7.382521	-0.142455	27.5
-1.5837644	-8.522161	0.34596214	27.551
-2.2972364	-9.209297	0.32800564	27.6
-0.8798691	-8.024167	1.1599907	27.649
-0.2777274	-9.326612	1.3335704	27.699
-2.5785553	-9.463082	0.7410054	27.749
-4.498705	-11.10311	0.70509243	27.789
-4.709395	-13.154942	1.5394717	27.85
-2.823961	-8.905233	-3.5410242	27.894
-3.095703	-8.340201	-1.3395559	27.945
-5.415684	-9.800665	2.541445	27.996
-1.8698715	-8.768764	-0.09816227	28.05
-0.51475334	-8.807071	0.4165911	28.091
-0.9804256	-7.5213847	1.3694834	28.142
-2.4349031	-7.076063	2.731784	28.191
-2.2529438	-7.904457	3.6822822	28.244
-0.6344634	-8.696938	3.2920272	28.295
0.090979666	-8.437167	3.90614	28.341
-10.475829	-19.6133	2.954445	28.39
-1.553837	-7.6650367	-2.4157495	28.451
-5.7377043	-8.157045	0.011971008	28.5
-5.5521536	-9.276335	1.0271125	28.544
-0.9792285	-7.800309	-1.2916719	28.591
-0.91338795	-7.2939353	-0.5626374	28.644
-0.038307227	-8.22528	0.7254431	28.7
-0.20231004	-9.631873	0.62368953	28.741
-0.6596026	-9.532514	1.2545617	28.794
-1.6891093	-10.346542	2.4708161	28.836
-1.7405846	-9.945514	2.3714569	28.895
-2.7964275	-9.3661175	-4.868609	28.951
-5.8622026	-11.177331	1.1240777	29.0
-4.1012673	-12.860455	2.2744915	29.039
-1.7118542	-10.3226	-1.0390835	29.092
-0.9876082	-8.1881695	0.5518635	29.15
-1.5717934	-6.435614	0.6727707	29.192
-2.895787	-7.6387005	2.4025815	29.245
-1.1264719	-9.783905	3.2860417	29.295
0.21068975	-12.20564	2.2170308	29.341
-1.1587936	-11.893197	-1.2354081	29.395
-15.067908	-12.887988	2.585738	29.441
-6.075287	-8.354567	-1.0809821	29.496
-5.0996494	-9.166202	0.6500258	29.546
-3.1675289	-8.070854	-1.6184803	29.595
-1.3299791	-6.136339	-0.9911995	29.645
-0.074220255	-4.8841715	0.36032736	29.696
-0.49919105	-7.747637	-0.14604631	29.745
-0.533907	-9.7084875	0.30047232	29.795
-1.6412252	-10.976217	1.3587095	29.845
-0.94690675	-11.945869	1.9835961	29.895
-3.4237084	-10.188525	-0.34715924	29.945
-3.5446155	-8.020576	0.49679685	29.996
-3.5446155	-8.020576	0.49679685	29.996
-4.080917	-8.895657	-0.019153614	30.098
-1.091756	-4.0737343	0.770933	30.151
-1.6699557	-4.373009	0.91338795	30.191
-4.6926355	-7.27957	0.7613561	30.25
-3.4392707	-8.552089	1.922544	30.295
-0.9744401	-11.432313	2.5187001	30.35
-0.049081136	-13.548787	3.0442274	30.392
-5.407305	-15.07988	-1.3946224	30.445
-6.482301	-8.324639	-1.62686	30.492
-3.570952	-4.7560816	-0.62249243	30.545
-6.160281	-6.9958572	0.59256494	30.596
-1.9907787	-8.534132	-1.6962919	30.646
0.22266077	-7.20535	-1.3467385	30.695
-1.1420342	-7.6614456	0.10295067	30.745
-1.5095441	-9.782708	0.320823	30.81
-1.1575965	-10.15381	0.7565677	30.84
-1.1300632	-10.911574	2.1930888	30.901
-0.9504981	-11.653777	1.6316484	30.951
-6.1112	-12.872425	-2.4588451	31.001
-2.3894134	-10.18254	-1.9871874	31.05
-0.8750807	-9.040505	-0.6584055	31.1
-3.1184478	-9.957485	-0.7529764	31.141
-3.5098996	-6.1159883	0.80086046	31.202
-2.0769699	-5.1379566	0.6811504	31.252
-2.9712043	-7.1383123	1.9321208	31.296
-2.1583729	-8.406042	1.8435353	31.35
-1.6998832	-8.499416	3.4799721	31.402
0.985214	-11.525687	2.8502972	31.452
-1.5741876	-11.000159	0.90021986	31.502
-13.764266	-16.036364	-4.4208937	31.551
-3.821146	-6.2488666	-1.6256629	31.604
-2.979584	-8.2169	-1.3551182	31.653
-6.769605	-7.8446016	1.1755531	31.703
-2.0590134	-7.7584105	-0.688333	31.753
0.22744916	-6.611588	0.046686932	31.796
-0.3842694	-7.93199	0.5686229	31.853
-1.2234371	-8.274361	1.1073183	31.902
-0.7338228	-8.255207	0.49440265	31.953
-2.7138276	-10.005369	1.8255788	32.003
-1.5251064	-11.039664	1.8255788	32.003
-3.6296098	-11.793838	-4.3275194	32.101
-5.4049106	-11.791444	-2.8886044	32.151
-5.720945	-13.189657	-1.3682863	32.201
-2.0913353	-9.398438	0.8726865	32.25
-0.58298814	-7.0605006	0.51714754	32.3
-1.7944542	-6.1040173	-0.08499416	32.353
-2.802413	-6.551733	0.6943185	32.402
-2.8562827	-6.2165446	1.4101849	32.446
-1.1109096	-6.519411	1.5562311	32.5
-0.2896984	-6.1399302	2.3068132	32.552
-0.7745243	-8.37372	3.2824504	32.601
-2.552219	-7.6387005	3.9731777	32.652
-1.982399	-8.307879	2.3355439	32.702
0.2777274	-7.703344	-0.8643068	32.753
-7.536947	-16.985664	-15.462952	32.803
-6.7013707	-14.572309	3.8606503	32.853
-0.7062895	-12.13142	-0.46327803	32.9
-8.061277	-8.414422	-1.2605472	32.953
-2.7940333	-7.1395097	0.21308395	33.0
2.4253263	-4.4005427	-0.022744916	33.051
0.88944596	-7.479486	0.05626374	33.101
-1.2737153	-9.011775	4.083311	33.151
1.8926164	-12.022484	1.6256629	33.2
2.1942859	-10.506954	1.7274165	33.252
-7.691373	-8.556877	-0.44771573	33.301
-4.509479	-13.03164	-3.0262709	33.352
-5.8262897	-15.808914	-1.9548657	33.402
-5.0122614	-10.526108	0.260968	33.436
-0.0011971008	-5.0781016	1.0079589	33.485
0.16998832	-5.363012	0.6332663	33.551
-2.822764	-7.854179	1.6519991	33.601
-2.3391352	-7.515399	2.9149406	33.66
-0.59376204	-8.631097	3.788824	33.7
-1.163582	-12.788629	1.697489	33.75
-2.2972364	-11.555614	3.3973722	33.802
-9.8916445	-18.307262	-5.5246205	33.852
-9.534908	-5.437232	-5.1678843	33.902
-4.1096473	-6.045359	2.1883004	33.952
-2.1775265	-8.154651	1.1707647	33.986
-2.8203697	-8.240842	-1.6077064	34.003
-1.6340426	-6.694188	0.82599956	34.101
-1.3120226	-9.561244	-0.60693014	34.151
0.6572084	-8.435969	1.2078748	34.2
0.6859388	-9.560047	1.352724	34.25
-1.922544	-11.013328	3.406949	34.302
-1.4185646	-11.153389	2.280477	34.352
-6.23091	-10.597934	-2.5773582	34.391
-3.8534677	-15.690401	-1.4377182	34.452
-3.4979286	-15.750256	-3.8067808	34.503
-1.9309237	-8.674192	0.08020575	34.536
-3.4847605	-4.770447	0.49559975	34.6
-3.3446999	-4.0078936	0.7505822	34.636
-3.4811692	-7.855376	1.1109096	34.7
-3.5661635	-8.728063	2.2242134	34.753
-0.9540894	-9.374496	3.550601	34.786
0.9660604	-11.647791	4.5058875	34.85
0.5279215	-11.991359	-1.0881647	34.901
-16.168043	-13.062764	-2.2349873	34.951
-2.0219033	-6.503849	1.2138603	35.0
-5.671864	-7.3729444	0.7026982	35.049
-4.5765166	-8.7951	-1.1935096	35.102
-1.4341269	-7.800309	-1.2066777	35.152
-0.045489833	-6.851008	-0.020350715	35.202
-1.1252748	-7.513005	0.9720459	35.252
-0.34356794	-7.943961	0.8810662	35.302
-1.127669	-10.509348	3.1435869	35.351
-0.48602295	-10.82658	1.1851299	35.401
-1.4999673	-10.21965	0.33518824	35.451
-6.8486137	-13.522451	-3.5003228	35.501
-5.100847	-16.45894	-2.1751323	35.552
-2.6539726	-9.227253	-1.4700398	35.602
-1.2413936	-6.2704144	0.5805939	35.652
-1.8136078	-4.629189	1.1312603	35.702
-3.6834793	-5.731719	0.5482722	35.753
-3.0119057	-8.275558	1.7764976	35.796
-1.3299791	-10.647015	4.6112323	35.85
1.460463	-12.644977	3.8510735	35.901
-6.6606693	-16.59541	-2.4791958	35.951
-10.899603	-11.622652	-2.1739352	35.991
-5.4061074	-6.171055	-5.055357	36.01
-6.5445504	-7.702147	0.2801216	36.102
-3.8642416	-8.341399	-1.8459295	36.152
-0.45729253	-5.659893	-1.4520833	36.202
0.21188685	-6.576872	-0.1412579	36.252
-1.6412252	-8.349778	-0.055066638	36.292
-0.52073884	-11.304223	0.022744916	36.343
-0.93493575	-11.676521	3.669114	36.403
-1.6819267	-11.437101	0.3842694	36.443
-7.548918	-11.378444	0.06464344	36.503
-2.0590134	-11.314998	-1.30484	36.543
-1.2114661	-12.169727	-1.567005	36.593
-5.2720323	-8.324639	-0.20709845	36.643
-3.3542767	-4.249708	0.9624691	36.692
-0.50996494	-3.9588125	-0.10654198	36.744
-2.4636335	-7.515399	0.6847417	36.793
-2.7976246	-9.249998	4.1814733	36.843
-0.37469256	-11.9746	2.7976246	36.893
1.5466543	-11.701661	4.201824	36.953
-14.894329	-18.130093	1.8746599	36.992
-7.0964136	-8.998607	-8.050503	37.013
-5.2145715	-7.7847466	0.35314476	37.101
-4.2999864	-8.617929	-1.0103531	37.151
-1.0893618	-6.0621185	-0.5793968	37.201
-0.32321724	-7.3633676	0.25498247	37.25
-0.80445176	-7.7452426	0.7194576	37.3
-0.10654198	-9.8198185	0.11731588	37.352
-1.8411411	-11.560403	3.1663318	37.402
0.059855044	-10.653001	0.9564836	37.451
-2.1978772	-10.448297	-4.7896004	37.501
-4.0078936	-12.531252	-0.6512229	37.545
-4.220978	-15.075091	-4.662708	37.601
-0.48602295	-6.6103907	-0.094570965	37.651
-1.5035586	-3.6643257	1.5011644	37.701
-2.9269116	-4.4699745	0.90859956	37.751
-3.2872388	-7.824251	1.6244658	37.801
-2.0242975	-9.625888	3.1399956	37.851
-0.82121116	-10.503363	2.9819782	37.901
0.52073884	-12.828133	3.21661	37.952
-10.139444	-17.37951	-5.1367598	37.996
-16.72709	-18.411411	-6.209362	38.012
-0.89184016	-9.151836	3.1866825	38.101
-5.511452	-6.873753	-0.50278234	38.151
-2.5234885	-5.896919	-0.7194576	38.2
0.48243165	-7.180211	-0.08140286	38.25
0.18914193	-8.167819	-0.5722142	38.294
-0.41299978	-9.637859	0.5398925	38.351
-1.8267759	-11.481394	3.6032736	38.4
-0.6787562	-11.413159	1.4257472	38.45
-6.363788	-11.2132435	-7.961918	38.501
-1.5646108	-14.478935	2.7090392	38.551
-2.918532	-13.339294	-3.5458126	38.601
-1.1959038	-7.3071036	0.18195933	38.651
-2.4827871	-5.8095303	1.4317327	38.696
-1.2174516	-3.9911342	1.5011644	38.745
-1.9189527	-7.007828	1.021127	38.801
-2.0925324	-9.639056	1.6819267	38.851
-2.541445	-11.040861	2.6803088	38.901
-0.94570965	-12.49893	2.3678656	38.95
-12.923901	-17.981651	-2.2457612	39.0
-11.901577	-4.975151	-2.4025815	39.05
-2.932897	-9.102755	2.171541	39.101
-5.795165	-7.4232225	-0.5363012	39.152
-1.638831	-6.659472	-0.7769185	39.202
1.0474633	-5.699397	0.11492168	39.245
0.05626374	-7.9104424	-0.36511576	39.296
-0.15442601	-9.79827	0.06344634	39.346
-1.4101849	-10.168175	3.2070332	39.395
-0.89662856	-11.526884	1.8303672	39.445
-4.817134	-12.12304	-1.8447324	39.493
-6.9862804	-11.016919	-4.3766007	39.533
-3.0119057	-13.245921	-3.654749	39.602
-1.9536686	-8.402451	-0.1412579	39.651
-1.1803415	-5.3558292	0.7290344	39.701
-1.5777789	-3.549404	1.6412252	39.75
-2.5785553	-5.8801594	1.3156139	39.801
-2.5031378	-9.844957	2.2373815	39.851
-2.1272483	-10.901998	2.456451	39.901
-0.59256494	-15.717935	0.82599956	39.951
-11.766304	-16.50802	2.8107927	39.996
-6.283582	-11.403583	-0.35194764	40.012
-7.955932	-6.114791	2.078167	40.093
-2.504335	-10.509348	-1.234211	40.15
1.079785	-7.4950485	-1.0630256	40.201
1.2006922	-7.120356	0.91937345	40.251
-0.60453594	-7.621941	0.35553896	40.301
-1.2665327	-9.275137	0.62009823	40.35
-1.9812019	-10.260351	2.0386627	40.394
-0.19033903	-11.774684	2.2301989	40.451
-3.8055837	-13.18846	-4.238934	40.501
-8.505402	-11.552023	1.4341269	40.551
-1.6448165	-8.160637	-0.92535895	40.595
0.62728083	-11.9746	0.9744401	40.651
-3.774459	-8.084022	0.47405192	40.701
-2.4420857	-3.9576154	0.8774749	40.75
-1.5825673	-6.069301	1.2389994	40.811
-3.252523	-8.622718	1.6448165	40.85
-1.8674773	-9.184157	2.4516625	40.891
-0.45609543	-11.274296	3.2668881	40.945
1.4449008	-12.619837	3.1364043	40.991
-8.452729	-17.256208	-2.1918917	41.05
-8.7951	-6.0381765	-2.767697	41.092
-3.7565024	-6.23091	2.8742392	41.152
-4.392163	-9.64145	-1.3922282	41.202
-0.47285482	-6.4523735	-0.79966336	41.252
1.1695676	-5.755661	1.292869	41.302
-0.9504981	-8.378509	0.32920274	41.353
-0.16280572	-8.512584	0.36152446	41.4
-0.2896984	-9.021352	0.89184016	41.436
-1.8938135	-11.431116	2.8443117	41.501
-0.48961425	-13.321339	-1.970428	41.551
-8.613141	-12.454638	0.047884032	41.601
-2.3319526	-6.31351	-0.78290397	41.651
3.1866825	-8.25401	0.24301147	41.702
-4.596867	-12.2319765	-0.51714754	41.752
-3.6595373	-5.687426	0.81642276	41.802
-0.011971008	-3.9743748	0.5566519	41.852
-1.6579847	-6.621165	0.14963761	41.903
-3.132813	-8.641871	1.9895816	41.947
-1.6280571	-10.018537	2.7377696	42.001
0.272939	-11.172543	3.526659	42.02
-6.353014	-11.259931	-4.381389	42.1
-16.685192	-10.188525	-10.158598	42.151
-2.0829554	-9.76954	6.945579	42.202
-2.232593	-8.760384	-0.3878607	42.241
-3.5649664	-5.816713	-0.9947908	42.292
-1.198298	-6.257246	1.2138603	42.341
0.04189853	-7.5584946	0.31603462	42.386
0.21308395	-11.87524	1.5454572	42.446
-0.9636662	-10.767922	3.989937	42.491
-1.7357962	-11.882423	-0.6344634	42.54
-9.064447	-11.383232	0.19393034	42.591
-1.5275006	-12.591106	-2.2014685	42.65
-0.093373865	-10.415975	-0.49320555	42.7
-3.645172	-8.327033	0.092176765	42.744
-2.2709002	-2.8263552	1.62686	42.795
-0.9816227	-4.3502645	0.5351041	42.844
-2.1930888	-7.9032598	0.93493575	42.891
-2.9173348	-10.614694	2.3295584	42.944
-0.40462008	-11.191696	3.0669725	42.994
0.47884035	-13.575124	-1.9357121	43.051
-11.268311	-10.317812	-3.714604	43.1
-4.5753193	-5.747281	-1.602918	43.145
-4.4544125	-9.033323	2.9293058	43.191
-3.7672763	-7.773973	-1.1851299	43.241
0.2908955	-6.05733	-0.90141696	43.295
0.11971009	-7.78355	0.7697359	43.344
-0.25258827	-8.643068	0.3890578	43.396
-0.6979098	-10.144233	0.37948096	43.446
-0.94451255	-11.366472	3.0095115	43.495
-1.3012487	-12.070368	-0.32441434	43.546
-7.9248075	-12.545617	-2.8694508	43.595
-2.8694508	-11.183316	-1.1552023	43.641
-0.18076223	-11.073183	-0.79128367	43.691
-3.3375173	-9.662998	0.23343466	43.741
-1.34195	-2.6443958	1.3120226	43.8
-1.3910311	-4.811148	0.076614454	43.845
-2.7042508	-7.880515	1.3910311	43.894
-1.934515	-10.7116585	2.9532478	43.944
0.90859956	-12.531252	4.10845	44.0
-0.415394	-13.75828	2.172738	44.019
-5.189432	-5.922058	-4.2066126	44.1
-2.018312	-6.6427126	0.830788	44.144
-6.2728086	-8.763975	-0.842759	44.191
-2.9400797	-7.920019	-0.39983168	44.248
0.21787235	-4.8135424	-0.39983168	44.3
-0.38307226	-6.956353	0.11731588	44.335
-0.41299978	-7.599196	-0.10414778	44.385
-1.1695676	-11.432313	-0.29688102	44.441
-2.6264393	-11.559206	3.9755719	44.495
0.35434186	-11.362882	2.3930047	44.536
-6.6905966	-9.94312	-7.21373	44.591
-1.0426749	-16.141708	-1.567005	44.641
-4.119224	-9.555259	-1.388637	44.701
-1.6304513	-6.789956	-0.19632454	44.751
-2.7473464	-3.4943373	1.1264719	44.795
-2.8167782	-6.245275	0.088585466	44.85
-3.2597055	-8.9363575	1.3371617	44.894
-1.9081788	-9.859323	3.3854012	44.941
1.1575965	-12.204443	3.0430303	44.991
0.50876784	-13.025655	3.417723	45.022
-14.662091	-17.246632	-2.9628246	45.086
-3.7325604	-5.553351	1.4077905	45.15
-4.560954	-8.944737	-0.34117374	45.201
-4.6698904	-8.319851	-0.7098808	45.241
-0.7074866	-4.933253	-0.9564836	45.301
0.36272156	-6.6415157	-0.088585466	45.35
-1.9788077	-8.021772	-0.91817635	45.391
-2.0231004	-10.551247	0.81402856	45.449
-1.7705121	-11.455058	3.6750996	45.501
0.8355764	-11.247959	1.4520833	45.551
-6.105214	-11.000159	-6.8127007	45.603
-3.2094274	-11.616667	0.93852705	45.652
-1.2042835	-11.785458	-4.095282	45.703
-3.3279405	-8.866926	-0.15203181	45.753
-3.2094274	-4.6818614	1.0785879	45.804
-1.7980455	-2.882619	0.48482585	45.853
-3.527856	-6.518214	0.6811504	45.886
-3.0777464	-8.558074	2.4301147	45.952
-0.90021986	-10.401609	2.7126305	46.003
0.4333505	-11.686098	3.0765493	46.022
-4.5322237	-13.280637	-2.5210943	46.101
-12.824541	-7.880515	-3.2788591	46.151
-6.4763155	-7.016208	0.8810662	46.201
-3.6140475	-7.741651	0.58657944	46.25
-4.321534	-6.4619503	-1.7645266	46.302
-0.7625532	-4.7788267	-1.2270284	46.352
-0.4225766	-8.441956	-0.37469256	46.402
-0.8738836	-10.295067	0.32441434	46.452
-0.35314476	-10.6877165	2.2002714	46.503
-0.24899697	-11.432313	2.7641058	46.564
-2.0087352	-10.159795	0.8726865	46.601
-6.0238113	-11.43351	-2.030283	46.651
-2.6731262	-16.531963	-3.193865	46.701
-3.1364043	-8.549694	-0.6847417	46.75
-1.3383588	-6.47033	0.724246	46.802
-2.3259668	-4.2305546	1.3706805	46.852
-1.8686744	-4.6040497	0.22744916	46.902
-2.56419	-7.4136457	2.6180596	46.952
-1.4544775	-9.28232	2.6431987	46.993
-1.6136919	-10.96664	3.6882677	47.022
-2.6491842	-11.9135475	3.393781	47.101
-11.550826	-19.6133	-7.1431007	47.151
-6.669049	-3.2381577	0.16160862	47.201
-1.5107412	-9.582792	1.1899183	47.25
-6.015432	-7.8745294	-1.3467385	47.302
-2.4720132	-4.4723687	0.10654198	47.351
1.5777789	-4.8901567	0.59256494	47.391
-0.34596214	-7.8637557	-0.8499416	47.451
-1.1252748	-9.1350765	0.08020575	47.503
-1.3323733	-10.662578	1.4951789	47.552
-1.0821792	-11.991359	2.2888567	47.601
-3.4045548	-13.844471	-4.2197804	47.651
-7.181408	-13.63857	1.6831238	47.701
-2.980781	-12.384008	-3.7684734	47.741
-1.4808137	-8.761581	-0.31364042	47.8
-2.8862102	-7.3418193	0.39743748	47.852
-1.650802	-3.229778	0.7338228	47.891
-1.292869	-4.361038	-0.25617957	47.952
-3.0921116	-7.4327993	2.0278888	48.002
-2.4157495	-9.463082	2.4827871	48.022
-0.62847793	-12.518084	2.4181437	48.101
-2.3582888	-11.941081	2.1583729	48.151
-17.87511	-19.6133	-7.7440453	48.201
-3.9384618	-4.6232033	1.804031	48.25
-2.12246	-9.075222	-0.6691794	48.301
-5.3318872	-8.033744	-1.8722657	48.352
-1.6567876	-5.6227827	-0.4381389	48.402
-0.15682021	-7.062895	0.14604631	48.441
-0.32321724	-7.2711906	-0.40342298	48.486
0.076614454	-10.585963	0.31004912	48.551
-3.311181	-10.5919485	3.2237926	48.601
0.025139118	-10.892421	-0.25019407	48.651
-8.312668	-9.913192	-5.2157683	48.701
-2.1775265	-16.159664	1.412579	48.749
-3.5577838	-12.192472	-1.3922282	48.802
-1.2593501	-7.505822	-0.50757074	48.852
-2.2158337	-4.7620673	0.8631097	48.896
-2.384625	-5.0996494	0.16879122	48.949
-3.7445314	-8.186973	1.3563153	49.002
-3.1723173	-8.995016	1.9644425	49.021
0.60812724	-11.233594	1.8770541	49.099
-4.0342298	-14.480132	-2.822764	49.152
-12.798205	-15.933413	-3.3746274	49.202
-5.159505	-4.701015	2.3702598	49.252
-5.638345	-8.416816	-0.2896984	49.302
-3.6044707	-7.8613615	-1.3623008	49.35
0.2717419	-5.5018754	-0.8702923	49.401
0.9756372	-7.1059904	0.009576807	49.451
-1.9955671	-8.522161	0.25019407	49.501
-1.3311762	-11.010934	1.6831238	49.55
-1.1264719	-11.8896055	2.3463178	49.602
-0.008379706	-11.742362	1.292869	49.651
-7.0605006	-10.924743	-4.903325	49.702
-2.9029696	-12.115858	-0.7194576	49.751
-1.6651673	-11.201273	-1.9213469	49.8
-3.074155	-8.858546	0.031124622	49.85
-2.3630772	-4.3394904	0.9983821	49.9
-0.9504981	-3.5170822	0.12449849	49.951
-3.8175547	-6.7001734	2.1739352	50.0
-3.5733461	-8.161834	2.815581	50.022
0.1352724	-11.623849	2.146402	50.09
-0.49799395	-13.090298	3.1998506	50.152
-8.444349	-18.071434	-1.7106571	50.202
-7.6267295	-7.37055	-3.4691982	50.252
-1.982399	-8.899248	0.70509243	50.301
-5.3043537	-8.47308	-0.15083471	50.352
-2.3127987	-5.8825536	-1.3455414	50.4
-0.21428105	-6.6079965	-0.39743748	50.452
-0.35314476	-7.5094137	-0.074220255	50.5
-1.1599907	-10.087969	-0.19393034	50.551
-1.8291701	-11.287464	3.1627405	50.601
0.7685388	-11.492168	2.9963434	50.651
-4.1491513	-12.744335	-4.212598	50.7
-3.4680011	-12.400767	-0.51355624	50.752
-2.7868507	-12.467805	-3.9480386	50.803
-3.2465374	-9.449914	-0.6548142	50.852
-2.409764	-5.895722	0.090979666	50.902
-2.540248	-4.68665	0.47405192	50.936
-3.4201171	-7.5525093	1.0115502	51.001
-3.3638535	-7.9595237	1.5215151	51.021
-1.3036429	-9.555259	3.549404	51.092
1.151611	-13.25071	2.9472623	51.15
-5.2085857	-15.248671	-1.2773066	51.21
-6.353014	-10.068815	-1.602918	51.25
-3.393781	-5.967548	-0.24420857	51.291
-4.7141833	-8.895657	0.16160862	51.341
-3.8031895	-8.055291	-0.45370123	51.392
-1.436521	-5.1523223	-1.1360487	51.442
0.12569559	-7.1071877	-0.34835634	51.5
-0.6332663	-7.1502833	-0.44771573	51.536
-1.4305356	-9.616311	0.010773907	51.601
-2.1691468	-11.372458	1.6017209	51.651
0.11731588	-11.790246	0.48722005	51.701
-3.478775	-13.661315	-2.4301147	51.74
-5.4671597	-12.240356	3.0609868	51.792
-1.6436194	-10.8864355	-3.309984	51.842
-2.268506	-8.610746	-0.6655881	51.891
-3.0933087	-6.921637	-0.05267244	51.941
-2.1667526	-3.3865983	0.50517654	51.993
-1.6160861	-3.9372647	-0.47764325	52.02
-2.6862943	-9.330204	2.6168625	52.102
-1.7298107	-11.4119625	3.570952	52.151
1.2366052	-13.542802	3.016694	52.201
-4.3155484	-16.188395	-1.6915035	52.251
-8.919599	-8.415619	-4.55856	52.3
-3.1663318	-5.8226986	1.7298107	52.341
-4.050989	-9.040505	-0.6895301	52.399
-3.8666358	-7.3873096	-2.160767	52.45
-0.8391677	-6.4487824	-0.29927522	52.5
-0.8774749	-6.9862804	-0.18555063	52.541
-0.49559975	-8.973468	0.12090719	52.592
-1.4628572	-10.235212	0.8738836	52.641
-0.6847417	-11.33894	3.1998506	52.696
-0.7266402	-10.292673	0.8511387	52.737
-4.2054152	-11.960235	-1.2330139	52.797
-2.9472623	-17.3005	-1.400608	52.837
-1.6136919	-8.554482	-0.30885202	52.893
-1.9476831	-5.9483943	0.04189853	52.942
-2.5318682	-3.3674448	1.3838485	52.992
-2.64679	-4.5860934	-0.6775591	53.022
-2.1703439	-8.397662	3.417723	53.1
-0.6428431	-9.284714	3.4045548	53.151
0.9552865	-15.354015	2.2242134	53.201
-11.337742	-19.6133	-1.8950106	53.251
-4.274847	-6.0106435	-3.3973722	53.302
-1.6915035	-8.23366	0.031124622	53.352
-7.2831616	-8.447941	-1.5741876	53.402
-2.2481554	-8.687361	-0.074220255	53.452
1.091756	-4.9081135	-0.21906945	53.492
-0.17597382	-6.733692	-0.7445967	53.543
-1.6675615	-9.354146	0.015562311	53.6
-1.6927006	-11.21085	1.4951789	53.651
-1.3395559	-12.064383	2.7257986	53.701
-2.9987376	-13.866019	-5.2516813	53.751
-7.052121	-10.782288	-0.088585466	53.802
-1.6938977	-10.454282	-1.4580688	53.852
-2.0626047	-11.161768	-1.7741034	53.902
-4.0438066	-8.209718	0.9864111	53.952
-1.3311762	-2.8179753	0.92535895	53.993
-1.4891934	-4.63278	0.10414778	54.023
-2.6001031	-9.188946	2.1404164	54.101
-0.6835446	-10.515334	3.1878796	54.151
-0.33039984	-13.624205	4.096479	54.201
-7.965509	-12.965799	-4.9763484	54.25
-9.69532	-11.414356	-0.44651863	54.292
-5.864597	-7.265205	-1.899799	54.352
-6.0441623	-8.9279785	-0.5434838	54.402
-3.537433	-8.06008	-1.2473791	54.452
-1.8363527	-6.999449	-1.210269	54.493
0.19871874	-4.984728	-0.09816227	54.542
0.10175357	-5.686229	-0.39863458	54.603
-1.7130513	-8.377312	-0.20350714	54.643
-1.3922282	-10.697293	1.6591818	54.703
-1.7298107	-12.261904	0.93972415	54.748
0.700304	-12.217611	1.899799	54.783
-6.31351	-11.425131	-1.2737153	54.851
-5.3019595	-9.865308	-1.2437878	54.901
-1.5370775	-11.348516	0.32321724	54.951
-2.5222914	-9.212888	-0.842759	55.0
-2.765303	-6.781576	-0.48841715	55.032
-1.2042835	-3.405752	0.46686932	55.102
-3.1711202	-5.744887	1.2988545	55.152
-2.3235726	-8.945934	1.5705963	55.202
-1.8219875	-10.408792	3.4249055	55.252
-0.50517654	-11.85489	2.5737667	55.303
-0.22625206	-10.521319	5.9292407	55.343
-13.48175	-16.6816	-4.1024647	55.393
-8.086416	-5.6706667	-3.3985693	55.453
-4.5896845	-8.374918	1.2904748	55.503
-4.4005427	-7.1407065	0.7697359	55.545
-2.1392193	-7.5920134	-1.7357962	55.593
-0.24779987	-6.5696893	-0.18435353	55.653
-1.7980455	-6.859388	0.017956512	55.703
-0.46926352	-7.5082164	0.94810385	55.754
-0.22026655	-9.812635	0.91458505	55.805
-1.1456255	-11.444284	1.3443443	55.843
-0.39504328	-11.416751	0.59017074	55.893
-4.11683	-8.687361	0.6703765	55.933
-11.026496	-14.771028	1.258153	56.0
-4.2066126	-17.987637	1.5442601	56.03
-1.1073183	-8.121132	1.5658079	56.101
-1.3575124	-4.9057193	0.35314476	56.151
-3.606865	-4.844667	0.2813187	56.2
-2.906561	-6.027403	0.4405331	56.252
-0.6979098	-7.73806	2.2266076	56.302
-0.90021986	-9.428367	4.3167458	56.352
-1.210269	-17.351976	-2.396596	56.402
-7.908048	-14.391546	1.1456255	56.443
-0.33638534	-6.0357823	0.61770403	56.492
-6.0740895	-9.325416	-0.61291564	56.543
-4.1683054	-9.829395	0.12808979	56.593
-1.2689269	-6.0166287	-0.46208093	56.653
-0.1388637	-6.2500634	-0.2645593	56.703
-1.0187328	-7.8039002	-0.8714894	56.752
-1.6519991	-9.956287	-0.676362	56.803
-2.03148	-11.039664	1.9357121	56.843
0.36032736	-10.204087	2.6072857	56.902
-0.6392518	-8.725668	0.5374983	56.953
-5.639542	-10.657789	-3.7433343	57.003
-3.2190042	-15.764621	-0.92296475	57.042
-3.3051953	-10.336966	-0.91099375	57.102
-1.1384429	-7.0569096	0.22864626	57.15
-2.5905263	-4.5741224	0.79367787	57.201
-2.1212628	-6.2512608	-0.5279215	57.252
-2.96881	-8.052897	1.5095441	57.292
-2.5965118	-9.475053	2.1703439	57.351
0.272939	-10.044873	3.5003228	57.402
1.0151415	-10.996569	3.3159695	57.453
-10.163386	-19.6133	-5.4180784	57.502
-4.0557775	-5.4922986	-2.3786395	57.543
1.364695	-7.21373	0.78649527	57.592
-6.125565	-9.200917	-0.9528923	57.65
-2.4265234	-7.1407065	-0.6440403	57.701
-0.93134445	-5.8813562	0.073023155	57.751
0.36032736	-7.831434	-0.9792285	57.801
-2.1763294	-10.362105	0.05865794	57.85
-1.6472107	-12.093113	1.3730747	57.891
-0.39264908	-10.812215	3.2609026	57.941
-0.038307227	-9.721656	-0.2825158	58.002
-4.7524905	-7.1969705	-6.975507	58.032
-3.21661	-18.426973	0.37110126	58.087
-7.3789296	-7.314286	-0.7206547	58.15
-0.38187516	-5.2289367	0.89543146	58.202
-1.3958195	-6.493075	0.23702596	58.251
-3.5110967	-7.4004774	-0.20111294	58.291
-1.5981296	-8.00621	2.0757728	58.35
-1.5813702	-9.411607	2.6240451	58.392
-0.4357447	-9.139865	2.5067291	58.441
-8.689755	-15.682021	-6.8067155	58.495
-11.60709	-10.668563	-0.47165772	58.541
-7.1885905	-6.75524	-0.41060558	58.586
-5.195418	-10.089166	2.0231004	58.627
-2.870648	-9.598354	-2.0769699	58.693
-1.2210429	-7.8326306	0.12330139	58.75
-2.220622	-8.180987	-0.48243165	58.801
-1.9931729	-8.358158	-0.027533319	58.84
-1.4173675	-8.719683	0.36032736	58.896
-1.7932571	-8.925584	0.10414778	58.946
-0.80564886	-9.2547865	-0.88944596	58.986
-3.799598	-9.41041	3.8019924	59.037
-7.6829934	-12.915521	1.2761095	59.091
-2.0039468	-7.839813	1.4269443	59.141
-1.4317327	-8.030152	2.5270798	59.19
-4.3514614	-7.9032598	1.7130513	59.25
-3.2908301	-9.150639	1.2964603	59.3
-3.083732	-8.248025	2.2026656	59.342
-3.1435869	-8.858546	2.2146366	59.391
-2.4552538	-10.614694	0.7529764	59.449
-1.2856863	-10.26514	0.10295067	59.5
-2.0578163	-8.831013	0.8463503	59.541
-3.1112652	-8.856153	1.412579	59.592
-4.63278	-8.895657	3.1028855	59.649
-1.6484078	-9.19134	0.6631939	59.7
-2.8275523	-9.26197	1.7357962	59.75
-3.3794158	-9.097966	2.0769699	59.799
-2.9173348	-9.126697	2.0697873	59.85
-2.778471	-9.218874	1.0642227	59.9