7.406463	3.6535518	5.461174	0.146
7.608773	3.5170822	5.463568	0.196
7.589619	2.2637177	6.0381765	0.246
8.030152	0.94570965	6.3458314	0.296
6.3661823	-0.6775591	7.406463	0.346
6.815095	0.6907272	7.229292	0.395
7.848193	2.954445	7.380127	0.446
6.6726403	2.4049757	6.2871737	0.496
7.195773	1.234211	6.930017	0.546
6.6247563	0.02633622	7.01142	0.596
6.4427967	0.7266402	6.8426285	0.646
6.861782	-0.11133038	7.0844426	0.696
3.2908301	-1.3275849	7.109582	0.747
4.0342298	0.23463176	8.774749	0.796
6.6642604	-0.11851298	8.301894	0.846
6.76362	-0.06584055	7.228095	0.897
6.83784	-0.6859388	7.3166804	0.947
6.969521	-0.8499416	7.37055	0.977
6.8653736	-0.7673417	7.2711906	1.047
5.943606	-1.2234371	7.4974427	1.097
5.8262897	-1.3970166	7.7847466	1.147
5.8825536	0.02633622	7.001843	1.197
7.2939353	1.0582372	7.4112515	1.247
6.7384806	1.2940661	6.06571	1.297
5.2037973	1.1444284	7.928399	1.347
8.069656	0.11133038	7.6949644	1.397
5.7604494	-0.6584055	8.74961	1.447
5.795165	-1.1360487	10.449493	1.498
15.066711	-2.5689783	13.888764	1.547
9.945514	3.5529952	6.3949127	1.597
2.6635494	10.919954	-5.7377043	1.647
-5.00867	2.0410569	1.9428947	1.697
-0.2753332	-0.60333884	4.900931	1.747
12.382812	2.2469583	12.302606	1.811
4.128801	-3.1591492	14.320917	1.847
2.208651	0.90620536	11.759122	1.898
6.9360023	3.2597055	7.880515	1.947
4.6339774	1.8447324	8.542512	1.977
2.4600422	-0.02873042	8.063671	2.049
2.172738	0.034715924	10.31063	2.101
1.7669208	1.435324	9.321824	2.149
1.5179238	1.8423382	9.445126	2.197
4.5118732	2.0805612	11.170148	2.248
7.7703815	2.0482395	9.76954	2.3
6.6247563	3.0119057	8.244433	2.348
3.1352072	2.5953147	7.4962454	2.398
1.3215994	2.6431987	7.9188223	2.45
-1.0175357	3.7912183	8.743625	2.498
-0.08738836	4.0677485	9.409213	2.549
0.29448682	4.120421	10.092757	2.598
0.30885202	3.028665	10.237606	2.647
-0.60094464	3.13401	9.785102	2.697
-1.7669208	2.4648306	9.173384	2.75
-1.7357962	2.2373815	9.314642	2.781
-2.5330653	2.1859062	9.378088	2.849
-3.0071173	1.5167267	9.2787285	2.9
-4.3275194	1.2976574	7.1706343	2.95
-5.0421886	1.8495208	6.8569937	2.977
-5.6215854	3.2154129	7.3909006	3.046
-5.9041014	2.9987376	7.4327993	3.097
-7.171831	3.3794158	7.2221093	3.144
-5.9783216	2.6060886	7.2113357	3.197
-6.161478	2.3259668	6.7612257	3.25
-5.60722	1.8770541	7.4507556	3.3
-6.2704144	2.0219033	6.7384806	3.342
-7.15986	3.1627405	6.4906807	3.381
-6.6391215	2.705448	6.7624226	3.451
-7.338228	2.3092074	6.0501475	3.502
-8.349778	3.052607	5.2361193	3.551
-8.604761	1.9728222	5.068525	3.602
-8.708909	0.35793316	4.274847	3.651
-8.9363575	0.59017074	4.56694	3.702
-8.365341	0.8858546	4.250905	3.751
-9.473856	1.8626889	3.300407	3.802
-9.90601	3.1256304	4.1862617	3.851
-10.126276	3.1423898	3.8367083	3.901
-9.2907	1.9668367	2.8215668	3.952
-8.237251	1.7190368	3.1244333	3.969
-9.737218	1.2557588	3.2716765	4.052
-8.091205	1.0486604	4.132392	4.1
-7.679402	1.2246342	4.248511	4.139
-10.704475	1.7645266	3.2992098	4.202
-8.425196	1.9871874	3.6750996	4.239
-8.02297	1.8531121	4.3239284	4.302
-11.256339	1.6675615	3.288436	4.352
-8.687361	1.9405005	3.4249055	4.398
-9.433155	2.1751323	3.7433343	4.449
-9.370906	2.043451	3.9600096	4.499
-9.3733	1.6687586	4.746505	4.549
-7.052121	-0.021547815	5.1690817	4.597
-5.4791307	0.49799395	5.7879825	4.65
-4.0402155	0.6500258	7.6363063	4.681
-2.007538	2.1057005	9.376891	4.75
-1.7525556	1.3994108	9.221268	4.8
-1.3455414	1.1432313	9.515755	4.85
-0.8331822	1.3718776	8.495825	4.9
-0.19752164	1.151611	8.655039	4.951
2.6132712	0.9828198	8.514978	4.967
7.275979	-0.6715736	10.075998	5.049
4.158728	-1.1587936	8.949526	5.098
7.9331875	-0.23582886	7.445967	5.148
8.307879	0.06464344	7.025785	5.196
9.774328	0.93613285	5.2923827	5.25
9.306262	0.59495914	5.3845596	5.3
9.271546	0.5602432	5.5461683	5.35
8.078036	2.717419	3.7972038	5.4
8.955511	2.8167782	4.277241	5.442
10.461464	2.8275523	3.490746	5.482
9.551667	0.094570965	3.7936125	5.551
8.790312	1.9919758	3.702633	5.602
10.031705	2.9101522	4.390966	5.665
7.374141	2.4875755	5.697003	5.698
6.7444663	0.29448682	6.963536	5.748
7.0545154	-2.433706	6.906075	5.798
7.103596	-1.9405005	7.098808	5.848
8.305486	0.09935937	6.719327	5.896
5.073313	1.7345991	6.609194	5.95
4.3873744	1.1432313	6.8402343	5.977
7.026982	1.7753005	7.6722193	6.047
5.6407394	-0.80564886	8.573636	6.1
6.2392898	0.89423436	7.7308774	6.15
5.436035	2.0590134	8.149862	6.2
4.855441	1.1911154	8.651448	6.249
5.0493712	1.0498575	7.5824366	6.301
6.147113	1.7046716	6.3123126	6.351
7.1383123	1.151611	7.2221093	6.383
8.264784	1.5526398	7.5584946	6.438
6.517017	0.8858546	7.8637557	6.483
6.26802	2.9999347	7.074866	6.546
4.2173862	1.0450691	7.645883	6.596
4.7297454	-0.044292733	8.639477	6.646
5.4982843	0.688333	8.589199	6.696
5.225345	1.5765818	7.9128366	6.747
5.01705	0.866701	8.544906	6.797
6.567295	1.5227122	7.428011	6.847
6.289568	0.56982	8.350976	6.897
5.556942	0.62608373	7.690176	6.948
4.710592	0.7529764	8.671799	6.975
4.951209	0.8535329	8.396465	7.047
4.7321396	1.2246342	8.53892	7.096
4.5765166	1.0714053	8.37372	7.146
4.56694	0.4249708	8.564059	7.197
4.545392	0.7625532	9.010578	7.247
5.0517654	-0.04189853	8.178593	7.296
4.4568067	0.23822308	8.833407	7.347
5.4504004	0.34596214	8.09719	7.397
5.1810527	0.94930094	8.467094	7.448
5.4743423	0.61770403	8.335413	7.499
5.3821654	0.91937345	8.693346	7.548
5.2385135	0.9552865	8.438364	7.598
5.246893	0.973243	8.167819	7.648
5.6299653	0.93852705	8.5700445	7.698
5.0182467	0.6727707	8.468291	7.748
5.243302	0.7433996	8.88608	7.798
4.771644	0.7769185	9.144653	7.848
4.5872903	1.2258313	9.14585	7.898
6.1004257	1.9297266	9.175778	7.948
6.75524	1.9261353	8.087613	7.978
4.674679	1.1312603	8.474277	8.046
3.5170822	1.0450691	8.75799	8.096
2.4959552	1.0737995	9.052477	8.146
1.1228806	1.1061212	8.823831	8.196
-0.011971008	1.5849615	9.138668	8.245
0.7218518	1.3958195	9.570822	8.297
0.15801731	1.472434	9.336189	8.35
0.38307226	2.0925324	9.027337	8.4
1.0570401	2.7090392	9.4295635	8.45
1.282095	2.136825	8.933964	8.5
-0.89782566	2.516306	9.176975	8.55
-0.6895301	3.1160536	9.333796	8.6
0.34117374	2.146402	9.363723	8.65
1.8171991	0.30286652	7.5405383	8.7
1.8602947	0.4237737	10.564415	8.751
2.0697873	1.5454572	10.119094	8.788
3.2668881	0.1316811	11.495759	8.837
0.6835446	-0.24061728	10.644621	8.888
1.7429788	0.36870706	8.565256	8.938
1.5358804	-1.1348516	10.019734	8.978
6.7253127	0.50757074	8.499416	9.049
8.713697	4.346673	7.183802	9.098
3.6212301	0.5770026	6.364985	9.148
4.292804	0.79846627	12.583924	9.197
6.4368114	4.5358152	9.089587	9.25
3.9193082	2.9340942	5.7520695	9.3
4.894945	1.7860745	6.8689647	9.341
6.3003416	-0.9720459	9.49301	9.397
4.1718965	1.9129672	8.8884735	9.457
5.41329	3.8307228	7.2233067	9.497
8.687361	2.3463178	7.5070195	9.547
6.4380083	3.2321723	6.683414	9.598
5.9759274	1.2545617	8.281544	9.642
5.389348	0.37349546	8.734048	9.682
5.663484	0.5650316	8.700529	9.746
3.8845923	1.6675615	9.706094	9.796
4.4436383	1.3395559	8.996213	9.846
5.297171	-0.17836803	9.160215	9.896
2.171541	0.34117374	8.347384	9.947
-0.37469256	1.3467385	8.1642275	9.981
0.17597382	1.0115502	9.509769	10.046
0.15083471	1.8555063	10.040085	10.097
2.6048915	1.8255788	9.642648	10.147
2.7820623	2.172738	9.467871	10.197
3.8426938	1.4053963	9.115923	10.247
3.693056	1.8686744	9.272743	10.298
2.8419175	1.9620483	9.108741	10.342
2.6144683	1.875857	9.605537	10.382
1.9117701	1.3575124	9.902418	10.442
1.9644425	1.3575124	9.2907	10.482
1.9907787	0.34596214	9.349358	10.542
3.4093432	1.2030864	9.911995	10.582
3.1675289	2.3235726	8.603564	10.642
0.1352724	-0.5734113	10.014946	10.705
3.7481227	1.2366052	9.144653	10.746
6.039374	3.3674448	7.9834657	10.796
2.813187	1.2425907	8.009802	10.846
3.582923	1.0283096	9.408015	10.895
3.5781345	0.50278234	9.220071	10.95
2.6264393	-0.79128367	9.81503	10.986
4.3023806	0.02873042	8.969876	11.047
6.3003416	0.22146365	7.9702973	11.1
6.0884547	0.60453594	8.133103	11.141
7.065289	1.8579005	7.357382	11.2
7.6243353	2.4145525	6.6044054	11.25
7.3346367	1.1731589	7.017405	11.3
6.3338604	1.0642227	7.574057	11.35
6.0728927	0.39743748	7.9702973	11.382
5.931635	-0.49200845	7.848193	11.451
6.670246	-0.044292733	8.60117	11.488
8.696938	1.7154455	8.069656	11.553
6.930017	1.6172832	7.526173	11.588
5.795165	0.973243	8.899248	11.651
5.7867856	1.483208	9.625888	11.688
5.3259015	1.3599066	9.93474	11.738
5.386954	0.770933	8.817844	11.783
3.502717	1.9979613	4.8398786	11.851
1.9285295	3.6104562	3.4560301	11.883
2.7210102	1.7525556	3.7828386	11.947
2.2780828	2.932897	6.0501475	11.985
3.2860417	1.4496891	10.510546	12.049
9.052477	-2.4540567	11.443087	12.098
6.423643	-0.037110128	8.514978	12.15
7.517793	-0.11731588	6.885724	12.199
7.240066	-0.49200845	6.027403	12.25
7.1131735	-0.8798691	6.1519012	12.3
8.684967	-0.7026982	4.9416323	12.352
8.512584	-0.5446809	4.1252093	12.402
9.562442	-0.50996494	2.098518	12.451
10.460267	-0.5746084	2.1188686	12.488
10.478224	-1.8950106	2.0266917	12.538
9.945514	-1.8950106	1.6496049	12.601
9.202114	-1.9476831	1.520318	12.651
9.773131	-1.7190368	1.0187328	12.702
9.31105	-1.9656396	1.1779473	12.748
8.787917	-1.9835961	0.973243	12.798
9.297882	-2.0207062	0.6655881	12.848
9.822212	-1.7681179	-0.005985504	12.9
9.816227	-1.6484078	-0.16998832	12.945
9.672575	-1.7274165	-0.21547815	12.985
9.76954	-1.6172832	-0.39384618	13.047
9.921572	-1.4149733	-0.46926352	13.097
9.698911	-1.4341269	-0.35314476	13.141
9.667787	-1.435324	-0.23463176	13.194
9.690532	-1.3251907	-0.12569559	13.25
9.709685	-1.3634979	-0.045489833	13.3
9.368511	-1.5849615	-0.08140286	13.35
9.545682	-1.5610195	-0.047884032	13.4
9.566033	-1.4281414	-0.18555063	13.45
9.714474	-1.5059528	-0.20350714	13.5
9.835381	-1.496376	-0.21188685	13.55
9.841366	-1.5682021	0.092176765	13.6
9.409213	-1.6041151	0.52073884	13.649
9.379285	-1.5179238	1.0031705	13.699
9.704897	-1.2330139	1.0510546	13.742
9.750386	-1.1061212	0.8379706	13.781
10.16578	-1.2844892	0.6955156	13.847
9.945514	-1.186327	1.021127	13.897
9.652225	-1.4975731	1.5155296	13.947
9.39365	-1.0737995	2.0111294	13.987
9.354146	-0.92775315	2.3259668	14.048
9.234436	-1.0354922	3.5087025	14.098
10.21127	0.092176765	3.9516299	14.148
8.595184	-0.49919105	3.276465	14.198
7.6015906	-0.7469909	4.6603136	14.245
8.248025	-0.80086046	5.5162406	14.297
6.077681	-0.7314286	5.8238955	14.35
6.5625067	-0.89543146	6.423643	14.396
8.248025	-0.94451255	6.2524576	14.45
8.78672	-1.2066777	5.1547165	14.5
8.305486	-0.7098808	5.898116	14.55
8.076839	-0.7266402	6.55293	14.6
8.2516165	0.1436521	8.301894	14.651
10.8708725	0.35434186	9.65821	14.701
7.699753	1.5945383	9.488221	14.751
4.9464207	3.4081461	7.5046253	14.801
2.6300306	6.477513	3.0502129	14.851
4.441244	3.4213142	0.830788	14.901
3.716998	-0.6895301	1.5490485	14.948
5.2121773	-0.19153613	7.0664864	14.986
9.967062	3.3854012	10.103531	15.05
7.2221093	3.5338416	10.250774	15.096
4.570531	2.0350714	9.680955	15.147
3.655946	2.2062569	9.7563715	15.197
4.9224787	1.9788077	8.6334915	15.247
3.774459	1.3335704	8.716091	15.297
4.4184995	1.5825673	9.41041	15.348
2.7952304	2.1667526	9.363723	15.398
1.6005238	2.1535845	9.64983	15.442
0.81881696	1.7848774	9.964667	15.503
1.1432313	2.4265234	9.568427	15.546
0.6404489	2.0494366	9.69532	15.596
-0.8391677	2.4037786	9.487024	15.646
-1.9500773	2.1894975	9.349358	15.696
-2.731784	2.136825	9.157822	15.746
-3.6822822	2.110489	9.058462	15.797
-3.6128504	2.3558946	8.742428	15.847
-4.261679	1.7561469	8.591593	15.897
-4.710592	1.8315643	8.416816	15.947
-5.183447	1.5310919	8.619126	15.988
-5.0278234	1.9488802	8.37013	16.046
-4.4400473	2.5067291	8.2516165	16.096
-4.4807487	2.7569232	8.584411	16.146
-3.4512417	2.3235726	8.516175	16.196
-4.011485	2.0039468	8.273164	16.245
-3.9468415	1.9536686	8.853758	16.297
-3.6870706	1.8267759	9.52174	16.347
-3.5326445	1.8339585	9.241618	16.396
-4.56694	1.5526398	7.491457	16.447
-4.642357	1.7980455	8.256405	16.498
-4.012682	2.1272483	9.093178	16.548
-3.2369606	1.3012487	9.880871	16.598
-2.4995465	1.2976574	9.892841	16.648
-1.8555063	1.1168951	9.743204	16.698
-2.2972364	1.553837	9.859323	16.748
-2.0649989	1.7968484	9.941922	16.804
-1.2964603	1.4137762	9.679757	16.849
-0.6548142	1.4891934	9.870096	16.896
-1.2006922	1.3132197	9.392453	16.946
-1.1779473	1.2988545	10.33098	16.986
0.005985504	0.62249243	10.198102	17.046
0.09696517	-0.44891283	9.76954	17.097
-1.4377182	-0.2717419	10.044873	17.142
-1.6328455	0.93254155	9.466674	17.202
-1.7310078	0.9804256	9.55047	17.241
-1.8136078	1.2246342	10.152613	17.303
-1.2785037	2.3199813	9.491813	17.346
-1.7106571	1.520318	9.309854	17.396
-0.961272	1.1540052	9.868899	17.446
-0.24061728	1.5490485	9.791088	17.496
-0.5542577	1.5286977	9.490616	17.547
-1.4317327	1.3742718	9.753978	17.597
-1.2497733	1.4101849	9.952697	17.642
-0.62728083	1.6041151	9.764751	17.697
-0.59615624	1.3144168	9.625888	17.742
-0.33758244	1.2761095	9.874885	17.797
-0.04309563	1.8938135	10.503363	17.842
1.0965444	1.5454572	10.103531	17.897
0.93493575	1.2318168	9.329007	17.945
-0.009576807	1.7166426	9.653421	17.985
-0.19273324	1.4867992	9.355343	18.049
-0.25737667	1.7501614	9.697714	18.095
-0.4333505	1.8411411	10.120291	18.15
-0.48722005	1.4149733	9.417592	18.2
0.18195933	1.6292542	9.490616	18.25
0.18674773	1.578976	9.100361	18.3
-0.2693477	1.7729063	9.605537	18.342
1.234211	1.340753	9.483433	18.395
1.5837644	1.3072342	9.448717	18.45
2.6898856	1.4149733	9.396045	18.5
3.441665	1.2952632	9.028535	18.55
4.999093	1.5741876	9.115923	18.6
5.258864	1.9871874	8.6299	18.65
5.4683566	1.459266	8.336611	18.7
5.106832	0.9840169	8.257602	18.75
5.3582234	0.81402856	8.379706	18.8
5.801151	0.93613285	8.194156	18.849
6.3446345	0.7517793	7.9691005	18.9
6.235698	-0.7517793	7.431602	18.946
5.795165	0.36990416	7.514202	18.985
6.5349736	0.4345476	7.0724716	19.047
7.36217	0.16160862	7.3549876	19.097
7.32506	0.36511576	6.7971387	19.15
6.597223	0.10414778	7.049727	19.2
6.289568	0.0023942017	7.69257	19.25
6.7743936	0.30526072	7.589619	19.297
6.803124	0.21787235	7.2245035	19.348
6.537368	0.046686932	7.809886	19.398
6.5481415	0.06344634	7.7129207	19.448
6.266823	0.062249243	7.952341	19.497
5.7065797	0.17118542	8.374918	19.55
5.4659624	0.20949265	8.597578	19.6
5.935226	0.641646	8.541314	19.65
5.7520695	0.79487497	9.0429	19.7
4.8386817	0.581791	9.044097	19.752
3.6750996	0.58538234	9.508572	19.782
4.1814733	1.0223241	10.214862	19.848
4.0976763	1.2401965	11.255142	19.898
4.334702	0.8678981	11.736377	19.948
-1.4221559	0.94690675	7.6506715	19.985
-1.2976574	2.7485435	5.1690817	20.048
-3.9911342	2.8179753	4.334702	20.1
-9.752781	2.4552538	2.2840683	20.15
-10.858902	2.944868	8.455123	20.2
-8.063671	1.5011644	11.383232	20.249
-2.0949266	0.2813187	10.441113	20.301
-1.8698715	0.92655605	9.779117	20.351
-6.5457473	0.63206923	5.5150437	20.401
-7.3442135	1.0857705	7.086837	20.452
-7.049727	1.6543933	8.571242	20.502
-5.531803	1.8339585	7.241263	20.553
-4.413711	0.82719666	9.3182335	20.598
-3.5075054	0.7589619	7.9631147	20.648
-1.6017209	1.6771383	8.415619	20.698
-1.2449849	0.25617957	9.174581	20.748
-0.35434186	0.7757214	9.992201	20.797
2.099715	-0.92296475	10.585963	20.85
4.3275194	-1.3335704	9.424775	20.9
6.4763155	-2.360683	8.26239	20.95
7.5968018	-1.745373	6.4870896	20.987
7.422025	-1.9668367	6.927623	21.048
6.06571	-1.5047557	7.5345526	21.101
11.048044	0.7793127	6.3099184	21.152
7.5201874	-0.80325466	7.811083	21.202
7.0485296	-1.910573	7.0221934	21.25
6.315904	-1.5610195	6.622362	21.302
9.677363	2.5953147	6.6427126	21.351
8.288726	-0.35793316	4.5118732	21.388
6.191406	3.5781345	6.209362	21.452
10.730812	-0.8858546	5.2899885	21.503
3.4344823	-3.525462	11.089942	21.552
4.1479545	2.184709	6.5936313	21.601
6.4547677	-0.724246	8.4647	21.651
7.988254	-4.6471453	5.7616463	21.702
4.485537	3.4392707	6.7708025	21.751
8.222886	0.91219085	6.528988	21.801
4.0318356	-0.22385786	9.064447	21.848
1.0199299	-3.193865	9.295488	21.898
4.751293	-1.8195933	9.051279	21.948
4.38498	0.17956513	9.287108	21.998
8.034941	0.90261406	7.727286	22.05
6.68102	1.0761937	6.3685765	22.097
3.0334535	1.5526398	6.731298	22.15
3.9636009	-1.9776106	10.608707	22.202
3.0909145	-0.29448682	9.452309	22.25
8.652645	4.1611223	10.0748005	22.29
0.45130703	0.4237737	9.716867	22.338
10.188525	1.0366893	8.6334915	22.401
3.8714242	-0.31364042	9.41041	22.452
5.9663506	-6.2500634	7.4112515	22.499
4.6950297	1.3227965	7.386112	22.548
7.0832458	3.7972038	7.704541	22.598
2.2709002	-1.3934253	11.751939	22.648
3.3387144	-0.4261679	9.149442	22.697
6.9491706	0.107739076	7.062895	22.75
5.457583	-0.5422867	7.3549876	22.8
8.180987	-2.5067291	9.169792	22.85
5.2684407	0.45729253	6.528988	22.901
6.8366427	-1.3383588	6.375759	22.951
7.098808	-2.1200657	9.083601	22.988
7.098808	-2.1200657	9.083601	22.988
8.281544	2.8909986	5.9567738	23.098
2.1332338	-1.8866309	11.288661	23.148
5.282806	-3.502717	6.4308257	23.198
8.042124	2.6240451	7.4627266	23.248
3.5577838	0.45968673	11.562798	23.297
7.9714947	-5.7987566	6.179435	23.347
7.621941	1.283292	6.7492547	23.381
8.412027	-3.3973722	10.380061	23.447
8.704121	-4.0761285	4.19943	23.481
0.46686932	4.8781857	7.8984714	23.547
7.824251	-4.2185836	8.8645315	23.597
6.337452	0.50278234	6.1938	23.642
4.5046906	0.50278234	8.635885	23.697
6.673837	0.07182605	7.86615	23.747
6.042965	1.7669208	7.7679873	23.797
4.582502	0.3196259	8.771158	23.842
4.0677485	-0.36511576	8.0684595	23.897
5.1367598	-1.0283096	8.738836	23.941
5.374983	-0.7445967	7.964312	23.997
5.044583	-0.8331822	8.1558485	24.045
6.23091	0.6464345	8.215703	24.097
5.9052987	0.7170634	8.1881695	24.142
5.2648497	0.8631097	8.2995	24.197
5.8442464	1.0450691	8.413225	24.242
4.3382936	1.2485762	8.562862	24.295
3.4596214	-1.8136078	8.465898	24.347
4.7081976	1.0079589	9.428367	24.397
6.211756	-1.316811	7.0305734	24.447
4.224569	-0.85473	10.741586	24.497
6.609194	3.1735144	4.6926355	24.548
5.08289	-0.6404489	9.326612	24.598
5.9771247	-1.186327	8.584411	24.643
8.625112	-0.63087213	7.9595237	24.698
1.3395559	1.1851299	7.515399	24.748
6.447585	1.043872	9.909601	24.798
7.393295	-0.985214	10.554838	24.848
5.66947	0.5638345	6.101623	24.897
0.93014735	4.1611223	8.189367	24.949
5.6826377	-1.2366052	10.535685	25.0
9.293094	-1.6891093	7.765593	25.046
6.3003416	-1.435324	7.6829934	25.097
2.9400797	0.5734113	7.5106106	25.142
3.0131028	2.5605986	7.680599	25.181
-0.4225766	0.01436521	10.176555	25.246
4.7429137	-0.724246	9.595961	25.297
11.046846	-0.19273324	5.48751	25.349
6.6846113	-1.2545617	8.219295	25.399
6.704962	2.586935	7.2939353	25.45
5.7784057	-1.021127	11.950658	25.506
-0.1364695	1.2114661	12.223597	25.548
-5.910087	-0.6548142	9.622296	25.598
6.658275	0.9588778	7.2843585	25.648
11.234792	-1.2366052	6.1004257	25.697
10.041282	-1.7980455	6.3099184	25.75
6.7803793	0.20829555	7.615956	25.797
5.425261	0.32920274	9.442732	25.85
2.9005754	-1.2773066	9.030929	25.9
2.6156654	-1.7621324	9.091981	25.95
4.5980644	-0.79966336	9.49301	25.987
7.016208	-2.0817583	8.072051	26.048
4.185065	-1.2749124	7.8888946	26.098
2.7353754	0.48841715	8.77834	26.148
3.845088	1.1611878	9.216479	26.198
3.289633	2.717419	9.904813	26.246
2.219425	2.3690627	10.001778	26.3
0.60573304	0.08379706	10.237606	26.35
3.0382419	0.61650693	12.8053875	26.4
13.828909	4.461595	8.4826565	26.45
10.923545	2.0111294	6.597223	26.482
1.9776106	2.1547816	1.4161704	26.552
-2.4396915	2.3008277	2.6970682	26.587
5.6682725	1.8016368	5.321113	26.638
7.5345526	0.47165772	13.948619	26.697
4.614824	1.9931729	10.117896	26.746
2.3139958	2.445677	9.816227	26.796
2.9580362	1.0618285	9.940725	26.846
2.943671	1.5622166	9.860519	26.897
1.8148049	1.0714053	9.9550905	26.947
0.724246	0.6847417	9.81503	26.997
-0.90500826	0.8511387	9.343372	27.044
-3.0430303	1.448492	8.887277	27.097
-4.1276035	0.5374983	8.639477	27.147
-4.6710877	1.0175357	8.947132	27.197
-5.2804117	1.1456255	8.306683	27.247
-4.3766007	1.4652514	8.728063	27.298
-4.322731	1.5131354	8.445546	27.343
-4.525041	1.0498575	8.378509	27.382
-4.8338933	1.0307038	8.228871	27.443
-4.923676	1.2653356	7.705738	27.482
-6.247669	1.9488802	7.3166804	27.546
-6.588843	1.2210429	6.591237	27.598
-6.566098	0.9588778	6.5589156	27.645
-6.884527	0.24540567	5.5341973	27.698
-8.191761	0.5626374	4.667496	27.754
-9.111135	1.8926164	4.332308	27.794
-8.541314	0.7038953	3.0873232	27.845
-9.314642	0.51595044	3.1148565	27.915
-8.562862	0.82121116	2.3953989	27.945
-10.335769	0.545878	3.0621839	27.997
-10.335769	0.545878	3.0621839	27.997
-10.171766	1.5490485	0.260968	28.097
-10.882844	2.31639	2.4959552	28.147
-11.280281	3.3195608	1.8351556	28.197
-12.41633	1.483208	-2.9293058	28.247
-10.9822035	1.9057846	-0.23223756	28.298
-10.712855	1.4413095	-0.39983168	28.342
-10.675745	1.6412252	-0.34715924	28.382
-10.047267	1.2138603	0.36391866	28.442
-10.290278	1.3946224	0.93373865	28.503
-11.480197	3.2585084	1.3395559	28.542
-9.36492	-0.7374141	2.9604304	28.602
-7.225701	-3.1423898	3.3901896	28.642
-7.6770077	1.5370775	0.4417302	28.682
-6.429629	3.3686419	6.3338604	28.738
-4.936844	1.6543933	7.207744	28.782
-2.8526914	0.32561144	7.9954367	28.838
-1.6400281	0.80684596	9.64983	28.901
-0.94570965	1.328782	9.534908	28.951
0.92057055	1.2797008	9.985018	29.001
1.5801731	0.78410107	9.810242	29.048
2.043451	1.2689269	10.381259	29.098
1.0474633	1.0845734	9.989806	29.149
0.18315643	1.7681179	9.588778	29.198
1.851915	0.8631097	9.423578	29.247
4.3957543	0.80445176	8.926781	29.3
5.8945246	0.5805939	7.8039002	29.35
6.706159	1.3144168	8.2995	29.4
6.549339	1.9069817	7.33344	29.449
5.9148755	1.6891093	8.066066	29.489
5.7808	1.4269443	8.212111	29.538
6.1004257	0.61291564	7.7811556	29.588
6.7360864	0.6811504	7.4232225	29.651
6.8043213	0.58657944	7.4363904	29.688
7.156269	0.24061728	7.1826053	29.738
7.005434	0.5614403	6.907272	29.788
7.7368627	0.9552865	6.8210807	29.851
7.750031	0.60573304	6.956353	29.9
7.6530657	1.1264719	7.1263413	29.948
6.319495	0.89423436	7.505822	29.998
5.9567738	1.0630256	7.788338	30.047
5.7065797	1.151611	8.1163435	30.098
4.983531	1.4077905	8.453926	30.15
5.142745	1.411382	8.669404	30.2
5.3438582	1.2090719	9.012972	30.25
4.179079	1.541866	8.979453	30.3
3.1615434	1.5155296	8.966286	30.351
1.8567034	1.9369092	9.344569	30.398
1.4508862	1.9189527	9.175778	30.448
0.44651863	2.4193408	9.639056	30.498
0.12928689	2.1547816	8.965088	30.548
-0.6847417	2.147599	8.957906	30.596
-1.1204864	2.6360161	9.44752	30.65
-1.6208745	3.098097	9.618706	30.7
-1.7992426	2.516306	8.929175	30.75
-2.1619642	2.9340942	8.968679	30.8
-1.9812019	3.016694	8.887277	30.851
-1.9273324	2.9340942	9.17099	30.901
-1.448492	3.2106245	9.716867	30.951
-1.0378864	2.3139958	8.99741	31.001
-1.3060371	2.7257986	9.31105	31.048
-1.6232687	3.0430303	9.040505	31.098
-1.3682863	2.540248	9.203311	31.148
-1.6891093	2.541445	9.270349	31.197
-1.4329298	2.9735985	9.811439	31.246
-0.7182605	2.4971523	9.582792	31.297
0.2693477	1.7896658	9.828198	31.349
0.7266402	1.9045875	9.623494	31.4
1.4185646	1.9009962	9.873688	31.449
2.2290018	1.4257472	9.562442	31.502
2.2505496	0.8595184	9.557653	31.552
1.103727	0.9959879	10.135853	31.588
-0.47884035	1.4401124	7.914034	31.627
1.4532804	0.48003745	9.433155	31.699
4.390966	1.2737153	8.582016	31.748
5.547365	0.29448682	9.218874	31.798
7.5106106	0.6787562	8.826224	31.847
9.0237465	1.1611878	8.743625	31.897
8.075643	0.047884032	8.985439	31.95
6.987478	0.14724341	9.130288	32.0
6.9611416	-0.11731588	8.541314	32.044
7.192182	0.8367735	6.021417	32.097
6.0357823	3.8762126	4.2042184	32.15
4.4903255	3.156755	4.4077253	32.181
1.2234371	2.6599581	3.466804	32.25
3.1196449	3.8247373	3.8654387	32.299
8.24204	0.16759412	8.944737	32.35
11.255142	-4.369418	14.551958	32.4
3.7720647	-0.18315643	9.718064	32.441
6.769605	-1.4975731	6.066907	32.497
8.176199	-0.6607997	5.555745	32.541
10.868479	-1.5047557	3.6104562	32.597
14.449007	-1.0342951	4.06296	32.641
8.566454	-2.7688942	3.9683893	32.697
6.5098343	-3.582923	4.473566	32.741
3.9719806	-2.8000188	5.1762643	32.797
6.1195793	-3.084929	5.6682725	32.876
7.48188	-2.6862943	5.023035	32.904
10.705673	-2.0135236	4.0916905	32.946
11.86327	-0.5279215	2.658761	32.997
9.198523	-1.8327614	3.4009635	33.047
7.6865845	-1.3299791	5.2289367	33.097
7.4926543	-0.09935937	5.6778493	33.146
9.39365	1.3826514	4.590882	33.197
9.4295635	0.6955156	3.9097314	33.247
10.011354	0.748188	3.5697548	33.298
9.0716305	0.2657564	4.547786	33.342
8.615535	-0.415394	5.234922	33.403
8.002619	-0.7398083	5.530606	33.442
7.78355	-0.62847793	4.973954	33.503
7.833828	-0.25977087	5.2887917	33.542
7.3789296	-1.1683705	5.257667	33.602
7.9942393	-0.6691794	5.565322	33.646
7.9571295	-0.748188	6.0250087	33.696
8.195353	0.21547815	5.9902925	33.746
6.6044054	0.034715924	6.4583592	33.796
7.7440453	-0.12210429	5.9531827	33.847
7.7584105	-0.45370123	6.704962	33.897
8.348581	-0.4249708	7.321469	33.947
10.09994	1.7932571	8.678981	33.997
9.330204	2.4145525	8.042124	34.01
11.118672	1.8052281	4.882974	34.091
4.268862	2.208651	2.0027497	34.146
0.035913024	3.1316159	2.171541	34.196
0.03232172	4.0976763	3.9959226	34.246
8.793902	4.545392	8.064868	34.296
11.449073	-0.0011971008	13.06037	34.345
6.715736	-0.62488663	10.518925	34.397
7.5201874	1.6627731	8.085219	34.447
6.361394	3.4249055	7.374141	34.497
2.5031378	1.6771383	7.7009497	34.547
1.4377182	1.8004397	9.068039	34.598
0.6392518	0.8283938	8.4347725	34.648
1.6998832	3.4344823	10.121488	34.698
1.9021933	2.9101522	9.495404	34.748
0.4417302	2.565387	8.819042	34.798
-0.6368576	3.0933087	8.831013	34.848
-1.4197617	2.3355439	8.608353	34.898
-2.7114334	2.858677	9.713276	34.948
-0.03232172	2.1380222	9.033323	34.999
0.46088383	1.8722657	8.725668	35.008
1.9620483	3.4237084	9.746795	35.091
2.2409728	2.1990743	9.536105	35.148
2.5115175	1.7393875	9.962274	35.198
2.3702598	1.8567034	8.809465	35.248
2.3092074	2.6144683	10.001778	35.297
1.2246342	2.112883	9.248801	35.348
1.4640543	1.7489643	9.467871	35.396
2.719813	2.348712	8.444349	35.446
2.469619	2.5797524	9.544485	35.496
2.6635494	1.5466543	9.31943	35.546
1.8722657	1.8112136	8.921992	35.597
2.0135236	1.8674773	9.0081835	35.647
2.2301989	1.5286977	9.679757	35.697
3.716998	0.5554548	7.541735	35.747
6.0848637	1.9405005	8.277952	35.798
7.7703815	0.44771573	4.909311	35.848
10.26514	1.9189527	6.3793507	35.898
9.500193	-2.1559787	7.5920134	35.948
7.457938	-0.31603462	7.076063	35.998
6.932411	0.17118542	6.8653736	36.008
7.475895	1.3204023	7.1407065	36.097
7.0221934	1.9357121	6.6283474	36.146
6.963536	0.11133038	7.633912	36.196
6.429629	-1.079785	7.195773	36.245
7.1754227	-1.3563153	7.607576	36.297
5.145139	-1.4305356	8.607155	36.347
5.069722	-0.557849	8.123527	36.397
4.056975	0.40462008	8.487445	36.447
5.7843914	1.388637	8.018182	36.498
6.183026	2.2122424	9.137471	36.548
5.151125	1.9153614	8.797494	36.598
4.984728	0.688333	10.038888	36.659
5.0745106	1.1528081	8.306683	36.696
3.0083144	0.7697359	9.173384	36.746
2.765303	1.3431472	8.690952	36.796
2.0745757	3.21661	8.730456	36.845
0.997185	2.9352913	9.194932	36.897
0.40102878	2.1511903	8.973468	36.947
-0.11851298	2.2481554	9.217676	36.998
-0.12210429	2.3104045	9.239224	37.007
-1.198298	2.778471	9.100361	37.091
-1.6627731	1.7274165	9.476251	37.148
-2.2972364	2.2254105	9.23683	37.198
-2.6479871	2.5450363	9.246407	37.248
-2.7832594	2.086547	9.380483	37.298
-2.7485435	1.7142484	9.361329	37.348
-3.228581	1.2533646	9.209297	37.398
-3.1316159	1.4676456	9.016563	37.447
-2.8203697	2.006341	9.465476	37.498
-2.6396074	1.910573	9.411607	37.548
-3.120842	2.0087352	8.947132	37.598
-3.8414967	2.3463178	8.1343	37.651
-4.8374844	2.408567	7.726089	37.708
-6.2847795	1.8794483	7.5525093	37.748
-6.05733	1.4185646	8.264784	37.798
-5.723339	1.1611878	8.476671	37.848
-5.518635	0.7194576	8.195353	37.898
-5.7365074	1.1013328	8.310274	37.949
-6.384139	1.316811	7.4962454	38.001
-6.3901243	1.316811	7.4962454	38.001
-4.68665	2.0482395	8.568848	38.097
-4.6782703	0.7541735	8.680179	38.15
-4.036624	0.25498247	8.661025	38.2
-3.74094	0.79607207	8.910022	38.25
-3.3961751	0.985214	9.238028	38.301
-3.0885203	0.9888053	9.149442	38.352
-2.3127987	1.127669	8.876503	38.382
-0.51954174	0.59615624	9.414001	38.448
0.45010993	0.81402856	8.816648	38.498
1.8112136	0.46208093	8.819042	38.548
4.179079	0.9876082	9.454702	38.598
4.9799395	0.1316811	9.01776	38.65
5.577293	0.24181437	7.823054	38.7
6.0130377	1.1540052	7.517793	38.75
7.493851	0.8451532	6.991069	38.8
7.4124484	1.0223241	6.4523735	38.852
8.177396	1.0761937	6.167464	38.908
8.969876	0.7565677	5.4204726	38.948
9.153033	-0.11372458	5.130774	38.998
9.114726	-0.36391866	4.370615	39.016
10.19451	-1.6065093	1.9979613	39.098
10.517728	-1.2162545	0.8738836	39.145
9.473856	-1.3108255	0.6799533	39.197
9.190144	-1.7836803	0.8822633	39.25
9.652225	-1.9069817	1.3060371	39.3
10.096349	-1.4939818	0.79607207	39.35
10.316615	-1.4915876	1.3311762	39.401
10.06283	-1.3694834	1.9357121	39.451
9.416395	-1.6340426	2.0817583	39.502
9.003395	-1.6747441	2.5151088	39.551
9.3026705	-1.1204864	3.369839	39.6
8.704121	-1.1959038	3.9552212	39.647
8.232463	-1.0103531	4.6112323	39.698
8.124723	-0.8882488	5.449203	39.748
8.062474	-0.6739678	5.579687	39.798
8.052897	-0.61530983	5.803545	39.846
7.493851	-0.37110126	6.125565	39.9
7.28795	-0.62368953	6.2345014	39.95
7.381324	-0.94451255	6.51582	40.001
6.647501	-1.1001357	7.153875	40.045
8.000225	0.24660277	7.5405383	40.097
8.261193	1.1623849	8.321048	40.15
7.410054	0.770933	7.917625	40.199
7.735666	-0.029927522	7.3897038	40.25
5.33069	-0.40940848	7.7105265	40.301
3.371036	1.3874398	8.505402	40.347
1.5442601	2.825158	8.995016	40.398
-0.019153614	2.3104045	8.304289	40.447
-0.23582886	1.816002	9.069236	40.498
-1.3611037	2.2122424	9.424775	40.545
-1.459266	2.0518308	9.959879	40.599
-1.5119383	1.4927847	8.876503	40.649
-2.3762453	1.7836803	9.361329	40.7
-3.466804	1.7417817	8.656237	40.75
-3.645172	1.5993267	8.754398	40.801
-4.1826706	1.4377182	8.735245	40.852
-4.699818	1.5215151	8.848969	40.908
-4.6004586	1.1228806	8.607155	40.948
-4.31914	1.2773066	8.761581	40.998
-4.1395745	1.3874398	8.716091	41.016
-4.6603136	1.6723499	8.477868	41.098
-4.912902	1.5286977	8.623915	41.15
-5.481525	1.2401965	8.558074	41.2
-5.386954	0.6584055	8.839393	41.25
-4.923676	0.48961425	8.707711	41.3
-4.6124296	0.5255273	8.991425	41.351
-4.1802764	0.60453594	8.76996	41.401
-3.9971197	0.92176765	8.896853	41.447
-3.4703953	0.79966336	8.9279785	41.498
-2.743755	0.664391	8.881291	41.572
-2.4049757	0.7505822	9.176975	41.598
-1.0642227	0.7350199	9.107543	41.646
0.80924016	1.0414777	9.436746	41.697
1.9955671	0.8690952	9.194932	41.749
3.5230677	0.49919105	9.078813	41.8
4.3299136	0.545878	8.892065	41.85
4.76087	0.016759412	7.9595237	41.902
5.6922145	-0.59615624	7.2664022	41.951
6.4284315	-0.41180268	7.303512	42.003
7.135918	-0.34835634	7.4351935	42.018
7.4603324	0.21787235	6.4511766	42.099
8.717288	-0.8403648	5.591658	42.148
8.980651	-1.2976574	3.9612067	42.199
9.588778	-1.6053122	2.054225	42.248
9.885659	-1.2593501	0.8846575	42.296
9.847352	-0.91817635	0.40821138	42.352
10.673351	-2.146402	-0.36511576	42.401
10.18254	-1.7130513	-0.5398925	42.45
9.964667	-2.1033063	-0.6847417	42.502
10.018537	-2.1571758	-0.8702923	42.55
9.81503	-2.1763294	-0.94690675	42.599
9.622296	-1.8387469	0.50038815	42.651
10.57878	-0.9564836	0.9576807	42.701
9.752781	-1.3670892	1.3311762	42.738
9.022549	-1.5765818	3.0023289	42.798
8.890868	-1.6867151	3.205836	42.848
8.485051	-1.9285295	3.7780502	42.898
9.045294	-1.9153614	3.5889084	42.948
8.773552	-1.2617443	4.2700586	42.997
8.585608	-1.0546459	4.5537715	43.011
8.358158	-0.8834604	5.2768207	43.097
7.487866	-0.6811504	6.196194	43.15
7.192182	-0.37229836	6.6965823	43.2
7.502231	-0.12689269	7.241263	43.25
7.66384	0.2681506	7.505822	43.3
6.3446345	0.079008654	8.09719	43.351
6.2752028	0.5231331	8.605958	43.402
4.8626237	1.2844892	8.694544	43.451
3.7565024	1.6603789	8.64666	43.502
2.2505496	2.15957	8.752005	43.551
1.6927006	2.7509377	9.150639	43.601
0.47644615	2.2421699	8.230068	43.651
-1.1049241	2.3570917	8.402451	43.701
-1.8207904	2.0242975	9.109938	43.75
-2.694674	1.922544	9.751583	43.801
-2.9173348	1.0187328	9.021352	43.851
-3.669114	1.6065093	9.118318	43.901
-4.0892963	1.6567876	8.604761	43.952
-4.584896	1.2126632	8.645462	44.001
-4.8159366	1.198298	8.549694	44.02
-5.60722	0.94451255	8.198944	44.098
-5.2325277	1.1923125	9.0237465	44.148
-4.7776294	0.7757214	8.66701	44.198
-4.4939165	0.7517793	8.598776	44.246
-4.068946	1.0414777	9.083601	44.3
-3.9935284	0.91458505	8.881291	44.35
-4.223372	0.7398083	8.881291	44.4
-4.408922	1.1611878	9.296685	44.45
-4.2102036	1.0869676	9.163807	44.501
-3.5637693	0.6584055	8.969876	44.551
-3.4045548	0.45609543	9.107543	44.6
-2.8335378	0.93254155	9.578004	44.648
-2.291251	0.8714894	9.433155	44.698
-2.0219033	0.82599956	9.572019	44.748
-1.4927847	0.82599956	9.696517	44.798
-1.1228806	0.9768343	9.6845455	44.85
-0.82599956	0.6548142	9.5385	44.9
-0.23463176	0.7565677	9.563639	44.95
0.6847417	0.58418524	9.421184	45.0
1.0019734	0.6584055	9.605537	45.017
2.1033063	0.31244332	9.449914	45.098
2.2960393	0.5770026	9.606734	45.148
3.1771057	0.2813187	9.53012	45.198
3.855862	0.48362875	8.719683	45.248
4.6603136	0.1340753	8.564059	45.299
5.554548	0.037110128	8.231265	45.344
5.7808	0.31483752	7.8062944	45.397
6.015432	-0.82719666	7.2592196	45.45
6.1507044	-0.5494693	7.3765354	45.5
6.7971387	-0.49200845	6.8653736	45.546
7.4950485	-0.32561144	5.955577	45.6
8.814254	-0.37110126	5.141548	45.649
9.313444	-0.49559975	4.1982327	45.7
9.119514	-0.82480246	3.0226796	45.749
9.6845455	-0.91578215	2.8203697	45.788
9.935937	-0.80924016	2.4672248	45.852
10.032902	-0.62488663	2.1308396	45.888
10.121488	-1.0307038	1.4329298	45.951
10.404003	-0.9684546	0.78649527	45.988
9.817424	-0.8774749	0.6811504	46.018
9.922769	-1.9057846	-0.16160862	46.097
9.2907	-1.5717934	1.4736311	46.148
8.735245	-1.4987702	2.9999347	46.198
8.341399	-1.6579847	2.8263552	46.248
9.26197	-1.3802572	3.1627405	46.3
10.232818	-1.021127	0.80684596	46.35
8.998607	-1.4149733	1.3611037	46.399
8.942344	-1.5394717	0.6871359	46.449
9.433155	-1.1300632	0.92416185	46.502
9.390059	-0.7733272	1.0714053	46.538
9.497798	-0.2825158	1.2677298	46.608
10.107122	0.2705448	1.1683705	46.648
9.961076	0.008379706	0.6500258	46.698
9.589975	-0.12928689	-0.47405192	46.748
10.16578	-0.020350715	-1.2150574	46.797
10.128671	0.2885013	-0.770933	46.85
9.927557	-0.5422867	-1.5873557	46.9
9.689334	-0.6787562	-1.1695676	46.95
9.3733	-0.2705448	-0.93134445	47.002
7.654263	0.48841715	-1.4664485	47.018
10.8624935	0.61650693	-0.8882488	47.099
9.64145	0.19033903	-0.58777654	47.148
9.716867	-0.34237084	0.017956512	47.198
9.710882	-0.545878	1.3551182	47.248
10.0664215	-0.7338228	0.39863458	47.3
9.844957	-0.46208093	1.9428947	47.349
10.036493	-0.21428105	1.6687586	47.4
8.784326	-0.22625206	2.930503	47.45
8.701726	-0.35075054	3.8762126	47.487
9.006987	0.17238252	4.3502645	47.538
8.803479	-0.108936176	5.1846437	47.588
8.963891	-0.047884032	5.33907	47.638
7.979874	-0.5518635	6.0202203	47.701
6.769605	-0.7062895	6.8569937	47.751
5.711368	0.2681506	7.644686	47.798
5.5365915	0.51595044	8.161834	47.848
5.6299653	0.61052144	8.349778	47.898
4.485537	1.0869676	8.269572	47.948
2.5127146	1.5514427	9.0476885	47.997
1.8435353	1.5215151	9.224859	48.025
0.8439561	1.0857705	9.576807	48.097
0.5662287	1.4460979	9.585187	48.15
0.2681506	1.3862427	9.749189	48.181
-0.14724341	1.2545617	9.423578	48.25
-0.14963761	1.2856863	9.713276	48.281
-0.9516952	1.0714053	9.399636	48.349
-1.2880806	1.1695676	9.759963	48.381
-2.1775265	1.0055647	9.485827	48.45
-2.7114334	1.1336545	9.643845	48.5
-2.6791117	0.4165911	8.893262	48.55
-3.2345665	0.37588966	9.368511	48.6
-3.359065	0.4441244	9.272743	48.651
-3.6643257	0.18914193	9.228451	48.683
-3.918111	0.12928689	9.087193	48.742
-4.2664676	0.011971008	8.883685	48.782
-4.771644	-0.20470424	8.847773	48.848
-5.029021	-0.20111294	8.821436	48.898
-5.141548	-0.7398083	8.477868	48.948
-5.1822495	-0.82360536	8.470686	48.998
-5.052963	-0.5758055	7.9595237	49.035
-4.5645456	-0.51355624	8.690952	49.095
-4.1611223	-0.6727707	9.4295635	49.15
-3.515885	-0.39264908	9.403227	49.2
-2.9855695	-0.35553896	9.3182335	49.25
-2.7329812	-0.5674258	9.360131	49.299
-2.4708161	-0.7529764	9.510966	49.351
-1.8016368	-0.5566519	9.603143	49.401
-1.8734628	-0.8750807	9.67856	49.451
-1.555034	-1.1133038	9.481039	49.503
-1.4413095	-0.80804306	9.877279	49.552
0.32202014	-1.13964	9.212888	49.602
1.8183962	-0.5602432	9.229648	49.651
3.0095115	-0.29328972	8.905233	49.702
4.1575313	-0.5554548	8.234857	49.752
6.1327477	-0.2896984	8.583213	49.801
6.099229	-0.30406362	7.357382	49.851
5.7389016	-1.0498575	7.2987237	49.888
6.694188	-1.1121067	6.733692	49.948
7.57286	-0.78290397	6.599617	49.998
7.9990277	-1.246182	5.8825536	50.028
8.220491	-1.7465701	4.677073	50.097
9.119514	-1.7717092	3.1842883	50.146
9.483433	-1.541866	3.1148565	50.196
10.087969	0.25617957	0.91458505	50.246
10.576386	-0.46567222	0.78529817	50.31
10.449493	-0.7302315	0.6560113	50.344
10.075998	-0.8319851	0.49559975	50.397
10.158598	-0.94211835	0.35075054	50.45
10.078392	-0.59256494	-0.17597382	50.5
9.672575	-1.2449849	-0.59735334	50.542
9.66659	-1.0462662	-0.5410896	50.581
10.45069	-0.8882488	-0.24301147	50.65
10.251971	-1.0295067	0.12808979	50.7
10.230424	-0.89064306	0.5614403	50.75
10.1143055	-0.89423436	0.9923966	50.8
10.395624	-0.79008657	1.8339585	50.851
9.694122	-0.9576807	2.919729	50.902
8.7532015	-1.1025299	3.5553896	50.953
8.207323	-0.9672575	4.900931	51.001
7.9834657	-1.0462662	5.2780175	51.038
7.5333557	-0.9888053	5.9148755	51.101
7.016208	-0.9876082	6.4404025	51.148
7.0940194	-0.8774749	6.884527	51.198
6.71813	-0.736217	7.3669586	51.248
6.1064115	-0.6835446	7.997831	51.297
5.825093	-0.4369418	8.529344	51.35
5.530606	0.010773907	8.662222	51.4
4.8398786	-0.29688102	8.619126	51.449
4.655525	0.079008654	8.385692	51.502
2.2876596	0.01436521	8.572439	51.548
1.3982137	0.075417355	8.9998045	51.598
0.7733272	0.47644615	9.557653	51.648
0.4441244	0.41180268	10.31063	51.698
0.7781156	0.4417302	10.125079	51.747
1.127669	0.8511387	10.001778	51.8
0.82121116	0.91458505	9.8916445	51.85
1.2916719	0.58298814	9.554062	51.9
-1.0582372	0.18315643	9.7240505	51.95
-0.8858546	0.61530983	10.169372	52.002
-1.7154455	0.37708676	9.3182335	52.038
-1.459266	0.06943185	8.674192	52.098
-2.8299465	0.16998832	9.137471	52.148
-3.9324763	-0.30885202	9.244013	52.198
-4.602853	-0.33039984	8.850166	52.248
-4.417302	-0.62129533	8.213309	52.296
-4.7297454	-0.8619126	7.619547	52.35
-4.8422728	-0.581791	9.536105	52.4
-4.7070007	-0.9840169	8.763975	52.45
-4.959589	-1.163582	8.75799	52.499
-4.879383	-1.471237	8.541314	52.553
-4.924873	-1.0833763	8.153454	52.602
-4.8614264	-0.8834604	8.190564	52.651
-4.733337	-0.545878	9.064447	52.709
-4.697424	-0.6356605	8.966286	52.748
-4.3299136	-0.37349546	8.974665	52.801
-3.8833952	0.02633622	8.8884735	52.848
-3.7720647	-0.2633622	9.648633	52.898
-3.502717	0.016759412	9.929952	52.95
-3.7062242	-0.06703765	9.297882	53.001
-3.558981	-0.5614403	8.943541	53.037
-4.0414124	-0.15801731	9.380483	53.095
-3.406949	0.039504327	9.129091	53.147
-3.2465374	-0.36511576	9.495404	53.197
-3.132813	0.1436521	9.696517	53.247
-3.1304188	0.08379706	9.714474	53.297
-2.858677	-0.017956512	9.360131	53.347
-2.5342624	-0.4285621	9.6845455	53.398
-1.8219875	-0.21667525	9.387665	53.448
-1.5526398	-0.16639702	10.210073	53.498
-1.0726024	0.47165772	9.4535055	53.548
-0.075417355	-0.18315643	9.725247	53.598
1.7393875	-0.7134721	9.376891	53.648
2.885013	-1.2366052	9.516952	53.698
3.0561984	-2.1811178	9.088389	53.748
2.5450363	-2.2301989	9.380483	53.798
2.846706	-2.0015526	9.68694	53.848
3.9193082	-1.9572599	8.307879	53.898
5.2899885	-0.89303726	8.9124155	53.948
5.657499	-3.0657754	6.9743094	53.998
3.6942532	-2.755726	6.743269	54.036
5.959168	-0.8834604	9.611523	54.096
5.403713	-2.124854	6.585252	54.146
6.540959	-2.2720973	7.445967	54.196
7.606379	-1.4508862	5.0996494	54.245
8.929175	-1.5849615	5.0254292	54.297
9.751583	-1.6077064	4.056975	54.347
9.185355	-1.328782	3.8965633	54.397
9.779117	-1.6364368	3.5051112	54.447
9.313444	-1.7465701	2.4827871	54.498
9.536105	-1.7202339	2.7880478	54.548
9.9790325	-1.5849615	2.099715	54.598
10.084377	-1.7597382	2.585738	54.648
9.594764	-1.6711528	2.7210102	54.698
9.564836	-1.6651673	3.0071173	54.748
9.457097	-1.8411411	3.4404678	54.798
8.759187	-1.887828	3.58412	54.848
8.935161	-1.2629414	4.844667	54.898
8.992621	-1.3563153	5.2636523	54.948
7.762002	-1.7872716	4.9703627	54.998
6.805518	-2.0901382	5.1930237	55.038
7.513005	-1.3431472	6.849811	55.098
6.679823	-0.8331822	7.1083846	55.148
5.683835	-1.4269443	7.3609734	55.198
4.9787426	-1.3802572	7.9367785	55.248
4.2293572	-1.448492	7.7464395	55.296
4.7884035	-0.63087213	8.201338	55.347
4.9775453	-1.7597382	8.548497	55.397
4.5441947	-1.5741876	9.202114	55.447
4.095282	-0.557849	8.342596	55.497
3.645172	-0.21787235	8.7292595	55.548
4.501099	0.16160862	8.848969	55.598
4.5657425	-0.47644615	8.669404	55.642
4.9188876	-0.6356605	9.00579	55.702
4.8147397	-0.6799533	8.112753	55.742
3.775656	-0.48362875	9.157822	55.802
5.2265425	-0.36870706	8.8777	55.842
5.2049947	-0.6380547	9.294291	55.902
4.911705	-0.48482585	8.468291	55.948
4.0019083	-0.6428431	8.423999	55.998
4.271256	-0.7254431	9.131485	56.043
2.7042508	-0.22266077	8.857349	56.097
2.554613	0.05746084	9.495404	56.146
2.0326772	0.037110128	9.510966	56.196
2.0135236	-0.12928689	9.403227	56.246
2.2589293	-0.08140286	9.721656	56.297
2.0697873	0.009576807	9.88925	56.347
1.9847932	-0.06943185	9.605537	56.397
1.8614918	0.10534488	9.788693	56.447
2.6515784	0.022744916	10.146626	56.514
2.516306	-0.4429273	9.793482	56.558
1.9117701	-0.36990416	9.291897	56.596
2.0745757	0.038307227	9.894038	56.646
2.1380222	0.20829555	9.588778	56.696
1.151611	0.19632454	9.339781	56.745
0.49320555	0.2896984	9.726444	56.797
1.7178397	0.45010993	10.291476	56.847
0.9720459	0.15682021	10.013748	56.897
-0.8595184	0.051475335	9.615114	56.947
-1.3694834	0.08259996	8.847773	56.998
-2.72939	0.6332663	8.913613	57.038
-3.1639376	1.0450691	10.011354	57.096
-3.7684734	0.51475334	9.783905	57.146
-3.4799721	0.09935937	9.454702	57.196
-3.5326445	0.19033903	8.9279785	57.246
-4.534618	-0.41060558	8.649054	57.297
-4.5298295	-0.2681506	8.807071	57.347
-3.9839516	0.074220255	9.753978	57.397
-3.7110126	-0.10055647	9.168595	57.446
-2.9747956	-0.17597382	9.287108	57.498
-2.0470424	-0.2813187	9.64983	57.548
-1.8231846	-0.20470424	9.127894	57.598
-1.3263878	-0.1328782	10.38485	57.648
-1.2425907	0.49081135	10.508151	57.698
-1.1097125	-0.01436521	10.237606	57.748
-2.9724014	0.29568392	8.327033	57.808
-3.1747115	0.30885202	11.565191	57.846
-3.964798	-0.59136784	8.651448	57.895
-2.6288335	-0.79008657	9.601946	57.946
-2.3259668	-0.5482722	9.563639	57.997
-1.1755531	-0.18794483	9.599552	58.037
0.34835634	-0.92296475	9.472659	58.097
1.1611878	-1.7741034	9.144653	58.15
1.3204023	-1.3634979	9.827001	58.2
1.0295067	-1.3587095	9.350554	58.25
1.5370775	-1.0570401	9.344569	58.3
2.6396074	-1.3156139	9.087193	58.352
3.6607344	-1.34195	9.224859	58.382
4.782418	-1.8375498	8.218098	58.448
5.686229	-1.3395559	8.221688	58.498
5.6096144	-1.9788077	7.855376	58.548
4.957195	-3.228581	7.771579	58.598
6.0860605	-3.3506854	6.7708025	58.647
5.792771	-3.4799721	5.864597	58.7
7.2005615	-3.4572272	4.8243165	58.75
7.819463	-3.4979286	4.3861775	58.8
8.573636	-2.9388826	4.0665517	58.849
9.508572	-2.469619	4.1276035	58.902
9.343372	-2.2158337	4.1240125	58.951
9.0429	-2.2170308	3.763685	59.001
9.552865	-2.0614076	3.3566709	59.047
9.552865	-2.0614076	3.3566709	59.047
9.582792	-2.4779987	2.5905263	59.148
9.865308	-2.8048072	2.2038627	59.198
9.491813	-2.6491842	2.492364	59.246
9.251195	-2.6420016	2.3918076	59.297
9.645041	-2.3546975	3.1615434	59.35
9.860519	-2.4277205	3.9600096	59.4
7.6506715	-2.6168625	4.8578353	59.45
8.062474	-1.9452889	5.533	59.502
7.4974427	-1.9309237	6.0321913	59.551
6.6187706	-1.62686	7.0425444	59.601
6.4870896	-1.1731589	7.4016747	59.652
6.5708866	-1.3299791	8.033744	59.701
3.9456444	-1.2856863	8.246828	59.751
4.5262384	-0.49440265	8.943541	59.801
4.173094	-0.6548142	10.749966	59.852
3.4093432	-0.055066638	10.577583	59.894
0.6751649	0.35913026	8.568848	59.947
-0.10295067	0.31244332	9.16261	59.999
-0.45609543	-0.7781156	9.222465	60.044
-1.9057846	-0.5781997	9.200917	60.097
-2.2301989	-0.2825158	9.375694	60.15
-3.489549	-1.2533646	10.101137	60.2
-2.918532	-0.34117374	9.31105	60.25
-2.0638018	-0.6380547	9.228451	60.296
-2.0649989	-0.6655881	9.399636	60.35
-2.7940333	-0.16519992	10.052056	60.4
-2.1643584	-0.37469256	9.11712	60.45
-1.5502456	0.20350714	9.338584	60.5
-2.3104045	0.11252748	8.285135	60.547
-0.19991584	0.16280572	10.2974615	60.598
-1.2880806	0.2837129	10.230424	60.647
-0.9744401	-0.03232172	10.251971	60.699
-0.5650316	0.18076223	10.260351	60.747
-0.70509243	0.049081136	10.229227	60.798
