5.896919	-0.23822308	7.827842	0.149
5.90889	-0.2633622	7.833828	0.2
6.706159	-0.90620536	4.0641575	0.249
6.9144545	0.61291564	8.690952	0.299
5.529409	0.1340753	7.69257	0.35
6.0980315	0.2693477	7.357382	0.4
5.9807158	0.093373865	7.8158712	0.449
5.6120086	-1.4544775	8.117541	0.499
5.628768	-1.389834	7.868544	0.55
5.9723363	-0.4309563	8.08881	0.6
5.436035	-0.94092125	8.066066	0.649
7.091625	-0.029927522	6.9264255	0.692
5.8095303	0.35553896	8.328231	0.754
5.616797	-0.32680854	8.009802	0.792
5.852626	-0.24181437	7.8709383	0.854
5.913678	-0.32441434	7.9355817	0.905
5.7999535	-0.2825158	7.854179	0.948
5.708974	-0.23942018	7.880515	0.968
6.1399302	-0.20111294	7.81228	1.046
6.3470287	-0.33159694	7.741651	1.093
6.4416	-0.5674258	7.6410947	1.155
5.9878983	-0.6871359	7.3406224	1.187
6.2524576	-0.8678981	7.657854	1.248
6.3925185	-0.8499416	7.6410947	1.287
6.0561333	-1.1492168	7.5094137	1.347
5.9986725	-1.009156	7.657854	1.387
5.807136	-1.0690111	7.7667904	1.447
5.707777	-1.1192893	7.751228	1.49
5.795165	-0.8367735	7.9068513	1.55
6.0956373	-1.0702082	7.515399	1.607
6.4643445	-0.4321534	7.3549876	1.65
6.585252	-0.82001406	7.380127	1.7
6.505046	-0.35075054	7.7548194	1.743
6.3685765	-0.12569559	7.78355	1.792
5.547365	-0.581791	7.69257	1.854
5.133168	-0.19153613	8.161834	1.893
5.7843914	-0.90859956	8.543709	1.943
6.968324	-2.207454	8.634688	1.98
6.551733	-1.1540052	7.339425	2.046
6.3685765	-0.90740246	7.7069354	2.08
5.267244	0.14844051	7.466318	2.142
5.3713913	0.79128367	7.7440453	2.191
6.0046577	0.16759412	8.034941	2.251
5.9424086	0.36272156	7.678205	2.292
5.947197	0.37708676	7.6003933	2.355
5.649119	-0.06344634	7.8039002	2.404
5.5030727	0.18076223	7.571663	2.453
5.603629	0.38307226	7.654263	2.503
6.9120603	1.0175357	7.463924	2.551
6.918046	0.9588778	7.2819643	2.603
6.835446	0.688333	7.4591355	2.649
6.659472	0.79966336	7.4974427	2.705
6.527791	0.7374141	7.4615297	2.754
6.525397	0.5530606	8.019379	2.818
6.4140663	0.4261679	8.026561	2.85
5.445612	0.020350715	8.311471	2.901
5.106832	-0.39025488	8.833407	2.955
5.3007627	-0.2873042	8.688558	2.981
8.098388	0.60812724	8.548497	3.049
10.02572	1.2761095	8.868123	3.105
9.012972	2.1428106	8.6574335	3.154
6.7684083	2.4516625	5.5401826	3.204
3.2609026	2.6527755	3.3758245	3.255
2.0530279	2.7257986	2.7952304	3.296
3.0705638	2.2709002	2.5929205	3.346
6.0884547	2.1499932	5.3318872	3.396
7.5441294	2.8287494	9.178172	3.446
7.5704656	1.4580688	11.528081	3.496
5.2636523	1.9021933	10.632649	3.546
4.226963	1.8567034	9.7240505	3.595
3.807978	1.8183962	8.528147	3.646
2.9580362	1.6903064	9.0081835	3.696
2.837129	1.3371617	9.730036	3.745
2.4241292	1.7812861	9.4535055	3.796
1.2856863	1.946486	9.925163	3.846
0.5398925	1.8243817	9.909601	3.896
1.0163386	1.5981296	9.726444	3.946
0.557849	1.459266	9.352949	3.972
0.45848963	1.8483237	9.459491	4.04
-0.6895301	1.8818425	9.193734	4.105
-1.1216835	2.1906946	9.463082	4.153
-1.2797008	1.8291701	9.685743	4.2
-1.2856863	1.5825673	10.012551	4.251
-0.664391	1.8555063	9.556456	4.3
-0.9756372	1.6927006	9.812635	4.351
-1.0163386	2.0254946	9.64145	4.401
-1.2186487	2.3211784	9.392453	4.451
-0.878672	2.304419	9.421184	4.501
-0.24779987	2.0817583	10.078392	4.551
-0.6392518	2.0039468	9.7479925	4.6
-0.4249708	1.7238252	9.53012	4.652
-0.4225766	1.4389153	10.011354	4.701
-0.076614454	1.6915035	9.805453	4.751
-1.1348516	1.6160861	9.51336	4.801
-1.7046716	1.4161704	9.848549	4.846
-1.4401124	1.8052281	9.694122	4.896
-1.508347	2.3068132	9.392453	4.947
-1.0761937	1.875857	9.8677025	4.983
-0.39384618	1.0474633	10.010158	5.05
-0.45010993	1.0390835	10.206482	5.101
-1.1456255	1.5263035	9.636662	5.15
-1.5119383	2.2493525	9.514558	5.201
-1.0486604	1.4784195	10.102334	5.251
-1.447295	1.7322049	9.89763	5.302
-1.0271125	1.2401965	9.471462	5.35
0.32321724	1.5969325	10.133459	5.399
-0.5315128	1.4293385	9.679757	5.441
-1.3215994	1.5502456	9.437943	5.499
-2.0087352	1.5310919	10.187328	5.541
-2.4181437	1.7058687	8.772355	5.594
-2.2601264	1.7705121	9.533711	5.644
-1.8411411	1.1947067	9.837775	5.686
-1.9620483	1.7477672	9.970653	5.742
-1.3802572	2.0135236	9.982624	5.794
-1.7753005	1.8327614	9.707291	5.844
-2.6372132	1.4772224	9.470264	5.894
-2.991555	1.2677298	9.464279	5.944
-3.5565867	1.4269443	9.376891	5.986
-3.6044707	1.0055647	8.772355	6.04
-4.5034933	1.2940661	8.519767	6.095
-5.183447	1.4089876	8.030152	6.144
-5.529409	1.4257472	8.127118	6.186
-6.0046577	1.4927847	7.2149267	6.254
-7.1706343	2.1152773	6.75524	6.3
-7.029376	2.3008277	7.1371155	6.354
-7.4723034	3.1304188	6.695385	6.404
-6.835446	1.7501614	7.1945763	6.457
-5.955577	2.1799207	6.479907	6.499
-7.101202	3.0382419	6.2847795	6.554
-6.564901	3.0238767	5.4420204	6.604
-8.520964	2.6396074	4.2173862	6.654
-9.785102	3.3435028	2.135628	6.704
-9.715671	4.4544125	2.552219	6.746
-9.767146	2.1703439	3.4739866	6.795
-8.455123	1.2677298	5.934029	6.846
-7.443573	1.5490485	6.8210807	6.896
-7.949947	2.372654	5.81791	6.956
-8.456321	2.633622	5.1966147	6.983
-7.8649526	2.7988217	5.103241	7.047
-7.821857	2.4289176	5.4922986	7.096
-7.013814	2.822764	5.649119	7.146
-7.809886	3.870227	5.434838	7.196
-8.104373	2.6420016	6.1076083	7.246
-7.599196	2.2505496	5.5748987	7.296
-7.656657	2.4971523	5.66947	7.345
-7.349002	2.1392193	5.9878983	7.4
-7.0784574	2.433706	6.2943563	7.45
-6.8773446	2.2349873	6.6726403	7.5
-6.307524	2.4157495	6.9407907	7.55
-6.6415157	3.0190883	6.8127007	7.609
-6.9958572	2.7724855	7.2448545	7.65
-6.766014	2.6372132	5.98311	7.704
-7.207744	2.8814218	6.291962	7.754
-7.243657	3.0597897	6.247669	7.804
-6.894104	3.1890767	6.5265937	7.855
-6.4511766	3.1423898	7.1861963	7.899
-5.7508726	3.0502129	7.4028716	7.955
-5.9663506	2.834735	7.195773	7.982
-6.2261214	3.1998506	7.3047094	8.049
-6.5469446	3.0502129	6.752846	8.105
-6.769605	3.2549171	6.7384806	8.154
-6.6893997	3.084929	6.721721	8.204
-6.289568	3.063381	6.943185	8.244
-6.030994	3.1148565	7.1634517	8.296
-5.8586116	3.0873232	7.2424603	8.346
-6.069301	3.1364043	7.117962	8.396
-6.549339	2.954445	7.1071877	8.446
-6.6103907	3.064578	6.719327	8.496
-6.987478	3.0214825	6.5146227	8.546
-7.1023993	2.9364884	6.233304	8.596
-7.358579	2.9652188	6.1088057	8.646
-7.3418193	2.9281087	6.0824695	8.695
-7.2448545	2.8574798	6.1399302	8.746
-7.0102224	2.858677	6.242881	8.797
-7.195773	3.086126	6.3661823	8.85
-7.2233067	2.9747956	6.3087215	8.902
-7.192182	2.7808652	6.2368956	8.952
-7.1670427	2.6850972	6.1902084	8.98
-6.859388	2.7928362	6.397307	9.05
-6.915652	3.003526	6.4188547	9.104
-7.0090256	3.0107086	6.445191	9.144
-7.1227503	2.907758	6.2500634	9.186
-7.255628	2.882619	6.1806316	9.256
-7.2113357	2.8634653	6.217742	9.304
-7.252037	2.9508536	6.2404866	9.354
-7.1023993	2.9472623	6.2285156	9.404
-7.064092	3.027468	6.215348	9.454
-7.153875	2.9532478	6.339846	9.496
-7.141904	2.9137435	6.4523735	9.546
-6.873753	2.765303	6.317101	9.596
-7.017405	2.7102363	6.327875	9.646
-7.327454	2.7760768	6.2943563	9.696
-7.1610575	2.835932	6.2871737	9.746
-7.1371155	2.7569232	6.1686606	9.796
-7.1909847	2.919729	6.367379	9.846
-6.969521	2.7940333	6.455965	9.896
-6.915652	2.8179753	6.3302693	9.946
-7.004237	2.8395233	6.4128695	9.99
-7.111976	2.7688942	6.3470287	10.051
-7.0569096	2.7509377	6.3985043	10.101
-7.050924	2.822764	6.3781533	10.15
-7.273585	2.882619	6.3709707	10.2
-7.249643	2.8299465	6.3182983	10.254
-6.8486137	2.7928362	6.221333	10.295
-7.2340803	2.7952304	6.1782374	10.354
-7.1251445	2.908955	6.4667387	10.404
-7.055712	2.8802247	6.3901243	10.446
-7.2472486	2.8550856	6.2464724	10.496
-7.2831616	2.753332	6.290765	10.546
-6.9599442	2.72939	6.2991447	10.596
-6.743269	3.027468	6.527791	10.646
-6.5720835	3.0011318	6.691794	10.696
-6.519411	3.1124623	6.685808	10.746
-6.8067155	2.9987376	6.625953	10.796
-6.9264255	2.64679	6.445191	10.845
-7.2304893	2.907758	6.229713	10.895
-7.3873096	2.96881	6.149507	10.946
-7.3047094	3.0119057	6.3099184	10.983
-7.3047094	3.0119057	6.3099184	10.983
-6.927623	3.1842883	6.5744777	11.1
-6.5744777	3.2345665	6.587646	11.151
-6.600814	3.4021606	6.8450227	11.204
-6.291962	3.0346506	7.1167645	11.249
-6.205771	2.8119898	7.1275387	11.305
-6.0357823	2.802413	7.241263	11.355
-5.6778493	2.741361	7.311892	11.404
-5.651513	2.9520507	7.6375036	11.455
-5.66947	2.979584	7.7548194	11.496
-5.5748987	2.457648	7.6111674	11.546
-5.5341973	2.585738	8.130709	11.596
-4.945224	2.3690627	8.259995	11.646
-4.2305546	2.421735	8.597578	11.696
-3.809175	2.4313118	8.578424	11.746
-3.7792473	2.5091233	8.899248	11.796
-3.417723	2.2900538	9.0429	11.846
-3.0382419	2.086547	9.129091	11.896
-2.6527755	2.1535845	9.42238	11.965
-2.3068132	1.9955671	9.503783	11.995
-2.0374656	1.946486	9.454702	12.05
-1.887828	2.171541	9.482236	12.101
-1.8950106	2.1787236	9.634268	12.15
-1.553837	2.348712	9.557653	12.2
-1.4568717	2.2242134	9.561244	12.249
-1.2677298	2.1260512	9.556456	12.304
-1.0618285	2.0482395	9.645041	12.357
-1.0893618	1.9440918	9.716867	12.399
-0.9672575	1.8806454	9.51336	12.454
-0.93014735	2.0111294	9.812635	12.504
-0.45370123	1.9057846	9.734824	12.554
-0.22146365	1.7836803	9.810242	12.604
0.007182605	1.7549498	9.742006	12.646
0.035913024	1.7465701	9.818622	12.696
0.19393034	1.602918	9.787497	12.746
0.30286652	1.6879122	9.873688	12.796
0.4297592	1.6723499	9.779117	12.846
0.38187516	1.6531962	9.890448	12.896
0.36152446	1.5634137	9.848549	12.946
0.38187516	1.5478514	9.745598	12.996
0.33877954	1.5502456	9.773131	13.05
0.2669535	1.6448165	9.848549	13.1
0.2825158	1.7896658	9.842564	13.151
0.25378537	1.7609353	9.746795	13.2
0.16280572	1.816002	9.742006	13.241
0.039504327	1.9009962	9.704897	13.304
-0.008379706	1.8243817	9.664195	13.354
0.038307227	1.8926164	9.816227	13.392
0.05746084	1.9512744	9.8198185	13.443
0.090979666	1.9189527	9.758766	13.513
0.073023155	1.8962077	9.672575	13.551
0.021547815	1.9141643	9.706094	13.6
0.07062895	1.8579005	9.785102	13.651
0.20949265	1.9045875	9.846154	13.7
0.24061728	1.9405005	9.703699	13.752
0.2705448	1.8650831	9.799467	13.801
0.21547815	1.8435353	9.696517	13.852
0.36750996	1.7010803	9.690532	13.902
0.35314476	1.6436194	9.619903	13.943
0.4345476	1.5957354	9.842564	13.989
0.4345476	1.5957354	9.842564	13.989
0.49081135	1.6448165	9.759963	14.102
0.45848963	1.6340426	9.725247	14.15
0.58538234	1.6543933	9.657013	14.2
0.6572084	1.5765818	9.791088	14.25
0.9528923	1.3718776	9.758766	14.301
1.1192893	1.3790601	9.7958765	14.351
1.2090719	1.411382	9.767146	14.402
1.292869	1.459266	9.773131	14.454
1.3946224	1.4784195	9.739613	14.506
1.388637	1.4053963	9.7479925	14.546
1.4879963	1.4257472	9.812635	14.6
1.2785037	1.42455	9.726444	14.651
1.079785	1.6077064	9.595961	14.701
1.210269	1.4999673	9.680955	14.755
1.6136919	1.3335704	9.728839	14.799
1.7621324	1.353921	9.668983	14.852
1.7681179	1.4652514	9.78989	14.895
1.8064252	1.6879122	9.630676	14.945
1.6675615	1.4269443	9.701305	14.994
1.7776948	1.0223241	9.701305	15.049
2.007538	1.5059528	9.849746	15.1
1.9201498	1.4856021	9.351752	15.154
1.5753847	1.448492	9.489418	15.194
1.7717092	1.7848774	9.572019	15.254
1.6938977	1.163582	9.66659	15.304
1.9512744	0.7086837	9.841366	15.346
2.0374656	0.6368576	9.731233	15.395
2.0458453	0.676362	9.709685	15.446
2.1535845	0.94211835	9.739613	15.496
2.195483	1.1073183	9.524135	15.546
2.4289176	1.1324574	9.497798	15.596
2.1033063	1.4664485	9.630676	15.646
2.4612393	1.3563153	9.4774475	15.696
2.7485435	1.3311762	9.188946	15.745
3.6092591	1.5143325	9.233239	15.796
3.2381577	1.5933412	9.637859	15.846
2.4372973	1.2797008	9.331401	15.92
2.8083985	0.93852705	9.589975	15.946
2.0015526	1.7860745	9.645041	16.0
1.447295	1.1803415	10.093954	16.05
0.60214174	1.3814543	10.255563	16.1
0.8631097	1.7968484	10.301053	16.15
1.3503298	2.1535845	10.09156	16.201
2.0219033	2.5306711	9.921572	16.244
3.4141316	1.9393034	9.85214	16.305
4.0677485	2.123657	9.1829605	16.354
3.2632968	2.36188	9.101558	16.396
3.0550013	2.4061728	7.7811556	16.446
3.465607	3.071761	6.381745	16.496
3.157952	3.204639	6.483498	16.546
3.277662	3.8594532	6.602011	16.596
1.6915035	2.2936451	8.019379	16.646
1.8315643	2.48159	10.313024	16.696
3.83192	0.5662287	10.603919	16.746
6.364985	-1.13964	10.277111	16.796
5.4803276	-1.2916719	9.090784	16.846
4.594473	-0.074220255	8.579621	16.896
4.5418005	-0.17118542	8.974665	16.946
4.2880154	-0.38067806	8.945934	16.996
4.8374844	-0.34237084	8.388085	17.05
5.21098	-0.30885202	8.221688	17.09
5.6060233	-0.022744916	7.7201033	17.15
5.66109	-0.32202014	7.7667904	17.201
6.1159883	-1.1061212	7.800309	17.249
6.96593	-1.2749124	7.716512	17.292
7.153875	-0.78649527	7.513005	17.342
6.063316	-0.4261679	6.6307416	17.386
7.1251445	-0.12210429	6.615179	17.441
7.716512	-1.553837	5.732916	17.486
8.094796	-1.2282255	6.691794	17.542
10.376471	-1.8782512	4.5022964	17.6
8.686164	-1.4305356	5.3498435	17.641
6.338649	-1.0498575	6.4380083	17.699
5.8262897	-0.053869538	6.646304	17.742
7.1371155	0.6488287	8.39048	17.786
7.4687123	-0.18076223	7.1634517	17.842
7.2101383	-0.023942016	6.126762	17.899
7.6147585	0.25139117	6.2823853	17.942
7.4962454	0.20590134	6.3446345	17.988
6.9623384	0.31124622	6.8869214	18.049
6.8318543	0.29807812	6.8330517	18.101
6.7971387	0.34117374	7.0305734	18.152
7.135918	0.21906945	6.956353	18.201
7.837419	0.6392518	7.03177	18.252
8.2276745	0.6739678	6.1327477	18.292
8.219295	-1.0773908	7.2951326	18.351
5.8478374	-0.5674258	7.917625	18.401
6.367379	-0.6811504	7.615956	18.451
6.862979	-0.17118542	7.8733325	18.501
6.393716	0.15682021	6.8330517	18.551
6.505046	0.46567222	6.279991	18.601
8.819042	1.484405	3.4727895	18.652
7.920019	2.2541409	3.4249055	18.686
5.8023477	1.7202339	3.3566709	18.747
5.029021	1.910573	4.3035774	18.786
6.135142	1.3443443	6.5720835	18.847
7.169437	-0.8331822	8.528147	18.886
9.616311	-1.1887212	7.406463	18.947
8.956709	-1.0163386	6.3087215	18.986
8.956709	-1.0163386	6.3087215	18.986
9.044097	-0.49679685	3.4021606	19.101
9.138668	-0.9756372	3.7373488	19.15
9.035717	-1.3251907	3.9456444	19.2
9.150639	-1.1324574	3.819949	19.25
8.932767	-1.0199299	3.1387985	19.301
8.765172	-1.0342951	3.7780502	19.351
8.856153	-0.79128367	3.8031895	19.401
8.300697	-0.8475474	1.875857	19.451
9.898827	-1.2976574	1.9476831	19.5
10.712855	-1.3120226	0.82480246	19.552
9.7563715	-1.650802	1.1563994	19.602
9.5971575	-1.6591818	0.8475474	19.653
9.728839	-1.3431472	0.49919105	19.701
9.8677025	-1.2174516	0.4189853	19.742
10.115502	-0.9552865	0.50637364	19.805
9.947908	-1.0067618	0.6428431	19.854
9.765948	-0.8834604	0.7386112	19.892
9.569624	-0.80924016	1.1563994	19.954
9.555259	-1.1001357	1.62686	20.004
9.613917	-1.2138603	1.5741876	20.048
9.7863	-1.1336545	0.93254155	20.091
9.736021	-1.2066777	1.3144168	20.143
9.57561	-1.5346833	1.6484078	20.187
9.103952	-1.7537527	1.9955671	20.247
9.053674	-1.5514427	2.2026656	20.286
9.127894	-1.3144168	2.44448	20.347
9.329007	-1.0163386	2.6036944	20.407
9.392453	-1.0354922	2.5953147	20.447
9.275137	-1.2401965	2.597709	20.507
9.43076	-1.2066777	2.5139117	20.547
10.035296	-1.091756	2.7748797	20.587
8.9602995	-1.1468226	2.0913353	20.669
9.423578	-1.2018893	2.4432828	20.7
9.415198	-1.340753	2.3199813	20.75
8.889671	-1.5263035	2.7509377	20.8
9.108741	-0.9744401	3.1112652	20.85
9.323022	-0.8702923	2.8514943	20.899
9.279925	-1.1109096	2.825158	20.942
9.718064	-1.079785	2.870648	20.995
9.305065	-1.42455	2.6803088	21.049
9.228451	-1.353921	2.2864625	21.099
9.038112	-1.365892	2.4277205	21.141
9.095572	-1.3670892	2.7641058	21.185
9.090784	-1.1719618	2.943671	21.241
9.32781	-0.961272	3.1914709	21.286
9.208099	-1.0821792	3.1064768	21.345
9.212888	-1.2761095	3.095703	21.395
9.271546	-1.3946224	2.7641058	21.444
9.5385	-1.3084313	2.9747956	21.496
9.617508	-1.2018893	2.8754363	21.542
9.269152	-1.555034	2.8622682	21.586
8.858546	-1.6747441	3.1519666	21.642
7.9607205	-2.9879637	3.3614593	21.686
7.2352777	-3.0011318	3.9624038	21.741
8.354567	-1.9452889	4.297592	21.789
8.874108	-1.3132197	4.5860934	21.852
8.641871	-1.8686744	3.3770216	21.895
9.625888	-1.7381904	2.8778305	21.95
10.390836	-1.5861586	2.1452048	22.0
9.667787	-2.1416135	2.1643584	22.049
8.998607	-2.1918917	2.8874073	22.099
8.992621	-2.078167	3.0921116	22.152
8.60117	-2.2768857	3.3303347	22.201
9.138668	-1.9907787	3.1352072	22.252
9.985018	-1.3551182	2.5103204	22.302
9.375694	-1.6567876	3.1112652	22.346
8.574833	-2.4372973	3.7804444	22.396
7.632715	-2.1176715	4.23654	22.453
8.53892	-1.483208	4.2640734	22.5
8.605958	-1.5334862	4.1742907	22.553
8.354567	-1.1324574	4.4639893	22.6
8.171411	-1.508347	4.531027	22.65
8.350976	-1.3275849	4.010288	22.702
9.022549	-1.484405	3.90614	22.752
9.136273	-1.3862427	3.7852328	22.801
9.303867	-1.5658079	3.514688	22.851
9.252393	-1.4640543	3.5206735	22.896
8.986636	-1.4939818	3.715801	22.946
8.870518	-1.5514427	3.8774097	22.996
8.67539	-1.5777789	4.0402155	23.049
8.692149	-1.4808137	4.0294414	23.103
8.89805	-1.5442601	4.1096473	23.15
8.591593	-1.8207904	4.1623197	23.201
8.67539	-2.2170308	4.211401	23.249
8.453926	-2.0769699	4.146757	23.301
8.238448	-1.9728222	4.080917	23.352
7.026982	-1.22224	3.857059	23.404
8.827422	-1.7729063	4.1252093	23.454
8.875306	-1.6484078	4.3023806	23.492
8.874108	-1.5394717	4.4723687	23.555
9.435549	-1.5155296	4.7046065	23.587
8.743625	-1.4257472	4.4879313	23.647
9.175778	-0.7781156	4.782418	23.686
9.059659	-1.3084313	4.6016555	23.747
8.572439	-1.4975731	5.105635	23.786
7.1191587	-0.8846575	5.9005103	23.847
7.0221934	-0.5351041	6.622362	23.887
6.766014	0.12090719	7.3071036	23.947
6.999449	0.12928689	7.741651	24.007
6.71813	0.18794483	7.813477	24.007
5.7496753	0.010773907	8.051701	24.102
4.3358994	0.50517654	7.809886	24.15
4.2904096	0.40821138	7.892486	24.206
3.9947255	0.38187516	8.219295	24.249
3.8977604	0.9995792	8.360553	24.295
4.5621514	1.2593501	9.137471	24.354
4.6710877	1.7860745	9.041702	24.404
3.2202013	1.4413095	9.029732	24.454
2.6994624	0.93972415	9.368511	24.496
1.6783354	0.973243	9.454702	24.546
1.447295	1.0761937	9.5013895	24.596
1.9141643	0.8774749	9.619903	24.645
1.2138603	1.1875241	9.16261	24.696
0.5662287	1.5047557	8.441956	24.746
0.12449849	1.4508862	8.856153	24.796
1.6160861	2.5785553	9.825804	24.846
1.9189527	1.4149733	9.562442	24.896
1.8746599	0.51595044	9.43076	24.946
2.5486276	0.9684546	10.113108	24.996
2.3247697	1.1791444	9.443929	25.012
2.4289176	1.4341269	9.269152	25.1
3.6643257	0.9911995	9.348161	25.15
3.9145198	0.29328972	8.271967	25.202
4.793192	0.30166942	9.018958	25.25
4.0665517	0.41180268	9.382876	25.304
4.665102	-0.07062895	8.192958	25.358
6.0238113	-0.10055647	7.5824366	25.399
7.1071877	-0.079008654	6.9982514	25.449
6.9599442	-0.18435353	6.155493	25.504
8.264784	-0.36870706	6.0716953	25.554
9.23683	-0.30286652	6.2752028	25.604
8.910022	-0.39384618	5.279215	25.654
8.92319	-0.5422867	5.2899885	25.696
8.9040365	-1.1336545	5.225345	25.746
9.056067	-0.9876082	5.8622026	25.796
9.48463	-0.7170634	6.0585275	25.845
8.495825	0.0023942017	6.254852	25.896
8.292317	0.24061728	7.1766195	25.946
9.586384	0.2645593	6.8749504	25.996
9.107543	0.053869538	6.6403184	26.012
3.4967315	0.6871359	7.4603324	26.1
2.3319526	0.961272	8.030152	26.151
2.445677	1.1719618	7.904457	26.201
-1.3874398	1.7405846	8.503007	26.25
-0.58897364	2.124854	9.398438	26.304
-0.8367735	1.5167267	9.481039	26.354
-1.079785	1.6328455	9.625888	26.404
-0.91937345	2.1260512	10.490194	26.454
-0.3196259	1.3024458	8.661025	26.496
1.6101006	1.3634979	8.154651	26.55
4.0557775	1.7345991	8.289924	26.6
4.673482	1.1252748	7.681796	26.65
6.517017	1.9500773	8.619126	26.7
5.744887	2.3056161	8.0924015	26.749
5.981913	1.7764976	8.819042	26.795
6.7253127	0.6572084	7.4375877	26.854
7.860164	1.234211	6.716933	26.904
7.73806	0.60214174	6.4380083	26.945
7.6985555	0.4213795	6.543353	26.996
7.8948803	0.34715924	6.337452	27.014
8.944737	0.6679823	6.0860605	27.101
8.92319	0.4261679	5.7269306	27.152
8.708909	-0.0035913025	5.409699	27.2
8.842984	0.34715924	5.8837504	27.25
8.700529	0.36152446	5.7975593	27.304
8.066066	0.29448682	6.301539	27.354
7.9906483	0.30765492	6.779182	27.404
5.959168	0.08379706	7.9595237	27.454
5.2923827	0.6835446	7.693767	27.496
3.9432502	1.5634137	8.152257	27.546
4.0497923	1.9512744	8.263587	27.602
3.217807	2.0721815	8.401254	27.65
2.6659436	1.7537527	9.392453	27.701
2.4540567	0.80086046	9.132683	27.752
2.4779987	1.1444284	9.2787285	27.799
2.5258827	1.4281414	9.336189	27.852
2.4157495	1.8567034	9.308656	27.899
1.4616601	1.7166426	9.009381	27.951
1.661576	1.7154455	8.926781	28.0
2.007538	1.9752164	9.320627	28.052
3.0262709	1.7657237	9.259575	28.099
3.5098996	1.6567876	9.385271	28.152
3.9145198	1.5263035	9.087193	28.186
4.2796354	1.5095441	9.059659	28.252
4.201824	1.496376	8.902839	28.3
3.9133227	1.472434	9.156625	28.351
3.881001	1.5598224	9.222465	28.399
3.6655228	1.5011644	9.216479	28.451
3.309984	1.3802572	8.88608	28.502
3.2477345	1.3634979	9.093178	28.552
3.5422213	1.6711528	9.123106	28.601
3.2956185	1.377863	8.870518	28.646
3.2477345	1.4915876	8.943541	28.696
3.5302503	1.7393875	9.238028	28.745
3.7732618	1.8423382	9.131485	28.795
3.9396589	1.8255788	8.986636	28.846
4.092888	1.8531121	8.954314	28.924
3.942053	1.7238252	8.9279785	28.95
3.9085343	1.5717934	8.8777	29.002
3.916914	1.5705963	8.969876	29.021
3.7325604	1.6927006	8.933964	29.101
3.5434184	1.7753005	8.987833	29.149
3.4392707	1.8842367	9.130288	29.202
3.3877954	1.9596541	9.032125	29.254
3.3051953	1.9752164	8.9842415	29.305
3.6056678	1.8674773	8.980651	29.344
3.6703112	1.8076223	9.074024	29.396
3.6643257	1.7561469	8.813056	29.446
3.669114	1.7381904	9.050082	29.495
3.9372647	1.8100165	9.051279	29.546
3.855862	1.7106571	8.839393	29.596
3.9731777	1.6448165	9.00579	29.645
3.9456444	1.7022774	9.187749	29.7
3.799598	1.7681179	8.876503	29.751
3.7469256	1.804031	8.701726	29.8
3.6260185	1.7980455	9.009381	29.85
3.810372	1.9069817	9.0081835	29.899
3.6715083	1.7872716	9.028535	29.941
3.4739866	1.8746599	9.088389	30.005
3.6332011	1.8986019	9.107543	30.021
3.0945058	1.8064252	8.887277	30.1
3.3877954	1.9608512	9.175778	30.15
3.2932243	1.8782512	9.036914	30.195
3.1423898	1.9273324	9.502586	30.245
3.3889925	1.0881647	9.070433	30.294
3.4033577	0.51475334	9.02614	30.344
3.0478187	0.34715924	9.2547865	30.386
2.9652188	0.80086046	9.2787285	30.442
3.157952	0.7625532	9.503783	30.486
3.6104562	0.5243302	9.058462	30.55
3.8522706	0.4345476	9.144653	30.6
4.07134	0.5351041	9.233239	30.652
4.0342298	0.40940848	9.120711	30.701
3.7600937	0.22744916	9.095572	30.752
3.9588125	0.12449849	9.094376	30.802
3.6379895	0.21428105	9.099164	30.846
3.5206735	0.12808979	8.933964	30.896
3.4931402	-0.047884032	9.091981	30.946
3.807978	0.23582886	9.412804	30.996
3.8905778	0.81283146	9.291897	31.022
4.104859	0.8810662	8.586804	31.102
4.0545807	0.38307226	9.770737	31.15
3.7361517	1.2234371	8.789114	31.201
3.3375173	0.6943185	8.236053	31.265
4.8865657	0.130484	8.67539	31.3
5.305551	-0.4165911	8.986636	31.341
5.459977	-0.4213795	8.763975	31.386
5.729325	0.08619126	8.048109	31.442
5.645528	0.19393034	8.202535	31.499
5.529409	0.39145198	8.312668	31.541
5.507861	0.48602295	8.236053	31.586
5.1104236	0.39624038	8.346188	31.642
5.057751	0.34835634	8.289924	31.694
5.161899	0.17238252	8.153454	31.744
5.3019595	0.1340753	8.2169	31.786
5.3618145	0.142455	8.127118	31.842
5.8358665	0.016759412	7.9391727	31.895
6.0357823	0.15322891	7.7332716	31.956
5.7389016	0.09696517	7.845799	31.995
5.9759274	0.009576807	7.675811	32.049
6.159084	0.047884032	7.5932107	32.1
6.242881	-0.11372458	7.3466077	32.154
6.7013707	-0.037110128	7.21373	32.204
5.267244	0.09816227	6.791153	32.255
7.393295	0.06464344	6.89171	32.305
7.3753386	0.07062895	6.6271505	32.346
7.61835	0.0023942017	6.597223	32.396
7.7440453	0.019153614	6.3661823	32.45
7.6015906	-0.08379706	6.4152637	32.5
7.5333557	-0.010773907	6.457162	32.551
7.422025	0.09935937	6.4523735	32.6
7.4735007	0.11851298	6.4763155	32.649
7.541735	0.16639702	6.3338604	32.704
7.565677	0.24899697	6.47033	32.745
7.382521	0.10654198	6.479907	32.804
7.37055	0.1316811	6.4248405	32.855
7.2448545	0.108936176	6.587646	32.896
7.1395097	0.15322891	6.5720835	32.947
7.169437	0.21188685	6.575675	32.996
7.2484455	0.24061728	6.5206084	33.022
7.2352777	0.25378537	6.5469446	33.1
7.1371155	0.16759412	6.7205243	33.15
7.2951326	0.34356794	6.564901	33.2
7.053318	0.21667525	6.669049	33.251
7.1490865	0.23463176	6.7947445	33.301
7.1059904	0.23223756	6.7444663	33.351
7.1706343	0.23223756	6.645107	33.405
7.309498	0.38187516	6.716933	33.455
7.129933	0.2813187	6.7025676	33.496
7.321469	0.22984336	6.6175733	33.545
7.1586633	0.1604115	6.6271505	33.6
6.835446	0.21068975	6.862979	33.661
7.171831	0.38187516	6.907272	33.701
7.0700774	0.4381389	6.8079123	33.75
7.100005	0.19871874	6.8079123	33.804
7.4483614	0.2741361	6.647501	33.854
6.9970546	0.23463176	6.853402	33.904
6.7013707	0.2633622	7.043741	33.954
6.7803793	0.4177882	7.026982	33.992
6.585252	0.2837129	7.2029557	34.023
6.8749504	0.44891283	7.052121	34.101
6.303933	0.38307226	7.297527	34.151
6.779182	0.37828386	7.1742253	34.2
6.769605	0.079008654	7.117962	34.251
6.5708866	0.25857377	7.195773	34.301
6.18542	0.272939	7.451953	34.351
6.5565214	0.45489833	7.240066	34.402
6.277597	0.22625206	7.299921	34.455
6.6163764	0.2837129	7.3430166	34.493
6.489484	0.415394	7.382521	34.543
6.2009826	0.49919105	7.3968863	34.6
6.47033	0.49081135	7.3777328	34.651
6.3482256	0.2873042	7.3992805	34.7
6.3805475	0.2681506	7.477092	34.75
6.612785	0.272939	7.451953	34.802
6.621165	0.37110126	7.327454	34.841
6.3063273	0.33279404	7.479486	34.899
6.4248405	0.36391866	7.5884223	34.954
6.4846954	0.3890578	7.550115	35.004
6.399701	0.44771573	7.65546	35.022
6.2859764	0.33159694	7.571663	35.1
6.2823853	0.32441434	7.642292	35.154
6.2225304	0.20949265	7.6494746	35.204
6.1040173	0.18315643	7.728483	35.254
6.0381765	0.22146365	7.753622	35.304
6.0681043	0.2657564	7.908048	35.343
5.943606	0.22146365	7.8386164	35.387
5.6108117	0.35075054	7.827842	35.447
5.2624555	0.33997664	8.037335	35.507
5.471948	0.4381389	8.185776	35.547
5.473145	0.5781997	8.210915	35.607
5.309142	0.78170687	8.2276745	35.647
5.390545	0.82360536	8.287529	35.707
5.197812	0.82599956	8.342596	35.747
4.882974	0.7781156	8.426393	35.787
4.9643774	1.1240777	8.374918	35.847
5.068525	0.90859956	8.329428	35.907
4.9907136	1.0881647	8.641871	35.947
4.770447	1.0845734	8.616732	35.986
4.614824	1.1264719	8.572439	36.041
4.237737	1.1647792	8.617929	36.103
4.201824	1.2126632	8.905233	36.15
4.144363	1.4532804	8.747216	36.201
3.9121256	1.2952632	8.848969	36.249
4.1635165	1.4185646	8.954314	36.302
4.3167458	1.447295	8.9519205	36.351
4.298789	1.5358804	8.974665	36.402
4.0916905	1.6053122	8.957906	36.451
4.086902	1.6591818	9.00579	36.493
3.6762967	1.7070658	9.016563	36.554
3.8043866	1.7070658	9.075222	36.602
3.4620156	1.5263035	9.173384	36.652
3.2812533	1.4281414	9.173384	36.703
2.778471	1.7956513	9.172187	36.752
2.8574798	1.7764976	9.181764	36.803
2.2709002	1.9033904	9.204509	36.853
2.112883	2.2098482	9.314642	36.902
1.8698715	2.195483	9.465476	36.952
1.8004397	2.2900538	9.382876	37.003
1.7154455	2.280477	9.320627	37.043
1.8171991	2.3020248	9.345766	37.101
1.9069817	2.2816741	9.428367	37.151
1.9668367	2.3235726	9.443929	37.2
2.0626047	2.3223755	9.360131	37.25
2.0925324	2.36188	9.415198	37.3
2.2134395	2.528277	9.48463	37.35
2.1332338	2.2816741	9.293094	37.402
2.086547	2.4349031	9.424775	37.452
2.0410569	2.292448	9.244013	37.502
1.9452889	2.2661119	9.271546	37.551
2.0278888	2.3020248	9.255983	37.596
2.1583729	2.31639	9.269152	37.646
2.27928	2.2577322	9.313444	37.696
2.4037786	2.1631613	9.263166	37.753
2.822764	2.2278047	9.187749	37.803
2.9257145	2.0649989	9.275137	37.851
3.0753522	2.066196	9.180567	37.9
3.3028011	2.2397757	10.2974615	37.95
3.7541082	1.0989386	7.645883	38.005
2.2481554	1.8794483	9.0476885	38.042
3.6379895	2.610877	8.859743	38.103
3.6750996	1.4305356	9.015367	38.142
4.027047	1.602918	8.831013	38.192
4.143166	2.207454	9.00579	38.254
4.501099	1.555034	8.634688	38.304
3.4691982	0.45489833	8.289924	38.355
4.8243165	2.360683	8.858546	38.387
4.7381253	1.9620483	8.487445	38.475
4.6806645	1.4137762	8.814254	38.5
4.6782703	1.757344	8.494628	38.553
4.5765166	1.3575124	8.41921	38.6
4.88058	0.9708488	8.511387	38.653
4.9919105	0.7338228	8.352173	38.702
5.2875943	0.82599956	8.433576	38.754
5.815516	0.736217	8.35337	38.792
6.0968347	0.8726865	7.943961	38.854
6.113594	0.997185	7.837419	38.891
5.436035	0.8535329	8.23366	38.947
5.853823	1.0534488	8.243237	38.987
5.6000376	0.9648633	8.1343	39.047
4.64116	0.79966336	8.426393	39.101
4.9667716	1.0570401	8.287529	39.15
4.8757915	1.1097125	8.301894	39.2
4.936844	1.0857705	8.385692	39.253
5.117606	1.1611878	8.301894	39.304
5.104438	1.1659763	8.293514	39.354
5.177461	1.1755531	8.268375	39.404
5.2480903	1.1001357	8.335413	39.454
5.231331	1.043872	8.471883	39.496
5.269638	0.9744401	8.261193	39.546
5.3282957	0.8714894	8.309077	39.596
5.2983685	0.8822633	8.26239	39.646
5.255273	0.89902276	8.275558	39.7
5.2361193	0.92895025	8.26239	39.75
5.1475334	0.89184016	8.318654	39.801
5.140351	0.90859956	8.36175	39.85
5.1080294	0.93254155	8.364143	39.899
5.133168	0.878672	8.34499	39.955
5.1523223	0.91697925	8.292317	39.999
5.233725	0.9708488	8.389283	40.041
5.1966147	0.8822633	8.313866	40.089
5.183447	0.8415619	8.347384	40.142
5.2061915	0.8762778	8.309077	40.186
5.279215	0.8463503	8.285135	40.246
5.2780175	0.7745243	8.287529	40.306
5.2887917	0.7398083	8.282741	40.346
5.3845596	0.80924016	8.219295	40.386
5.16549	0.9552865	8.343793	40.446
5.0374002	0.89184016	8.392874	40.486
5.183447	0.90979666	8.311471	40.547
5.2624555	0.878672	8.207323	40.587
5.2145715	0.7433996	8.340201	40.647
5.341464	0.51595044	8.1797905	40.686
5.3019595	0.62608373	8.226477	40.747
5.7628436	0.5674258	8.056489	40.786
5.6060233	0.7266402	8.031349	40.869
5.7149596	0.89064306	7.9212165	40.893
5.493496	0.9983821	8.129512	40.95
5.3881507	1.1109096	8.214506	41.001
5.0385976	1.1623849	8.469488	41.051
4.8865657	0.78529817	8.487445	41.09
5.1571107	1.1659763	8.287529	41.155
5.1798553	1.3227965	8.127118	41.204
5.506664	1.2042835	8.033744	41.254
5.6563015	1.2378023	7.904457	41.304
5.673061	1.210269	8.1402855	41.356
5.8143187	1.1623849	8.012196	41.386
5.3642087	0.93613285	8.14268	41.447
5.257667	1.1504139	8.165425	41.507
5.409699	1.1073183	8.048109	41.554
5.674258	0.92416185	8.024167	41.601
5.6886234	1.3084313	7.9571295	41.653
5.9807158	1.3239936	7.9607205	41.7
5.5126495	1.3670892	8.210915	41.752
4.975151	1.5993267	8.359355	41.805
5.149928	1.1707647	8.034941	41.847
5.639542	0.81642276	7.9726915	41.895
6.042965	1.4065934	8.135497	41.956
5.884948	1.6831238	8.0684595	41.996
5.896919	1.4760253	8.032547	42.036
5.3845596	1.1623849	8.271967	42.099
4.6579194	1.1599907	8.372523	42.152
4.8877625	1.4784195	8.394072	42.195
5.0038815	1.7896658	8.184579	42.245
4.7381253	1.5993267	8.400057	42.295
4.4077253	1.5801731	8.476671	42.352
4.35625	1.9812019	8.435969	42.402
4.2640734	1.9309237	8.593987	42.452
4.3406878	1.7190368	8.747216	42.487
4.465186	1.5957354	8.598776	42.528
4.771644	1.5717934	8.356961	42.596
4.8542438	1.7190368	8.41921	42.647
4.8602295	1.7238252	8.514978	42.697
4.72376	1.6496049	8.526949	42.747
4.703409	1.7417817	8.451532	42.796
4.709395	1.8411411	8.488642	42.846
4.747702	1.6519991	8.620323	42.897
4.373009	1.2509704	8.622718	42.947
4.4843397	1.2294226	8.507795	42.996
4.9823337	1.5586253	8.319851	43.043
5.1571107	1.459266	8.447941	43.101
5.020641	1.4209588	8.455123	43.151
4.950012	1.5705963	8.294712	43.201
4.88896	1.5382746	8.469488	43.251
4.6902413	1.5502456	8.561666	43.3
4.5980644	1.5298948	8.491036	43.352
4.5765166	1.4903905	8.506598	43.405
4.51307	1.4915876	8.525752	43.455
4.6339774	1.5275006	8.513782	43.492
4.667496	1.5693992	8.467094	43.542
4.6806645	1.5562311	8.550891	43.592
4.7788267	1.6101006	8.550891	43.642
4.7764325	1.5861586	8.494628	43.692
4.736928	1.5514427	8.506598	43.743
4.7680526	1.5957354	8.516175	43.788
4.71538	1.5897499	8.535329	43.848
4.6926355	1.6699557	8.524555	43.887
4.606444	1.5286977	8.485051	43.948
4.7405195	1.590947	8.513782	43.988
4.608838	1.5466543	8.522161	44.049
4.608838	1.5466543	8.522161	44.049
4.7297454	1.6424223	8.495825	44.153
4.712986	1.6160861	8.4347725	44.203
4.6686935	1.5095441	8.53892	44.253
4.8362875	1.602918	8.548497	44.302
4.7620673	1.6891093	8.477868	44.342
4.630386	1.614889	8.53892	44.408
4.745308	1.6424223	8.412027	44.45
4.6698904	1.6244658	8.504205	44.492
4.661511	1.5454572	8.534132	44.542
4.653131	1.578976	8.48146	44.587
4.6519337	1.6196774	8.517372	44.647
4.710592	1.6124948	8.498219	44.687
4.76925	1.5933412	8.519767	44.753
4.745308	1.5945383	8.4826565	44.803
4.736928	1.5813702	8.485051	44.853
4.697424	1.5765818	8.560468	44.903
4.7309427	1.5777789	8.561666	44.942
4.711789	1.5765818	8.452729	44.992
4.677073	1.5334862	8.553286	45.055
4.722563	1.6543933	8.529344	45.1
4.710592	1.6651673	8.444349	45.142
4.673482	1.6567876	8.573636	45.192
4.7524905	1.6543933	8.531737	45.242
4.712986	1.5011644	8.475474	45.292
4.772841	1.42455	8.470686	45.343
4.6591167	1.5263035	8.5473	45.387
4.8159366	1.7633295	8.556877	45.447
4.8877625	1.851915	8.775947	45.487
4.7261543	1.7034745	8.492233	45.548
4.5645456	1.3623008	8.285135	45.616
4.280833	1.3120226	8.238448	45.653
4.6698904	1.4425066	8.459911	45.701
4.5980644	1.5047557	8.455123	45.751
4.7536874	1.5143325	8.378509	45.801
5.2397103	1.411382	8.602366	45.85
5.3115363	1.508347	8.507795	45.902
5.3498435	1.5682021	8.441956	45.952
4.9679685	1.5622166	8.479065	46.002
4.799177	1.5801731	8.524555	46.052
4.3873744	1.5119383	8.540117	46.101
3.9504328	1.423353	8.598776	46.151
3.965995	1.5059528	8.645462	46.201
4.3167458	1.5586253	8.693346	46.251
4.7309427	1.5574282	8.596381	46.302
4.973954	1.5059528	8.477868	46.352
5.1104236	1.4580688	8.432379	46.4
5.009867	1.4508862	8.437167	46.452
4.950012	1.4401124	8.508993	46.482
4.6220064	1.460463	8.514978	46.55
4.581305	1.4987702	8.580819	46.602
4.459201	1.4197617	8.605958	46.652
4.5358152	1.5179238	8.519767	46.702
4.607641	1.5358804	8.5473	46.752
4.6579194	1.5215151	8.555679	46.797
4.736928	1.5011644	8.560468	46.851
4.7656584	1.5370775	8.497022	46.901
4.7297454	1.5729905	8.537724	46.951
4.6375685	1.5682021	8.556877	47.001
4.6399627	1.6172832	8.573636	47.05
4.939238	1.780089	8.913613	47.102
4.772841	1.804031	8.400057	47.153
4.5274353	1.3108255	6.9838862	47.205
4.1491513	0.5231331	9.604341	47.255
4.4208937	1.0977415	8.007407	47.295
3.8307228	0.4309563	9.062054	47.347
4.4436383	0.17956513	8.986636	47.396
4.996699	0.39983168	8.391677	47.446
4.7441106	0.5722142	8.628703	47.496
5.085284	0.22625206	8.631097	47.546
5.717354	0.34356794	8.099585	47.596
5.920861	-0.09935937	7.8996687	47.647
6.244078	-0.22864626	7.6171527	47.696
6.47033	-0.016759412	7.77517	47.746
6.8222775	0.038307227	7.313089	47.796
6.423643	0.29209262	7.4842744	47.847
6.615179	0.50038815	7.4208283	47.897
6.0980315	1.1168951	7.5788455	47.946
5.8598084	0.7613561	7.687782	47.996
5.8681884	0.074220255	7.6410947	48.048
5.896919	-0.05267244	7.6722193	48.06
6.4224463	-0.24660277	7.3765354	48.152
6.8306575	0.45848963	6.9970546	48.201
7.1466923	1.198298	6.3099184	48.251
6.921637	0.7350199	6.518214	48.3
8.5700445	0.5722142	5.7496753	48.352
8.024167	0.24181437	5.6539073	48.402
8.112753	0.25019407	5.3821654	48.452
9.215282	0.034715924	5.1930237	48.502
8.702923	0.18195933	4.9057193	48.547
8.549694	0.22266077	4.7860093	48.596
8.961497	0.46327803	4.7309427	48.646
8.744822	0.5805939	4.557363	48.701
8.573636	0.48961425	4.6698904	48.751
8.677784	0.6847417	5.0158525	48.801
8.688558	1.1671734	4.607641	48.85
8.717288	1.2401965	4.83509	48.9
8.542512	0.8607155	4.8362875	48.952
8.3629465	0.46327803	5.0996494	49.0
8.397662	0.07062895	4.972757	49.054
7.9224133	0.07062895	5.141548	49.1
8.2169	0.5554548	5.33907	49.15
8.10557	0.7410054	5.4192758	49.202
7.9224133	0.6847417	5.571307	49.252
8.180987	0.6775591	5.461174	49.298
8.1343	0.47764325	5.3678	49.35
8.175002	0.51595044	5.4192758	49.403
8.056489	0.45010993	5.4264584	49.452
8.018182	0.47165772	5.4324436	49.502
7.788338	0.35194764	5.828684	49.552
7.9032598	0.6464345	5.9902925	49.605
7.7320743	0.5626374	5.7616463	49.643
8.311471	0.2705448	5.792771	49.688
8.562862	0.2765303	4.951209	49.747
8.292317	-0.25019407	5.2265425	49.807
8.244433	-0.073023155	5.378574	49.847
8.453926	0.25737667	5.7161565	49.887
8.084022	0.59256494	6.017826	49.948
7.855376	0.6548142	6.0285997	49.987
7.3430166	0.51595044	6.554127	50.047
7.3226657	0.641646	6.7085533	50.071
6.3542113	0.78170687	7.1742253	50.153
6.090849	0.79726917	7.21373	50.201
5.949591	0.8475474	7.493851	50.251
6.211756	0.9648633	7.6231384	50.302
6.129156	1.2473791	7.892486	50.342
5.5018754	1.5358804	7.9607205	50.395
5.17387	1.62686	8.257602	50.465
4.912902	1.6938977	8.301894	50.5
4.594473	1.5586253	8.540117	50.542
4.1120415	1.745373	8.780735	50.586
3.5637693	1.7908629	8.841787	50.642
3.2094274	1.9644425	8.942344	50.686
2.8443117	2.135628	8.938752	50.742
2.5067291	2.2493525	8.9040365	50.787
2.2936451	2.3175871	9.478644	50.842
2.3630772	2.4744074	8.962694	50.887
2.717419	2.4648306	9.267955	50.945
2.9053638	2.5821466	8.919599	50.995
2.859874	2.8802247	9.076419	51.045
2.7593174	3.063381	9.579201	51.1
2.3690627	2.7808652	9.643845	51.142
2.0219033	3.0346506	9.403227	51.186
1.6687586	3.0454245	9.2069025	51.242
1.7286136	3.13401	9.194932	51.287
1.3754689	3.0262709	9.317036	51.345
1.2318168	2.873042	9.443929	51.395
0.82719666	2.870648	9.411607	51.445
0.50158525	2.966416	9.351752	51.495
0.35194764	2.9508536	9.279925	51.545
0.16879122	2.955642	9.43914	51.612
0.095768064	3.0454245	9.449914	51.65
0.2873042	2.7856536	9.388862	51.695
0.037110128	2.9053638	9.5492735	51.745
-0.09696517	2.7269957	9.599552	51.787
-0.08259996	2.743755	9.487024	51.842
-0.110133275	2.873042	9.038112	51.887
-0.48003745	3.0478187	9.315839	51.945
-0.48482585	2.7700913	9.698911	52.002
-0.4321534	2.5833437	9.721656	52.045
-0.47764325	2.5881321	9.673772	52.056
-0.14844051	2.4708161	9.452309	52.151
-0.19632454	2.633622	9.38168	52.205
-0.16759412	2.754529	9.465476	52.245
-0.049081136	2.8646624	9.449914	52.302
0.07062895	2.7581203	9.503783	52.342
0.11133038	2.695871	9.466674	52.395
0.23582886	2.6862943	9.551667	52.455
0.25139117	2.7090392	9.500193	52.495
0.35793316	2.707842	9.512163	52.546
0.47405192	2.8514943	9.621099	52.596
0.78888947	2.9101522	9.65821	52.646
0.78290397	2.5187001	9.190144	52.696
1.1971009	2.373851	9.40203	52.746
1.4197617	2.1942859	9.399636	52.795
1.7142484	2.5594015	9.260772	52.853
1.8830396	2.0913353	9.240421	52.903
2.207454	1.9859903	9.113529	52.953
2.2230163	1.9381063	9.2547865	53.002
2.8443117	1.7226281	9.066842	53.042
2.9580362	1.6184803	9.050082	53.056
4.200627	1.447295	8.899248	53.15
4.572925	1.1659763	8.637083	53.205
4.7201686	1.3144168	8.579621	53.255
4.9583917	1.2054806	8.423999	53.295
5.2648497	0.91937345	8.159439	53.345
5.7484784	1.021127	8.101978	53.397
5.8909335	0.8643068	7.964312	53.446
6.447585	0.94451255	7.6841903	53.496
6.467936	0.79128367	7.3873096	53.546
6.587646	0.8319851	7.309498	53.603
6.9767036	0.7110779	6.943185	53.653
6.682217	1.0007763	7.1993647	53.701
7.121553	0.89423436	6.8127007	53.75
7.339425	0.79726917	6.745663	53.8
7.5309615	0.25258827	6.235698	53.855
7.6506715	0.45968673	6.1447186	53.895
7.94037	0.35194764	6.030994	53.958
8.112753	-0.46447513	5.9771247	54.0
8.101978	0.2657564	5.803545	54.042
8.081628	0.16998832	5.7808	54.057
7.916428	0.1448492	5.8203044	54.15
7.831434	0.2657564	5.896919	54.192
7.893683	0.39863458	5.946	54.242
7.819463	0.33399114	5.957971	54.292
7.7703815	0.28491	5.9184666	54.342
7.7428484	0.24061728	6.029797	54.393
7.7679873	0.23223756	5.981913	54.443
7.7488337	0.25378537	5.967548	54.487
7.515399	0.2765303	5.9986725	54.547
7.4986396	0.17477672	6.1686606	54.587
7.3418193	0.19632454	6.220136	54.647
7.8972745	0.60094464	6.307524	54.707
7.9272017	0.29927522	5.98311	54.747
7.753622	0.06464344	6.075287	54.787
7.5441294	0.011971008	6.2644286	54.847
7.553706	0.22625206	6.3925185	54.887
6.9527617	0.29807812	6.6546836	54.948
6.853402	0.38067806	6.8438253	54.987
6.8869214	0.45609543	7.017405	55.047
6.8749504	0.37588966	7.0341644	55.071
7.013814	0.3842694	6.979098	55.141
6.745663	0.39504328	7.097611	55.202
6.8402343	0.4333505	7.017405	55.251
7.0221934	0.4333505	7.1766195	55.301
6.6163764	0.581791	7.2448545	55.352
6.343437	0.6859388	7.2783732	55.387
6.1064115	0.5626374	7.5046253	55.447
6.135142	0.6871359	7.643489	55.487
6.1219735	0.7793127	7.7224975	55.548
6.054936	0.7529764	7.785944	55.588
5.9962783	0.7469909	7.961918	55.648
5.638345	0.89184016	8.016984	55.687
5.282806	0.89303726	8.185776	55.748
5.674258	0.9540894	8.1343	55.787
4.8482585	1.376666	8.468291	55.848
4.43885	1.1492168	8.602366	55.887
4.2161894	1.1204864	8.595184	55.947
4.060566	1.2617443	8.744822	56.001
3.1914709	1.4760253	8.878897	56.051
3.691859	1.2366052	8.887277	56.071
3.977966	1.5753847	9.032125	56.146
4.203021	1.7489643	8.973468	56.193
3.9085343	1.5574282	8.779537	56.254
3.2573113	1.4197617	8.8777	56.316
3.1244333	1.3491327	9.0476885	56.357
3.144784	1.4185646	9.087193	56.403
3.393781	1.4293385	9.114726	56.453
3.845088	1.411382	8.969876	56.503
4.253299	1.4401124	8.896853	56.55
4.3155484	1.412579	8.939949	56.602
4.2293572	1.3455414	8.978256	56.652
4.1216183	1.3000516	8.966286	56.702
3.9935284	1.2976574	8.966286	56.752
3.9109285	1.2605472	9.051279	56.8
3.8019924	1.30484	8.9519205	56.852
3.705027	1.3227965	9.00579	56.902
3.657143	1.3024458	9.109938	56.952
3.7588966	1.283292	9.193734	57.002
3.819949	1.282095	9.132683	57.046
3.8031895	1.3623008	9.163807	57.072
3.539827	1.4185646	9.028535	57.151
3.2752678	1.685518	9.129091	57.201
3.3806129	1.4460979	9.277532	57.251
3.0753522	1.4257472	9.307459	57.3
2.7605145	1.4915876	9.294291	57.352
2.5965118	1.6579847	9.315839	57.402
2.5079262	1.6005238	9.361329	57.452
2.2182279	1.8674773	9.398438	57.517
2.1990743	1.8902222	9.473856	57.547
2.160767	1.8950106	9.606734	57.602
1.9440918	1.9776106	9.52174	57.651
1.8231846	2.0721815	9.412804	57.701
1.5442601	2.1033063	9.421184	57.751
1.3144168	2.1823149	9.370906	57.802
1.2569559	2.1176715	9.412804	57.852
1.2761095	2.0961237	9.442732	57.902
1.401805	2.147599	9.526528	57.952
1.5275006	2.1751323	9.483433	57.996
1.769315	2.1978772	9.461885	58.047
1.9045875	2.2038627	9.49301	58.072
2.086547	2.1751323	9.458294	58.153
2.124854	2.1392193	9.425972	58.203
2.2218192	2.0530279	9.378088	58.253
2.2972364	2.006341	9.331401	58.3
2.3594859	2.0171149	9.454702	58.342
2.432509	1.9620483	9.372103	58.405
2.5725696	1.9297266	9.433155	58.445
2.7497406	2.0254946	9.321824	58.495
2.8048072	2.0027497	9.332599	58.547
2.885013	1.9608512	9.326612	58.596
2.8083985	1.9321208	9.305065	58.647
2.790442	1.899799	9.285912	58.719
2.645593	1.8794483	9.277532	58.753
2.5582044	1.8543092	9.306262	58.804
2.5833437	1.8339585	9.200917	58.853
2.7030537	1.8112136	9.233239	58.904
2.8993783	1.7345991	9.242816	58.95
3.0609868	1.7286136	9.27394	58.996
3.2154129	1.6651673	9.155427	59.045
3.4955344	1.6280571	9.212888	59.1
3.5410242	1.6436194	9.205706	59.15
3.5745432	1.6364368	9.354146	59.195
3.7588966	1.6184803	9.160215	59.245
3.6140475	1.6903064	9.099164	59.295
3.4572272	1.6579847	9.249998	59.355
3.4344823	1.6232687	9.227253	59.396
3.2968156	1.6017209	9.384073	59.446
3.2968156	1.7884687	9.428367	59.497
3.1902738	1.9620483	9.374496	59.546
2.7449522	2.112883	9.350554	59.596
2.3056161	2.2038627	9.31105	59.647
1.7154455	2.2301989	9.297882	59.696
1.2413936	2.123657	9.340978	59.746
0.93373865	2.1428106	9.368511	59.796
0.93852705	2.148796	9.428367	59.846
0.9744401	2.1942859	9.449914	59.897
1.2330139	2.3463178	9.522937	59.951
1.4293385	2.4013844	9.446322	60.004
1.4808137	2.432509	9.398438	60.053
1.4951789	2.396596	9.421184	60.071
1.5610195	2.3247697	9.452309	60.15
1.5646108	2.2876596	9.482236	60.195
1.685518	2.2290018	9.498995	60.245
1.8902222	2.267309	9.43076	60.295
2.067393	2.2290018	9.435549	60.345
2.2661119	2.3056161	9.518148	60.396
2.4001873	2.2421699	9.39365	60.446
2.4169466	2.1631613	9.446322	60.496
2.3475149	2.1523874	9.27394	60.546
2.3056161	2.1535845	9.303867	60.596
2.3439236	1.934515	9.317036	60.64
2.5605986	2.0566192	8.971074	60.7
2.6982653	2.078167	9.299079	60.75
2.9233203	2.3834279	8.537724	60.802
3.4608185	1.8938135	9.583989	60.853
3.690662	1.9991584	9.463082	60.902
3.8774097	2.0350714	9.360131	60.95
4.083311	1.5981296	9.307459	61.001
