-0.7134721	-9.5492735	1.5825673	0.149
-0.7230489	-9.61272	1.4089876	0.199
-0.7445967	-9.527725	1.6232687	0.249
-0.7386112	-9.55885	1.6783354	0.288
-0.6823475	-9.5732155	1.5059528	0.335
-0.6859388	-9.601946	1.436521	0.384
-0.6691794	-9.630676	1.3132197	0.438
-0.6979098	-9.591172	1.4437037	0.488
-0.712275	-9.581595	1.4281414	0.535
-0.7015011	-9.562442	1.4317327	0.588
-0.7098808	-9.607931	1.3299791	0.645
-0.7757214	-9.564836	1.270124	0.698
-0.79128367	-9.593566	1.1971009	0.747
-0.6536171	-9.527725	1.3383588	0.776
-0.59735334	-9.566033	0.9504981	0.852
-0.6715736	-9.443929	0.8355764	0.901
-0.6631939	-9.739613	0.5590461	0.951
-0.33877954	-9.630676	0.4225766	1.001
0.16639702	-9.838972	0.142455	1.043
-0.038307227	-9.860519	-0.06584055	1.103
-0.15562311	-9.868899	-0.14724341	1.143
-0.50757074	-9.526528	-0.18914193	1.199
-0.5422867	-9.387665	0.45250413	1.244
-0.2873042	-9.662998	0.8595184	1.293
-0.7254431	-10.070012	0.6476316	1.343
-0.29568392	-9.753978	0.62728083	1.393
0.045489833	-9.618706	-0.18315643	1.444
0.19273324	-9.370906	-0.04189853	1.495
-0.142455	-9.919178	0.34955344	1.544
-0.4261679	-10.271125	-0.37708676	1.576
0.08619126	-9.636662	-0.6955156	1.644
0.61052144	-9.539697	-0.34356794	1.676
1.1085154	-9.7324295	-0.06464344	1.748
0.39145198	-9.78989	0.33758244	1.776
-0.094570965	-9.813833	-0.24540567	1.851
-0.39504328	-9.4774475	0.18794483	1.88
-0.5530606	-9.408015	0.78769237	1.952
-0.9876082	-10.048465	0.5327099	2.002
-1.5251064	-9.579201	0.80564886	2.05
-1.7393875	-9.574412	0.10055647	2.1
0.37588966	-9.779117	1.0342951	2.15
0.3854665	-9.744401	0.50757074	2.2
0.09816227	-9.593566	1.3814543	2.25
-0.9552865	-9.495404	1.1540052	2.3
-1.3634979	-9.300277	2.292448	2.35
-1.1073183	-9.405622	1.6903064	2.392
-1.4257472	-9.305065	2.0027497	2.45
-1.6017209	-9.555259	1.5825673	2.49
-1.6627731	-9.399636	1.99437	2.54
-1.2785037	-9.615114	1.6639702	2.59
-0.9600749	-9.464279	1.3036429	2.635
-0.6404489	-9.441534	1.2856863	2.702
-1.8698715	-9.433155	1.4281414	2.736
-1.8770541	-9.212888	2.5941176	2.796
-1.8770541	-9.212888	2.5941176	2.796
-0.6655881	-9.487024	0.9684546	2.901
-1.0271125	-9.317036	1.459266	2.951
-2.0254946	-9.419987	1.3024458	3.001
-2.172738	-9.363723	1.8579005	3.052
-1.1073183	-9.862914	0.45609543	3.09
-0.33997664	-9.664195	0.60693014	3.14
-0.29328972	-9.52174	0.6991069	3.19
-0.60573304	-9.837775	0.5770026	3.24
-0.50876784	-9.728839	0.8702923	3.301
0.20111294	-9.812635	0.6991069	3.335
-0.22864626	-9.718064	0.581791	3.392
-0.46208093	-9.691729	0.61411273	3.436
-0.7577648	-9.710882	-0.11611878	3.492
-0.4381389	-9.574412	0.61171854	3.536
-0.35434186	-9.698911	0.9516952	3.601
-0.439336	-9.837775	0.6955156	3.639
-0.075417355	-9.659407	0.29807812	3.692
-0.18195933	-9.566033	0.3196259	3.752
-0.31364042	-9.849746	0.22625206	3.792
-0.5734113	-9.785102	0.093373865	3.852
-0.12689269	-9.827001	-0.073023155	3.898
-0.046686932	-9.773131	-0.36511576	3.948
-0.021547815	-9.5385	0.35314476	3.998
0.12449849	-9.737218	0.5327099	4.048
-0.2873042	-9.811439	0.90500826	4.1
-0.320823	-9.856929	0.35075054	4.153
-0.8379706	-9.776723	0.007182605	4.203
-0.6572084	-9.715671	-0.15442601	4.254
-0.48003745	-9.659407	0.5303157	4.304
-0.7086837	-9.437943	1.8662802	4.347
-1.1001357	-9.503783	1.5741876	4.4
-1.3587095	-9.61272	1.210269	4.443
-1.2354081	-9.701305	1.282095	4.493
-1.555034	-9.436746	0.34356794	4.535
-0.38067806	-9.821015	0.4189853	4.592
-0.6787562	-9.539697	1.2378023	4.635
-0.63087213	-9.67856	1.7226281	4.691
-0.93852705	-9.781511	1.553837	4.738
-0.8870517	-9.186552	2.6874914	4.791
-1.6759412	-8.954314	2.4600422	4.85
-1.8890251	-9.187749	2.4193408	4.89
-1.910573	-9.26556	2.5246856	4.949
-0.7793127	-9.811439	0.5446809	5.009
-0.7338228	-9.909601	-0.035913024	5.052
-0.49320555	-9.623494	0.79846627	5.09
-0.8331822	-9.454702	1.091756	5.135
-1.8052281	-9.610326	1.5179238	5.191
-1.6352397	-9.515755	1.7118542	5.24
-1.009156	-9.275137	1.9057846	5.298
-1.0654198	-9.326612	2.0721815	5.348
-1.1959038	-9.397242	1.9895816	5.399
-1.1947067	-9.702502	1.673547	5.449
-1.1492168	-9.594764	0.90261406	5.499
-0.81402856	-9.495404	0.91697925	5.54
-0.11851298	-9.19134	1.7417817	5.599
-0.58418524	-9.726444	2.1045034	5.65
0.736217	-10.588357	0.31364042	5.691
-0.866701	-9.834184	-0.58538234	5.741
0.40342298	-9.909601	-1.2641385	5.8
0.022744916	-9.673772	-0.7422025	5.848
0.24301147	-9.908403	-0.4345476	5.899
0.18435353	-9.722853	-0.14724341	5.949
0.07182605	-9.406818	0.91937345	5.998
-0.4141969	-9.507375	1.067814	6.05
-0.2813187	-9.940725	0.35194764	6.099
-0.50397944	-9.642648	0.24660277	6.15
-0.25498247	-9.742006	-0.59615624	6.199
-0.24660277	-9.532514	-0.60812724	6.248
-0.23942018	-9.67856	-0.36272156	6.3
0.074220255	-9.898827	-0.39145198	6.35
0.08738836	-9.779117	-0.50158525	6.4
-0.039504327	-9.7863	-0.6787562	6.45
0.60453594	-9.77792	-0.8379706	6.501
0.48961425	-9.653421	-0.60453594	6.535
-0.20829555	-9.862914	0.0011971008	6.595
-0.51355624	-9.742006	-0.09935937	6.635
-0.7457938	-9.713276	-0.011971008	6.696
-0.47764325	-9.734824	0.049081136	6.734
-0.6715736	-9.415198	1.0307038	6.801
-1.103727	-9.605537	1.3204023	6.848
-1.5705963	-9.591172	1.0726024	6.898
-1.6448165	-9.64145	0.65242	6.949
-0.7685388	-9.775525	-0.1436521	6.998
-0.36152446	-9.922769	-0.142455	7.049
-0.31364042	-9.821015	0.45010993	7.099
-0.18555063	-9.52174	1.2509704	7.149
-0.16280572	-9.698911	1.3599066	7.199
-0.9636662	-9.615114	1.2378023	7.244
-1.3814543	-9.403227	1.5885528	7.294
-1.7310078	-9.434352	1.7034745	7.344
-0.9684546	-9.648633	0.8499416	7.412
-0.7769185	-9.691729	1.0414777	7.444
-0.35075054	-9.892841	0.6727707	7.499
-0.47524905	-9.980229	0.6476316	7.549
-0.4165911	-9.599552	0.7589619	7.599
-0.82121116	-9.483433	1.0366893	7.648
-1.3670892	-9.516952	1.614889	7.699
-1.4089876	-9.466674	1.7836803	7.75
-1.2976574	-9.417592	1.7465701	7.8
-1.2437878	-9.380483	1.6136919	7.847
-1.4401124	-9.305065	1.8483237	7.9
-1.5921441	-9.391256	2.0111294	7.95
-1.5370775	-9.39365	2.018312	7.999
-1.3120226	-9.416395	1.4820108	8.05
-1.2389994	-9.464279	1.3551182	8.101
-1.2797008	-9.572019	1.127669	8.151
-1.4317327	-9.592369	1.13964	8.201
-0.5327099	-9.617508	0.760159	8.25
-0.62967503	-9.478644	1.3060371	8.301
-0.5746084	-9.827001	0.6955156	8.351
-0.6536171	-9.637859	0.81761986	8.401
-0.4237737	-9.825804	0.700304	8.451
-0.32680854	-9.848549	0.046686932	8.501
-0.59256494	-9.588778	0.5255273	8.551
-0.35194764	-9.674969	0.5722142	8.601
-0.34955344	-9.774328	0.6464345	8.663
-0.47285482	-9.745598	0.6596026	8.698
-0.24660277	-9.781511	0.29927522	8.749
-0.16998832	-9.694122	0.06943185	8.798
-0.062249243	-9.69532	0.049081136	8.848
0.06344634	-9.7084875	0.32441434	8.897
-0.16639702	-9.776723	0.4321534	8.95
-0.30526072	-9.7803135	0.31004912	8.999
-0.5446809	-9.739613	0.18555063	9.05
-0.5470751	-9.7084875	0.31364042	9.099
-0.21787235	-9.750386	0.46088383	9.151
-0.18794483	-9.7084875	0.830788	9.2
-0.20709845	-9.714474	0.92895025	9.235
-0.6560113	-9.743204	0.8487445	9.301
-1.1468226	-9.5385	1.2270284	9.343
-0.7685388	-9.731233	1.2665327	9.394
-0.5327099	-9.635465	0.9720459	9.444
-0.80086046	-9.508572	1.1683705	9.493
-0.60573304	-9.640253	1.1994951	9.543
-0.91458505	-9.672575	1.1815386	9.594
-1.2916719	-9.441534	1.7764976	9.643
-1.1911154	-9.465476	1.7872716	9.693
-1.1228806	-9.552865	1.0378864	9.75
-1.1755531	-9.592369	0.8319851	9.795
-1.1755531	-9.592369	0.8319851	9.795
-1.9476831	-9.592369	0.7026982	9.891
-1.448492	-9.434352	1.1695676	9.948
-1.7226281	-9.41879	1.5251064	10.011
-2.0518308	-9.113529	1.8267759	10.047
-2.3810337	-9.121908	2.1140802	10.1
-2.5306711	-8.92319	2.3870192	10.134
-0.700304	-9.92636	1.2282255	10.194
-0.6584055	-10.064027	0.6871359	10.234
-0.5267244	-9.561244	0.80205756	10.298
-0.80445176	-9.506178	0.92176765	10.35
-0.878672	-9.475053	1.1599907	10.399
-0.79846627	-9.76116	1.2557588	10.45
-0.47644615	-9.902418	0.7541735	10.5
-0.51595044	-9.628283	1.1683705	10.552
0.15682021	-9.874885	0.7230489	10.591
0.076614454	-9.762358	0.28491	10.635
-0.5506664	-9.56723	0.80086046	10.695
-0.6584055	-9.785102	0.748188	10.735
-0.78888947	-9.7479925	0.4201824	10.795
-0.78888947	-9.7479925	0.4201824	10.795
-0.21667525	-9.562442	0.36870706	10.899
0.23223756	-9.691729	0.63087213	10.949
0.022744916	-9.868899	0.5315128	10.999
0.1316811	-9.846154	0.34955344	11.049
-0.29688102	-9.688137	-0.12689269	11.099
-0.36631286	-9.636662	-0.1364695	11.147
-0.20111294	-9.696517	0.38187516	11.197
-0.14604631	-9.797073	0.58777654	11.25
0.04309563	-9.773131	0.40701428	11.299
-0.23582886	-9.742006	0.055066638	11.35
-0.34476504	-9.640253	-0.033518825	11.399
-0.21188685	-9.643845	0.5590461	11.45
-0.015562311	-9.7324295	0.8858546	11.501
-0.023942016	-9.726444	0.9756372	11.551
-0.047884032	-9.76954	0.8535329	11.601
-0.35793316	-9.737218	0.50278234	11.635
-0.7146692	-9.7803135	0.30166942	11.699
-0.130484	-9.751583	0.91458505	11.749
-0.19273324	-9.534908	0.8702923	11.8
-0.19991584	-9.53012	1.0630256	11.808
-0.32800564	-9.67856	1.1779473	11.898
-0.6596026	-9.6845455	1.2976574	11.95
-1.0402806	-9.697714	1.3180081	11.999
-0.90620536	-9.619903	1.1013328	12.05
-0.5422867	-9.613917	0.92535895	12.1
-0.5386954	-9.526528	1.400608	12.151
-0.7733272	-9.514558	1.3563153	12.2
-1.3479356	-9.587581	1.5107412	12.235
-1.2725182	-9.464279	1.7130513	12.295
-1.021127	-9.524135	1.4437037	12.367
-0.9828198	-9.500193	1.6807296	12.398
-1.34195	-9.427169	1.6891093	12.449
-1.4784195	-9.4535055	1.9045875	12.499
-1.1109096	-9.42238	1.5346833	12.548
-0.7015011	-9.572019	1.543063	12.597
-0.81163436	-9.568427	1.6041151	12.65
-0.9672575	-9.53012	1.3682863	12.699
-1.0666169	-9.475053	1.34195	12.75
-1.0690111	-9.4295635	1.2042835	12.8
-1.0283096	-9.433155	1.2641385	12.81
-0.6691794	-9.82341	1.0235212	12.899
-0.40342298	-9.803059	0.62608373	12.949
-0.46686932	-9.742006	0.7230489	12.999
-0.46327803	-9.683349	0.19632454	13.048
-0.2837129	-9.628283	0.4345476	13.1
0.010773907	-9.715671	0.7302315	13.15
0.10175357	-9.835381	0.5482722	13.199
-0.17717093	-9.822212	0.05865794	13.25
-0.35434186	-9.730036	0.027533319	13.301
-0.20590134	-9.738416	-0.22146365	13.335
-0.15083471	-9.719262	0.06823475	13.396
-0.0035913025	-9.752781	0.31364042	13.435
-0.17597382	-9.76954	0.09816227	13.495
-0.3184288	-9.742006	-0.01436521	13.535
-0.641646	-9.812635	0.36631286	13.62
-0.23104046	-9.866506	0.20231004	13.649
-0.2777274	-9.825804	0.6619968	13.699
-0.9780314	-9.563639	0.8391677	13.749
-1.0570401	-9.546879	0.89064306	13.8
-1.1192893	-9.556456	0.89782566	13.852
-1.0714053	-9.610326	1.2090719	13.897
-0.8343793	-9.581595	1.3012487	13.95
-0.7098808	-9.56723	1.388637	14.0
-0.79487497	-9.560047	1.6160861	14.05
-1.0630256	-9.537302	1.5945383	14.099
-1.412579	-9.527725	1.6364368	14.141
-0.9576807	-9.662998	1.1324574	14.201
-1.1097125	-9.471462	1.1587936	14.235
-1.115698	-9.624691	0.9876082	14.295
-1.1348516	-9.609129	1.0582372	14.335
-1.2485762	-9.586384	1.4748282	14.395
-1.0761937	-9.619903	1.5753847	14.434
-1.067814	-9.5253315	1.7046716	14.495
-1.1611878	-9.405622	1.8471266	14.535
-1.5897499	-9.31943	1.9297266	14.595
-1.7836803	-9.323022	1.9069817	14.635
-1.8567034	-9.515755	1.8136078	14.696
-1.1109096	-9.208099	2.1619642	14.734
-0.7697359	-9.487024	1.7513585	14.795
-0.79128367	-9.543288	2.0135236	14.813
-1.0833763	-9.481039	1.4532804	14.899
-1.1647792	-9.564836	1.1504139	14.949
-0.89064306	-9.461885	1.0714053	14.999
-0.41299978	-9.591172	1.2449849	15.05
-0.33518824	-9.797073	1.0319009	15.099
-0.48003745	-9.76954	0.91817635	15.15
-0.3172317	-9.853337	0.4285621	15.199
-0.38067806	-9.7958765	0.23942018	15.24
-0.2885013	-9.595961	0.37588966	15.291
-0.053869538	-9.625888	0.39624038	15.335
-0.16280572	-9.785102	0.63206923	15.395
-0.20231004	-9.847352	0.50038815	15.434
-0.36750996	-9.743204	0.30286652	15.496
-0.45609543	-9.793482	0.04309563	15.535
-0.31004912	-9.630676	0.31124622	15.596
0.092176765	-9.639056	0.60693014	15.635
0.031124622	-9.759963	0.91578215	15.701
-0.30645782	-9.709685	0.8367735	15.743
-0.62488663	-9.671378	0.60693014	15.794
-0.7170634	-9.682152	0.4165911	15.82
-0.36631286	-9.689334	0.5614403	15.899
-0.21308395	-9.664195	0.842759	15.949
-0.2741361	-9.700109	0.7733272	15.999
-0.30765492	-9.734824	0.49919105	16.048
-0.5566519	-9.734824	0.24779987	16.1
-0.5231331	-9.674969	0.11971009	16.15
-0.439336	-9.749189	0.5482722	16.198
-0.62249243	-9.776723	0.38067806	16.25
-0.8607155	-9.673772	0.45968673	16.3
-0.9983821	-9.785102	0.3172317	16.35
-0.8822633	-9.81503	0.736217	16.4
-0.16519992	-9.545682	1.1959038	16.451
-1.0462662	-9.552865	1.0031705	16.5
-0.88944596	-9.661801	0.92176765	16.535
-1.352724	-9.508572	1.5179238	16.595
-1.3371617	-9.454702	1.4077905	16.634
-0.92296475	-9.488221	1.3910311	16.698
-0.7589619	-9.479841	1.4568717	16.749
-0.8511387	-9.665392	1.340753	16.799
-0.93373865	-9.659407	1.3000516	16.818
-0.44651863	-9.739613	0.8475474	16.898
-0.45968673	-9.736021	1.2473791	16.95
-0.9696517	-9.394848	1.7142484	17.0
-1.6484078	-9.3733	1.79206	17.05
-1.7501614	-9.344569	1.9548657	17.099
-1.2138603	-9.346964	1.8974048	17.151
-0.62728083	-9.524135	1.8746599	17.2
-0.6703765	-9.582792	1.6723499	17.251
-0.92535895	-9.481039	1.2258313	17.301
-0.80804306	-9.627085	1.1324574	17.363
-0.59855044	-9.648633	1.0055647	17.398
-0.8439561	-9.730036	1.0043676	17.449
-0.6907272	-9.734824	0.92775315	17.499
-0.5662287	-9.849746	0.7326257	17.549
-0.5674258	-9.799467	0.61650693	17.597
-0.6440403	-9.534908	0.6464345	17.65
-0.25737667	-9.587581	1.103727	17.699
-0.14844051	-9.8198185	1.2569559	17.749
-0.29448682	-9.733627	1.0055647	17.799
-0.33758244	-9.691729	0.9696517	17.819
-0.62009823	-9.564836	0.5722142	17.899
-0.20829555	-9.701305	0.45609543	17.949
-0.031124622	-9.712079	0.82240826	17.999
0.053869538	-9.712079	0.8559271	18.049
-0.11372458	-9.7084875	0.79607207	18.1
-0.31364042	-9.7084875	0.6679823	18.15
-0.45010993	-9.733627	0.58657944	18.2
-0.45848963	-9.78989	0.47285482	18.25
-0.17836803	-9.659407	0.7505822	18.301
0.0035913025	-9.609129	1.2066777	18.351
0.005985504	-9.759963	1.3108255	18.401
-0.58538234	-9.562442	1.4772224	18.451
-0.760159	-9.506178	1.6699557	18.5
-0.90381116	-9.68694	1.389834	18.551
-0.7541735	-9.714474	1.3790601	18.613
-0.45609543	-9.679757	1.5526398	18.648
-0.48841715	-9.544485	1.8447324	18.699
-0.59376204	-9.519346	2.0925324	18.749
-0.9708488	-9.431957	1.8722657	18.799
-1.1552023	-9.391256	2.4540567	18.851
-1.1587936	-9.343372	2.0901382	18.897
-1.1300632	-9.28232	2.1787236	18.95
-1.1085154	-9.269152	2.3463178	18.999
-1.2569559	-9.3661175	2.2469583	19.05
-1.3850456	-9.42238	2.2816741	19.1
-1.1228806	-9.5385	1.6938977	19.141
-1.0941502	-9.482236	1.8219875	19.2
-1.2030864	-9.449914	1.8543092	19.235
-1.6472107	-9.451111	1.8255788	19.295
-1.5502456	-9.460688	1.7657237	19.335
-1.0857705	-9.465476	1.6579847	19.396
-1.0115502	-9.472659	1.5682021	19.435
-1.0702082	-9.489418	1.7537527	19.496
-1.271321	-9.451111	1.5717934	19.535
-1.1647792	-9.406818	1.5478514	19.595
-0.8523358	-9.691729	1.3311762	19.635
-0.7134721	-9.696517	1.0354922	19.699
-0.7625532	-9.662998	0.9947908	19.749
-0.6512229	-9.715671	1.0163386	19.799
-0.6667852	-9.659407	0.9720459	19.819
-0.5434838	-9.779117	0.91697925	19.897
-0.5446809	-9.715671	0.9528923	19.95
-0.51714754	-9.753978	0.7230489	20.019
-0.5303157	-9.753978	0.59735334	20.05
-0.44891283	-9.616311	0.8810662	20.1
-0.14724341	-9.715671	0.8750807	20.151
-0.10534488	-9.706094	1.2030864	20.2
-0.3196259	-9.698911	1.2234371	20.235
-0.5267244	-9.635465	1.1013328	20.296
-0.6440403	-9.677363	0.8607155	20.335
-0.6392518	-9.561244	0.9864111	20.396
-0.34117374	-9.5492735	1.4065934	20.435
-0.45130703	-9.639056	1.7705121	20.499
-0.59615624	-9.773131	1.0235212	20.549
-0.50158525	-9.701305	0.9564836	20.599
-0.62967503	-9.688137	1.0163386	20.649
-0.59735334	-9.710882	1.0690111	20.699
-0.81043726	-9.623494	1.3970166	20.749
-0.7338228	-9.604341	1.6244658	20.799
-0.770933	-9.545682	1.685518	20.819
-0.9959879	-9.483433	1.9752164	20.898
-1.1073183	-9.404425	2.0374656	20.95
-1.1803415	-9.41879	2.1033063	20.999
-1.1288661	-9.446322	2.100912	21.05
-1.1324574	-9.482236	1.9536686	21.102
-1.0462662	-9.464279	2.030283	21.148
-1.1899183	-9.425972	1.9357121	21.199
-1.3431472	-9.344569	1.9632454	21.249
-1.3922282	-9.455899	1.9716251	21.299
-1.3742718	-9.406818	2.067393	21.35
-1.2761095	-9.460688	2.0805612	21.4
-1.2186487	-9.400833	2.0590134	21.45
-1.2964603	-9.339781	2.0685902	21.499
-1.4389153	-9.372103	2.0482395	21.54
-1.5346833	-9.394848	1.8734628	21.59
-1.4281414	-9.323022	1.8770541	21.634
-1.0223241	-9.458294	2.0111294	21.695
-0.91338795	-9.514558	1.8830396	21.735
-0.8487445	-9.51336	1.5921441	21.795
-0.9564836	-9.55047	1.4760253	21.82
-0.7110779	-9.652225	1.2378023	21.898
-0.7649474	-9.690532	0.9660604	21.949
-0.7170634	-9.595961	1.0223241	21.999
-0.38307226	-9.654618	0.82480246	22.049
-0.62847793	-9.707291	0.5566519	22.097
-0.7493851	-9.622296	0.33758244	22.15
-0.81881696	-9.659407	0.17836803	22.2
-0.92296475	-9.8198185	-0.12449849	22.25
-0.82121116	-9.792285	-0.62009823	22.299
-0.7074866	-9.710882	-0.5566519	22.351
-0.24660277	-9.688137	-0.49679685	22.38
-0.7457938	-9.709685	-0.37229836	22.467
-1.0546459	-9.797073	-0.5662287	22.499
-1.2952632	-9.692925	-0.6631939	22.549
-1.4089876	-9.607931	-0.5410896	22.599
-1.3431472	-9.473856	-0.5638345	22.647
-1.3395559	-9.592369	-0.130484	22.699
-1.4580688	-9.77792	0.14604631	22.749
-1.5741876	-9.652225	0.05865794	22.8
-1.590947	-9.591172	-0.051475335	22.819
-1.8854338	-9.378088	0.15801731	22.897
-1.3718776	-9.709685	0.16280572	22.95
-1.4281414	-9.603143	0.6548142	23.0
-1.3730747	-9.611523	0.47644615	23.049
-1.6112977	-9.586384	0.50517654	23.099
-1.661576	-9.552865	0.6799533	23.151
-1.4628572	-9.701305	0.61890113	23.201
-1.4652514	-9.574412	0.82121116	23.251
-1.484405	-9.540894	0.85473	23.3
-1.6759412	-9.561244	1.3000516	23.351
-1.7142484	-9.522937	1.2605472	23.401
-1.673547	-9.458294	1.4544775	23.451
-1.5993267	-9.388862	1.4568717	23.501
-1.5215151	-9.449914	1.4556746	23.551
-1.5705963	-9.457097	1.8339585	23.6
-1.4891934	-9.333796	1.7369933	23.663
-1.376666	-9.380483	1.863886	23.698
-1.2042835	-9.466674	1.685518	23.749
-1.2808979	-9.473856	1.7058687	23.799
-1.3251907	-9.467871	1.7848774	23.818
-1.0666169	-9.4535055	1.780089	23.897
-0.9684546	-9.585187	1.6136919	23.949
-0.7769185	-9.585187	1.5837644	23.999
-0.62009823	-9.522937	1.5406688	24.05
-0.8499416	-9.540894	1.7250223	24.1
-0.78769237	-9.564836	1.6843209	24.151
-0.5542577	-9.569624	1.5286977	24.201
-0.14844051	-9.692925	1.1947067	24.251
-0.1328782	-9.745598	0.94930094	24.301
-0.5267244	-9.694122	1.1204864	24.351
-0.46088383	-9.595961	1.163582	24.401
-0.09935937	-9.691729	0.8295909	24.451
0.06703765	-9.785102	0.5650316	24.501
0.0023942017	-9.781511	0.39384618	24.551
-0.25019407	-9.739613	0.6596026	24.6
-0.12449849	-9.682152	0.7278373	24.651
0.2693477	-9.730036	0.7302315	24.701
0.37469256	-9.688137	0.427365	24.751
-0.11133038	-9.685743	0.5470751	24.801
-0.36391866	-9.730036	0.6991069	24.82
-0.24540567	-9.603143	0.9516952	24.912
0.2885013	-9.66659	1.0043676	24.95
0.17357962	-9.690532	0.5590461	25.001
-0.45848963	-9.662998	0.91697925	25.049
-0.272939	-9.692925	0.7110779	25.102
-0.016759412	-9.696517	0.6847417	25.14
0.077811554	-9.664195	0.7445967	25.19
-0.019153614	-9.690532	0.700304	25.253
-0.16879122	-9.674969	0.7433996	25.291
-0.24540567	-9.64145	0.90021986	25.341
-0.3866636	-9.696517	0.62129533	25.393
-0.39743748	-9.700109	0.59615624	25.441
-0.39504328	-9.659407	0.8535329	25.484
-0.23582886	-9.689334	0.79726917	25.543
-0.3196259	-9.692925	0.82719666	25.604
-0.45130703	-9.700109	0.89782566	25.641
-0.33399114	-9.651027	0.93373865	25.693
-0.35673606	-9.647436	0.82599956	25.751
-0.5662287	-9.639056	0.830788	25.8
-0.58538234	-9.672575	0.90979666	25.828
-0.59615624	-9.690532	0.8487445	25.902
-0.6452374	-9.636662	0.7302315	25.952
-0.4285621	-9.706094	0.7206547	26.003
-0.073023155	-9.646238	0.6991069	26.04
-0.34835634	-9.842564	0.37229836	26.09
-0.7218518	-9.818622	0.15801731	26.135
-0.8738836	-9.592369	0.48482585	26.203
-1.0642227	-9.647436	0.6548142	26.241
-0.60693014	-9.55885	0.6655881	26.304
-0.56982	-9.618706	0.81283146	26.335
-0.7577648	-9.65821	0.63206923	26.4
-1.1336545	-9.603143	0.6751649	26.45
-0.842759	-9.694122	0.51475334	26.5
-0.6847417	-9.803059	0.12808979	26.55
-0.9564836	-9.667787	0.015562311	26.589
-1.4508862	-9.500193	0.12210429	26.634
-0.92535895	-9.847352	0.3866636	26.69
-0.770933	-9.774328	0.5781997	26.734
-0.94211835	-9.630676	0.41299978	26.799
-1.151611	-9.636662	0.4141969	26.83
-1.1911154	-9.714474	0.5566519	26.894
-1.1456255	-9.557653	0.7290344	26.942
-1.067814	-9.691729	0.5614403	26.993
-0.89064306	-9.633071	0.39504328	27.052
-1.1504139	-9.718064	0.81761986	27.102
-1.0175357	-9.557653	1.0151415	27.152
-0.90979666	-9.606734	0.7134721	27.202
-0.94331545	-9.696517	0.5351041	27.244
-0.9720459	-9.634268	0.40222588	27.294
-0.80205756	-9.646238	0.5662287	27.343
-0.7721301	-9.7084875	0.557849	27.401
-0.7278373	-9.742006	0.47165772	27.45
-0.878672	-9.676167	0.38067806	27.498
-0.9911995	-9.639056	0.5410896	27.549
-0.9840169	-9.661801	0.521936	27.597
-0.9816227	-9.679757	0.5303157	27.647
-0.8798691	-9.633071	0.50038815	27.699
-0.78649527	-9.680955	0.48602295	27.75
-0.81402856	-9.690532	0.41299978	27.799
-0.82719666	-9.664195	0.49440265	27.829
-0.8619126	-9.660604	0.5363012	27.898
-0.89782566	-9.677363	0.50038815	27.949
-0.8726865	-9.634268	0.5638345	27.999
-0.8678981	-9.65821	0.5363012	28.05
-0.91099375	-9.662998	0.58298814	28.1
-1.0043676	-9.564836	0.60693014	28.143
-1.0043676	-9.578004	0.94451255	28.194
-0.78410107	-9.774328	1.0737995	28.244
-0.6751649	-9.85214	0.58897364	28.294
-0.59376204	-9.846154	-0.0047884034	28.344
-0.6428431	-9.850943	0.37948096	28.394
-0.32441434	-9.740809	0.9660604	28.443
-0.45489833	-9.643845	0.8571242	28.493
-0.18555063	-9.592369	2.100912	28.544
-1.2126632	-9.295488	2.1068976	28.593
-1.5466543	-9.057265	2.6384103	28.643
-1.8686744	-9.294291	2.2349873	28.702
-1.1959038	-9.633071	2.0027497	28.749
-0.9552865	-9.876082	0.48482585	28.799
-0.8295909	-9.726444	0.9923966	28.828
-0.5255273	-9.528923	1.8375498	28.898
-0.3890578	-9.679757	2.0709844	28.95
-0.39264908	-9.838972	1.5454572	28.999
-1.0510546	-9.382876	1.9572599	29.049
-1.5251064	-9.070433	2.0482395	29.099
-2.1751323	-9.119514	2.6360161	29.143
-2.0338743	-9.120711	2.9472623	29.193
-1.1827357	-9.120711	2.9580362	29.244
-0.8475474	-9.215282	2.847903	29.294
-1.0522517	-9.107543	2.8179753	29.343
-1.5478514	-9.011775	2.6767175	29.394
-1.8590976	-9.057265	2.861071	29.444
-1.6244658	-9.197326	2.4947581	29.493
-0.60094464	-9.557653	2.5270798	29.543
-0.2717419	-9.5732155	1.7968484	29.594
-0.49200845	-9.436746	2.0901382	29.644
-0.6428431	-9.503783	1.8974048	29.693
-0.89423436	-9.56723	1.9141643	29.744
-0.39983168	-9.727641	1.543063	29.794
-0.18674773	-9.593566	1.5969325	29.83
-0.2789245	-9.543288	1.412579	29.901
-0.30286652	-9.52174	1.5011644	29.948
-0.4201824	-9.653421	1.4640543	29.999
-0.49919105	-9.7863	0.89782566	30.049
-0.51355624	-9.759963	0.49559975	30.1
-0.36391866	-9.745598	0.45370123	30.15
-0.095768064	-9.830592	0.21068975	30.199
-0.038307227	-9.690532	0.22625206	30.249
0.11133038	-9.758766	0.3184288	30.301
0.076614454	-9.764751	0.21188685	30.351
-0.095768064	-9.764751	-0.0011971008	30.401
-0.3184288	-9.703699	-0.12569559	30.45
-0.32441434	-9.647436	0.074220255	30.5
-0.21787235	-9.7240505	0.4357447	30.55
-0.39264908	-9.783905	0.49320555	30.601
-0.46327803	-9.78989	0.37948096	30.635
-0.415394	-9.812635	-0.12689269	30.696
-0.7038953	-9.7479925	-0.16759412	30.735
-0.08379706	-9.726444	0.02873042	30.795
-0.15203181	-9.696517	-0.22984336	30.82
-0.22505496	-9.800665	0.78888947	30.898
-0.78290397	-9.637859	0.7350199	30.949
-1.1192893	-9.654618	0.8798691	30.999
-1.2366052	-9.574412	1.1300632	31.049
-1.1252748	-9.5732155	1.3192052	31.099
-1.0690111	-9.633071	1.4041992	31.152
-1.0869676	-9.4535055	1.5466543	31.198
-1.0702082	-9.436746	1.8207904	31.239
-1.1623849	-9.455899	1.7705121	31.29
-1.2485762	-9.460688	1.6017209	31.334
-1.1444284	-9.440337	1.6986861	31.39
-1.1240777	-9.368511	1.8579005	31.434
-1.3694834	-9.448717	1.7872716	31.49
-1.3215994	-9.43914	1.9309237	31.534
-1.0271125	-9.443929	1.9021933	31.592
-1.033098	-9.397242	2.067393	31.642
-1.0187328	-9.358934	2.0913353	31.692
-0.91817635	-9.476251	2.0266917	31.734
-0.7541735	-9.469068	1.9405005	31.79
-0.7134721	-9.508572	1.875857	31.834
-0.79248077	-9.545682	1.567005	31.901
-0.7290344	-9.637859	1.5119383	31.94
-0.60693014	-9.605537	1.412579	31.99
-0.5398925	-9.592369	1.3754689	32.034
-0.6811504	-9.615114	1.1791444	32.09
-0.7505822	-9.594764	0.8319851	32.148
-0.8595184	-9.647436	0.6572084	32.189
-1.0175357	-9.655815	0.45250413	32.248
-0.9720459	-9.713276	0.2801216	32.29
-1.009156	-9.68694	0.10414778	32.334
-0.8511387	-9.718064	-0.025139118	32.402
-0.90740246	-9.728839	-0.22146365	32.449
-0.91458505	-9.734824	-0.2645593	32.49
-0.9804256	-9.685743	-0.2777274	32.534
-0.9624691	-9.707291	-0.4357447	32.59
-0.9876082	-9.696517	-0.39863458	32.634
-0.9900024	-9.706094	-0.22864626	32.69
-0.81761986	-9.716867	-0.23104046	32.734
-0.9804256	-9.655815	-0.04309563	32.79
-1.009156	-9.7084875	-0.14724341	32.834
-0.90859956	-9.668983	-0.022744916	32.888
-0.89303726	-9.6845455	0.079008654	32.94
-0.89303726	-9.674969	0.1364695	32.989
-0.9935937	-9.67856	0.3866636	33.034
-0.8631097	-9.64145	0.557849	33.09
-0.8583213	-9.676167	0.7110779	33.148
-0.7469909	-9.674969	0.7326257	33.189
-0.7577648	-9.5971575	1.0366893	33.234
-0.7697359	-9.633071	1.0067618	33.29
-0.7338228	-9.629479	1.2425907	33.334
-0.6931214	-9.603143	1.3060371	33.39
-0.7661445	-9.598354	1.3383588	33.434
-0.79607207	-9.594764	1.1899183	33.49
-0.7278373	-9.636662	1.2785037	33.534
-0.7206547	-9.616311	1.2354081	33.59
-0.6799533	-9.623494	1.258153	33.634
-0.60932434	-9.629479	1.2725182	33.698
-0.60573304	-9.657013	1.2078748	33.74
-0.5422867	-9.591172	1.2378023	33.79
-0.6392518	-9.624691	1.2808979	33.834
-0.6979098	-9.610326	1.1839328	33.887
-0.700304	-9.633071	1.2653356	33.939
-0.6799533	-9.588778	1.2545617	33.989
-0.62249243	-9.605537	1.1192893	34.052
-0.5662287	-9.625888	1.2378023	34.102
-0.6619968	-9.640253	1.1707647	34.14
-0.676362	-9.556456	1.1623849	34.191
-0.7374141	-9.615114	1.1887212	34.235
-0.8463503	-9.648633	0.90141696	34.291
-0.7637503	-9.707291	0.9720459	34.335
-0.89902276	-9.688137	0.7026982	34.391
-0.92775315	-9.744401	0.5734113	34.441
-1.0103531	-9.716867	0.81642276	34.491
-1.2294226	-9.640253	0.62009823	34.535
-1.2234371	-9.563639	0.90620536	34.591
-1.2844892	-9.619903	1.0462662	34.635
-1.5442601	-9.697714	1.42455	34.7
-0.80445176	-9.470264	1.1659763	34.75
-1.352724	-9.5385	1.22224	34.8
-1.3634979	-9.601946	1.1420342	34.828
-1.352724	-9.463082	1.4377182	34.898
-1.5191209	-9.500193	1.423353	34.949
-1.4879963	-9.434352	1.5622166	35.005
-1.4580688	-9.502586	1.5239093	35.034
-1.4413095	-9.485827	1.6579847	35.09
-1.400608	-9.473856	1.5047557	35.14
-1.4221559	-9.607931	1.7166426	35.203
-1.210269	-9.464279	1.6903064	35.234
-1.3251907	-9.458294	1.7417817	35.29
-1.2366052	-9.481039	1.7729063	35.334
-1.1360487	-9.460688	1.8076223	35.394
-1.3251907	-9.43076	1.7753005	35.434
-1.2844892	-9.482236	1.6472107	35.495
-1.2413936	-9.457097	1.7741034	35.535
-1.2006922	-9.5492735	1.7286136	35.601
-0.93972415	-9.545682	1.9141643	35.635
-1.1599907	-9.518148	1.6555905	35.7
-1.0414777	-9.569624	1.6603789	35.735
-1.2030864	-9.591172	1.5035586	35.8
-1.3479356	-9.583989	1.3108255	35.828
-1.271321	-9.3026705	1.9991584	35.889
-0.9504981	-9.635465	1.1959038	35.95
-0.89782566	-9.576807	1.4089876	36.003
-0.90500826	-9.583989	1.4987702	36.052
-1.0869676	-9.3421755	1.661576	36.103
-0.9840169	-9.5732155	1.2533646	36.149
-0.94690675	-9.763555	1.055843	36.202
-0.88944596	-9.618706	0.89902276	36.253
-0.7254431	-9.700109	0.49559975	36.303
-0.37708676	-9.76954	0.41180268	36.339
-0.4441244	-9.834184	0.4189853	36.391
-0.34835634	-9.768343	0.50876784	36.435
-0.5422867	-9.764751	0.41299978	36.495
-0.41299978	-9.637859	0.6428431	36.555
-0.2681506	-9.836577	0.36511576	36.595
-0.45130703	-9.813833	0.20231004	36.635
-0.5746084	-9.694122	0.2873042	36.695
-0.50397944	-9.7563715	0.25139117	36.735
-0.19033903	-9.655815	0.60693014	36.795
-0.34356794	-9.817424	0.5638345	36.835
-0.34356794	-9.817424	0.5638345	36.835
-0.7290344	-9.67018	0.81761986	36.949
-0.51235914	-9.812635	0.62728083	36.999
-0.60094464	-9.682152	0.8391677	37.049
-0.59017074	-9.572019	1.3263878	37.099
-0.80684596	-9.719262	1.1611878	37.15
-0.7433996	-9.7803135	1.0534488	37.199
-0.7410054	-9.594764	1.34195	37.25
-0.6835446	-9.458294	1.7429788	37.3
-0.78170687	-9.385271	1.8124107	37.354
-1.1971009	-9.481039	1.8914193	37.398
-1.0163386	-9.561244	1.7848774	37.449
-0.92775315	-9.514558	1.8267759	37.499
-0.90381116	-9.464279	1.6915035	37.549
-1.0019734	-9.440337	1.9309237	37.6
-1.2378023	-9.460688	1.9871874	37.65
-1.0450691	-9.488221	1.9033904	37.7
-1.0582372	-9.44752	1.9895816	37.749
-1.13964	-9.3733	1.9333179	37.801
-1.1492168	-9.417592	2.2050598	37.841
-1.103727	-9.376891	2.123657	37.898
-1.1121067	-9.41879	1.9548657	37.949
-1.2018893	-9.363723	1.9393034	37.999
-1.1815386	-9.448717	2.019509	38.049
-1.0366893	-9.609129	1.6519991	38.1
-0.7194576	-9.725247	1.4508862	38.149
-0.94451255	-9.489418	1.5969325	38.199
-1.2090719	-9.375694	2.0147207	38.25
-1.3790601	-9.090784	2.0853498	38.3
-1.127669	-9.351752	1.8267759	38.35
-0.79726917	-9.785102	1.3874398	38.401
-0.60573304	-9.619903	1.1695676	38.451
-0.4165911	-9.744401	0.79966336	38.501
-0.34955344	-9.908403	0.37708676	38.551
-0.3196259	-9.800665	0.44532153	38.612
-0.25378537	-9.715671	0.40222588	38.648
-0.24181437	-9.792285	0.34596214	38.699
-0.4333505	-9.733627	0.23702596	38.749
-0.5506664	-9.556456	0.23463176	38.799
-0.34596214	-9.697714	0.3842694	38.837
-0.2825158	-9.746795	0.130484	38.897
-0.04309563	-9.694122	0.37349546	38.949
-0.061052144	-9.753978	0.35673606	38.999
-0.40701428	-9.7479925	0.2669535	39.05
-0.6835446	-9.700109	0.23942018	39.099
-0.7062895	-9.671378	0.31124622	39.151
-0.5434838	-9.744401	0.49081135	39.2
-0.46208093	-9.713276	0.60932434	39.251
-0.38307226	-9.657013	1.1348516	39.301
-0.3878607	-9.67856	1.3515269	39.351
-0.79726917	-9.737218	1.055843	39.401
-0.6536171	-9.66659	1.1803415	39.451
-0.61291564	-9.466674	1.5610195	39.501
-0.427365	-9.64145	1.8303672	39.551
-0.7781156	-9.500193	1.9213469	39.601
-1.0007763	-9.485827	2.0015526	39.65
-1.1133038	-9.490616	2.1380222	39.701
-0.9540894	-9.417592	1.7657237	39.751
-1.1168951	-9.455899	1.9788077	39.801
-1.151611	-9.321824	2.0494366	39.841
-1.151611	-9.321824	2.0494366	39.841
-1.3910311	-9.355343	2.3307555	39.949
-0.6727707	-9.531317	1.9153614	39.999
-0.45250413	-9.574412	1.8614918	40.049
-0.48362875	-9.431957	1.7753005	40.098
-1.2737153	-9.194932	1.9129672	40.15
-1.4377182	-9.388862	2.2697031	40.199
-1.2330139	-9.543288	1.7932571	40.249
-1.163582	-9.384073	2.0326772	40.299
-0.47405192	-9.451111	1.6807296	40.351
-0.5279215	-9.457097	1.7513585	40.401
-0.8511387	-9.388862	1.9249382	40.451
-0.6931214	-9.594764	1.6352397	40.5
-0.9648633	-9.506178	1.2401965	40.551
-0.19632454	-9.636662	0.8834604	40.601
-0.17238252	-9.66659	1.0067618	40.651
-0.05626374	-9.883265	0.35434186	40.701
-0.15203181	-10.035296	-0.35673606	40.751
0.1448492	-9.929952	-0.076614454	40.8
0.19871874	-9.719262	-0.320823	40.84
-0.11971009	-9.561244	-0.22984336	40.899
0.12808979	-9.840169	0.090979666	40.949
0.48123455	-9.977836	-0.20350714	40.998
-0.6727707	-9.5492735	-0.17238252	41.049
0.18195933	-9.883265	-0.32920274	41.099
0.427365	-9.792285	-0.108936176	41.152
-0.16639702	-9.510966	-0.1400608	41.179
0.18315643	-9.788693	0.2669535	41.249
0.16160862	-9.846154	0.415394	41.3
-0.1436521	-9.585187	0.60094464	41.35
-1.1719618	-9.48463	0.664391	41.399
0.36152446	-10.295067	0.08140286	41.451
-0.095768064	-9.551667	0.8331822	41.501
-0.39504328	-9.77792	1.2545617	41.55
-1.6460136	-9.267955	1.0737995	41.6
-0.91338795	-9.451111	1.9249382	41.651
-0.4405331	-10.180145	1.9752164	41.701
-1.5490485	-9.554062	1.6496049	41.751
-1.0151415	-9.266758	2.7210102	41.801
-0.92535895	-9.126697	2.3666685	41.84
-1.1420342	-9.041702	2.3810337	41.899
-1.043872	-9.502586	2.2134395	41.949
-1.5562311	-9.076419	2.349909	41.999
-1.2306197	-9.226056	2.4528596	42.049
-1.3455414	-9.588778	2.552219	42.097
-1.6747441	-9.317036	2.1057005	42.15
-1.1456255	-9.144653	2.492364	42.199
-1.5861586	-9.536105	2.3546975	42.249
-1.271321	-9.436746	2.2182279	42.3
-1.1228806	-9.269152	2.15957	42.35
-1.3814543	-9.324219	2.030283	42.391
-1.0055647	-9.449914	2.2038627	42.448
-1.1887212	-9.57561	2.0685902	42.499
-0.5327099	-9.714474	2.3798366	42.549
-0.7158663	-8.911219	1.7310078	42.598
-0.4165911	-9.13388	1.6998832	42.649
-0.045489833	-9.300277	1.4329298	42.7
-0.79367787	-10.415975	1.2425907	42.75
-1.1121067	-9.28232	0.88944596	42.799
-0.79726917	-9.634268	1.1899183	42.84
-0.33159694	-9.662998	1.2258313	42.898
-0.2777274	-9.676167	1.0773908	42.949
-0.32920274	-9.629479	1.1192893	42.999
-0.1328782	-9.834184	0.78769237	43.049
-0.19273324	-9.636662	0.79487497	43.099
-0.08738836	-9.662998	0.92535895	43.15
0.075417355	-9.744401	0.6428431	43.199
-0.2801216	-9.634268	0.8870517	43.249
-0.36511576	-9.733627	0.7350199	43.3
-0.40222588	-9.714474	0.50038815	43.351
-0.557849	-9.718064	0.35553896	43.4
-0.5602432	-9.674969	0.37828386	43.45
-0.25977087	-9.8198185	0.15203181	43.501
-0.15322891	-9.76954	0.25498247	43.551
-0.02633622	-9.734824	0.21787235	43.601
0.12928689	-9.736021	0.24779987	43.651
0.11851298	-9.781511	0.15801731	43.702
-0.1448492	-9.722853	0.22146365	43.752
-0.25019407	-9.700109	0.22266077	43.801
-0.40102878	-9.702502	0.48243165	43.841
-0.34356794	-9.65821	0.8367735	43.9
-0.5494693	-9.765948	0.92655605	43.949
-0.7302315	-9.752781	1.0319009	44.003
-0.5566519	-9.860519	0.8726865	44.052
-0.8523358	-9.604341	1.115698	44.102
-0.91578215	-9.476251	1.401805	44.152
-0.78170687	-9.476251	1.4975731	44.191
-0.78410107	-9.489418	1.5310919	44.235
-0.7529764	-9.643845	1.946486	44.291
-0.7350199	-9.728839	1.1552023	44.34
-0.8846575	-9.545682	1.3874398	44.39
-1.0199299	-9.412804	1.5945383	44.44
-1.2557588	-9.491813	1.6232687	44.491
-1.471237	-9.44752	1.9201498	44.54
-1.0857705	-9.721656	1.7585411	44.59
-0.80205756	-9.782708	1.4149733	44.635
-0.8619126	-9.263166	1.9764135	44.691
-0.9792285	-9.235633	2.1775265	44.738
-1.590947	-9.299079	2.349909	44.8
-1.3826514	-9.443929	2.5127146	44.834
-1.3826514	-9.443929	2.5127146	44.834
-1.0989386	-9.123106	2.0817583	44.952
-1.2054806	-9.194932	2.3870192	44.999
-1.958457	-9.105149	2.6791117	45.05
-1.6903064	-9.1590185	2.778471	45.099
-1.1887212	-9.32781	2.528277	45.153
-0.6799533	-9.464279	2.088941	45.203
-0.45370123	-9.455899	1.8842367	45.253
-0.4369418	-9.683349	1.590947	45.301
-0.52073884	-9.66659	1.3395559	45.351
-0.51116204	-9.720459	1.2210429	45.4
-0.36870706	-9.757569	0.90859956	45.453
-0.2753332	-9.725247	0.78170687	45.502
-0.25977087	-9.652225	1.0522517	45.55
-0.2633622	-9.704897	0.9504981	45.603
-0.37708676	-9.774328	0.48362875	45.651
-0.059855044	-9.7563715	0.5398925	45.701
0.11731588	-9.79827	0.36870706	45.751
0.025139118	-9.775525	0.23942018	45.8
0.076614454	-9.793482	0.11372458	45.84
0.18674773	-9.751583	-0.02633622	45.898
0.17836803	-9.624691	0.4237737	45.949
0.11611878	-9.788693	0.61770403	45.999
-0.15562311	-9.759963	0.32202014	46.049
-0.21906945	-9.67856	0.4429273	46.099
-0.25139117	-9.752781	0.35793316	46.152
-0.24779987	-9.710882	0.6596026	46.197
-0.09696517	-9.696517	1.0127473	46.25
-0.2861071	-9.68694	1.1575965	46.299
-0.5554548	-9.585187	1.1432313	46.35
-0.50397944	-9.679757	1.3215994	46.399
-0.39145198	-9.67856	1.1875241	46.451
-0.18435353	-9.722853	1.1779473	46.501
-0.39264908	-9.551667	1.4688427	46.551
-0.49559975	-9.591172	1.543063	46.601
-0.6428431	-9.594764	1.6879122	46.651
-0.59735334	-9.651027	1.6675615	46.701
-0.6787562	-9.634268	1.3347675	46.747
-0.6607997	-9.376891	2.043451	46.8
-0.81642276	-9.43914	1.8686744	46.85
-1.2006922	-9.503783	2.0733786	46.9
-1.1767502	-9.540894	1.827973	46.95
-1.0474633	-9.496601	1.8435353	47.002
-0.7457938	-9.43914	2.0362685	47.052
-0.985214	-9.332599	2.2457612	47.102
-1.2174516	-9.423578	2.2062569	47.153
-1.2030864	-9.41041	2.1990743	47.204
-1.0869676	-9.392453	2.0901382	47.235
-0.91937345	-9.442732	2.0925324	47.3
-0.9648633	-9.42238	2.1703439	47.335
-1.127669	-9.414001	2.0937295	47.408
-1.1719618	-9.479841	1.816002	47.453
-0.9923966	-9.455899	1.8124107	47.501
-0.82480246	-9.488221	1.9081788	47.55
-0.81522566	-9.548077	1.8315643	47.6
-0.8595184	-9.52174	1.8207904	47.649
-0.8403648	-9.448717	1.62686	47.702
-0.7721301	-9.528923	1.4927847	47.753
-0.59017074	-9.582792	1.388637	47.802
-0.5602432	-9.660604	1.2904748	47.84
-0.5363012	-9.673772	0.973243	47.9
-0.50757074	-9.646238	0.90021986	47.951
-0.37229836	-9.703699	0.8295909	48.0
-0.22385786	-9.770737	0.6943185	48.051
-0.32561144	-9.750386	0.61650693	48.103
-0.35194764	-9.762358	0.41060558	48.134
-0.2765303	-9.704897	0.29807812	48.194
-0.2896984	-9.728839	0.16519992	48.234
-0.2681506	-9.76954	0.08020575	48.298
-0.17118542	-9.759963	0.025139118	48.335
-0.18674773	-9.715671	0.05746084	48.395
-0.21068975	-9.730036	-0.061052144	48.435
-0.35913026	-9.740809	0.031124622	48.501
-0.39504328	-9.718064	0.18195933	48.55
-0.51475334	-9.749189	0.15801731	48.6
-0.61291564	-9.710882	0.25498247	48.659
-0.6464345	-9.78989	0.5650316	48.699
-0.36750996	-9.811439	0.47524905	48.74
-0.062249243	-9.907207	0.58298814	48.802
-0.1592144	-9.8198185	0.2873042	48.852
-0.58897364	-9.385271	1.6400281	48.898
-0.7433996	-9.570822	1.400608	48.952
-1.3575124	-9.372103	1.8674773	48.99
-1.4101849	-9.330204	2.2421699	49.034
-1.2210429	-9.739613	1.4173675	49.094
-0.91937345	-9.467871	1.6519991	49.135
-1.0103531	-9.510966	2.0027497	49.2
-1.1755531	-9.540894	2.0901382	49.25
-1.0295067	-9.518148	1.8507179	49.301
-1.0067618	-9.36492	2.1559787	49.35
-1.0283096	-9.288305	2.2744915	49.389
-1.1899183	-9.396045	2.433706	49.452
-1.2940661	-9.339781	2.5079262	49.502
-1.2964603	-9.248801	2.5462334	49.553
-1.151611	-9.269152	2.5677812	49.591
-1.1695676	-9.376891	2.6084828	49.635
-1.3395559	-9.465476	2.552219	49.7
-1.3634979	-9.229648	2.815581	49.734
-0.8798691	-9.064447	2.6791117	49.795
-1.1492168	-9.121908	2.6264393	49.834
-1.1492168	-9.121908	2.6264393	49.834
-1.4221559	-9.352949	2.542642	49.952
-1.1061212	-9.23683	2.5079262	50.0
-0.94451255	-9.307459	2.2936451	50.05
-1.0019734	-9.3733	2.267309	50.099
-1.1049241	-9.561244	2.0566192	50.149
-0.7230489	-9.536105	2.123657	50.202
-0.51595044	-9.812635	1.543063	50.252
-0.5650316	-9.600749	1.4616601	50.302
-0.59017074	-9.497798	1.7549498	50.34
-0.79487497	-9.548077	1.6771383	50.401
-1.0342951	-9.132683	2.0135236	50.45
-0.24181437	-9.673772	1.5753847	50.501
-0.30765492	-9.816227	1.1911154	50.55
-0.34356794	-9.7240505	0.760159	50.6
-0.2693477	-9.707291	0.47644615	50.653
0.14963761	-9.731233	0.31364042	50.703
0.19991584	-9.728839	0.1448492	50.734
0.07182605	-9.884461	0.31483752	50.794
0.17357962	-9.818622	0.07062895	50.835
0.18794483	-9.752781	-0.19273324	50.9
0.2645593	-9.665392	-0.04189853	50.951
0.17357962	-9.7324295	0.095768064	51.0
0.15801731	-9.742006	0.676362	51.05
0.09935937	-9.794679	0.39863458	51.102
-0.130484	-9.745598	0.055066638	51.152
-0.61171854	-9.680955	0.0035913025	51.198
-0.5758055	-9.698911	0.49799395	51.253
0.023942016	-9.661801	0.89303726	51.294
-0.008379706	-9.581595	1.5346833	51.334
-0.08738836	-9.817424	0.51714754	51.39
-0.6536171	-9.726444	0.45729253	51.44
-0.4261679	-9.622296	1.009156	51.49
0.24061728	-9.727641	0.7290344	51.553
0.3196259	-9.647436	1.4652514	51.604
-0.16160862	-9.582792	1.6208745	51.635
-0.39504328	-9.64983	1.3551182	51.7
-0.7314286	-9.706094	1.1911154	51.735
-0.60693014	-9.763555	1.340753	51.791
-0.2873042	-9.64983	1.8950106	51.835
-0.2873042	-9.64983	1.8950106	51.835
-0.4285621	-9.281123	2.645593	51.95
-0.90740246	-9.385271	2.505532	52.0
-1.2150574	-9.267955	2.7006595	52.051
-1.1791444	-9.238028	2.7222073	52.099
-1.0067618	-9.296685	2.6647465	52.152
-1.1061212	-9.155427	2.7880478	52.203
-1.1480197	-9.109938	2.8083985	52.252
-1.2617443	-9.323022	2.6839	52.302
-1.3503298	-9.352949	2.8550856	52.341
-1.2054806	-9.471462	2.3319526	52.391
-0.8774749	-9.487024	2.1080947	52.452
-0.93373865	-9.306262	2.3953989	52.501
-1.5370775	-9.275137	2.5198972	52.551
-1.6747441	-9.331401	2.3690627	52.6
-1.5933412	-9.408015	2.2661119	52.649
-1.1049241	-9.52174	2.2266076	52.702
-0.9528923	-9.524135	2.2050598	52.753
-1.0726024	-9.657013	1.8076223	52.803
-1.2330139	-9.56723	2.3702598	52.84
-1.163582	-9.368511	2.2601264	52.854
-1.7741034	-9.214086	2.6204538	52.95
-1.982399	-9.109938	2.9891608	53.0
-1.9069817	-8.798691	3.1543608	53.05
-2.1583729	-8.711303	3.098097	53.099
-2.2373815	-8.931569	3.110068	53.153
-2.4720132	-8.848969	3.0992942	53.194
-2.0003555	-8.990228	2.966416	53.234
-1.555034	-9.284714	2.5354595	53.294
-1.2294226	-9.23683	2.3930047	53.334
-1.6711528	-9.13388	2.2469583	53.395
-1.8387469	-9.0429	2.243367	53.435
-1.7118542	-9.738416	2.5845408	53.495
-0.38067806	-9.920375	2.2852654	53.535
-0.2621651	-9.781511	0.6548142	53.6
-0.59735334	-9.509769	1.1420342	53.65
-0.94570965	-9.417592	1.2880806	53.701
-1.079785	-9.692925	1.3503298	53.749
-0.8882488	-9.680955	1.4867992	53.803
-0.48722005	-9.67018	1.292869	53.839
-0.30166942	-9.726444	1.0570401	53.9
0.12928689	-9.730036	0.4261679	53.953
0.25498247	-9.739613	0.6955156	53.99
0.049081136	-9.725247	1.0175357	54.04
-0.6488287	-9.668983	1.2844892	54.09
-0.49320555	-9.676167	1.0845734	54.135
-0.062249243	-9.680955	0.4201824	54.191
0.23942018	-9.78989	1.1013328	54.241
0.130484	-9.749189	0.60693014	54.291
0.08140286	-9.688137	0.94451255	54.335
0.25139117	-9.716867	0.82599956	54.404
0.1364695	-9.631873	0.7278373	54.435
-0.051475335	-9.605537	1.4449008	54.5
0.29328972	-9.588778	1.3874398	54.55
0.19871874	-9.714474	1.3120226	54.6
-0.18076223	-9.639056	1.0857705	54.651
-0.46447513	-9.655815	1.0749966	54.703
-0.36391866	-9.585187	1.3982137	54.74
0.088585466	-9.615114	1.6663644	54.803
0.1340753	-9.716867	1.5562311	54.84
0.08140286	-9.727641	1.541866	54.853
-0.7697359	-9.581595	1.6567876	54.958
-0.39145198	-9.579201	1.2629414	54.999
-0.34237084	-9.4774475	2.1703439	55.049
-0.045489833	-9.671378	1.5502456	55.098
-0.4249708	-9.465476	2.0769699	55.15
-0.3866636	-9.570822	1.8686744	55.2
-0.47884035	-9.634268	1.3718776	55.25
-1.0809821	-9.880871	1.6089035	55.3
-0.45010993	-9.252393	2.3331497	55.351
-0.6392518	-9.472659	1.9871874	55.401
-0.8319851	-9.4774475	2.373851	55.451
-1.103727	-9.376891	2.4181437	55.5
-1.3910311	-9.346964	2.7222073	55.55
-1.5275006	-9.143456	2.7473464	55.601
-1.745373	-9.123106	3.288436	55.651
-1.5286977	-8.713697	3.2393548	55.701
-1.6172832	-9.325416	3.1771057	55.751
-1.4556746	-9.168595	3.120842	55.801
-1.2030864	-9.76954	2.9484594	55.851
-1.4269443	-9.065644	3.016694	55.861
-1.7322049	-8.956709	3.1591492	55.949
-1.7836803	-8.787917	3.2082303	55.998
-1.8447324	-8.961497	3.205836	56.049
-1.7345991	-9.033323	2.919729	56.098
-1.650802	-9.294291	2.7269957	56.15
-1.6352397	-9.446322	2.3463178	56.179
-1.8950106	-9.112331	2.1667526	56.248
-2.19668	-9.197326	2.3319526	56.299
-2.1763294	-9.494206	2.4349031	56.35
-1.7369933	-9.271546	2.3942018	56.399
-1.0019734	-9.48463	2.0338743	56.449
-1.1384429	-9.284714	2.086547	56.5
-1.6711528	-9.081207	2.4552538	56.55
-2.0769699	-9.313444	2.505532	56.6
-1.8974048	-9.307459	2.4157495	56.65
-1.496376	-9.409213	1.7429788	56.701
-0.78769237	-9.583989	2.5881321	56.751
-0.5781997	-9.040505	2.754529	56.8
-0.94092125	-9.385271	2.5797524	56.851
-1.0941502	-9.394848	2.56419	56.86
-0.6488287	-9.533711	1.9021933	56.949
-0.58657944	-9.609129	1.7274165	56.999
-0.50158525	-9.361329	1.7250223	57.049
-0.2789245	-9.720459	1.5478514	57.098
-0.51116204	-9.840169	1.1216835	57.15
-0.34955344	-9.698911	1.0235212	57.199
-0.34117374	-9.685743	1.1121067	57.249
-0.092176765	-9.797073	1.5286977	57.299
0.24301147	-9.527725	1.6065093	57.351
0.50637364	-9.739613	1.3682863	57.414
0.6488287	-9.647436	1.3814543	57.448
0.35673606	-9.661801	1.2354081	57.498
0.007182605	-9.557653	1.423353	57.549
0.22146365	-9.3661175	1.7836803	57.599
0.20590134	-9.679757	1.3239936	57.648
-0.22984336	-9.671378	1.0953473	57.699
0.19871874	-9.655815	1.1336545	57.749
0.39743748	-9.564836	0.94570965	57.799
-0.21667525	-9.706094	1.1683705	57.85
-0.3842694	-9.746795	1.1611878	57.86
0.2681506	-9.734824	0.997185	57.949
0.48003745	-9.680955	0.8499416	57.998
-0.40342298	-9.6845455	0.7721301	58.049
-0.7158663	-9.645041	1.3299791	58.098
-0.05626374	-9.64145	1.234211	58.15
-0.17357962	-9.718064	1.1779473	58.199
-0.61890113	-9.664195	1.0953473	58.25
-0.82599956	-9.635465	1.340753	58.299
-0.38307226	-9.53012	1.7621324	58.35
-0.22505496	-9.582792	1.9536686	58.401
-0.5530606	-9.578004	1.8854338	58.451
-0.997185	-9.570822	2.0626047	58.501
-1.1480197	-9.527725	2.1152773	58.551
-0.9947908	-9.512163	1.9644425	58.6
-0.9840169	-9.346964	2.3403323	58.664
-1.0163386	-9.263166	2.3834279	58.698
-1.0223241	-9.67018	2.5845408	58.748
-1.1456255	-9.588778	2.6491842	58.798
-1.2449849	-8.659827	2.9364884	58.849
-1.1791444	-8.665813	3.0538042	58.868
-1.4030021	-9.293094	3.0789435	58.949
-1.3826514	-8.933964	3.0705638	58.999
-1.2988545	-9.441534	2.9724014	59.05
-1.4903905	-9.374496	2.8538885	59.099
-1.6747441	-8.893262	2.9879637	59.14
-1.7729063	-8.900445	2.9604304	59.2
-1.7238252	-9.443929	2.8909986	59.251
-1.7645266	-8.980651	3.0262709	59.301
-1.4053963	-8.893262	2.9963434	59.351
-1.3311762	-9.531317	2.9472623	59.4
-1.5191209	-9.548077	2.871845	59.451
-1.7118542	-8.526949	2.9125464	59.501
-1.1384429	-8.76637	2.8802247	59.551
-1.2892777	-9.5253315	3.015497	59.601
-1.1528081	-9.387665	2.944868	59.651
-0.9588778	-9.3733	2.7964275	59.701
-0.7649474	-9.646238	2.5330653	59.751
-1.2797008	-9.121908	2.4372973	59.801
-1.1348516	-8.962694	2.480393	59.85
-1.0845734	-9.131485	2.4768016	59.86
-0.7613561	-9.967062	1.9153614	59.948
-1.1935096	-8.652645	1.8531121	59.999
-0.12090719	-9.259575	2.087744	60.049
-0.78410107	-10.022128	1.7513585	60.099
-0.5805939	-9.563639	1.5071499	60.149
-0.51714754	-9.378088	1.3084313	60.2
-0.4333505	-9.768343	1.1899183	60.25
-0.6476316	-9.878476	0.8822633	60.299
-0.56982	-9.579201	0.89902276	60.35
-0.38067806	-9.586384	1.0953473	60.401
-0.38187516	-9.961076	0.7649474	60.451
-0.51714754	-9.616311	0.7026982	60.501
-0.63206923	-9.736021	0.58418524	60.551
-0.48841715	-9.67856	0.36750996	60.601
-0.6811504	-9.725247	0.1412579	60.651
-0.6919243	-9.682152	0.19153613	60.701
-0.7398083	-9.787497	0.3890578	60.751
-0.37588966	-9.763555	0.320823	60.801
-0.08020575	-9.609129	0.23702596	60.851
-0.2837129	-9.636662	0.29328972	60.871
-1.0905589	-9.604341	0.32561144	60.949
-0.15682021	-9.672575	1.0115502	60.997
-0.41060558	-9.607931	0.24779987	61.048
-1.7980455	-9.894038	0.033518825	61.098
-2.0374656	-9.836577	0.80325466	61.152
-1.246182	-9.491813	1.009156	61.197
-0.6919243	-10.132261	0.61291564	61.248
-0.24540567	-9.48463	-0.6476316	61.298
-0.7098808	-9.616311	0.8834604	61.348
-1.0426749	-9.7563715	-0.089782566	61.398
-0.8367735	-9.849746	0.56982	61.45
-1.448492	-9.423578	0.52073884	61.499
-1.2497733	-9.431957	0.62129533	61.55
-1.0139444	-9.928755	0.9624691	61.6
-1.4101849	-9.847352	0.5327099	61.651
-1.0606314	-9.67856	0.50517654	61.7
-0.82599956	-9.408015	1.0247183	61.751
-0.9660604	-9.606734	1.2354081	61.8
-0.9756372	-9.847352	1.0570401	61.847
-1.0714053	-9.755175	1.721431	61.869