0.0	0.0	0.0	0.0
-0.48722005	-9.733627	0.78050977	0.004
-0.48722005	-9.733627	0.78050977	0.004
-0.48722005	-9.733627	0.78050977	0.004
0.11133038	-10.538078	0.48841715	0.199
-1.2485762	-9.799467	0.5231331	0.241
-1.1695676	-8.902839	1.0295067	0.28
0.20590134	-9.267955	2.553416	0.341
0.34955344	-10.612299	2.0266917	0.39
-1.1456255	-8.857349	1.3563153	0.48
-0.8858546	-9.002198	1.5562311	0.496
0.3842694	-8.889671	2.111686	0.549
0.89303726	-9.211691	2.3295584	0.591
0.6679823	-9.497798	2.4265234	0.65
0.6368576	-10.0029745	2.0925324	0.689
-0.16519992	-9.5013895	2.492364	0.749
0.12449849	-11.133038	2.5677812	0.789
-3.6858735	-10.772711	0.05865794	0.849
-1.1791444	-9.515755	2.64679	0.901
-0.19991584	-8.615535	2.621651	0.901
-2.765303	-10.070012	-1.0414777	0.999
-2.2385786	-9.743204	-0.45010993	1.049
-1.4808137	-8.990228	0.7649474	1.089
-0.11133038	-9.004593	0.1352724	1.149
-0.5746084	-8.941146	0.2765303	1.204
-0.28491	-9.615114	0.2885013	1.27
0.055066638	-9.448717	0.4165911	1.296
0.34356794	-9.239224	0.78769237	1.349
0.04309563	-9.7863	0.59855044	1.399
-0.49799395	-9.563639	0.36511576	1.449
0.6368576	-9.572019	1.0402806	1.497
-0.4309563	-10.873267	1.9237411	1.549
-1.5514427	-12.534843	2.4349031	1.589
-1.9117701	-12.178107	-2.3511062	1.641
-2.9532478	-6.4619503	-0.79487497	1.699
-1.8315643	-7.929596	1.3802572	1.75
-1.9512744	-11.426328	-0.50637364	1.799
-2.0374656	-9.190144	0.7230489	1.849
-1.1312603	-8.252813	0.7577648	1.898
-0.37828386	-8.544906	0.92895025	1.909
-1.0319009	-8.722076	1.4508862	1.99
-0.5315128	-8.917204	1.5382746	2.05
-0.82240826	-8.803479	1.9919758	2.1
-0.7565677	-9.217676	2.0709844	2.149
0.36750996	-9.329007	0.8451532	2.199
-0.47046062	-14.923059	-0.010773907	2.25
-2.8550856	-15.721525	-0.8607155	2.299
-4.4304705	-10.359711	-1.5921441	2.339
-1.508347	-4.8362875	0.31364042	2.383
-3.594894	-11.361684	-2.1571758	2.45
-3.4201171	-8.561666	-1.0965444	2.5
-1.2868834	-9.503783	-0.724246	2.555
-1.365892	-10.036493	-1.5693992	2.599
-1.697489	-9.579201	-1.0378864	2.649
0.035913024	-9.859323	-0.3890578	2.699
1.1073183	-9.3733	0.93732995	2.749
0.61052144	-9.293094	2.777274	2.799
0.93134445	-8.808268	0.49320555	2.849
0.866701	-10.761936	0.6739678	2.91
0.61650693	-9.915586	1.1994951	2.989
-3.8259344	-9.915586	1.1994951	2.989
-3.3207579	-7.1023993	-2.8179753	3.049
1.4221559	-9.465476	-1.5095441	3.089
0.39145198	-11.161768	1.1695676	3.149
-2.5965118	-9.77792	-0.79248077	3.199
-0.748188	-8.098388	0.8415619	3.249
-0.22864626	-8.070854	1.1145009	3.299
-1.1468226	-9.488221	1.6771383	3.345
-0.23702596	-8.524555	2.2409728	3.399
-0.6739678	-9.003395	2.3139958	3.449
-1.0247183	-9.346964	1.8136078	3.499
-0.073023155	-13.126211	2.7605145	3.549
-3.952827	-15.653291	-0.39504328	3.595
-3.6140475	-7.9966335	0.7230489	3.649
-0.92655605	-8.064868	-1.6101006	3.693
-2.621651	-9.757569	-1.4700398	3.751
-1.423353	-9.467871	-0.65242	3.799
-0.90979666	-8.63828	0.019153614	3.849
-1.2653356	-9.437943	-0.027533319	3.92
-1.0067618	-9.437943	-0.027533319	3.92
0.008379706	-9.52174	0.6835446	4.0
0.094570965	-9.545682	0.8750807	4.039
-0.08020575	-9.045294	1.2210429	4.1
-0.025139118	-9.616311	1.2186487	4.141
0.7254431	-9.700109	1.30484	4.189
0.81761986	-9.376891	1.7501614	4.229
-0.93613285	-12.74673	1.0354922	4.3
-2.9149406	-12.320562	-2.5905263	4.339
-2.7401638	-6.76362	-0.9696517	4.4
0.7673417	-10.105926	0.700304	4.451
-0.30526072	-9.878476	1.6328455	4.501
-1.1121067	-10.436325	-0.22864626	4.53
-1.6340426	-8.331821	-0.090979666	4.6
-1.5993267	-7.6985555	1.3215994	4.649
-0.34955344	-8.6574335	1.1001357	4.699
-0.005985504	-9.509769	2.005144	4.749
0.6811504	-9.82341	1.4688427	4.799
0.7038953	-9.834184	1.0390835	4.859
0.17118542	-8.6299	1.4460979	4.899
1.5011644	-9.956287	2.4049757	4.927
1.0127473	-12.129025	0.8834604	5.02
-6.423643	-14.371196	-4.2042184	5.049
-1.982399	-5.079299	1.353921	5.107
-1.4460979	-9.208099	-1.3263878	5.149
-3.1483753	-11.262324	-1.5155296	5.199
-0.78050977	-8.195353	-0.7374141	5.249
-1.8950106	-10.328587	-1.2916719	5.299
-0.82599956	-9.589975	-0.7206547	5.342
2.2517467	-9.368511	1.151611	5.399
0.7517793	-9.472659	1.7082629	5.445
0.8331822	-9.442732	1.5705963	5.499
0.20231004	-9.070433	1.757344	5.542
1.1767502	-8.871715	2.5725696	5.596
-0.5781997	-11.012131	2.1164744	5.649
-2.8622682	-12.513295	0.6859388	5.693
-4.8099513	-8.699332	-4.855441	5.749
0.78769237	-9.001001	-0.32441434	5.789
2.2361844	-10.530896	-1.1432313	5.839
0.47764325	-8.921992	0.3184288	5.899
0.2789245	-8.684967	0.17717093	5.919
-0.008379706	-8.389283	1.5023615	5.999
0.5255273	-8.807071	2.2948422	6.052
0.32202014	-9.382876	2.304419	6.101
-0.5482722	-8.371326	1.9991584	6.149
-2.054225	-9.25359	0.6751649	6.199
1.7082629	-9.54209	1.6484078	6.249
1.6172832	-18.004396	1.3670892	6.299
-5.366603	-10.332177	-2.1188686	6.349
-2.2481554	-4.44723	0.05626374	6.399
-1.7393875	-7.747637	-2.3295584	6.449
-4.0797195	-10.376471	-2.3654714	6.499
-2.099715	-8.607155	-0.6679823	6.549
-1.2401965	-10.461464	-1.8890251	6.607
-0.8595184	-10.104729	-0.94092125	6.649
-0.40222588	-9.175778	0.10534488	6.699
0.11372458	-9.379285	0.8283938	6.76
0.2896984	-9.831789	1.0163386	6.809
0.18674773	-9.989806	0.8475474	6.829
0.7062895	-9.759963	1.8950106	6.899
0.90979666	-10.86369	1.2533646	6.93
-2.2888567	-11.353305	0.90620536	6.989
-3.942053	-9.655815	-0.8702923	7.049
-0.37469256	-6.941988	-2.566584	7.099
0.92895025	-10.754754	1.757344	7.161
-1.6603789	-10.472239	0.20470424	7.199
-1.9416976	-10.542868	-0.3854665	7.243
-1.6831238	-8.476671	1.0139444	7.299
-1.5502456	-8.605958	0.82599956	7.349
-1.3503298	-8.956709	1.496376	7.399
-1.6759412	-9.348161	1.9117701	7.449
-1.1599907	-9.062054	1.9716251	7.501
-1.70946	-9.624691	1.9883845	7.54
-2.0290859	-9.886856	2.0458453	7.599
-1.1695676	-11.374852	1.9680338	7.649
-3.6104562	-14.55555	-2.5354595	7.699
-0.61411273	-7.132327	2.0458453	7.749
-1.4808137	-8.165425	-1.0989386	7.799
-3.217807	-9.7563715	-1.22224	7.849
0.760159	-9.136273	-0.10414778	7.899
0.9744401	-9.396045	0.18794483	7.919
-0.4357447	-9.463082	0.59136784	7.979
-0.0011971008	-8.852561	0.59974754	8.05
0.07062895	-9.828198	0.12569559	8.119
-0.33039984	-10.261548	-0.8798691	8.149
-1.1408371	-9.783905	0.46208093	8.199
0.39743748	-9.531317	0.2741361	8.279
0.19393034	-9.378088	0.4345476	8.289
2.0685902	-9.593566	2.2709002	8.349
0.5374983	-13.01129	-3.714604	8.4
-4.8841715	-12.079945	-2.0039468	8.43
-0.8403648	-7.5285673	-2.1511903	8.499
0.5327099	-9.915586	0.320823	8.549
-1.2294226	-10.217256	-1.0259154	8.599
-1.460463	-8.6095495	0.12210429	8.649
0.2825158	-8.979453	0.22625206	8.699
-1.2246342	-8.929175	-0.36391866	8.749
-1.2689269	-8.367735	0.51714754	8.799
-1.0199299	-8.684967	0.8487445	8.849
-0.25977087	-8.913613	1.1408371	8.899
-1.2797008	-8.953117	1.3204023	8.949
0.47285482	-9.543288	0.59855044	8.979
0.47285482	-13.543999	-1.9668367	9.08
-3.4644098	-13.543999	-1.9668367	9.08
-1.4413095	-5.141548	0.29448682	9.139
-1.3395559	-9.618706	-3.098097	9.196
-3.7062242	-9.952697	-1.4437037	9.249
-0.89662856	-8.497022	-0.11851298	9.299
1.1552023	-9.722853	-0.31004912	9.349
-1.0235212	-8.540117	0.29807812	9.397
-0.63206923	-9.137471	0.62608373	9.447
0.62488663	-9.765948	0.48362875	9.5
0.39743748	-9.48463	1.3970166	9.549
0.31483752	-9.576807	0.47165772	9.602
1.6136919	-9.89763	0.7553706	9.649
-0.9876082	-10.971429	1.6244658	9.699
-2.5246856	-11.399991	-1.4449008	9.761
-3.6379895	-7.2364745	-2.5797524	9.809
3.1711202	-9.959879	1.1468226	9.849
0.30765492	-11.036073	2.0602105	9.899
-2.3906105	-9.813833	-0.30765492	9.949
-0.19871874	-8.738836	0.005985504	9.989
-0.39384618	-7.819463	2.2661119	10.049
-0.46686932	-8.908825	2.4624364	10.099
-0.6500258	-8.780735	2.5761611	10.149
0.22744916	-9.174581	1.9201498	10.189
-1.1540052	-8.834604	1.2389994	10.23
0.8762778	-13.426683	3.2824504	10.289
-4.733337	-15.570691	-2.813187	10.339
-1.2054806	-7.1251445	-1.1623849	10.399
-1.7884687	-7.9463553	-2.5941176	10.449
-4.1395745	-9.922769	-2.6779146	10.499
-1.3599066	-9.100361	-1.3515269	10.559
-0.81642276	-9.512163	-0.7422025	10.599
-0.9588778	-9.537302	-0.5590461	10.649
-0.31603462	-9.228451	0.14963761	10.699
0.89184016	-9.309854	1.0582372	10.749
1.3299791	-8.978256	1.4867992	10.799
0.82001406	-9.263166	1.697489	10.849
0.92057055	-9.252393	2.099715	10.899
1.2162545	-9.186552	1.9512744	10.949
1.8375498	-9.417592	1.6903064	10.969
-1.198298	-9.409213	3.1914709	11.049
-1.6879122	-12.172121	-0.0011971008	11.103
-3.1591492	-9.325416	-4.31914	11.159
-0.5614403	-9.57561	-2.0171149	11.199
2.8814218	-10.5704	1.5454572	11.249
0.760159	-10.279505	0.021547815	11.292
-0.60333884	-8.36175	1.0498575	11.342
-0.46327803	-8.853758	0.7661445	11.399
-0.47884035	-8.287529	1.1025299	11.454
-0.093373865	-8.826224	1.4640543	11.499
-0.108936176	-9.057265	1.650802	11.549
-0.0023942017	-8.827422	1.9788077	11.599
-1.4437037	-8.74961	0.50397944	11.649
1.6567876	-12.982558	2.2720973	11.699
2.0649989	-15.454572	-1.7884687	11.75
-3.1004913	-9.052477	0.81522566	11.799
-2.4756045	-6.739678	-0.08259996	11.839
-1.448492	-10.101137	-2.2062569	11.899
-2.4492683	-9.840169	-1.2665327	11.949
-1.2533646	-9.003395	-0.089782566	11.979
-0.1412579	-9.378088	0.025139118	12.079
-0.06943185	-9.078813	0.6368576	12.091
0.4285621	-8.992621	1.0007763	12.139
-0.29807812	-8.993818	1.3575124	12.199
-0.05626374	-9.17099	1.1336545	12.249
0.19033903	-9.587581	1.1001357	12.289
0.5722142	-9.498995	1.4197617	12.349
0.557849	-9.3421755	2.5438392	12.399
-0.5686229	-9.289502	3.144784	12.439
-1.5490485	-12.908339	-0.17836803	12.495
-2.7281928	-10.213664	-3.0226796	12.549
-1.282095	-7.908048	-3.7253778	12.596
1.9069817	-10.035296	0.92655605	12.639
-0.62608373	-10.16578	-0.2908955	12.699
-0.866701	-8.9279785	0.7134721	12.749
0.34955344	-8.857349	0.6931214	12.789
-0.29807812	-8.51857	1.6783354	12.849
0.5315128	-8.889671	2.1428106	12.9
0.39145198	-8.771158	1.9883845	12.95
-0.094570965	-9.176975	2.0015526	12.989
-0.16519992	-10.176555	0.94092125	13.049
-1.0821792	-12.703634	0.37349546	13.099
-2.7617116	-15.916653	-1.4041992	13.144
-2.7844565	-7.668628	0.33159694	13.199
-1.1671734	-7.5165963	-0.60693014	13.249
-2.8455088	-9.662998	-2.1272483	13.299
-2.2876596	-9.424775	-0.51116204	13.349
-1.376666	-9.276335	-0.03232172	13.399
-0.8595184	-9.64983	0.24061728	13.449
0.46926352	-8.875306	0.79966336	13.499
0.5746084	-9.2907	0.81761986	13.529
-0.1364695	-9.457097	1.3934253	13.599
0.3196259	-9.32781	1.3180081	13.649
-0.38307226	-9.428367	1.1767502	13.699
0.5506664	-9.657013	0.59615624	13.749
-1.6627731	-9.876082	1.2246342	13.799
-3.8774097	-11.159374	1.5239093	13.849
-3.4452562	-7.668628	-3.084929	13.929
-2.942474	-7.668628	-3.084929	13.929
1.1109096	-10.234015	-0.2693477	13.989
-3.2273839	-9.94312	0.4429273	14.049
-2.0518308	-9.788693	-0.47644615	14.089
-0.007182605	-9.064447	0.8714894	14.149
-1.4065934	-7.735666	1.4317327	14.214
-1.6519991	-9.356541	1.3395559	14.259
-0.81043726	-9.346964	1.578976	14.299
-0.45010993	-9.379285	0.45489833	14.349
-0.35793316	-9.743204	1.0845734	14.395
0.5327099	-9.664195	1.6747441	14.449
-2.27928	-15.55034	-1.3144168	14.499
-3.2872388	-6.6630635	4.5657425	14.549
-0.7290344	-8.172607	-1.0857705	14.599
-0.08379706	-8.828619	-1.2785037	14.633
-2.7246015	-10.010158	-0.8295909	14.695
0.08738836	-9.631873	-0.7445967	14.739
-1.2006922	-9.40203	-0.6847417	14.799
-1.5454572	-9.643845	-0.5506664	14.849
0.89782566	-9.697714	0.24420857	14.889
1.0893618	-9.375694	1.2761095	14.967
2.0398598	-9.15423	1.5969325	14.979
2.0398598	-9.15423	1.5969325	14.979
-0.2885013	-9.368511	1.7381904	15.099
-0.3890578	-9.637859	2.0853498	15.139
1.3036429	-9.478644	3.1411927	15.199
-0.4213795	-13.845669	2.0853498	15.249
0.22266077	-11.8094	-1.7166426	15.299
-2.8455088	-7.6770077	-3.764882	15.349
1.340753	-8.595184	0.59017074	15.39
0.20590134	-10.2974615	-2.244564	15.443
-1.1348516	-8.9758625	0.65242	15.499
-0.41299978	-9.633071	0.11851298	15.562
-0.46686932	-8.457518	-0.12808979	15.637
-0.82240826	-8.374918	0.6476316	15.649
-1.2545617	-8.687361	0.5446809	15.689
-1.377863	-8.574833	1.2282255	15.739
-0.2885013	-9.568427	1.827973	15.801
-0.49799395	-8.626308	2.2816741	15.849
2.9388826	-9.0081835	2.2864625	15.889
-1.0941502	-19.6133	-1.3204023	15.949
-4.831499	-10.041282	-2.2852654	15.989
-0.89184016	-6.3482256	-1.769315	16.049
-1.9033904	-10.394426	-2.553416	16.089
-4.0581717	-9.109938	-0.545878	16.145
-0.7781156	-8.785523	-0.12928689	16.189
-0.37828386	-9.65821	-0.21787235	16.259
-0.4345476	-9.433155	0.2777274	16.299
-0.6739678	-9.264363	0.6799533	16.349
0.07062895	-9.79827	1.0977415	16.391
0.33877954	-9.28232	1.614889	16.449
0.51834464	-9.635465	1.0953473	16.479
-0.61171854	-9.866506	1.1013328	16.549
-1.4748282	-9.299079	1.661576	16.6
-4.010288	-11.445481	1.1575965	16.649
-1.9967642	-10.028113	-2.8550856	16.699
0.61650693	-7.762002	-0.51235914	16.749
0.46806642	-10.864887	0.6919243	16.799
-0.6823475	-11.309011	0.45848963	16.849
-0.9648633	-11.073183	0.24420857	16.859
-0.90500826	-8.340201	0.6667852	16.943
-0.9696517	-8.884883	1.5717934	16.989
-1.4580688	-9.126697	1.7046716	17.06
-1.3623008	-8.9040365	1.7585411	17.101
-1.1420342	-8.86932	1.0857705	17.149
-1.6496049	-8.744822	0.8499416	17.199
-0.7398083	-11.080365	1.3036429	17.252
-0.9840169	-14.539987	1.0857705	17.299
-1.8662802	-10.45069	-0.2669535	17.349
-2.8921957	-6.951565	1.2126632	17.399
-1.2114661	-8.418014	-1.4820108	17.43
-2.3942018	-10.899603	-2.6982653	17.502
-1.9680338	-9.443929	-1.0043676	17.539
-0.08140286	-9.959879	-0.5734113	17.613
1.258153	-9.337387	0.48482585	17.69
0.48243165	-9.633071	0.5351041	17.699
0.4417302	-9.506178	1.2521675	17.749
1.1887212	-9.606734	1.3299791	17.789
0.37708676	-9.611523	1.0881647	17.839
-0.6967127	-9.810242	0.7613561	17.899
1.5239093	-9.543288	0.8283938	17.959
1.7417817	-9.543288	0.8283938	17.959
-2.4349031	-12.215217	1.9907787	18.04
-3.558981	-9.074024	-4.1515455	18.099
-0.2657564	-8.828619	1.2797008	18.149
2.2146366	-10.613496	0.7769185	18.199
0.1448492	-10.309433	0.4417302	18.249
-0.8415619	-9.044097	0.8391677	18.289
-0.5470751	-8.48984	1.186327	18.339
-1.1803415	-8.293514	1.4185646	18.399
-0.20350714	-9.016563	1.3910311	18.449
-0.47524905	-8.514978	1.3670892	18.499
-1.5682021	-9.264363	0.6476316	18.549
-1.5310919	-9.440337	0.22625206	18.589
2.5390508	-12.240356	2.9652188	18.649
-1.0127473	-13.403938	-0.19632454	18.705
-2.303222	-9.186552	0.5374983	18.749
-0.6787562	-7.8709383	-0.90740246	18.799
-1.3718776	-9.894038	-1.0606314	18.849
-2.681506	-9.642648	-0.47165772	18.899
-0.82001406	-8.828619	0.30406362	18.949
-1.1013328	-9.749189	-0.19273324	18.98
-0.035913024	-8.993818	0.50397944	19.049
0.4213795	-9.287108	1.2401965	19.115
0.5662287	-9.050082	1.472434	19.149
-0.22146365	-9.633071	1.4772224	19.199
-0.45370123	-9.299079	1.283292	19.249
0.18914193	-10.047267	1.1432313	19.299
0.39983168	-9.964667	1.7345991	19.339
-1.1300632	-11.209652	2.1703439	19.399
-1.7812861	-12.306197	-1.6089035	19.439
-1.8435353	-7.3071036	-4.250905	19.489
0.59855044	-8.785523	2.5809495	19.549
-1.7621324	-10.931925	0.50158525	19.599
0.1376666	-9.545682	0.1592144	19.649
-0.11133038	-8.341399	0.35075054	19.699
-0.9636662	-8.237251	1.3239936	19.749
-0.46208093	-8.992621	1.520318	19.799
-0.5231331	-8.944737	1.946486	19.839
-0.62847793	-8.197746	1.4221559	19.889
-2.2026656	-9.035717	0.130484	19.949
-1.8602947	-11.886014	-1.198298	19.979
0.9995792	-7.1431007	0.40462008	20.079
-1.0737995	-7.1431007	0.40462008	20.101
-1.353921	-10.175357	-1.4161704	20.149
-2.871845	-9.226056	-2.079364	20.2
-2.7210102	-8.429984	-1.8459295	20.25
-1.9692309	-8.930372	-1.270124	20.299
-1.4736311	-10.278308	-1.6603789	20.342
-1.1001357	-9.428367	-0.60333884	20.389
-0.19752164	-9.563639	-0.12090719	20.449
0.5386954	-9.834184	0.63206923	20.499
0.30765492	-9.548077	0.7493851	20.549
0.3842694	-10.332177	0.51475334	20.619
0.2669535	-10.235212	-0.021547815	20.64
-2.0805612	-10.8864355	1.5945383	20.7
-2.765303	-10.287885	-3.0657754	20.749
-0.79846627	-8.327033	-1.7645266	20.799
0.81163436	-9.622296	1.661576	20.849
-0.2681506	-10.158598	0.9923966	20.902
-0.36152446	-9.00579	0.52073884	20.949
0.06943185	-8.50181	1.377863	20.989
-1.400608	-8.9040365	1.5693992	21.047
-0.6895301	-9.579201	1.8543092	21.099
-0.21787235	-8.573636	2.0733786	21.149
-0.79607207	-9.297882	2.541445	21.199
-0.676362	-9.398438	1.8112136	21.239
-3.300407	-12.082339	2.767697	21.299
-2.4241292	-12.106281	-1.055843	21.349
-2.7269957	-13.207614	-2.755726	21.379
-1.8662802	-8.342596	0.5602432	21.449
-1.4987702	-8.342596	-2.0733786	21.501
-0.8487445	-10.590752	-0.7422025	21.549
1.2964603	-8.702923	0.2908955	21.599
-0.074220255	-8.9124155	0.7493851	21.649
-0.17477672	-8.550891	0.40462008	21.709
-0.7493851	-8.966286	0.6799533	21.749
-0.4441244	-9.844957	0.50517654	21.799
-0.25498247	-9.027337	1.2186487	21.849
-0.81761986	-10.139444	-0.06823475	21.899
0.60573304	-9.522937	1.2258313	21.949
1.1695676	-10.597934	1.4496891	21.999
-1.2952632	-13.15973	1.5993267	22.049
-3.7457285	-11.748347	-3.1962593	22.099
-4.298789	-6.3302693	-2.2110453	22.139
0.7230489	-9.068039	1.0989386	22.199
-1.6089035	-11.256339	1.1815386	22.249
-0.8607155	-8.828619	0.7338228	22.299
-1.3922282	-8.178593	0.50278234	22.349
-0.92296475	-8.133103	1.6041151	22.399
-0.3866636	-8.602366	1.8710686	22.449
-0.21188685	-8.84059	1.757344	22.5
-1.4389153	-9.336189	0.92535895	22.549
0.30885202	-8.10557	0.50757074	22.599
0.062249243	-15.363592	1.3503298	22.649
-4.248511	-13.062764	-1.8986019	22.699
-1.8806454	-5.4504004	2.0278888	22.749
-0.1604115	-9.698911	-1.1611878	22.799
-5.1367598	-10.335769	-1.6364368	22.849
-1.1647792	-8.483853	-0.17118542	22.9
-0.7553706	-9.512163	-0.7350199	22.949
-0.6332663	-8.932767	0.17836803	22.999
0.80804306	-9.56723	0.59017074	23.049
0.25857377	-9.502586	1.0486604	23.099
0.17357962	-9.475053	0.79008657	23.145
0.89423436	-9.340978	0.90261406	23.199
0.6847417	-9.97185	0.15801731	23.25
1.0546459	-10.248381	1.4915876	23.296
0.50757074	-11.917139	1.0737995	23.363
-3.122039	-9.956287	-1.2773066	23.419
-2.6874914	-8.11395	-2.9604304	23.44
1.5502456	-7.7213006	0.58418524	23.499
1.541866	-12.749125	0.5422867	23.549
-0.8678981	-11.897985	0.089782566	23.589
-0.51954174	-7.86615	1.0845734	23.659
0.18076223	-8.483853	0.88944596	23.693
-0.7529764	-8.890868	1.9740193	23.749
0.23343466	-9.039309	2.160767	23.799
-0.34237084	-8.401254	2.4875755	23.846
0.15083471	-9.103952	2.2038627	23.889
-0.46926352	-10.839748	2.7222073	23.956
-0.034715924	-10.807426	3.5302503	23.979
0.4249708	-12.641385	2.100912	24.029
-2.895787	-5.3594203	1.3790601	24.099
-1.4772224	-7.20535	-1.567005	24.149
-1.5957354	-11.282676	-1.2737153	24.199
-0.61530983	-9.040505	0.16160862	24.249
-0.31483752	-8.968679	0.25378537	24.289
-0.23582886	-9.19134	-0.11611878	24.341
-0.23223756	-8.842984	0.20470424	24.399
0.4405331	-9.700109	0.6667852	24.449
0.9888053	-9.279925	1.4640543	24.49
0.7062895	-9.198523	1.5933412	24.583
0.33638534	-9.635465	1.827973	24.609
0.5374983	-10.79785	1.1923125	24.649
-0.78529817	-10.742783	4.3646297	24.699
-1.2126632	-12.103887	-4.083311	24.759
-2.8574798	-8.056489	-3.301604	24.796
1.9572599	-10.13705	2.7257986	24.849
3.6152446	-10.589554	-0.16160862	24.89
-0.18674773	-8.89805	0.91697925	24.941
-0.1604115	-8.821436	0.89902276	24.999
-0.25737667	-9.169792	0.91578215	25.029
-0.38307226	-8.802282	0.59735334	25.099
-0.34715924	-8.53892	0.91697925	25.149
0.22864626	-8.401254	1.1707647	25.189
0.2693477	-10.364499	1.8890251	25.239
0.78050977	-8.008605	2.1691468	25.289
1.9321208	-19.6133	-0.8343793	25.349
-3.4344823	-8.012196	1.1432313	25.399
-0.17597382	-4.2425256	-0.24181437	25.449
-2.315193	-11.652579	-2.6180596	25.489
-2.528277	-8.53892	-0.8619126	25.549
0.35075054	-9.417592	-0.08259996	25.589
0.4249708	-8.719683	-0.35314476	25.649
0.9684546	-9.2787285	-0.58657944	25.699
-0.48841715	-9.680955	-0.7086837	25.749
-0.108936176	-9.551667	-0.2741361	25.799
-0.11851298	-9.788693	-0.10534488	25.858
-0.21428105	-9.1829605	0.025139118	25.9
0.19393034	-10.02572	0.6907272	25.949
0.7721301	-14.146141	-2.6994624	25.999
0.08020575	-11.140221	-1.3790601	26.046
-1.2868834	-6.7600284	0.2741361	26.099
1.0965444	-11.761516	-0.6859388	26.149
0.3842694	-10.241198	-0.038307227	26.199
-0.90740246	-8.283937	-1.3227965	26.259
1.5466543	-9.809045	0.31603462	26.3
0.16280572	-9.49301	-0.56982	26.349
-0.8607155	-8.9124155	1.0881647	26.391
0.092176765	-8.978256	0.79846627	26.441
0.10175357	-9.645041	1.009156	26.499
0.027533319	-8.847773	2.6539726	26.546
1.400608	-10.8182	2.2026656	26.614
1.8986019	-18.332403	-0.59017074	26.665
-1.7393875	-6.5840545	3.9013517	26.699
1.5071499	-5.149928	0.10055647	26.751
-4.015076	-10.805033	-1.4688427	26.799
-0.7098808	-9.526528	-0.20709845	26.849
-0.45968673	-8.926781	-0.4237737	26.889
0.15322891	-8.701726	-0.2621651	26.949
0.48123455	-9.685743	-0.5710171	26.999
-0.076614454	-9.2069025	-0.11971009	27.039
0.48841715	-9.805453	-0.15083471	27.099
0.20590134	-9.69532	-0.12689269	27.149
0.90620536	-8.821436	0.41180268	27.2
1.7776948	-12.650962	1.3251907	27.249
0.51954174	-13.342886	-2.9771898	27.299
-1.0642227	-8.819042	-1.4616601	27.349
-0.6536171	-5.925649	1.2210429	27.404
1.6412252	-12.129025	-1.5993267	27.449
-0.91817635	-9.986216	-0.2789245	27.499
-0.557849	-9.238028	-0.34356794	27.54
0.19153613	-9.239224	0.1448492	27.602
-1.3215994	-8.945934	0.22864626	27.639
0.37110126	-8.367735	1.2737153	27.699
1.0594343	-8.571242	0.581791	27.749
-2.7760768	-9.578004	1.3072342	27.799
0.2837129	-9.121908	3.9360676	27.839
0.6811504	-19.6133	-6.5565214	27.899
-3.0813377	-2.5570073	-0.20231004	27.975
0.34835634	-5.5605335	-0.061052144	28.0
-2.9460652	-12.089521	-1.5849615	28.049
-0.095768064	-8.009802	1.1504139	28.099
0.30885202	-9.147048	0.33159694	28.149
-0.7038953	-8.968679	-0.28491	28.213
1.4891934	-9.593566	-0.6907272	28.259
-0.63087213	-8.558074	0.04070143	28.299
0.35194764	-9.884461	-0.025139118	28.349
0.19033903	-9.593566	0.107739076	28.399
1.6639702	-9.419987	0.61171854	28.449
1.9369092	-10.936713	-0.12928689	28.499
-1.5921441	-13.679272	2.48159	28.55
-0.36631286	-11.504139	-2.2697031	28.59
-4.322731	-8.136695	-3.6032736	28.649
-1.067814	-9.548077	3.5458126	28.701
0.32920274	-9.692925	-0.5303157	28.749
-0.5805939	-8.613141	-0.011971008	28.799
-1.2593501	-8.836999	0.46208093	28.839
-1.0079589	-8.036138	1.6340426	28.899
-1.4652514	-9.284714	0.027533319	28.949
-1.9752164	-10.727221	1.9967642	29.019
0.50278234	-12.594698	1.365892	29.039
0.50278234	-12.594698	1.365892	29.039
-0.5506664	-11.461043	-1.1324574	29.14
-1.8387469	-7.386112	0.09935937	29.199
-2.0087352	-7.6351094	1.2174516	29.239
0.21787235	-7.9786773	1.7082629	29.291
0.7098808	-8.404845	3.1280246	29.346
2.4361002	-7.264008	1.5945383	29.4
-11.670536	-19.6133	-6.8749504	29.45
1.091756	-5.270835	5.117606	29.502
0.07182605	-6.3446345	1.2449849	29.549
-1.9680338	-13.854048	-1.2976574	29.589
-3.7457285	-8.220491	-2.1679497	29.649
-1.3982137	-8.378509	-0.6823475	29.69
0.7218518	-8.010999	-0.2873042	29.751
-1.0821792	-9.041702	-1.3946224	29.799
-0.973243	-8.39886	0.12330139	29.849
-1.6400281	-10.001778	-1.163582	29.899
-1.982399	-10.298658	-0.5734113	29.949
0.770933	-9.55047	0.7493851	29.999
-1.4688427	-13.498509	-1.3706805	30.049
-1.4688427	-13.498509	-1.3706805	30.049
-2.2301989	-7.881712	1.9776106	30.149
1.7034745	-10.33936	-1.2808979	30.189
-0.9600749	-7.8062944	2.5210943	30.246
-0.50278234	-9.488221	0.61171854	30.299
-0.4201824	-8.549694	1.2330139	30.349
-0.48602295	-8.579621	0.7589619	30.399
-1.1049241	-8.258799	0.6536171	30.45
-0.40701428	-8.269572	1.1264719	30.491
-0.51475334	-9.483433	1.1851299	30.549
-2.5306711	-10.207679	1.9153614	30.625
3.7720647	-15.916653	-0.12808979	30.651
-2.7222073	-10.964247	-2.586935	30.699
-0.49919105	-4.1383777	1.9249382	30.749
-2.9388826	-11.760319	-0.16280572	30.819
-1.6232687	-10.19451	-0.2908955	30.849
-0.5626374	-8.128315	-0.02633622	30.899
0.7374141	-8.872911	0.39504328	30.949
-0.93014735	-8.913613	-0.34117374	30.999
-0.8678981	-9.109938	0.18435353	31.051
-0.45489833	-9.109938	0.18435353	31.051
0.35434186	-8.6299	1.0426749	31.149
-0.33399114	-9.091981	0.7505822	31.192
-0.07182605	-8.899248	1.2629414	31.249
1.1767502	-7.753622	2.517503	31.299
3.0705638	-6.5960255	2.304419	31.351
-1.5131354	-6.184223	-1.411382	31.391
-2.0853498	-14.083892	0.79248077	31.439
-0.49081135	-19.6133	-3.6822822	31.499
0.5303157	-4.2664676	9.817424	31.569
2.0446482	-7.9990277	2.585738	31.595
1.5897499	-9.64145	-0.45609543	31.641
0.78529817	-9.044097	0.16998832	31.699
-0.23702596	-8.979453	0.20470424	31.749
-0.7086837	-8.505402	-0.90021986	31.799
-0.89303726	-8.231265	-0.25857377	31.839
-2.0266917	-10.620679	1.2533646	31.899
-4.4328647	-9.646238	2.7222073	31.987
5.4551888	-11.597513	1.6843209	32.002
3.6056678	-19.6133	-0.5303157	32.04
3.6056678	-19.6133	-0.5303157	32.04
-0.90979666	-13.3225355	-1.459266	32.142
-2.658761	-7.860164	0.8367735	32.199
-1.0474633	-7.4351935	-0.688333	32.249
0.32680854	-9.805453	-0.108936176	32.289
0.91099375	-8.809465	0.8331822	32.346
1.2234371	-9.264363	1.2761095	32.402
0.79726917	-9.097966	0.3890578	32.452
-0.37110126	-8.771158	1.7848774	32.499
2.0410569	-7.771579	2.5222914	32.549
-1.6627731	-9.033323	-2.695871	32.599
-4.6830587	-9.414001	2.8395233	32.636
2.9831753	-14.816517	-5.509058	32.701
-1.3802572	-15.160085	3.539827	32.749
1.2294226	-6.8450227	-1.1599907	32.799
3.5649664	-5.731719	3.1902738	32.852
-1.958457	-12.20564	-3.9923313	32.899
-4.6459484	-6.4344172	2.718616	32.961
-1.0259154	-8.941146	1.2366052	33.009
-0.9636662	-8.342596	0.45609543	33.049
-0.9636662	-8.342596	0.45609543	33.049
-1.6280571	-7.441179	2.136825	33.149
4.55856	-16.604986	0.32800564	33.199
-6.6522894	-10.764331	1.5275006	33.249
-0.770933	-4.817134	-1.9524715	33.299
-3.5422213	-8.7292595	-1.0235212	33.349
-4.9583917	-9.595961	-0.90021986	33.398
-0.62129533	-7.2711906	0.079008654	33.449
-0.7457938	-8.899248	-0.14844051	33.499
0.12210429	-9.745598	-0.062249243	33.552
-0.031124622	-8.918402	0.40222588	33.598
0.47285482	-9.305065	0.8822633	33.64
-1.1025299	-9.350554	0.0011971008	33.699
-0.8678981	-9.248801	1.3682863	33.741
2.2936451	-11.326968	1.4760253	33.799
1.4401124	-15.689203	1.365892	33.851
-2.397793	-13.00291	-3.7421372	33.891
-1.7274165	-7.711724	-0.24061728	33.949
2.706645	-10.278308	-0.24660277	34.0
0.023942016	-8.37372	0.5386954	34.049
0.023942016	-8.37372	0.5386954	34.049
-0.89902276	-9.458294	0.92416185	34.153
-0.35673606	-8.343793	1.1073183	34.19
-0.5494693	-7.657854	1.2174516	34.24
0.2717419	-8.826224	1.5729905	34.289
-0.30765492	-8.784326	3.301604	34.349
1.8207904	-9.794679	2.6599581	34.399
-0.78529817	-18.253393	0.36631286	34.449
-3.1184478	-11.192893	-0.009576807	34.499
-0.049081136	-4.3287168	-1.4077905	34.542
-2.1906946	-9.181764	-1.3623008	34.589
-3.3542767	-8.7532015	-0.09816227	34.639
-0.32321724	-8.049306	0.1448492	34.699
-0.30645782	-8.346188	0.3196259	34.739
-1.0342951	-9.326612	0.1592144	34.799
-0.089782566	-8.383297	0.6811504	34.849
0.29807812	-8.829816	0.61530983	34.898
-0.48961425	-9.604341	-0.31364042	34.943
0.7541735	-9.382876	1.7058687	34.999
1.2018893	-9.807847	0.25617957	35.039
1.2018893	-12.806585	0.02873042	35.119
-1.1935096	-11.6908865	-2.7341783	35.133
-3.6355953	-10.681731	2.5067291	35.199
3.4703953	-14.058752	-0.5734113	35.249
2.1140802	-6.5577183	3.2094274	35.299
-0.1436521	-8.106767	-0.12928689	35.349
-2.0446482	-9.581595	1.5394717	35.39
-1.7764976	-7.94037	4.358644	35.439
1.5382746	-11.736377	-0.0047884034	35.499
-0.50397944	-8.955511	1.9500773	35.539
0.08020575	-8.01459	3.1890767	35.609
0.7170634	-7.371747	3.6224272	35.651
1.9069817	-9.151836	4.357447	35.699
1.459266	-9.605537	4.770447	35.749
-1.9524715	-19.6133	0.4429273	35.799
-0.51475334	-7.1706343	-1.401805	35.849
4.280833	-5.8945246	2.6599581	35.891
-7.0090256	-11.7627125	0.7134721	35.949
0.16280572	-6.769605	1.0342951	36.03
0.8583213	-6.8545995	1.1097125	36.042
0.8583213	-6.8545995	1.1097125	36.042
-1.1216835	-9.671378	0.45968673	36.149
-0.46088383	-8.925584	0.9528923	36.199
-0.089782566	-9.8677025	0.7625532	36.249
0.16639702	-9.281123	1.2808979	36.299
0.664391	-9.32781	1.0354922	36.349
0.107739076	-13.705607	3.2920272	36.419
1.0127473	-13.533225	-0.7302315	36.45
-1.6412252	-11.452663	-2.1176715	36.5
-1.6759412	-8.019379	-0.9684546	36.549
2.0242975	-11.008539	-1.2318168	36.623
1.1935096	-10.426748	-0.748188	36.639
-1.2246342	-8.74961	-0.36391866	36.699
-0.20709845	-9.536105	-0.17956513	36.776
-0.6631939	-8.6813755	-0.12928689	36.799
-0.93852705	-8.169016	0.36032736	36.849
-0.7493851	-8.887277	0.5518635	36.899
-0.2896984	-9.093178	1.5466543	36.969
-0.39504328	-9.157822	1.4413095	36.998
-1.2066777	-7.703344	0.6488287	37.039
-1.2066777	-7.703344	0.6488287	37.039
-2.873042	-19.6133	-4.2293572	37.159
-1.7310078	-5.0517654	-0.6344634	37.219
-0.81402856	-5.2540755	-0.23463176	37.241
-4.249708	-10.778696	-1.6555905	37.299
-2.6898856	-9.252393	-1.4449008	37.339
-0.90141696	-9.077616	-0.6703765	37.399
1.2964603	-10.584765	-0.4249708	37.449
-0.45729253	-8.9842415	0.46806642	37.499
0.095768064	-9.733627	0.16160862	37.549
0.22864626	-9.064447	0.7374141	37.599
-0.15801731	-10.183737	0.23582886	37.639
0.37948096	-10.042479	0.6715736	37.691
1.5394717	-9.385271	1.6986861	37.739
0.4141969	-9.720459	1.6962919	37.799
-4.9200845	-11.660959	-0.4165911	37.849
-4.938041	-6.1938	-2.7090392	37.906
6.3589997	-10.127473	1.3072342	37.949
4.1503487	-13.326127	1.3946224	37.992
-1.4736311	-10.498574	0.3842694	38.049
-1.4736311	-10.498574	0.3842694	38.049
-0.36870706	-8.395268	1.5095441	38.139
-0.59855044	-8.152257	2.1559787	38.19
-0.2837129	-9.048885	2.2385786	38.249
-1.1815386	-9.056067	2.7760768	38.292
-0.4201824	-9.417592	1.9967642	38.349
-1.9752164	-8.495825	1.6831238	38.409
0.36990416	-10.583569	3.0609868	38.45
-0.2621651	-11.853693	2.8107927	38.499
-4.024653	-13.78342	-0.46208093	38.549
-3.347094	-7.290344	-1.7633295	38.599
-2.504335	-8.322245	-2.111686	38.649
-1.6807296	-9.476251	-2.4971523	38.699
-1.9692309	-10.737994	-2.3906105	38.749
-1.1492168	-8.360553	-0.94451255	38.799
0.025139118	-9.702502	-1.8315643	38.849
-0.7529764	-9.361329	-0.7146692	38.899
0.10175357	-10.158598	-0.93373865	38.949
2.136825	-9.02614	0.37588966	38.999
1.5993267	-8.943541	1.1097125	39.067
1.2964603	-9.503783	1.3311762	39.075
-0.49559975	-9.496601	1.7106571	39.149
0.78290397	-9.952697	1.1121067	39.209
-0.7685388	-11.316195	1.8124107	39.249
0.79726917	-13.597869	-1.958457	39.299
-3.526659	-10.630256	-5.351041	39.346
1.9812019	-9.224859	0.50637364	39.399
1.2641385	-8.280347	0.07062895	39.449
-3.0214825	-8.416816	0.1604115	39.489
-0.15801731	-8.985439	-0.5566519	39.549
-0.03232172	-8.485051	2.0733786	39.597
0.5554548	-8.814254	1.9057846	39.639
-0.049081136	-8.289924	2.5773582	39.699
-0.20590134	-10.723629	3.205836	39.75
-0.17956513	-10.87207	2.8395233	39.791
-1.6843209	-12.512098	0.8702923	39.849
-6.612785	-16.743849	-8.37013	39.899
-0.5291186	-3.4751837	6.1088057	39.939
-2.3331497	-10.08318	2.1655555	40.009
-1.8303672	-9.962274	-1.6771383	40.049
0.93373865	-9.099164	-0.9576807	40.079
0.93373865	-9.099164	-0.9576807	40.079
-2.219425	-9.5971575	-0.93972415	40.201
1.3144168	-9.058462	1.4281414	40.249
1.1851299	-8.0684595	1.9393034	40.299
0.5662287	-8.637083	1.8459295	40.339
0.18195933	-7.7224975	3.66672	40.399
0.92176765	-11.827356	4.1718965	40.449
-1.1994951	-14.387955	2.0973208	40.489
-3.930082	-13.7367325	-10.554838	40.55
3.406949	-8.240842	0.60453594	40.599
0.5542577	-5.6000376	0.8810662	40.649
1.0366893	-9.305065	-1.638831	40.699
-1.7621324	-10.125079	-0.3890578	40.749
0.8595184	-9.742006	-0.5351041	40.799
-0.9708488	-8.559271	-0.8523358	40.849
-1.6627731	-6.728904	1.5227122	40.911
-0.9876082	-8.428787	1.9812019	40.969
-1.2737153	-6.9946604	2.7246015	40.999
-1.9967642	-6.871359	5.400122	41.049
-1.7776948	-9.090784	1.9428947	41.101
-0.6428431	-9.090784	1.9428947	41.101
-5.5964465	-2.6204538	1.7657237	41.199
-3.108871	-13.561955	0.9636662	41.262
1.6364368	-10.494983	-0.93134445	41.319
0.641646	-7.457938	1.0055647	41.347
-1.1444284	-8.89446	0.89423436	41.389
-0.7577648	-9.810242	0.16519992	41.453
-0.4429273	-8.356961	0.59974754	41.491
-1.0175357	-8.325836	1.1013328	41.549
-0.046686932	-10.225636	1.2749124	41.599
-1.6077064	-8.099585	0.5315128	41.649
-3.6511576	-9.435549	1.4760253	41.689
3.0466216	-13.834894	1.8016368	41.749
-7.441179	-11.224017	-6.453571	41.799
-2.6204538	-13.080721	7.0928226	41.841
5.195418	-9.56723	-2.2996306	41.899
-1.234211	-7.1059904	-0.14604631	41.949
-1.6531962	-8.402451	1.4281414	42.008
-1.8579005	-7.964312	0.28491	42.049
0.1412579	-8.189367	1.210269	42.099
-0.12090719	-7.8912888	1.6364368	42.109
-1.4413095	-8.429984	1.6687586	42.199
-0.5410896	-9.417592	1.1180922	42.249
2.3523033	-9.745598	1.2413936	42.296
-7.189788	-12.1398	-3.8606503	42.349
1.8411411	-5.449203	1.1456255	42.399
-1.8112136	-10.984597	1.283292	42.449
-2.100912	-11.105505	0.6859388	42.494
1.6807296	-7.9104424	0.6572084	42.549
-0.7182605	-8.334216	0.9540894	42.593
-1.1504139	-9.259575	0.16879122	42.649
-0.025139118	-8.735245	1.1659763	42.69
1.2270284	-8.995016	0.8714894	42.746
0.4441244	-9.288305	0.78290397	42.789
1.8950106	-8.23366	1.6124948	42.849
1.5873557	-11.456255	-0.09935937	42.909
-3.2848446	-14.711172	-0.6404489	42.959
-5.5868697	-13.656527	-5.889736	42.999
-3.157952	-8.572439	4.594473	43.049
2.4887726	-14.482526	-2.5438392	43.099
1.4915876	-12.79222	-3.9228995	43.109
-0.6895301	-8.66701	-1.769315	43.2
-1.0103531	-7.8158712	0.8750807	43.249
0.079008654	-9.343372	1.7130513	43.299
0.7230489	-7.428011	3.7469256	43.339
-0.9768343	-8.9842415	3.074155	43.389
0.90021986	-11.293449	4.0138793	43.449
-1.2425907	-11.283873	4.06296	43.497
-0.23463176	-10.240001	3.2992098	43.544
-9.498995	-16.990452	-3.3195608	43.589
-1.3730747	-6.7013707	-7.4974427	43.649
-7.6841903	-8.838196	-6.6893997	43.699
-2.4408886	-9.178172	-3.2704794	43.749
-2.255338	-8.198944	-3.095703	43.799
-2.5270798	-8.722076	-3.0885203	43.839
-0.641646	-7.9248075	-1.8902222	43.899
-1.7932571	-8.933964	-2.112883	43.949
0.046686932	-8.446744	-1.282095	43.999
-2.043451	-9.249998	-0.8475474	44.049
-2.694674	-8.832211	-0.82121116	44.089
-1.6352397	-9.425972	-1.0869676	44.15
-1.1204864	-9.103952	-1.4700398	44.209
-6.2488666	-7.1514807	-0.30885202	44.269
3.1376014	-10.047267	0.05865794	44.309
1.9728222	-11.546038	2.9005754	44.339
-2.859874	-10.087969	0.17118542	44.399
-3.7229836	-10.9582615	-0.61291564	44.441
-2.5689783	-10.061633	-0.47764325	44.499
-0.8858546	-7.884106	1.1875241	44.549
-1.1755531	-9.376891	2.0853498	44.589
-3.0442274	-12.421119	3.2585084	44.649
-2.2050598	-10.967838	4.0665517	44.71
-2.1404164	-9.211691	1.3383588	44.759
-2.1894975	-8.158242	-0.91338795	44.789
-3.6739025	-9.325416	-2.7329812	44.854
-3.6056678	-9.3421755	-0.11731588	44.9
0.51714754	-9.660604	0.7529764	44.95
-0.91458505	-8.983045	0.5267244	45.0
-2.2840683	-8.5700445	0.25498247	45.04
-0.59855044	-8.735245	1.0749966	45.099
-0.36990416	-9.424775	0.9780314	45.19
-0.20111294	-9.424775	0.9780314	45.19
-1.3263878	-10.073604	0.7314286	45.25
0.022744916	-8.208521	1.353921	45.3
0.8511387	-11.360487	-0.34237084	45.351
-4.7441106	-11.318588	-1.6304513	45.4
-3.003526	-7.7847466	0.9660604	45.44
1.7513585	-11.775881	1.8315643	45.49
-2.3451207	-9.3421755	0.80564886	45.551
-2.0853498	-8.848969	1.1623849	45.601
-1.4796166	-8.201338	0.8607155	45.65
-2.4612393	-8.293514	1.1216835	45.691
-2.3894134	-8.377312	1.4137762	45.741
-0.50278234	-8.579621	2.4121583	45.801
-1.2940661	-9.074024	1.6555905	45.841
-2.2218192	-9.093178	1.9321208	45.896
-1.389834	-9.255983	2.3439236	45.941
0.7769185	-10.171766	3.1974564	45.991
2.2960393	-10.07121	3.21661	46.056
-6.2225304	-13.029245	-2.597709	46.096
-5.4085016	-8.793902	-1.1384429	46.121
-0.05267244	-9.576807	0.59136784	46.19
-1.6304513	-10.682928	0.44651863	46.24
-1.1971009	-7.9236107	0.30645782	46.29
-0.24181437	-8.48984	0.61411273	46.341
-1.0342951	-10.0748005	-0.18435353	46.391
-1.0690111	-8.639477	1.079785	46.45
0.35434186	-9.518148	1.1767502	46.5
0.37110126	-9.54209	1.1288661	46.55
1.0235212	-10.508151	1.4987702	46.6
-1.0283096	-10.353725	0.7026982	46.64
-1.448492	-10.692505	-4.461595	46.741
0.35434186	-10.692505	-5.127183	46.751
-2.670732	-10.996569	0.4297592	46.8
3.3375173	-11.767501	-1.1228806	46.85
1.5933412	-7.8625584	0.18794483	46.9
-1.8866309	-7.8517847	1.3467385	46.95
-0.8523358	-8.209718	2.1164744	47.001
0.055066638	-10.803835	0.46567222	47.052
-0.93852705	-7.6734166	3.5769374	47.101
-1.2677298	-7.6734166	3.5769374	47.101
-0.0035913025	-14.369999	-1.8052281	47.2
-0.50517654	-8.807071	1.2198458	47.25
-0.20231004	-11.717223	1.6280571	47.3
-1.3694834	-10.981006	1.3036429	47.352
0.07062895	-7.217321	0.108936176	47.39
-2.146402	-7.9511437	0.06943185	47.441
-1.2868834	-9.5732155	1.42455	47.501
0.7649474	-8.488642	1.6998832	47.55
0.48841715	-8.887277	1.9572599	47.614
0.076614454	-7.4711065	2.8311436	47.671
2.779668	-7.291541	4.3275194	47.7
0.8367735	-11.713632	-0.15322891	47.75
1.1528081	-13.699622	-3.3327289	47.8
-8.301894	-11.525687	-4.519056	47.842
-4.404134	-10.181343	-3.2585084	47.901
3.3195608	-12.445061	-0.22625206	47.951
-2.908955	-7.145495	-1.2737153	48.001
-1.9548657	-9.890448	-2.834735	48.051
-2.5689783	-8.938752	-1.091756	48.1
-2.0506337	-8.649054	-0.6739678	48.162
-1.8195933	-9.743204	-0.5255273	48.191
-0.4381389	-8.379706	0.025139118	48.241
-0.5434838	-8.851364	1.8052281	48.3
-4.9404354	-6.5026517	2.03148	48.341
-0.50996494	-7.439982	2.6384103	48.4
-1.7345991	-9.67856	1.6771383	48.44
-0.7781156	-11.475409	1.5837644	48.49
-0.19393034	-9.603143	0.7529764	48.54
-4.570531	-11.908759	2.5222914	48.591
0.91937345	-10.060435	-0.074220255	48.641
-1.5801731	-7.454347	2.645593	48.69
-0.997185	-9.755175	0.92416185	48.751
-0.90859956	-8.950723	1.3922282	48.79
-2.5845408	-9.057265	1.1073183	48.84
1.4401124	-9.016563	1.6555905	48.906
-0.3172317	-10.535685	2.1021092	48.951
0.521936	-8.670602	3.6116533	49.0
-1.8195933	-11.508927	1.6460136	49.051
-4.7177744	-8.605958	1.4891934	49.151
-0.2681506	-8.437167	1.9620483	49.151
-0.2681506	-8.437167	1.9620483	49.151
-1.1683705	-10.235212	2.9616275	49.25
-3.466804	-8.028955	1.6927006	49.3
-0.9876082	-8.37372	1.5586253	49.421
-1.1504139	-8.846576	2.597709	49.421
-1.1001357	-8.732851	2.7748797	49.442
-0.35673606	-8.311471	2.574964	49.5
-0.79846627	-8.730456	2.6922798	49.55
-1.2641385	-8.798691	2.80361	49.6
-0.51834464	-10.232818	1.9165585	49.65
-1.3323733	-10.5440645	2.6767175	49.7
2.1452048	-16.923414	-1.1420342	49.78
-4.4316673	-10.128671	0.30885202	49.801
-1.2521675	-7.8039002	1.4891934	49.85
-0.20111294	-10.030508	-0.22625206	49.89
-3.6834793	-10.474632	0.31483752	49.95
-0.7757214	-8.051701	1.2366052	50.0
-0.1592144	-8.937555	1.3838485	50.05
-0.41060558	-9.102755	1.377863	50.1
-0.49919105	-9.161413	1.4437037	50.141
0.48243165	-9.0081835	1.816002	50.191
0.18435353	-9.818622	1.6472107	50.25
1.3503298	-9.103952	1.6376339	50.312
1.1384429	-10.043676	1.9764135	50.351
-1.0594343	-14.513651	2.2230163	50.4
-0.14604631	-10.405201	0.33039984	50.45
-2.3427265	-8.74123	-0.5722142	50.484
0.09935937	-9.636662	1.8231846	50.551
1.8974048	-13.478158	0.59376204	50.59
-0.0047884034	-9.25359	0.12689269	50.66
-0.5398925	-7.880515	2.0242975	50.704
-0.29209262	-8.09719	1.4580688	50.75
-0.48961425	-7.61835	2.956839	50.801
0.5446809	-9.193734	2.3523033	50.851
-0.015562311	-9.380483	2.3870192	50.903
-1.9512744	-9.844957	1.4197617	50.952
2.2876596	-15.993267	2.1200657	51.0
-1.8614918	-14.487314	-3.015497	51.05
-2.086547	-3.2740707	3.7948096	51.1
-3.3399115	-8.348581	-1.7872716	51.151
-3.3399115	-8.348581	-1.7872716	51.151
1.3491327	-7.7308774	2.5019407	51.267
1.3491327	-8.461109	1.5047557	51.301
-1.0366893	-9.654618	0.5482722	51.349
0.061052144	-9.068039	1.2988545	51.4
-0.45130703	-8.959103	1.3838485	51.44
-0.1436521	-9.592369	1.2868834	51.5
0.16160862	-9.085996	2.0374656	51.54
1.6065093	-10.26514	0.7781156	51.6
-1.6244658	-10.31901	2.8203697	51.65
-2.7832594	-12.696451	0.5674258	51.685
-1.6603789	-9.694122	-1.8722657	51.731
1.9309237	-11.823765	2.2098482	51.8
2.2529438	-12.795811	0.18555063	51.857
-1.0726024	-8.931569	1.8195933	51.901
-1.3706805	-7.2568254	1.7190368	51.95
-1.7010803	-8.710106	0.7577648	52.0
-1.151611	-8.744822	1.6519991	52.051
-0.35913026	-9.027337	3.0490158	52.1
-0.088585466	-8.808268	2.6408045	52.151
-1.3970166	-7.7847466	0.62488663	52.201
2.6060886	-11.10311	2.80361	52.241
-1.9153614	-15.138537	-2.4073699	52.3
-3.0346506	-4.261679	3.289633	52.351
-0.47764325	-9.980229	1.079785	52.4
-3.678691	-11.988965	-0.9576807	52.45
-1.436521	-8.358158	0.1604115	52.491
-0.45848963	-9.181764	1.033098	52.55
0.4345476	-10.096349	1.0941502	52.6
-0.37948096	-9.144653	1.2174516	52.65
-0.21428105	-9.56723	1.4101849	52.7
-0.59017074	-9.299079	1.2042835	52.75
0.36870706	-9.08001	1.2940661	52.781
-0.2765303	-10.512939	0.40701428	52.831
-3.0873232	-9.148245	-0.3196259	52.9
-0.10295067	-8.279149	-1.0869676	52.95
1.5813702	-11.055226	1.590947	53.0
-1.7381904	-9.986216	1.0450691	53.06
-1.1683705	-8.63828	1.282095	53.1
-1.3910311	-7.6973586	2.3295584	53.15
-1.4520833	-7.6973586	2.3295584	53.15
-2.517503	-8.868123	2.707842	53.251
-1.6328455	-8.990228	2.6850972	53.29
-2.292448	-8.967483	1.769315	53.35
-0.7769185	-9.9790325	3.0346506	53.405
-1.4700398	-16.700754	-1.9847932	53.451
-0.1388637	-6.7588315	2.4672248	53.5
-0.2633622	-6.5708866	1.2449849	53.54
-1.6340426	-11.797429	-1.7226281	53.612
-2.6264393	-10.163386	-0.6979098	53.65
0.90740246	-8.76996	0.80086046	53.69
-1.067814	-9.400833	0.39145198	53.761
-0.6775591	-9.481039	0.688333	53.801
0.05626374	-9.363723	1.6184803	53.85
0.09935937	-9.755175	1.5095441	53.9
0.45609543	-9.056067	1.8543092	53.95
0.33877954	-9.41879	1.8866309	54.02
1.340753	-9.698911	2.0231004	54.051
0.33758244	-9.799467	2.2541409	54.101
-0.10295067	-9.531317	2.754529	54.151
-0.21787235	-9.531317	2.754529	54.151
-2.633622	-8.492233	-2.255338	54.241
0.9600749	-7.8266454	3.0226796	54.29
3.6248214	-12.263102	1.6651673	54.341
1.0402806	-10.636241	2.0721815	54.39
-0.6919243	-7.347805	1.9440918	54.451
-0.997185	-7.9990277	2.385822	54.501
-1.2006922	-8.39886	1.4808137	54.551
-0.075417355	-9.271546	3.309984	54.601
0.1412579	-8.75799	2.4899697	54.651
-0.5434838	-9.877279	3.1639376	54.703
-0.25378537	-9.491813	3.169923	54.741
2.171541	-14.562732	1.2880806	54.8
-3.5793316	-13.332112	-0.20949265	54.84
-2.8993783	-7.3442135	1.4149733	54.894
0.089782566	-7.575254	0.78050977	54.94
-1.4317327	-11.02889	0.2765303	54.99
-2.5570073	-9.011775	1.8291701	55.051
0.10414778	-9.111135	1.4137762	55.101
-0.110133275	-8.692149	1.2485762	55.151
-0.22625206	-8.692149	1.2485762	55.151
-0.06943185	-9.194932	2.0614076	55.252
-0.008379706	-9.382876	2.0649989	55.3
-0.4261679	-9.489418	2.2840683	55.34
1.2210429	-9.247604	1.887828	55.39
0.11731588	-9.825804	2.4061728	55.441
-0.7266402	-12.336124	2.432509	55.495
-2.5833437	-11.646594	-1.4808137	55.54
-1.5143325	-7.1371155	-0.073023155	55.601
1.9261353	-10.298658	1.9357121	55.651
0.89423436	-11.070788	1.1575965	55.701
-1.2797008	-8.860941	0.89902276	55.751
-0.33399114	-7.8745294	2.1739352	55.801
-0.6548142	-7.97748	2.0614076	55.841
-0.7278373	-9.270349	2.148796	55.9
-0.32680854	-8.938752	3.071761	55.94
-0.06464344	-8.465898	1.780089	56.001
-0.35793316	-8.504205	1.0474633	56.04
0.23104046	-19.6133	0.10055647	56.101
-2.0614076	-10.992977	1.6783354	56.146
-1.5693992	-7.3909006	-0.09935937	56.201
-0.50038815	-9.959879	-0.17597382	56.25
-1.9261353	-10.284293	-0.48602295	56.3
-1.8602947	-10.206482	-0.80445176	56.38
-0.47405192	-9.879673	-0.46806642	56.395
-0.19273324	-9.704897	-0.029927522	56.451
-0.16879122	-9.607931	0.7170634	56.502
0.770933	-9.202114	1.0175357	56.541
0.7625532	-9.244013	1.1025299	56.59
1.970428	-9.688137	1.4772224	56.645
0.37349546	-9.604341	3.1304188	56.698
-0.5374983	-9.5253315	3.2010477	56.741
-0.8750807	-10.534488	1.2485762	56.8
-2.1679497	-11.488577	1.0450691	56.851
-3.8989575	-8.560468	-1.8255788	56.881
1.4209588	-10.007763	1.0714053	56.941
0.5722142	-9.846154	1.638831	57.0
-0.866701	-10.234015	0.25258827	57.051
-1.3395559	-8.038532	1.2366052	57.101
-0.8643068	-8.725668	0.8607155	57.14
-1.0115502	-8.874108	1.2629414	57.16
-0.51595044	-8.66701	2.789245	57.291
-0.35673606	-8.784326	2.9855695	57.3
-0.15322891	-9.661801	2.5210943	57.34
-2.6970682	-9.654618	0.90381116	57.4
0.10654198	-9.388862	3.810372	57.451
-0.48722005	-13.801375	0.038307227	57.49
-1.9656396	-10.420763	0.35434186	57.542
0.30885202	-7.4746976	1.009156	57.6
-0.90500826	-10.836157	0.33279404	57.646
-1.8351556	-10.110714	0.9923966	57.701
-0.35314476	-8.588001	2.208651	57.75
0.58897364	-8.814254	1.9572599	57.8
-0.05746084	-9.072827	1.4640543	57.861
-0.8463503	-9.510966	1.436521	57.9
0.19033903	-9.672575	1.1923125	57.95
-0.5351041	-9.847352	1.5454572	58.005
1.0486604	-8.803479	1.8842367	58.051
1.0534488	-10.597934	0.7326257	58.1
-1.8112136	-11.625047	1.067814	58.14
-2.7665	-9.106346	1.8866309	58.241
0.61890113	-9.106346	1.8866309	58.241
0.7625532	-10.708067	0.89543146	58.3
-2.778471	-9.634268	0.82599956	58.34
-2.086547	-8.27077	0.7685388	58.39
-1.1240777	-8.063671	1.1623849	58.435
-0.49440265	-9.625888	1.8483237	58.49
-0.37469256	-8.919599	2.742558	58.521
0.62488663	-8.808268	2.9951463	58.6
0.60812724	-9.323022	2.9161377	58.65
0.36750996	-9.455899	2.4037786	58.69
0.59615624	-10.3932295	3.6272156	58.74
0.48602295	-11.332953	1.1683705	58.791
-6.2524576	-11.842918	-0.9696517	58.85
-1.353921	-7.326257	2.1320367	58.9
0.80564886	-8.177396	-0.059855044	58.94
-1.3192052	-11.781867	-1.804031	59.0
0.29209262	-9.576807	1.1324574	59.05
1.0414777	-9.783905	1.6986861	59.08
-0.39863458	-8.483853	-0.23702596	59.151
-0.78170687	-8.483853	-0.23702596	59.151
-0.78170687	-8.483853	-0.23702596	59.151
-0.6979098	-10.03769	0.60333884	59.3
-0.21547815	-10.151415	0.5602432	59.323
0.5758055	-9.045294	2.4061728	59.4
1.970428	-8.91481	2.6240451	59.43
2.5007436	-9.7719345	2.3223755	59.492
0.41299978	-10.433931	2.7844565	59.535
-0.5351041	-10.813412	2.469619	59.6
-1.7369933	-9.710882	1.2114661	59.651
-3.145981	-8.208521	-2.0518308	59.69
1.3239936	-9.022549	2.717419	59.75
1.0989386	-10.803835	1.1073183	59.801
-0.23582886	-11.35091	0.9935937	59.859
0.051475335	-7.835025	2.3415294	59.941
0.22385786	-7.759608	2.1440077	59.951
-0.5686229	-7.433996	3.2477345	60.0
-1.4185646	-8.469488	3.2118216	60.05
-1.3467385	-9.277532	3.1842883	60.1
-2.018312	-9.604341	1.4449008	60.15
-2.1416135	-9.604341	1.4449008	60.16
-1.5478514	-12.229582	1.5466543	60.251
-1.1145009	-9.066842	3.7708676	60.281
-0.5363012	-7.9583263	-0.08020575	60.35
-1.6328455	-10.2735195	-0.61291564	60.4
-1.3634979	-9.510966	0.8283938	60.45
-0.36631286	-9.28232	0.5734113	60.5
0.14844051	-9.239224	0.8295909	60.55
0.14844051	-9.593566	0.7170634	60.6
-0.3172317	-9.326612	1.3443443	60.637
0.10055647	-10.692505	1.3395559	60.684
-0.6572084	-9.557653	2.6396074	60.75
-0.37349546	-9.2907	3.1280246	60.802
0.35314476	-9.451111	2.3092074	60.841
0.089782566	-8.955511	1.9045875	60.89
-0.34715924	-9.279925	2.079364	60.95
0.075417355	-8.99741	2.1033063	60.997
-0.6703765	-11.212047	2.0219033	61.041
-1.5526398	-11.079168	-0.7015011	61.1
-2.195483	-9.80665	-1.174356	61.14
-0.021547815	-9.097966	2.6192567	61.215
-1.2629414	-12.042834	-2.148796	61.25
-1.8495208	-10.123882	2.1823149	61.3
-1.532289	-8.173804	1.2545617	61.35
-0.7769185	-8.957906	1.5705963	61.395
-1.4772224	-9.00579	1.79206	61.441
-1.3120226	-9.821015	0.4405331	61.5
-1.9620483	-9.817424	0.17956513	61.54
-1.0881647	-9.56723	0.94092125	61.6
-0.24061728	-9.048885	0.93373865	61.651
-0.36391866	-9.721656	-0.24540567	61.68
-0.5686229	-9.925163	1.2258313	61.755
