0.0	0.0	0.0	0.0
0.0	0.0	0.0	0.0
0.0	0.0	0.0	0.0
-0.8511387	-9.661801	-0.44891283	0.149
-0.8379706	-9.616311	-0.40701428	0.19
-0.8678981	-9.709685	-0.46208093	0.24
-0.93134445	-9.672575	-0.5351041	0.289
-1.0067618	-9.604341	-0.48123455	0.359
-0.9684546	-9.579201	-0.46567222	0.411
-0.92655605	-9.610326	-0.37229836	0.435
-1.0007763	-9.703699	-0.48362875	0.499
-0.94930094	-9.599552	-0.51954174	0.539
-0.8643068	-9.655815	-0.47046062	0.589
-0.9516952	-9.646238	-0.4285621	0.659
-0.9900024	-9.672575	-0.37110126	0.705
-0.9959879	-9.659407	-0.47405192	0.749
-0.9959879	-9.647436	-0.36391866	0.799
-0.9792285	-9.645041	-0.39145198	0.839
-1.0127473	-9.593566	-0.3184288	0.899
-0.93732995	-9.768343	-0.47046062	0.939
-0.93732995	-9.781511	-0.4441244	1.03
-1.459266	-9.576807	-0.46447513	1.061
-1.9644425	-9.01417	-0.6368576	1.099
-1.9596541	-9.416395	-0.40462008	1.149
0.90021986	-10.487801	1.3874398	1.199
0.997185	-10.078392	1.1468226	1.249
-1.697489	-9.615114	1.2557588	1.299
-1.021127	-9.616311	0.5590461	1.329
-0.7721301	-9.753978	0.8655039	1.41
-1.3012487	-10.2735195	0.6667852	1.449
-1.3575124	-9.628283	0.9516952	1.499
-0.439336	-7.9547353	0.110133275	1.549
-1.352724	-11.018116	-2.8574798	1.593
-5.9029045	-7.2831616	-3.9947255	1.635
-2.980781	-11.449073	-0.6835446	1.699
-0.25617957	-9.82341	-1.2246342	1.75
0.30885202	-8.317456	-0.12449849	1.791
0.37469256	-10.168175	-1.1456255	1.849
-0.5770026	-9.844957	-0.58657944	1.908
-0.46208093	-9.4295635	-0.16160862	1.939
-0.46208093	-9.4295635	-0.16160862	1.939
-0.664391	-9.380483	-0.1364695	2.033
1.1683705	-9.163807	0.051475335	2.102
0.688333	-9.380483	-1.0402806	2.15
-0.6344634	-9.391256	-0.45489833	2.194
-0.36990416	-10.620679	-0.7374141	2.239
-0.07182605	-12.629414	-0.48362875	2.289
-0.62608373	-13.571532	-2.6982653	2.339
-3.1292217	-8.201338	-1.4736311	2.4
-1.234211	-8.480263	-2.3056161	2.439
-4.1479545	-10.235212	-1.234211	2.489
-2.8574798	-8.933964	1.0702082	2.539
-1.9788077	-8.277952	-1.091756	2.58
-3.4225113	-8.172607	-0.6368576	2.641
2.280477	-8.558074	-0.22984336	2.699
-0.8367735	-10.15381	0.39504328	2.749
-1.9249382	-9.604341	-3.0442274	2.799
-1.1659763	-6.8079123	4.7500963	2.849
1.0259154	-7.5704656	1.2605472	2.889
0.033518825	-7.880515	3.2022448	2.939
0.033518825	-7.880515	3.2022448	2.939
-9.671378	-19.353529	-2.2613235	3.051
-0.21667525	-7.7608047	-3.787627	3.099
-5.7065797	-8.60117	-2.232593	3.149
-2.111686	-8.295909	-1.757344	3.199
-2.1906946	-6.8222775	0.10295067	3.249
-0.6871359	-7.4244194	-0.37948096	3.3
0.78170687	-8.514978	0.24540567	3.349
-0.18555063	-8.051701	1.3251907	3.399
-0.6835446	-9.220071	1.1492168	3.434
-0.30047232	-9.279925	1.3682863	3.501
1.4496891	-9.720459	3.6020765	3.549
-3.0430303	-11.378444	-3.4045548	3.599
-3.714604	-10.55005	-4.8003745	3.639
-0.29448682	-13.686454	3.7936125	3.699
2.27928	-8.765172	-0.34715924	3.749
-0.6823475	-7.406463	1.4065934	3.799
-0.60094464	-7.7584105	0.6895301	3.859
-0.9636662	-7.8865004	2.0362685	3.889
-0.010773907	-9.222465	0.6500258	3.949
-0.010773907	-9.222465	0.6500258	3.949
0.19991584	-9.969456	4.7070007	4.049
4.321534	-13.827712	-0.37828386	4.099
-7.9954367	-13.541605	-11.461043	4.149
4.914099	-5.543774	2.8048072	4.2
-2.9747956	-11.480197	1.3323733	4.249
-1.8339585	-9.555259	-0.48362875	4.299
-0.5542577	-6.4020953	0.25258827	4.345
0.7565677	-9.782708	-0.23702596	4.395
-1.1025299	-6.4344172	0.36511576	4.449
1.6340426	-8.993818	1.8854338	4.499
1.4903905	-7.088034	1.8112136	4.549
-0.50757074	-7.799112	2.2888567	4.589
-4.4639893	-7.5704656	-3.3494883	4.639
-0.34955344	-16.298529	-2.873042	4.716
2.3355439	-19.6133	-2.3451207	4.74
3.7816415	-9.61272	-0.30406362	4.799
6.5708866	-4.5561657	-1.5035586	4.856
0.36272156	-10.21127	-0.011971008	4.899
-3.6044707	-10.5440645	-2.480393	4.949
-3.6044707	-10.5440645	0.1592144	5.001
-1.1013328	-5.2049947	1.2689269	5.037
-2.4349031	-8.027759	-0.7565677	5.1
4.158728	-11.7064495	3.0885203	5.149
-2.6276364	-12.306197	-0.45010993	5.212
-6.803124	-3.7062242	-2.088941	5.249
-1.0115502	-9.2787285	0.18555063	5.299
-2.3092074	-10.092757	1.3718776	5.33
-0.9636662	-7.94037	0.16280572	5.399
-1.6555905	-8.945934	0.23343466	5.441
0.90979666	-8.300697	-0.15322891	5.499
1.4999673	-8.221688	1.8291701	5.549
0.5422867	-9.205706	0.21308395	5.599
-0.4381389	-9.876082	-0.031124622	5.639
3.345897	-8.51857	2.790442	5.699
-0.1328782	-7.7105265	2.6084828	5.739
-5.140351	-18.191145	-11.887212	5.824
-12.166136	-15.295358	-8.671799	5.838
10.236409	-9.433155	3.3399115	5.899
-1.2785037	-5.8358665	0.30166942	5.949
-1.2785037	-7.4447703	1.436521	6.002
-1.9369092	-9.8042555	-0.8403648	6.049
-0.5434838	-8.058883	2.3127987	6.099
0.5231331	-9.038112	1.7417817	6.149
0.18315643	-7.8996687	2.7497406	6.2
1.1611878	-13.269863	3.6236243	6.249
-1.1971009	-16.80969	-4.52145	6.299
-11.911154	-6.695385	-1.033098	6.35
-0.58897364	-8.492233	-1.2126632	6.399
-2.0470424	-8.237251	1.0402806	6.449
-1.2030864	-8.602366	-1.1671734	6.499
-0.88944596	-6.537368	-0.2621651	6.549
1.4903905	-10.006566	0.5434838	6.599
0.7338228	-8.868123	0.6512229	6.664
-1.103727	-10.589554	0.5506664	6.709
-0.029927522	-9.89763	1.0510546	6.749
1.389834	-10.593145	1.1899183	6.799
-2.0578163	-14.083892	1.4053963	6.849
-0.78050977	-9.749189	-3.1160536	6.9
-2.2242134	-10.517728	-2.8526914	6.929
-0.51235914	-12.458228	0.34835634	6.972
0.91338795	-7.101202	1.2892777	7.049
-1.3491327	-8.546103	0.6703765	7.099
-0.05626374	-9.527725	-0.11851298	7.149
-0.11133038	-8.858546	0.20470424	7.189
0.33039984	-7.835025	1.863886	7.25
-0.63087213	-7.6829934	2.492364	7.289
-0.36152446	-10.680533	2.2816741	7.349
1.4760253	-10.680533	5.901707	7.399
1.6352397	-15.606604	-0.35194764	7.449
-9.903615	-16.069881	-12.814964	7.492
2.7449522	-3.8295257	10.812215	7.549
-2.4253263	-7.7967176	1.3144168	7.599
-2.360683	-9.672575	-2.6563668	7.639
1.7034745	-8.35337	2.2062569	7.699
1.3347675	-9.838972	0.34955344	7.74
0.45848963	-8.676587	0.35913026	7.799
0.20111294	-8.641871	1.3239936	7.849
1.7393875	-9.627085	0.6560113	7.899
0.93732995	-8.335413	2.9029696	7.96
-1.7381904	-9.033323	4.796783	7.973
-2.456451	-11.8094	-5.2756233	8.049
1.5191209	-15.334862	1.1216835	8.1
0.35194764	-8.507795	1.0570401	8.16
1.8004397	-6.47033	2.9628246	8.199
1.079785	-9.599552	-2.7341783	8.261
-3.393781	-9.379285	0.17357962	8.299
-2.5629928	-8.11395	0.52073884	8.349
-0.5770026	-8.058883	1.5167267	8.399
0.51355624	-9.706094	1.1683705	8.439
1.4209588	-9.011775	2.4588451	8.499
2.791639	-10.795456	3.0095115	8.554
1.4053963	-10.636241	1.5514427	8.592
-12.253524	-13.6732855	-6.882133	8.649
0.36032736	-7.465121	-1.2569559	8.699
-2.3870192	-8.932767	1.0498575	8.749
-5.1678843	-8.14268	-1.234211	8.799
0.45010993	-7.615956	0.62967503	8.849
-0.29688102	-9.591172	-0.01316811	8.9
-1.4616601	-9.185355	0.039504327	8.949
-1.1480197	-8.947132	0.30885202	8.969
-0.58418524	-9.883265	-0.02873042	9.05
-0.38307226	-9.187749	1.7788919	9.101
1.6807296	-10.01734	0.8571242	9.149
-1.9321208	-10.151415	0.6811504	9.199
-5.0613422	-10.406398	-0.92775315	9.254
-1.2162545	-9.294291	-4.380192	9.299
-0.6943185	-16.04594	0.15203181	9.341
3.3566709	-8.081628	-0.4189853	9.399
-2.4827871	-6.203377	1.7872716	9.489
-1.7429788	-9.516952	1.7872716	9.489
-0.45848963	-8.607155	-0.5351041	9.549
-1.7884687	-8.263587	0.79846627	9.599
-3.0969	-8.055291	1.0941502	9.652
-4.060566	-8.858546	0.8690952	9.699
0.011971008	-8.689755	2.067393	9.749
2.565387	-14.332889	-3.6008794	9.824
-2.693477	-14.332889	-3.6008794	9.83
-2.493561	-5.0014873	-2.1535845	9.889
-2.3582888	-12.434286	-3.3147724	9.949
-2.586935	-10.981006	-2.8670566	9.969
0.21068975	-10.658986	-2.3870192	10.05
-0.49799395	-10.712855	-2.2649148	10.089
0.142455	-8.998607	0.2837129	10.151
2.1751323	-9.817424	-0.23223756	10.189
0.9648633	-8.763975	1.1587936	10.239
-0.19512744	-8.6334915	1.99437	10.299
1.2270284	-9.472659	1.1480197	10.35
0.6584055	-9.911995	1.091756	10.389
-3.6176388	-11.110293	-1.3359646	10.449
-1.6915035	-6.728904	-1.7010803	10.499
4.349067	-12.769475	-1.0546459	10.549
2.0147207	-10.861296	3.9384618	10.599
-2.0973208	-8.931569	-0.11372458	10.649
-0.05626374	-8.662222	-0.6560113	10.699
-0.7338228	-7.2460513	3.1866825	10.739
-1.6352397	-8.201338	1.567005	10.799
-0.029927522	-7.3106947	2.2744915	10.849
-0.40462008	-9.44752	1.9009962	10.889
-0.12090719	-11.071986	2.6527755	10.94
-0.12808979	-11.3138	3.4272997	10.969
-9.058462	-16.073473	-6.2632318	11.052
-4.404134	-11.073183	-6.8103065	11.076
-1.8064252	-7.3549876	-2.4349031	11.149
-1.99437	-10.19092	-3.9372647	11.213
-1.292869	-7.6291237	0.760159	11.259
0.8571242	-8.441956	-0.7410054	11.289
-1.8962077	-9.745598	-1.6101006	11.349
2.2278047	-9.721656	-0.8678981	11.399
0.90740246	-8.755595	0.36272156	11.452
0.2741361	-9.216479	1.1001357	11.506
0.094570965	-9.205706	0.037110128	11.549
-1.1599907	-9.3421755	2.1535845	11.599
0.5674258	-10.0269165	2.7006595	11.649
3.083732	-10.064027	3.5685577	11.699
0.40701428	-10.54167	-6.9132576	11.749
-2.3139958	-11.5951185	-5.249287	11.789
2.207454	-11.307815	-0.095768064	11.85
3.122039	-6.7265096	-0.28491	11.899
-1.0127473	-7.595605	-0.05267244	11.949
-1.9440918	-7.690176	-0.14963761	11.969
-0.16400282	-8.483853	0.80205756	12.051
0.027533319	-8.367735	1.3443443	12.099
-0.022744916	-8.717288	2.0769699	12.149
-0.07062895	-9.589975	2.1739352	12.199
-0.36990416	-9.228451	1.4784195	12.24
1.899799	-10.515334	4.7896004	12.304
-0.17956513	-19.6133	-4.4424415	12.349
-9.55885	-4.406528	5.828684	12.41
-1.186327	-8.8645315	2.621651	12.475
-3.489549	-7.920019	0.7410054	12.499
-1.9309237	-8.237251	-2.2110453	12.539
0.770933	-9.040505	-0.5662287	12.615
0.80086046	-9.703699	0.60693014	12.649
0.38067806	-7.905654	1.3132197	12.689
-1.1264719	-10.0748005	-0.61411273	12.749
0.8415619	-8.977059	1.8567034	12.795
1.6663644	-9.601946	2.5845408	12.849
0.25857377	-11.920731	2.7856536	12.889
-6.600814	-11.445481	-5.6658783	12.949
-7.3322425	-11.192893	-1.0259154	12.979
8.771158	-11.859678	-1.2737153	13.034
-0.9504981	-7.117962	1.2641385	13.099
-2.1535845	-8.226477	0.33638534	13.149
-0.48482585	-8.384495	0.30526072	13.199
0.25258827	-8.256405	1.3814543	13.249
-0.78769237	-8.644265	1.2174516	13.299
-1.400608	-8.781932	2.078167	13.349
-0.44532153	-9.589975	2.5318682	13.39
-0.2813187	-10.45907	4.4663835	13.449
2.9819782	-10.253169	1.42455	13.499
-12.667721	-11.7268	-14.487314	13.549
6.041768	-5.42167	11.271901	13.599
-2.1057005	-7.9068513	2.291251	13.649
-1.4975731	-9.361329	-3.867833	13.699
-0.36152446	-6.9240313	0.80684596	13.749
-0.50517654	-9.860519	-1.3072342	13.799
0.37708676	-9.763555	-0.5542577	13.846
-0.2789245	-8.859743	0.19273324	13.889
0.81881696	-8.942344	2.2613235	13.949
1.6543933	-8.881291	2.018312	13.978
1.8818425	-9.896433	3.6248214	14.05
-1.9033904	-13.77504	-7.892486	14.091
-4.7620673	-10.503363	-0.2765303	14.143
3.6032736	-9.676167	-1.1719618	14.199
4.534618	-8.00621	0.36152446	14.239
-0.5255273	-8.346188	-0.19752164	14.289
-2.9017725	-8.53892	0.015562311	14.34
0.8535329	-8.328231	1.1240777	14.399
0.6799533	-8.12233	2.3810337	14.449
-1.4161704	-10.178948	1.4580688	14.51
0.40102878	-8.318654	4.1132383	14.549
1.6496049	-10.3932295	3.2106245	14.599
-2.0039468	-17.262194	-3.9935284	14.649
-6.4667387	-8.656237	-3.5434184	14.699
-0.91817635	-7.964312	-1.0103531	14.749
-2.4301147	-8.1343	0.7661445	14.81
-0.6655881	-8.578424	-0.78529817	14.839
0.51116204	-8.109161	-0.18794483	14.889
-0.16400282	-9.44752	0.6655881	14.949
-0.7757214	-9.301474	0.4333505	14.979
-0.7685388	-10.849325	-0.16160862	15.043
0.8451532	-8.943541	0.9804256	15.099
2.622848	-10.377667	2.554613	15.149
1.3323733	-14.377181	0.8726865	15.207
-6.1938	-9.259575	-6.0561333	15.25
-1.0043676	-10.266336	-3.5314474	15.289
0.24420857	-9.838972	-1.3694834	15.349
-1.401805	-10.727221	-3.4021606	15.398
0.20590134	-8.506598	0.7577648	15.45
-1.6962919	-8.455123	0.2705448	15.499
-0.19273324	-7.7488337	0.9876082	15.55
2.148796	-8.603564	0.7062895	15.599
0.44532153	-8.990228	-0.6560113	15.649
-0.11252748	-6.8749504	-0.5410896	15.699
-4.128801	-5.471948	1.2641385	15.74
-0.93613285	-19.6133	-6.6666546	15.779
0.45489833	-6.1902084	0.80325466	15.849
0.0011971008	-12.404359	-2.6755204	15.899
-2.2505496	-9.627085	-1.8100165	15.949
-2.9460652	-9.00579	-0.3842694	16.029
0.7302315	-8.995016	-0.32920274	16.046
3.690662	-9.112331	-0.62608373	16.099
-0.11372458	-9.252393	-1.2952632	16.139
0.7565677	-9.925163	-0.18195933	16.196
2.110489	-8.907627	-0.20350714	16.249
0.33758244	-7.819463	-0.5386954	16.312
-1.3790601	-8.573636	-1.6172832	16.361
-0.78529817	-8.517372	-1.5813702	16.399
-0.93852705	-9.056067	-1.2904748	16.449
-4.909311	-10.66976	-6.2225304	16.489
3.2501287	-9.690532	2.814384	16.549
-1.6567876	-15.796943	-7.735666	16.599
4.301183	-7.4711065	4.570531	16.649
0.06943185	-11.942278	-6.5206084	16.699
-1.5478514	-8.4347725	-1.0462662	16.78
-3.3195608	-8.204929	-1.1336545	16.795
-2.134431	-8.030152	-0.89184016	16.849
-1.0893618	-8.249222	1.0319009	16.911
-1.6112977	-11.771092	2.7964275	16.969
3.858256	-10.642226	3.3997664	16.987
3.858256	-10.642226	3.3997664	16.987
-4.3263226	-6.0980315	-2.9017725	17.096
-3.205836	-9.635465	-1.4532804	17.15
-5.4779334	-8.303091	-1.1935096	17.189
-1.8662802	-7.4124484	-0.6368576	17.249
-0.6967127	-8.221688	-1.6304513	17.299
-0.9840169	-9.14226	-1.553837	17.351
-0.6667852	-8.865729	-0.7302315	17.399
-1.3862427	-11.019313	0.21428105	17.449
0.07182605	-9.647436	0.94570965	17.499
0.14724341	-15.040375	-0.82480246	17.57
-1.0043676	-11.991359	-7.043741	17.599
-3.7792473	-9.842564	-0.25139117	17.649
1.2126632	-12.753913	-2.5701754	17.699
-0.5494693	-8.228871	0.1328782	17.749
-0.30645782	-7.669825	-1.3874398	17.799
-1.5370775	-7.1167645	0.30885202	17.85
0.30166942	-7.40766	0.82719666	17.899
1.2545617	-7.302315	1.271321	17.959
0.47285482	-9.894038	-0.023942016	17.989
-1.1815386	-11.611878	3.2190042	18.049
2.8215668	-13.312959	2.7389667	18.099
-6.1638722	-14.7315235	-6.0800753	18.149
-1.9752164	-9.090784	-3.3842041	18.189
-4.7381253	-5.519832	-0.075417355	18.249
-5.5856724	-6.227319	1.5598224	18.296
-1.8746599	-7.5405383	-1.7908629	18.349
0.4429273	-8.431181	0.19033903	18.399
1.0702082	-9.842564	0.21308395	18.449
0.49200845	-9.212888	0.581791	18.48
-0.12449849	-9.600749	0.2885013	18.549
2.5701754	-9.497798	2.8766334	18.599
3.1232362	-9.809045	2.8634653	18.637
-2.8275523	-13.657723	-6.7708025	18.7
-2.5953147	-7.351396	-1.3383588	18.749
2.2864625	-13.253103	-1.2282255	18.811
-0.5770026	-8.259995	0.8714894	18.869
-0.32920274	-7.8996687	0.5327099	18.889
-0.22744916	-7.9607205	0.18315643	18.949
-0.6811504	-7.9930425	0.7553706	18.989
-0.6811504	-7.9930425	0.7553706	18.989
0.2777274	-7.965509	1.4173675	19.102
-0.5351041	-10.131064	2.9400797	19.149
-1.472434	-8.931569	2.030283	19.199
7.917625	-10.120291	3.3626564	19.239
-10.986992	-14.842854	-6.327875	19.299
-2.018312	-7.007828	3.072958	19.349
-3.681085	-7.9511437	-0.6943185	19.429
-1.5933412	-8.549694	-0.8487445	19.47
-2.4911668	-6.381745	0.51235914	19.493
2.5605986	-9.976639	0.92057055	19.549
0.7206547	-9.100361	0.90740246	19.589
-0.62967503	-9.915586	0.9588778	19.649
0.6751649	-9.19972	1.2126632	19.699
2.3762453	-11.009736	1.2844892	19.739
-0.61650693	-10.295067	0.6607997	19.799
0.9516952	-9.11712	-6.5026517	19.87
-2.6132712	-10.629059	-5.043386	19.893
3.9959226	-12.378023	1.3036429	19.939
2.5246856	-7.771579	3.0430303	20.0
-0.45848963	-9.898827	-1.9129672	20.042
-2.0721815	-8.219295	0.6440403	20.089
0.50757074	-8.201338	-0.108936176	20.149
0.5279215	-7.8853035	1.9632454	20.189
0.5506664	-9.870096	3.38181	20.249
0.031124622	-10.080787	1.9752164	20.299
1.6256629	-15.155296	-2.8670566	20.35
-5.5030727	-9.91439	-4.8147397	20.399
1.0366893	-6.835446	-1.8590976	20.439
-5.3498435	-8.196549	0.18914193	20.52
-4.51307	-8.4108305	-1.3156139	20.551
0.37708676	-7.017405	0.31483752	20.599
0.5434838	-9.775525	0.11851298	20.649
0.017956512	-8.992621	0.58657944	20.699
-0.8475474	-8.392874	0.46686932	20.749
-2.942474	-9.688137	-0.7493851	20.779
0.19153613	-8.76996	-1.316811	20.85
-5.4168816	-6.2225304	0.06823475	20.9
1.0594343	-14.506468	-1.5454572	20.948
-1.2952632	-17.609354	-7.1059904	20.999
-1.2952632	-17.609354	-7.1059904	20.999
-0.009576807	-8.420407	1.2174516	21.099
-0.29448682	-7.383718	-0.3184288	21.139
-0.8762778	-7.455544	2.1547816	21.189
-1.5873557	-8.347384	1.9069817	21.239
-1.1671734	-7.339425	1.0127473	21.299
-3.323152	-10.699687	1.8124107	21.38
-0.60932434	-11.8094	1.5251064	21.4
-4.1216183	-17.209522	-3.833117	21.449
-7.6351094	-6.4044895	-2.801216	21.499
0.33279404	-7.120356	-3.2597055	21.55
-4.8147397	-11.15698	-3.8055837	21.599
-0.02633622	-8.669404	-3.8379054	21.649
2.5677812	-10.7356	-2.8191724	21.699
-1.567005	-9.016563	-1.4903905	21.749
4.417302	-9.788693	0.47046062	21.799
4.110844	-8.844181	1.8950106	21.841
3.6128504	-9.333796	1.6747441	21.889
-0.60453594	-8.603564	3.333926	21.949
-2.409764	-9.489418	1.7908629	21.998
-2.409764	-9.489418	1.7908629	21.998
-5.979519	-13.092692	1.0163386	22.11
-0.62129533	-8.054094	-4.9907136	22.149
3.940856	-10.437522	-2.5342624	22.189
-1.1133038	-10.006566	-2.4313118	22.249
-0.6332663	-7.394492	2.9221232	22.299
-0.36870706	-6.197391	2.445677	22.349
0.46926352	-7.538144	2.8874073	22.395
1.3503298	-9.331401	3.359065	22.44
1.0630256	-8.529344	3.9683893	22.499
1.3634979	-9.783905	5.947197	22.549
-14.688427	-19.6133	-8.207323	22.599
-9.0476885	-7.8266454	-10.368091	22.649
0.20231004	-6.1758432	1.5586253	22.689
-3.608062	-10.366894	-1.4927847	22.749
-2.4133554	-6.172252	-0.9792285	22.804
-0.32441434	-9.069236	-1.0247183	22.85
1.5801731	-8.626308	0.8535329	22.898
1.0857705	-7.6482773	2.2349873	22.949
-1.1707647	-8.804677	1.258153	22.995
-1.1707647	-8.804677	1.258153	22.995
-1.1707647	-8.804677	1.258153	22.995
5.3857565	-10.59554	3.5529952	23.145
-1.9596541	-8.498219	-4.6244006	23.2
-3.2728736	-16.175226	-5.7975593	23.249
1.8555063	-12.002133	-0.23942018	23.3
3.537433	-4.1718965	2.134431	23.34
-2.066196	-7.1047935	1.6543933	23.399
-0.22984336	-8.283937	1.8255788	23.449
-0.06584055	-7.656657	1.5286977	23.499
-0.49200845	-8.577228	1.4760253	23.55
-0.94810385	-9.249998	2.1152773	23.599
0.23942018	-8.414422	3.5529952	23.642
0.6548142	-12.630611	4.7141833	23.699
-5.8023477	-19.120094	-4.534618	23.749
-3.6511576	-8.049306	-3.809175	23.799
-0.5291186	-7.2185183	-3.2668881	23.839
-4.4280763	-8.688558	0.415394	23.92
-0.6967127	-8.659827	-0.50876784	23.95
-0.272939	-7.0006456	-0.24420857	23.999
-0.272939	-7.0006456	-0.24420857	23.999
0.9600749	-8.875306	0.79248077	24.099
-0.7015011	-10.223241	0.5746084	24.149
0.1436521	-10.723629	1.3958195	24.199
1.6292542	-10.164583	2.6755204	24.249
1.2749124	-11.7543335	4.0880995	24.3
-0.78050977	-8.710106	-3.8175547	24.34
-3.879804	-15.738285	-3.5529952	24.399
2.870648	-9.190144	0.6548142	24.449
5.66947	-6.823475	0.61291564	24.501
-0.22864626	-8.616732	-0.58538234	24.54
-0.5566519	-7.2364745	1.7597382	24.599
-0.08619126	-7.6231384	0.7110779	24.649
-0.059855044	-7.3430166	1.7776948	24.689
-0.6488287	-9.046491	1.4676456	24.739
-0.70509243	-9.336189	2.3690627	24.806
2.327164	-13.232753	-0.19991584	24.86
-7.835025	-19.6133	-10.092757	24.899
-0.5758055	-4.471172	8.702923	24.949
-3.3794158	-7.3310456	2.3319526	24.999
-3.3794158	-7.6770077	3.2213984	25.062
-2.6635494	-8.015787	0.1604115	25.139
-0.059855044	-8.015787	0.1604115	25.139
1.5095441	-9.475053	0.1376666	25.199
0.51834464	-8.6334915	0.4429273	25.239
-2.919729	-9.222465	0.088585466	25.299
1.8866309	-9.900024	1.1085154	25.349
5.1343656	-10.073604	2.1045034	25.399
-3.1519666	-8.365341	2.5809495	25.45
-4.6519337	-10.631453	-4.5286326	25.499
-3.2609026	-19.529503	-1.3251907	25.539
2.2541409	-8.649054	-2.195483	25.599
-0.21068975	-8.268375	-1.1049241	25.649
-0.61530983	-8.019379	1.0654198	25.699
1.5191209	-8.34499	0.06703765	25.749
0.093373865	-8.637083	0.47884035	25.799
0.6619968	-8.079233	0.37708676	25.849
-0.6679823	-7.8613615	1.0666169	25.899
3.4620156	-6.757634	0.4309563	25.949
-1.6915035	-4.201824	-0.50278234	25.999
-1.6915035	-4.201824	-0.50278234	25.999
5.946	-4.7860093	8.793902	26.089
0.60573304	-14.648923	-1.2605472	26.149
0.6440403	-9.109938	-3.0789435	26.207
-5.816713	-9.2547865	-4.3754034	26.254
-1.5897499	-8.995016	-2.7988217	26.299
0.46208093	-8.067263	-1.6723499	26.349
-1.3335704	-9.24521	-1.067814	26.393
0.3184288	-10.19092	-2.3020248	26.449
1.5777789	-10.472239	-1.3000516	26.489
0.830788	-9.55047	-2.753332	26.539
3.4033577	-9.102755	-4.638766	26.599
-3.1950622	-7.1047935	-3.6415808	26.649
-6.447585	-11.391612	1.127669	26.694
3.2932243	-12.178107	2.5007436	26.749
1.9141643	-9.913192	0.641646	26.799
-0.36152446	-10.375273	-2.2134395	26.849
-0.16639702	-7.94037	-2.0015526	26.899
-2.2756886	-6.941988	-2.2098482	26.952
-2.621651	-7.6949644	-0.14844051	27.022
-1.2521675	-7.6243353	0.5722142	27.03
0.8379706	-11.998542	0.7098808	27.099
-0.073023155	-12.197261	1.5885528	27.149
3.6487634	-11.271901	3.2836475	27.199
-5.9878983	-17.179594	-5.225345	27.249
-5.3019595	-8.615535	-2.60968	27.299
-4.6782703	-10.235212	-2.3307555	27.349
-6.506243	-8.062474	-0.79367787	27.4
-0.6572084	-8.214506	-1.0067618	27.439
-1.340753	-5.9483943	-0.81283146	27.489
-0.7661445	-7.3765354	-0.81043726	27.552
-0.47405192	-8.240842	-1.3359646	27.599
-1.3024458	-9.458294	-0.6332663	27.649
-0.9828198	-11.246762	-0.62129533	27.689
0.1328782	-10.839748	1.7262194	27.749
1.5454572	-11.512519	0.6919243	27.799
3.3614593	-15.2331085	-3.514688	27.839
-5.459977	-9.860519	-2.5127146	27.889
1.7477672	-12.2319765	-3.2908301	27.954
-0.8559271	-8.180987	0.30645782	27.989
-1.5562311	-7.8493905	-2.1045034	28.039
-0.78529817	-6.408081	-0.33997664	28.099
-1.0726024	-7.9343843	0.2753332	28.149
-0.4429273	-9.151836	0.93254155	28.212
-0.62129533	-10.600328	0.9528923	28.25
0.40940848	-10.583569	4.7668557	28.299
0.9983821	-15.282189	-6.2261214	28.349
-11.171345	-11.828553	-4.369418	28.399
2.066196	-9.25359	-2.0123265	28.449
-5.4144874	-8.828619	-0.8858546	28.53
-0.7541735	-7.4854717	-0.31603462	28.56
-0.79248077	-7.0940194	-0.33518824	28.591
-0.32561144	-8.12592	-0.20350714	28.639
2.3511062	-8.2169	0.8882488	28.699
1.3000516	-8.588001	1.1324574	28.739
-1.3599066	-9.131485	-1.1097125	28.799
0.4141969	-10.431537	2.4863784	28.849
2.717419	-9.387665	3.072958	28.899
-0.7026982	-12.137405	-2.9233203	28.95
0.8762778	-13.1238165	-4.7070007	28.999
1.3120226	-16.609774	1.8974048	29.032
-0.29328972	-7.9463553	0.36990416	29.099
0.88944596	-8.0445175	1.7274165	29.14
0.2717419	-7.4495587	-2.385822	29.195
-1.3742718	-7.41604	0.3184288	29.249
-2.0602105	-7.419631	0.2693477	29.289
-0.82121116	-9.65821	-0.050278235	29.346
-1.7872716	-8.857349	4.3478703	29.389
3.6056678	-10.967838	4.039018	29.449
2.4253263	-19.6133	-5.403713	29.509
-6.851008	-5.4911017	-5.499481	29.549
1.2042835	-9.710882	-2.825158	29.599
-3.4440591	-12.233173	-0.059855044	29.649
0.7182605	-8.652645	-0.5422867	29.699
-2.5270798	-7.285556	-0.18435353	29.749
-1.0929531	-8.224083	-1.4867992	29.789
-1.2413936	-7.1023993	-0.5722142	29.849
-0.8858546	-9.442732	-1.1145009	29.899
-3.0119057	-11.097125	0.06344634	29.949
-1.2785037	-10.85531	0.9947908	29.989
0.6631939	-7.0820484	2.822764	30.04
7.323863	-12.880805	-10.012551	30.101
-4.8255134	-13.096283	-0.59256494	30.149
0.07062895	-12.483368	-2.5486276	30.199
1.1360487	-8.973468	0.90620536	30.249
0.5530606	-8.091205	-2.3702598	30.299
-2.789245	-7.2029557	1.508347	30.349
-1.3922282	-6.503849	0.08738836	30.409
-1.3156139	-6.432023	1.2282255	30.45
0.89303726	-8.588001	0.62249243	30.499
-0.5638345	-8.161834	2.5701754	30.559
1.9967642	-10.521319	2.8095956	30.599
1.3850456	-19.6133	-2.5139117	30.659
-11.479	-6.8402343	-4.248511	30.699
-1.70946	-4.0186677	0.34476504	30.749
-3.9468415	-12.275072	-0.7015011	30.809
-1.5921441	-9.886856	-3.6128504	30.849
0.9576807	-8.535329	-0.79607207	30.899
-1.6699557	-9.44752	-0.49919105	30.989
0.48722005	-9.010578	-0.14963761	30.999
0.36391866	-8.742428	0.81163436	31.036
-1.2605472	-7.917625	1.7082629	31.1
-0.9828198	-8.166622	-2.0135236	31.159
-3.7600937	-8.747216	-3.726575	31.199
3.333926	-11.43351	-1.5765818	31.229
-5.1080294	-14.792575	0.053869538	31.299
-0.2717419	-10.599131	3.5230677	31.346
0.45250413	-8.845378	0.38307226	31.399
-2.6874914	-6.266823	1.9405005	31.449
-1.9991584	-8.075643	1.30484	31.499
-1.1528081	-6.9000893	2.553416	31.53
0.35553896	-7.4974427	2.4768016	31.595
-2.8814218	-9.928755	2.457648	31.649
-1.0055647	-13.131	3.5482068	31.699
-4.3718123	-10.764331	0.81283146	31.739
-4.259285	-13.335704	-4.06296	31.799
-0.80325466	-7.4974427	-1.7956513	31.849
-4.07134	-9.246407	-1.6711528	31.899
-3.6870706	-9.242816	-1.4532804	31.95
-0.08738836	-8.713697	-0.724246	32.02
1.5957354	-9.396045	-0.32680854	32.033
1.5957354	-9.396045	-0.32680854	32.033
1.1647792	-8.542512	1.9009962	32.144
-0.19752164	-9.7719345	1.6448165	32.189
0.91338795	-9.463082	1.1492168	32.249
2.8491	-10.323798	1.0271125	32.299
-2.220622	-13.034034	2.3199813	32.344
-4.891354	-10.782288	-2.4959552	32.399
-1.5849615	-12.11107	-1.1528081	32.45
0.5446809	-9.67856	0.81402856	32.51
-3.5230677	-9.147048	-0.40462008	32.539
0.037110128	-6.5445504	1.365892	32.599
0.009576807	-5.5341973	0.90979666	32.649
-1.3575124	-8.128315	1.9297266	32.7
-0.6931214	-9.062054	2.006341	32.763
-0.5542577	-9.563639	4.27365	32.809
2.505532	-12.107478	4.2940006	32.849
-2.5258827	-15.260642	2.8048072	32.899
-9.03452	-11.311406	-4.8985367	32.949
1.5227122	-4.9775453	0.9959879	32.999
-2.1164744	-8.003817	-0.5590461	33.046
-2.1164744	-9.111135	-1.7860745	33.138
-2.1416135	-8.702923	-1.7860745	33.138
0.90979666	-9.198523	0.2633622	33.199
-0.3196259	-9.394848	0.7098808	33.249
1.2449849	-8.414422	1.7525556	33.299
-0.6488287	-8.287529	0.8607155	33.339
-1.887828	-8.979453	0.3854665	33.399
0.92296475	-10.461464	1.5167267	33.449
1.1552023	-11.062409	-6.078878	33.551
-2.6264393	-11.062409	-6.078878	33.551
-6.896498	-15.3767605	-6.8522053	33.599
4.689044	-12.741941	-0.49559975	33.639
5.8442464	-7.4363904	1.0965444	33.704
-1.0965444	-9.066842	2.4361002	33.739
2.2852654	-7.606379	0.19632454	33.779
-2.1775265	-6.980295	0.92176765	33.869
-1.9405005	-6.813898	0.20949265	33.899
-1.3323733	-7.9906483	2.6767175	33.949
-1.1049241	-12.173319	3.0178912	34.009
0.2693477	-15.002068	3.7229836	34.029
-4.179079	-18.417397	-5.841852	34.099
-3.4488475	-7.6482773	3.655946	34.132
-0.6500258	-5.389348	-0.021547815	34.179
-5.3474493	-10.200497	-2.4528596	34.249
-0.545878	-7.5549035	0.46567222	34.299
0.23223756	-9.291897	1.0319009	34.349
-0.16759412	-8.499416	0.7553706	34.399
0.8738836	-8.396465	0.8583213	34.449
-0.15562311	-10.389638	0.8559271	34.509
-1.3623008	-8.093599	1.4796166	34.549
-0.46208093	-8.990228	1.3946224	34.577
-2.5761611	-11.443087	5.171476	34.649
-3.9348705	-14.523228	-14.792575	34.699
-1.2904748	-12.915521	6.7384806	34.749
4.7429137	-12.384008	2.8670566	34.794
-2.2481554	-5.1343656	-1.3084313	34.849
-0.35793316	-6.7085533	0.9911995	34.9
-2.6503813	-8.6299	1.4532804	34.949
-1.3180081	-8.586804	1.7561469	35.0
-1.30484	-8.838196	1.9692309	35.029
-0.36990416	-8.979453	1.9201498	35.077
-0.28491	-9.507375	3.4524388	35.149
0.3196259	-12.382812	5.6982	35.199
-5.058948	-16.596605	-2.5354595	35.249
-4.2066126	-7.4363904	-8.1343	35.299
-1.4700398	-6.269217	2.5941176	35.35
-2.0362685	-8.711303	0.037110128	35.399
0.09816227	-9.085996	-0.08738836	35.439
0.20709845	-7.335834	1.2773066	35.499
-0.23822308	-9.512163	1.0055647	35.549
0.0023942017	-8.455123	1.2797008	35.599
-1.6017209	-9.172187	-0.094570965	35.649
-1.2066777	-9.4295635	1.9416976	35.699
2.834735	-9.667787	1.2892777	35.749
-1.2162545	-11.022904	4.9296613	35.799
-1.1923125	-11.668142	-6.591237	35.849
0.17118542	-16.232687	0.260968	35.899
3.750517	-10.402806	0.60932434	35.939
0.33279404	-6.7109475	1.1180922	36.009
-2.8921957	-7.4363904	-0.40222588	36.058
-3.1495724	-7.16824	0.34835634	36.08
-3.1495724	-7.16824	0.34835634	36.08
-0.59735334	-8.948329	0.7757214	36.198
-1.1492168	-7.6494746	5.17387	36.25
0.61650693	-10.198102	3.4943373	36.289
4.631583	-9.866506	3.1387985	36.349
-12.304999	-19.6133	-14.750677	36.399
-3.1842883	-5.509058	0.2765303	36.439
-4.7321396	-4.618415	0.142455	36.489
-3.3482912	-9.232041	1.7753005	36.529
-0.31603462	-5.896919	1.1755531	36.599
-1.1563994	-6.543353	0.60932434	36.639
0.034715924	-10.0508585	-0.029927522	36.7
0.4405331	-8.580819	1.1803415	36.749
-0.7793127	-10.749966	1.7238252	36.81
0.641646	-9.557653	1.8531121	36.87
0.93014735	-9.440337	2.6372132	36.899
0.5243302	-11.404779	-2.3199813	36.949
-6.2871737	-16.403873	-8.282741	37.0
-4.8338933	-15.291766	0.24899697	37.04
6.5565214	-6.791153	-0.7457938	37.079
-1.3431472	-6.7983356	0.8355764	37.149
-2.6013002	-6.8557963	-0.14724341	37.199
-0.8331822	-9.344569	0.094570965	37.263
-0.7386112	-7.9846625	2.4289176	37.299
0.24420857	-10.653001	2.4540567	37.359
0.0035913025	-7.8613615	3.132813	37.399
2.6970682	-11.5616	5.5509567	37.439
1.5598224	-14.956578	-3.1866825	37.489
-5.5641246	-8.244433	-7.1646485	37.55
-0.5770026	-5.9902925	1.1731589	37.619
-4.626795	-8.868123	1.0043676	37.649
-0.3172317	-8.257602	0.044292733	37.699
0.4213795	-7.502231	-0.2693477	37.749
0.09696517	-8.503007	0.020350715	37.799
-0.4213795	-8.76637	0.22625206	37.849
-0.3842694	-10.620679	-0.5805939	37.899
-0.7254431	-8.954314	3.107674	37.949
3.9875429	-10.43872	1.9955671	38.019
0.4165911	-9.621099	2.574964	38.049
-3.2082303	-13.504495	0.58777654	38.079
-3.2082303	-13.504495	0.58777654	38.079
4.0186677	-13.995306	1.1563994	38.199
2.896984	-6.269217	-0.9564836	38.249
-1.4544775	-7.3298483	0.50876784	38.311
-1.7932571	-7.297527	0.5279215	38.349
-1.0522517	-8.631097	1.0319009	38.399
0.39983168	-7.824251	1.4987702	38.449
0.91219085	-9.441534	1.7010803	38.49
-1.4377182	-8.207323	3.0131028	38.547
4.4879313	-14.848839	2.4265234	38.599
-5.8717794	-19.6133	-9.763555	38.639
-0.01316811	-2.2026656	5.3821654	38.711
3.4356794	-7.49026	0.9528923	38.754
-2.4229321	-9.646238	-0.09696517	38.791
-0.1352724	-7.7823524	0.2789245	38.849
-1.282095	-8.445546	-0.12689269	38.899
0.8283938	-9.660604	0.15682021	38.949
0.7278373	-8.6813755	0.8882488	38.999
0.59735334	-8.653842	1.0283096	39.049
1.4556746	-9.583989	0.89782566	39.079
1.4556746	-9.583989	0.89782566	39.079
-2.1918917	-10.224439	3.5853171	39.2
-3.4883518	-10.611102	-9.91798	39.249
-3.9576154	-12.218808	2.718616	39.299
6.3470287	-12.673707	-3.2249897	39.349
2.7605145	-7.9008656	1.471237	39.389
-1.1659763	-8.195353	-0.90021986	39.449
-1.8076223	-7.1993647	1.1611878	39.499
-0.39025488	-7.666234	1.0714053	39.55
-0.6835446	-8.027759	1.7633295	39.599
-0.7386112	-8.947132	2.6024973	39.649
-2.0638018	-7.809886	3.25372	39.713
5.4300494	-10.236409	3.1627405	39.749
-5.722142	-17.820044	-6.585252	39.799
-9.719262	-9.345766	-5.8442464	39.849
-1.7729063	-9.167398	3.4596214	39.909
-2.03148	-11.288661	-0.7577648	39.949
-2.207454	-9.112331	-3.3734303	39.999
-1.0043676	-8.659827	-1.2964603	40.049
1.3383588	-9.896433	-0.6931214	40.098
1.3383588	-9.896433	-0.6931214	40.098
0.050278235	-8.908825	-0.272939	40.189
-1.4030021	-7.65546	-1.9560628	40.249
-2.1703439	-5.7005944	-2.2242134	40.302
0.31603462	-10.941502	3.1004913	40.349
3.9695864	-17.347189	0.60573304	40.399
1.4700398	-13.706804	2.6192567	40.449
-0.842759	-9.913192	1.4915876	40.499
-1.2689269	-6.9407907	0.62728083	40.539
0.0035913025	-5.663484	1.1240777	40.599
-1.0307038	-7.0664864	2.0733786	40.679
-1.0702082	-7.9571295	2.0242975	40.699
-2.445677	-11.729194	3.25372	40.749
-2.2014685	-13.007698	5.3163247	40.799
-4.985925	-10.949882	-0.92895025	40.849
-5.5485625	-11.540052	-1.9189527	40.889
-1.9488802	-8.346188	-2.554613	40.939
-3.289633	-11.818976	-1.2844892	40.999
-2.1787236	-9.271546	-1.5119383	41.04
-1.1611878	-9.467871	-2.0614076	41.101
-1.3575124	-9.009381	-2.0614076	41.101
0.92535895	-8.48984	-0.46088383	41.193
2.621651	-7.9750857	0.9696517	41.239
1.9309237	-8.209718	1.8088194	41.299
-0.997185	-9.379285	2.859874	41.36
-1.7010803	-10.67814	2.3259668	41.409
0.074220255	-9.269152	3.8546648	41.449
-0.39863458	-13.972561	-3.916914	41.499
-3.4847605	-9.879673	-2.1200657	41.549
-0.07182605	-14.366407	-0.85473	41.595
-0.5542577	-9.173384	1.0642227	41.649
-0.6895301	-8.619126	-1.8483237	41.699
0.06584055	-6.4763155	1.2425907	41.739
-2.337938	-7.1790137	0.47644615	41.819
-1.3922282	-7.368156	0.92416185	41.837
-1.2006922	-8.887277	0.89782566	41.899
-1.5957354	-10.248381	2.3558946	41.949
0.7015011	-11.528081	3.9671922	41.999
1.4736311	-9.957485	4.1539397	42.039
-5.935226	-17.331627	-4.214992	42.089
-5.935226	-17.331627	-4.214992	42.089
-4.382586	-10.821792	-3.4763808	42.199
-6.090849	-10.19451	-0.34356794	42.259
0.7685388	-8.154651	0.20590134	42.299
-0.9995792	-5.898116	-0.025139118	42.349
-0.46208093	-7.8410106	-0.79128367	42.399
-1.2114661	-8.23366	-0.12928689	42.449
-0.82360536	-9.921572	0.037110128	42.504
-0.19991584	-8.844181	1.3982137	42.549
0.027533319	-11.903971	2.1691468	42.599
-0.5626374	-11.341333	3.3315318	42.649
0.079008654	-12.180501	-7.2951326	42.7
-7.3525934	-10.664971	-5.707777	42.729
2.8431146	-12.492945	1.4867992	42.799
-0.90620536	-9.742006	-0.1364695	42.85
-1.0366893	-8.184579	-0.8283938	42.889
-0.6907272	-6.0010667	0.40462008	42.949
-1.7298107	-6.0022635	-0.074220255	43.007
-0.8702923	-6.087258	1.5035586	43.05
-1.8195933	-10.217256	-0.15801731	43.099
-1.8195933	-10.217256	-0.15801731	43.099
0.6344634	-12.340913	4.865018	43.199
-1.5741876	-18.532318	-4.8841715	43.249
-1.8483237	-6.2261214	0.557849	43.3
0.51355624	-9.734824	-3.669114	43.349
-6.2991447	-11.337742	-0.20231004	43.399
0.49081135	-8.744822	-0.688333	43.449
-1.3754689	-7.430405	-0.7505822	43.499
-0.2621651	-8.435969	-0.46806642	43.549
0.06943185	-7.2460513	0.05267244	43.58
-0.18914193	-7.3226657	0.7134721	43.649
-2.4983494	-9.41879	-0.8702923	43.699
-0.5506664	-10.817003	1.8004397	43.739
4.841076	-12.306197	4.7081976	43.799
-2.9496565	-13.195642	-5.140351	43.849
-4.593276	-10.110714	-3.7373488	43.889
1.6496049	-13.490129	2.6420016	43.949
0.06703765	-9.143456	-0.29448682	44.02
-0.5674258	-7.867347	0.18555063	44.04
-0.2765303	-6.0980315	0.08140286	44.099
-0.2765303	-6.0980315	0.08140286	44.099
-1.2988545	-6.5457473	0.5386954	44.182
-0.6955156	-8.59279	1.1947067	44.238
-0.20709845	-9.339781	2.099715	44.299
0.14724341	-11.962628	4.131195	44.35
2.7210102	-11.457452	5.1355624	44.389
-7.183802	-17.605762	-5.7855883	44.449
-2.504335	-6.131551	4.973954	44.511
-4.5645456	-10.813412	-0.9540894	44.569
-2.7844565	-9.645041	0.053869538	44.599
0.2825158	-6.791153	1.1180922	44.649
-1.9045875	-6.4032927	-0.24061728	44.689
-0.6500258	-8.920795	-0.4405331	44.752
-0.4177882	-8.045714	0.61770403	44.799
0.40821138	-9.799467	0.5674258	44.849
-0.0047884034	-10.315418	-0.40821138	44.899
1.8770541	-9.940725	2.3319526	44.949
0.9959879	-10.788273	3.8151605	44.999
-2.621651	-13.921085	-6.621165	45.049
-3.3494883	-10.848128	-0.20350714	45.099
-3.3494883	-10.848128	-0.20350714	45.099
-3.3494883	-10.848128	-0.20350714	45.099
-0.6344634	-7.023391	-0.51714754	45.249
-0.6452374	-6.241684	0.16759412	45.299
-1.1372458	-6.301539	1.0821792	45.349
-1.0043676	-7.620744	1.7836803	45.399
-1.1204864	-10.104729	1.3587095	45.439
-0.4213795	-9.192537	5.60722	45.499
-3.3758245	-15.158888	-0.20111294	45.539
2.5761611	-12.7575035	-0.39145198	45.599
-5.1475334	-9.091981	-2.5222914	45.657
-3.9851487	-10.608707	-1.4257472	45.702
-1.4305356	-8.184579	-0.079008654	45.733
-0.4441244	-7.3466077	-0.2777274	45.799
0.19871874	-7.575254	-0.22984336	45.849
0.10295067	-7.893683	0.22146365	45.899
-0.712275	-8.732851	0.8643068	45.949
-0.36152446	-9.2787285	0.94451255	45.994
0.2717419	-8.985439	1.0618285	46.04
0.91099375	-10.752359	1.8902222	46.099
0.91099375	-10.752359	1.8902222	46.109
-2.657564	-11.610682	-7.157466	46.199
-3.9217024	-9.8437605	5.8634	46.244
4.5980644	-12.962208	-2.086547	46.313
-0.70509243	-8.173804	1.7357962	46.349
-0.5434838	-6.781576	-0.1376666	46.399
0.02873042	-6.611588	0.34596214	46.449
-0.21188685	-8.684967	0.09935937	46.499
-1.8650831	-8.074445	1.8243817	46.549
-1.340753	-8.137892	2.4899697	46.597
0.5446809	-16.383522	-2.5881321	46.66
-3.2680852	-19.6133	-9.267955	46.689
5.6682725	-4.262876	-2.6599581	46.749
-5.448006	-13.719973	-2.9747956	46.799
-2.3774424	-8.724471	-0.81402856	46.849
-0.50757074	-9.305065	0.021547815	46.899
1.423353	-7.606379	-0.23104046	46.949
0.93134445	-7.502231	-1.4951789	46.999
-1.0510546	-8.546103	-2.0638018	47.049
-2.3319526	-9.645041	0.50876784	47.1
-2.3319526	-9.645041	0.50876784	47.1
3.1148565	-15.049952	0.37349546	47.199
-1.9393034	-13.013683	-2.136825	47.24
-4.277241	-9.636662	-1.863886	47.299
-0.2633622	-15.167268	0.22505496	47.339
-1.9644425	-8.820239	-0.90381116	47.399
0.5686229	-7.9691005	-0.5291186	47.449
-1.2138603	-7.0928226	0.12090719	47.499
-0.34835634	-7.6602483	0.51235914	47.551
-0.81642276	-7.60997	1.0941502	47.591
-0.5518635	-8.093599	1.4999673	47.639
0.5255273	-7.4603324	2.1667526	47.72
1.0354922	-13.96059	-1.3922282	47.749
-5.1942205	-14.180857	-2.622848	47.799
-8.337808	-7.285556	-5.663484	47.849
-3.9875429	-11.024101	-1.7788919	47.899
1.2653356	-14.901511	-2.895787	47.938
-0.19033903	-7.3777328	-2.3223755	47.999
0.17357962	-12.412739	-4.8147397	48.049
1.9500773	-8.711303	0.38307226	48.099
2.4588451	-7.369353	2.0458453	48.109
1.6879122	-9.100361	2.906561	48.199
2.1871033	-8.656237	2.5474305	48.249
0.6392518	-9.228451	-0.20949265	48.309
-5.410896	-10.348937	-3.1711202	48.349
-1.9728222	-7.565677	-0.91458505	48.389
3.0202854	-13.441049	-2.3092074	48.449
0.22266077	-9.228451	1.9165585	48.499
0.25378537	-10.821792	-0.33518824	48.539
-0.15682021	-6.740875	1.7489643	48.599
-2.681506	-7.0485296	1.9692309	48.639
-0.90620536	-8.645462	2.1942859	48.733
-0.7314286	-8.645462	2.1942859	48.752
-1.1025299	-10.676943	4.033033	48.789
-4.497508	-12.908339	3.8139634	48.851
-1.1947067	-11.252748	-3.1423898	48.9
-3.525462	-7.3106947	-1.7896658	48.949
-1.496376	-12.98615	-3.095703	48.999
-1.0666169	-7.132327	1.3395559	49.062
-1.2090719	-8.237251	-1.0127473	49.1
-1.2090719	-8.237251	-1.0127473	49.1
1.0761937	-9.040505	0.7110779	49.199
1.3946224	-8.826224	0.89423436	49.249
-0.17956513	-8.244433	3.1316159	49.299
-0.088585466	-11.1893015	2.742558	49.349
0.36272156	-12.504915	2.6779146	49.399
-3.027468	-11.741165	-4.0892963	49.44
-6.0585275	-9.415198	-0.30286652	49.479
2.6120741	-11.174936	2.7485435	49.56
-1.9081788	-9.361329	-1.0929531	49.599
-0.80445176	-6.9491706	0.6895301	49.649
-0.6931214	-5.9926867	0.24061728	49.699
-1.697489	-6.88333	0.7230489	49.749
-0.107739076	-7.0305734	1.352724	49.799
-0.415394	-9.072827	1.0737995	49.84
-0.19512744	-10.308235	2.6779146	49.889
3.478775	-11.687296	4.721366	49.949
-3.2740707	-12.88679	-4.1024647	49.999
-18.905813	-9.774328	-9.040505	50.049
8.497022	-8.908825	3.0250738	50.089
-7.357382	-9.406818	1.400608	50.149
-0.2789245	-8.323442	-0.59256494	50.207
-0.5566519	-6.269217	-0.08619126	50.249
-1.7405846	-8.542512	-0.24779987	50.299
0.6392518	-7.253234	1.7166426	50.349
-0.45370123	-8.921992	-0.033518825	50.39
-2.1511903	-10.170568	-0.93373865	50.442
1.1935096	-10.110714	4.1024647	50.48
0.90859956	-12.824541	3.3494883	50.549
-0.5566519	-12.056003	-5.139154	50.589
-3.4153287	-13.012486	-1.3958195	50.649
2.658761	-13.352463	1.2366052	50.699
-0.22744916	-9.151836	1.0031705	50.75
0.6799533	-7.4004774	-0.19033903	50.799
-0.08020575	-6.555324	-0.023942016	50.829
-3.003526	-6.682217	0.08259996	50.899
-1.4305356	-7.1167645	1.62686	50.939
-1.0043676	-9.2308445	0.49440265	51.007
0.4201824	-7.0940194	5.0122614	51.049
2.5091233	-10.858902	4.997896	51.1
2.5737667	-11.323377	4.667496	51.109
-12.949039	-13.321339	-10.825383	51.199
5.542577	-6.482301	5.637148	51.249
-5.115212	-12.059594	-0.47644615	51.299
-4.7381253	-9.093178	-1.1312603	51.339
0.7254431	-7.019799	0.23942018	51.429
0.60214174	-7.632715	1.2533646	51.449
1.7836803	-8.634688	0.90740246	51.499
-0.008379706	-7.5788455	0.49320555	51.555
-2.0338743	-10.157401	-0.47524905	51.593
-0.6404489	-9.78989	2.1440077	51.639
1.3431472	-8.628703	3.6284127	51.702
1.1204864	-13.187263	-0.5530606	51.743
-6.2524576	-14.172477	-8.717288	51.789
3.0585926	-14.393941	3.5853171	51.85
1.9201498	-11.311406	-3.490746	51.896
-0.8559271	-5.9041014	-1.0714053	51.949
-0.03232172	-6.0405707	0.35434186	51.999
-1.9297266	-7.1383123	0.29927522	52.049
-0.8846575	-8.185776	1.4784195	52.119
-0.6560113	-8.185776	1.4784195	52.127
0.36272156	-9.196129	6.199785	52.199
-0.5446809	-14.903906	0.641646	52.249
-9.768343	-14.359224	-9.445126	52.299
4.8698063	-4.2305546	4.8698063	52.349
-3.6942532	-13.55597	-1.8207904	52.389
-7.997831	-9.16261	0.36152446	52.46
1.3239936	-5.5976434	2.0733786	52.499
-1.4341269	-7.228095	1.3323733	52.549
-0.09696517	-7.6243353	1.6077064	52.599
-0.44651863	-9.075222	1.3790601	52.649
0.5650316	-8.511387	2.1559787	52.699
1.590947	-11.0695915	-0.05746084	52.749
-0.2657564	-11.331757	4.9464207	52.799
-2.4791958	-9.587581	-4.1611223	52.87
-2.0494366	-12.971785	6.621165	52.9
5.103241	-13.939042	0.35194764	52.949
-0.8523358	-7.9451585	2.7449522	52.999
0.4237737	-6.1064115	-0.39025488	53.049
-0.20231004	-6.0525417	0.78888947	53.11
-1.3239936	-6.9360023	0.9876082	53.12
-2.707842	-9.203311	0.5686229	53.209
-0.6847417	-5.6766524	5.6215854	53.249
0.9840169	-13.220781	3.667917	53.299
-7.750031	-16.081852	-5.923255	53.37
2.719813	-6.8127007	4.519056	53.399
-4.935647	-11.750742	-0.4405331	53.449
-3.1591492	-8.584411	-0.5494693	53.499
-0.37588966	-7.8170686	0.22744916	53.549
-1.0510546	-7.9571295	0.90979666	53.639
0.7769185	-8.12592	0.90979666	53.639
1.2018893	-8.063671	2.0410569	53.699
-0.36272156	-8.662222	2.5462334	53.739
0.6739678	-9.136273	2.0326772	53.809
0.47644615	-9.509769	2.2589293	53.849
-2.1045034	-11.089942	-5.864597	53.91
2.9352913	-9.100361	-8.020576	53.951
-3.5577838	-11.121067	8.127118	53.989
5.506664	-14.964958	-1.9009962	54.049
-0.16639702	-9.759963	2.8191724	54.099
1.532289	-9.443929	0.78410107	54.129
-0.6452374	-7.6147585	1.6412252	54.196
-1.3934253	-7.023391	-0.076614454	54.249
-3.4225113	-6.367379	0.3172317	54.299
-4.224569	-9.338584	0.60453594	54.349
-0.49320555	-8.477868	2.4301147	54.4
6.420052	-6.9012866	4.617218	54.45
-3.809175	-14.9865055	-0.92775315	54.489
-6.4344172	-7.16824	-6.7612257	54.556
-10.420763	-11.804611	-0.90859956	54.61
-6.2464724	-10.66138	-4.7979803	54.65
-1.6424223	-7.442376	-2.1200657	54.699
-0.89782566	-7.156269	-2.823961	54.724
-1.1180922	-8.583213	-2.6360161	54.792
-1.3263878	-8.541314	-2.3080103	54.849
1.0187328	-8.524555	-2.220622	54.899
-0.7386112	-4.0438066	-2.030283	54.949
0.8726865	-4.3394904	-0.5291186	54.989
-1.543063	-14.9889	1.3623008	55.049
2.1260512	-16.353594	0.40940848	55.099
0.78529817	-13.475764	4.033033	55.13
-0.2873042	-10.609905	1.0271125	55.191
-2.4193408	-6.6750345	0.35434186	55.249
-0.6895301	-7.575254	0.8319851	55.3
0.49559975	-8.094796	0.7410054	55.329
-1.6950948	-9.920375	1.6927006	55.389
-1.8267759	-9.334992	1.9093759	55.449
-3.0310593	-9.767146	2.255338	55.5
-3.549404	-9.731233	1.9357121	55.54
-4.120421	-10.861296	-0.8810662	55.599
-0.39504328	-8.331821	0.38067806	55.649
-4.7896004	-10.805033	-4.914099	55.699
-3.5685577	-11.479	-3.369839	55.739
2.5965118	-9.0429	-0.664391	55.789
-0.25258827	-7.9726915	-0.21308395	55.849
-1.0953473	-9.052477	-0.3866636	55.9
-0.93852705	-8.495825	0.60573304	55.949
0.61291564	-9.475053	0.8678981	55.999
-0.38187516	-9.579201	0.90620536	56.039
-0.10055647	-9.816227	4.55856	56.125
1.5897499	-10.108319	3.9755719	56.139
-1.4101849	-15.480908	-2.9460652	56.199
-5.717354	-10.435128	-1.2186487	56.239
4.370615	-10.726024	1.1767502	56.299
-0.90021986	-10.286688	-0.46327803	56.349
-2.0626047	-6.967127	0.7374141	56.41
-1.3503298	-6.691794	0.9648633	56.46
-1.2054806	-7.4028716	1.2378023	56.483
-0.81642276	-6.8905125	2.2661119	56.549
-1.6484078	-7.100005	1.1180922	56.589
-1.5382746	-9.506178	3.169923	56.68
-0.62967503	-9.472659	3.8714242	56.68
-2.6551697	-18.32043	-4.2640734	56.749
-4.3047748	-8.111555	-3.1244333	56.789
-3.4943373	-11.519701	-1.9021933	56.849
-3.3135753	-11.325771	0.34117374	56.899
0.31483752	-7.8493905	3.1064768	56.949
-0.21308395	-7.9750857	0.8499416	57.004
-0.8655039	-8.127118	0.44532153	57.049
-2.4624364	-6.9647326	1.2294226	57.099
-1.2689269	-8.395268	0.6667852	57.139
-1.2689269	-8.395268	0.6667852	57.139
0.49799395	-10.582372	3.7780502	57.249
1.8495208	-14.379576	0.08499416	57.299
-4.396951	-11.077971	-3.1483753	57.368
1.2737153	-13.395558	3.477578	57.399
-0.06823475	-10.688913	2.3810337	57.442
-1.0606314	-8.237251	1.8124107	57.499
0.6739678	-6.1004257	0.7469909	57.549
-1.0007763	-6.3685765	0.9636662	57.59
-1.4700398	-7.380127	2.5833437	57.649
-1.5382746	-8.352173	1.2150574	57.7
-2.396596	-7.9068513	4.3239284	57.74
1.2749124	-9.3421755	4.189853	57.8
0.107739076	-19.6133	-2.3558946	57.865
0.11492168	-8.261193	3.1986535	57.899
-2.3403323	-10.341754	1.0223241	57.949
-1.1216835	-10.906786	-1.1575965	57.989
-0.93373865	-6.465542	1.1001357	58.049
-1.2557588	-7.04015	0.2837129	58.094
0.2861071	-7.410054	1.3299791	58.15
0.4285621	-7.4866686	1.697489	58.161
-0.6344634	-11.000159	1.3347675	58.249
0.5781997	-9.333796	3.5098996	58.289
2.9113493	-9.506178	3.9504328	58.349
-1.103727	-13.13459	-5.400122	58.399
-5.366603	-13.771448	-5.342661	58.439
3.952827	-11.701661	2.409764	58.499
-0.59735334	-8.865729	0.061052144	58.549
-1.1599907	-7.9667063	-0.7649474	58.599
-0.90859956	-6.8103065	1.1073183	58.649
-1.5406688	-7.8829093	0.015562311	58.699
-1.283292	-7.0186024	1.1504139	58.739
-1.9069817	-9.7958765	-0.079008654	58.799
-1.5023615	-10.395624	2.4301147	58.847
3.2752678	-9.018958	4.9404354	58.89
0.60693014	-19.6133	-3.4464533	58.949
-5.1690817	-4.024653	0.20231004	59.0
-1.0307038	-11.6190605	-1.5849615	59.041
-5.2768207	-10.662578	-0.8690952	59.099
-0.03232172	-7.9032598	3.8510735	59.152
-0.6596026	-8.090008	3.6056678	59.161
-0.81761986	-8.037335	0.37110126	59.249
-1.7585411	-8.972271	0.2645593	59.297
-0.61171854	-7.047333	1.697489	59.341
0.91937345	-5.9064956	0.38307226	59.375
-0.51954174	-12.088325	0.5231331	59.451
-2.859874	-16.724695	-0.7266402	59.501
-0.37588966	-12.2559185	3.9001546	59.551
-0.8750807	-7.69257	2.7569232	59.601
-1.6543933	-6.951565	2.1739352	59.661
-2.883816	-7.4974427	1.4736311	59.691
-3.4847605	-6.987478	2.837129	59.751
-2.208651	-6.9467764	2.3463178	59.801
-1.2557588	-6.981492	0.90620536	59.841
-1.0067618	-15.30254	-2.171541	59.881
2.1619642	-6.06571	-0.5770026	59.951
-2.801216	-12.441469	1.2485762	60.001
3.4931402	-10.110714	3.1364043	60.051
0.21667525	-7.7919292	2.754529	60.101
0.22744916	-9.295488	2.018312	60.151
-0.05746084	-9.344569	2.360683	60.161
-0.52073884	-9.187749	2.171541	60.251
-0.93373865	-9.131485	1.7788919	60.301
-0.7613561	-9.688137	2.5342624	60.357
0.5482722	-8.981848	2.5222914	60.401
-0.7589619	-11.695675	-1.3623008	60.451
-3.072958	-9.299079	2.2409728	60.501
-2.859874	-12.176909	-1.1145009	60.551
-0.021547815	-9.611523	2.5450363	60.595
-1.4640543	-8.528147	3.4021606	60.641
-2.0566192	-9.305065	2.6156654	60.693
-1.1432313	-7.4327993	3.8953662	60.751
-1.8914193	-5.8825536	3.9480386	60.8
-2.4253263	-8.230068	5.0266266	60.851
-2.5390508	-7.20535	4.581305	60.901
-2.2218192	-7.0904284	5.3079453	60.931
-3.2716765	-14.01446	5.2265425	61.001
-0.52073884	-10.874464	0.11492168	61.051
-1.8195933	-10.081984	1.8411411	61.091
-1.685518	-11.328165	3.086126	61.151
-0.7026982	-10.5704	2.6850972	61.17
-1.471237	-8.02297	2.087744	61.241
-1.0295067	-7.6949644	2.0362685	61.304
-0.80924016	-7.9092455	2.7724855	61.341
-0.50397944	-8.27077	3.193865	61.401
-0.6679823	-7.9954367	2.707842	61.441
-0.7074866	-8.192958	2.3175871	61.501
-0.58777654	-9.048885	0.1436521	61.541
-5.886145	-12.559982	2.7365725	61.591
-3.335123	-12.850878	4.3885717	61.651
0.039504327	-10.201694	2.337938	61.701
-2.7138276	-10.842142	3.4979286	61.751
-1.9057846	-9.252393	2.3798366	61.801
-1.033098	-6.8210807	2.220622	61.841
-1.2856863	-6.599617	2.5390508	61.941
-0.32561144	-6.599617	2.5390508	61.941
-0.90261406	-6.0645127	3.8486793	62.001
-0.8607155	-8.275558	-4.358644	62.058
-2.7006595	-15.389929	0.78050977	62.112
-2.4720132	-13.498509	0.47644615	62.141
-2.054225	-11.951855	1.520318	62.162
-2.054225	-11.951855	1.520318	62.162
-1.2473791	-10.00896	2.0207062	62.299
-1.5011644	-8.374918	1.8818425	62.351
-0.8343793	-8.064868	2.1918917	62.4
-0.7565677	-8.512584	2.6120741	62.431
-0.8846575	-9.169792	2.1499932	62.501
-0.6811504	-7.181408	2.457648	62.541
-1.8710686	-11.201273	2.8299465	62.594
-3.192668	-10.91756	2.7748797	62.64
-2.7844565	-9.482236	3.9851487	62.728
-1.7262194	-9.166202	3.2501287	62.751
-1.5107412	-9.214086	3.558981	62.751
