0.0	0.0	0.0	0.0
-0.59256494	-9.343372	-1.0115502	0.051
-2.079364	-10.254366	-3.8474822	0.101
-1.0654198	-8.552089	-0.6344634	0.15
0.92296475	-9.651027	-0.4345476	0.194
2.1739352	-10.3226	-1.3922282	0.235
4.4448357	-9.144653	-0.89543146	0.3
1.3599066	-9.579201	-3.5410242	0.35
-7.3897038	-8.483853	-1.5813702	0.401
-7.6829934	-9.837775	5.233725	0.451
2.3894134	-13.211205	-1.2653356	0.511
-1.0295067	-10.5045595	-0.5746084	0.551
-1.9560628	-10.38485	0.6787562	0.581
1.246182	-8.032547	0.50517654	0.651
1.2557588	-9.139865	-0.91219085	0.701
-0.7493851	-9.841366	-1.2689269	0.748
-2.1643584	-8.651448	3.0071173	0.809
-3.7313633	-15.565903	-4.4460325	0.871
-2.7269957	-6.114791	-1.4460979	0.91
-2.5905263	-7.905654	-1.0690111	0.94
-7.6051817	-8.665813	1.2653356	0.962
0.16639702	-8.091205	-0.30885202	1.05
-1.6879122	-4.152743	0.47046062	1.101
0.5746084	-6.6965823	2.0207062	1.132
1.4317327	-7.916428	-1.9021933	1.2
-0.79008657	-8.531737	-1.5717934	1.251
2.268506	-0.31603462	3.028665	1.301
-1.7489643	-17.724276	-11.900379	1.34
-13.357251	-16.950949	-4.7309427	1.39
10.404003	-8.311471	8.577228	1.431
-3.7612908	-11.647791	-3.1232362	1.497
-0.05746084	-3.8414967	-1.9788077	1.551
-4.187459	-4.945224	-0.46686932	1.6
-0.8487445	-10.242394	-5.0158525	1.65
-4.653131	-17.402254	-10.085575	1.701
-4.0904937	-3.9839516	4.4304705	1.75
2.291251	-11.708843	0.11252748	1.79
-4.950012	-12.105083	-2.7868507	1.85
-1.9500773	-10.09156	-1.0953473	1.9
1.7118542	-6.71813	-0.21547815	1.981
-0.15083471	-7.5680714	0.24301147	1.99
-0.15083471	-7.5680714	0.24301147	1.99
1.5933412	-10.8229885	-1.3215994	2.087
-0.20949265	-11.881226	-3.9133227	2.162
-3.071761	-12.708423	-6.5696893	2.193
-0.32321724	-11.45865	2.1643584	2.24
-2.303222	-9.873688	-2.5881321	2.299
4.2521024	-9.011775	0.5422867	2.352
-5.183447	-6.329072	0.01316811	2.421
-5.5509567	-6.8809357	0.89184016	2.442
-2.0745757	-6.602011	0.08259996	2.49
1.2521675	-7.3992805	3.50152	2.521
0.8798691	-11.822568	1.7896658	2.596
1.5586253	-12.5743475	3.4476504	2.637
-6.7504516	-16.970102	0.31364042	2.701
-3.669114	-7.5165963	-4.9883194	2.751
-6.4966664	-10.976217	-2.184709	2.801
-4.441244	-6.5098343	0.90979666	2.855
0.2885013	-5.1810527	-0.25737667	2.901
-1.8650831	-5.6922145	-0.8439561	2.94
-1.376666	-4.829105	-0.6344634	2.99
-3.4703953	-9.081207	-2.054225	3.046
-0.47764325	-10.960655	3.0202854	3.101
2.5115175	-13.067553	3.3411086	3.151
2.7246015	-12.964602	-1.3790601	3.208
-3.752911	-12.779052	-10.432734	3.251
-0.06943185	-16.819267	-3.6834793	3.301
-0.8583213	-8.872911	1.6400281	3.351
1.9428947	-6.5589156	-2.184709	3.401
-0.25378537	-3.6894648	-0.09696517	3.451
-0.79726917	-3.9013517	1.2653356	3.501
-0.4213795	-7.524976	2.907758	3.551
1.6328455	-10.096349	1.282095	3.59
2.4612393	-16.041151	-9.5732155	3.701
-17.700333	-16.041151	-9.5732155	3.701
-14.68723	-13.445837	-10.334572	3.734
-3.751714	-1.6903064	-2.6527755	3.801
-6.0764837	-6.1004257	-1.8291701	3.831
-0.8726865	-4.394557	-1.1264719	3.901
-1.9333179	-4.8362875	0.79248077	3.956
-0.9959879	-5.2002063	0.37469256	3.968
-0.9959879	-5.2002063	0.37469256	3.968
2.4349031	-10.408792	1.8303672	4.101
2.6048915	-10.764331	2.5594015	4.151
1.258153	-15.373169	-10.517728	4.201
-7.0940194	-17.492037	-14.883554	4.248
1.1851299	-9.526528	5.8322754	4.3
1.353921	-7.711724	-2.4145525	4.35
-2.3786395	-5.2397103	-0.89782566	4.4
-0.46567222	-5.305551	-0.9888053	4.45
-0.107739076	-7.833828	1.364695	4.491
-1.6927006	-9.217676	0.8379706	4.55
-1.1492168	-10.899603	2.5582044	4.6
1.5263035	-8.947132	2.3187842	4.65
-2.5318682	-19.6133	-8.590396	4.7
-10.01734	-7.967903	-6.7480574	4.74
3.1304188	-9.239224	-0.61411273	4.807
-5.255273	-6.0285997	-0.36990416	4.851
-2.6850972	-6.743269	-0.50038815	4.9
0.23582886	-7.843405	0.30645782	4.95
0.18674773	-7.0569096	-0.712275	4.991
0.6356605	-6.615179	0.092176765	5.045
-3.3435028	-10.201694	-1.8854338	5.1
1.283292	-10.272323	2.043451	5.13
6.9024835	-7.9786773	4.9404354	5.18
-1.578976	-14.306552	-3.1411927	5.247
-4.983531	-17.42141	-8.285135	5.291
2.755726	-11.45027	5.711368	5.34
2.2960393	-8.700529	-2.007538	5.407
-1.6340426	-5.9052987	-0.7613561	5.461
-0.89064306	-6.1064115	-1.3455414	5.479
0.6512229	-5.7269306	2.3918076	5.54
1.5382746	-8.552089	-1.8890251	5.621
-5.7029886	-12.419921	0.7493851	5.651
-1.7369933	-11.979388	6.730101	5.701
2.4396915	-19.6133	-7.267599	5.751
-14.028825	-5.076905	-11.787852	5.798
4.959589	-10.075998	-1.8722657	5.851
-4.6782703	-9.836577	-1.9093759	5.901
-0.5793968	-8.4647	-0.6356605	5.951
-5.130774	-4.4436383	-1.1540052	5.981
-5.130774	-4.4436383	-1.1540052	5.981
-2.2122424	-7.9906483	-0.50757074	6.1
-1.8818425	-7.6027875	1.2880806	6.15
3.8067808	-5.129577	4.321534	6.18
2.6396074	-6.646304	-1.3802572	6.24
-17.420212	-13.9438305	-7.2963295	6.3
-8.449138	-18.398243	-12.867637	6.339
-0.06464344	-11.099519	3.1483753	6.405
-2.4863784	-9.941922	-1.0366893	6.45
-1.3180081	-9.15423	-0.92535895	6.493
-1.3180081	-7.8912888	2.349909	6.54
0.110133275	-7.398083	3.7074213	6.6
-3.7912183	-6.077681	2.2780828	6.64
-4.238934	-6.775591	2.1140802	6.69
-1.7250223	-6.4511766	4.083311	6.741
-6.0704985	-8.676587	-4.0785227	6.791
-3.1435869	-8.055291	-6.2608376	6.851
-5.693412	-10.867282	0.1604115	6.911
-2.9819782	-14.721947	-2.5246856	6.934
2.007538	-10.067618	-4.6842556	6.991
-1.6017209	-8.37372	-0.45968673	7.04
0.32800564	-9.7863	-3.776853	7.111
3.558981	-6.894104	1.3922282	7.151
4.414908	-7.7081323	1.103727	7.2
0.7302315	-9.400833	2.7569232	7.25
0.29927522	-11.166556	0.51116204	7.311
-4.582502	-12.294226	-2.1894975	7.34
-4.0641575	-9.394848	0.1592144	7.4
4.4161053	-17.536331	-6.5206084	7.451
-2.7114334	-8.977059	5.1678843	7.505
-2.1990743	-7.132327	-2.682703	7.551
-0.20829555	-4.2521024	4.262876	7.6
0.92057055	-7.8649526	1.2401965	7.65
0.7218518	-9.991004	2.2864625	7.7
-2.348712	-8.775947	5.3378725	7.75
0.2908955	-13.335704	-1.5586253	7.801
-6.815095	-12.504915	-2.885013	7.851
-2.4720132	-10.266336	-3.9085343	7.891
-4.7201686	-10.612299	-0.1352724	7.95
-1.1779473	-3.9336734	0.019153614	8.0
-1.0785879	-3.9336734	0.019153614	8.0
0.6332663	-7.1371155	0.7697359	8.09
1.7609353	-8.182184	1.6376339	8.15
-1.5981296	-9.035717	0.5793968	8.201
-2.6982653	-10.825383	0.5410896	8.251
1.8866309	-10.709264	4.7141833	8.301
1.1025299	-10.548853	3.4009635	8.344
-1.2797008	-14.542381	-9.921572	8.4
-8.511387	-14.56752	-8.605958	8.447
1.1683705	-9.725247	4.5202527	8.501
2.123657	-7.9475527	-1.567005	8.55
-1.5693992	-4.793192	0.36272156	8.626
-0.20949265	-6.361394	0.79966336	8.679
-1.5346833	-6.471527	1.3383588	8.699
-1.0809821	-10.335769	0.7398083	8.75
-1.7513585	-9.635465	2.4001873	8.786
0.7170634	-15.968128	3.8175547	8.851
-7.5165963	-15.434221	-6.245275	8.9
-4.1862617	-7.5572977	-4.939238	8.951
-2.622848	-11.565191	-2.0350714	9.001
-6.042965	-7.4351935	-1.174356	9.071
-1.1971009	-7.1347213	-0.9959879	9.095
-1.4664485	-5.759252	-0.38067806	9.147
0.1328782	-6.362591	0.90979666	9.2
0.878672	-7.129933	1.3215994	9.25
-2.8419175	-10.703279	-1.7872716	9.29
0.9983821	-10.854114	5.3701944	9.364
4.3646297	-9.598354	1.5825673	9.411
-4.4675803	-11.440693	0.1448492	9.44
-4.187459	-16.853983	-12.561179	9.5
-6.871359	-12.169727	-0.037110128	9.54
4.7081976	-8.133103	1.9740193	9.59
-0.23942018	-8.287529	-1.1001357	9.65
-0.8367735	-5.4863133	1.4221559	9.71
0.92535895	-5.9041014	0.9540894	9.74
0.31124622	-5.614403	1.1168951	9.786
-1.0259154	-8.416816	0.7062895	9.831
0.7637503	-13.27944	3.513491	9.9
-0.12569559	-11.530476	2.6264393	9.949
-14.670471	-10.223241	-11.399991	10.005
-15.458163	-10.223241	-11.399991	10.005
-8.037335	-9.665392	-1.9883845	10.1
-7.5070195	-10.144233	-0.6356605	10.129
0.60094464	-5.4085016	0.41060558	10.21
-0.4213795	-6.293159	-0.17238252	10.251
1.1360487	-7.2233067	0.50757074	10.301
-0.712275	-8.832211	0.051475335	10.337
0.94810385	-10.427945	4.6255975	10.401
1.3503298	-10.07121	2.942474	10.44
3.2668881	-14.2383175	-4.143166	10.512
-5.374983	-13.609839	-3.9504328	10.571
-2.5438392	-12.914324	-0.40940848	10.584
2.3989902	-9.281123	-0.7517793	10.64
-1.8447324	-6.194997	-1.0259154	10.69
-0.81402856	-4.699818	0.17477672	10.74
-0.7505822	-6.621165	0.33638534	10.801
-0.4309563	-7.7811556	1.0043676	10.851
-3.1519666	-10.405201	0.2825158	10.901
-0.2645593	-10.1861315	5.8741736	10.95
2.2254105	-10.882844	-1.6759412	11.001
-9.830592	-19.6133	-11.550826	11.048
1.6340426	-8.556877	5.116409	11.101
-6.0764837	-9.090784	2.1080947	11.151
-4.745308	-6.253655	-2.1176715	11.19
-0.15562311	-5.3438582	0.16400282	11.24
0.51355624	-7.4711065	0.37110126	11.291
0.8403648	-6.4511766	0.50996494	11.346
-1.9919758	-11.445481	1.1061212	11.431
0.90859956	-10.900801	3.3494883	11.444
4.2293572	-9.576807	3.7720647	11.514
1.8555063	-13.097481	-8.817844	11.571
-4.392163	-14.768633	-11.6908865	11.6
-5.0613422	-14.383166	-1.364695	11.64
3.2740707	-10.183737	2.4265234	11.687
-1.7884687	-6.39611	-1.3599066	11.746
-2.043451	-4.449624	0.2896984	11.8
-0.06703765	-6.6271505	0.50996494	11.849
-0.15682021	-6.813898	1.8351556	11.891
-0.39025488	-10.851719	0.11971009	11.94
-2.2481554	-7.771579	5.5341973	12.0
-1.352724	-8.597578	5.2037973	12.01
-16.530766	-11.7543335	-12.374432	12.1
5.3043537	-8.804677	-0.4333505	12.151
-10.238804	-10.0903635	-0.33159694	12.2
-3.0310593	-9.463082	-1.5167267	12.24
-0.2765303	-7.2221093	-0.7182605	12.29
-0.736217	-7.880515	-0.35075054	12.341
-0.50517654	-7.017405	-1.0103531	12.39
-2.315193	-4.200627	0.46567222	12.444
-4.92607	-2.695871	-2.7485435	12.491
-8.35337	-7.8769236	-3.5936968	12.55
10.342952	-19.6133	1.6567876	12.59
-7.037756	-16.674417	-8.637083	12.64
-2.4121583	-10.084377	1.685518	12.7
2.2242134	-9.998186	-3.9324763	12.74
-4.783615	-9.660604	4.0641575	12.79
-2.954445	-8.938752	3.110068	12.864
-2.4361002	-9.150639	1.6496049	12.891
-1.62686	-5.187038	3.083732	12.94
1.4425066	-0.58657944	-4.396951	13.0
-3.3171666	-4.308366	-5.433641	13.01
-5.579687	-7.4375877	-2.717419	13.102
-3.8714242	-12.931084	-0.4249708	13.15
1.3814543	-8.457518	-4.214992	13.19
3.5553896	-8.801085	-0.59136784	13.241
2.516306	-7.3849154	0.688333	13.291
3.0190883	-7.5465236	2.4432828	13.34
-0.29209262	-10.01734	3.2381577	13.411
-2.232593	-11.182119	2.5605986	13.434
-3.4129345	-11.786655	4.4220905	13.5
-1.3192052	-12.247539	-6.895301	13.55
-2.6862943	-12.714408	-6.1387334	13.595
0.9840169	-13.946225	-3.490746	13.641
-0.80445176	-10.523713	-1.2425907	13.69
-0.23463176	-5.519832	0.5650316	13.75
-1.174356	-3.9624038	1.5155296	13.8
-0.15442601	-3.9863458	1.459266	13.84
-1.5406688	-9.464279	0.9588778	13.89
-1.6915035	-9.647436	3.8714242	13.971
-0.5327099	-11.894394	5.4192758	13.99
-2.3020248	-13.567941	-6.659472	14.042
-11.52449	-10.09994	-5.424064	14.1
-2.5713725	-10.204087	-2.705448	14.15
-4.224569	-7.6841903	0.19393034	14.18
0.36750996	-4.0186677	-0.39025488	14.25
-0.04189853	-5.542577	0.9504981	14.29
0.6943185	-6.233304	-0.06943185	14.361
-2.468422	-7.565677	-0.2681506	14.391
-2.8299465	-13.543999	0.21308395	14.45
0.94690675	-11.002554	4.453215	14.491
4.811148	-12.087128	3.1711202	14.541
1.839944	-11.320983	-6.9958572	14.584
-4.373009	-12.291832	0.6907272	14.662
-1.5933412	-6.955156	0.59136784	14.71
0.30166942	-5.9041014	-0.78050977	14.75
-0.9504981	-5.2205567	-0.47165772	14.8
-1.2749124	-5.046977	0.39863458	14.835
2.480393	-11.514913	-0.23343466	14.9
-2.7952304	-8.808268	2.9520507	14.95
1.1887212	-10.936713	4.3598413	14.99
1.4341269	-11.372458	1.7489643	15.005
0.33039984	-8.281544	5.0661306	15.097
-0.11731588	-9.652225	-0.4321534	15.131
-4.435259	-5.9567738	-2.148796	15.19
-0.23463176	-4.6100354	0.65242	15.25
-0.93493575	-6.731298	0.40701428	15.3
3.0969	-7.4256167	1.9177556	15.34
-1.7046716	-9.172187	-0.33039984	15.4
-0.8834604	-11.532869	2.0853498	15.434
3.217807	-10.432734	4.2556934	15.5
-0.93852705	-14.700398	-8.532935	15.55
-7.8469963	-14.648923	-7.6710224	15.59
1.4173675	-13.381193	7.1909847	15.637
3.074155	-10.364499	-4.4759603	15.682
-2.0614076	-4.876989	1.3874398	15.74
-0.8583213	-4.7644615	0.79128367	15.8
1.7764976	-7.4735007	1.532289	15.862
0.6967127	-10.084377	-0.21667525	15.901
-2.8742392	-8.759187	3.9803603	15.94
0.51595044	-14.727932	2.943671	16.0
1.472434	-15.466543	-0.5530606	16.01
-2.8095956	-8.531737	-1.8459295	16.111
-1.7130513	-10.104729	-0.12210429	16.141
-5.118803	-6.505046	-1.1575965	16.2
0.01436521	-6.7205243	0.8283938	16.241
1.8124107	-7.7093296	0.18555063	16.301
0.7230489	-8.456321	-0.31244332	16.35
-0.19512744	-11.098322	1.2150574	16.415
-0.79966336	-10.253169	2.9233203	16.461
2.8179753	-13.195642	3.8426938	16.49
-0.48602295	-14.483724	-6.930017	16.54
-2.0099323	-11.972205	1.043872	16.6
5.1942205	-13.172897	-1.8974048	16.647
-1.271321	-7.937976	-0.61171854	16.701
-1.8854338	-5.601235	-0.6775591	16.74
-1.3431472	-4.332308	0.45250413	16.8
0.24061728	-6.4882865	1.1899183	16.85
1.1216835	-8.611943	1.6352397	16.89
-0.8762778	-9.323022	1.1994951	16.94
0.017956512	-14.583082	5.2121773	17.001
0.29927522	-13.184869	4.7656584	17.01
-9.271546	-7.1754227	-4.056975	17.096
0.60094464	-13.138182	0.19393034	17.15
-7.97748	-8.049306	-0.7038953	17.18
-0.260968	-6.619968	-1.210269	17.25
-1.8016368	-6.5720835	-0.22146365	17.301
-0.25617957	-9.975441	0.008379706	17.34
2.9317	-9.507375	2.3235726	17.39
1.9752164	-8.09719	2.6479871	17.471
-2.8694508	-9.099164	-1.8243817	17.499
4.2054152	-16.753426	-8.407239	17.55
-6.3721676	-19.6133	-1.9620483	17.585
1.3910311	-11.001357	-1.412579	17.65
1.4891934	-11.311406	-0.24540567	17.7
0.48123455	-7.632715	-2.8323407	17.751
-2.172738	-4.935647	-1.1001357	17.805
-1.6340426	-8.175002	0.20111294	17.85
-1.6843209	-5.683835	2.183512	17.89
-0.16280572	-16.069881	-6.7719994	17.971
-6.039374	-16.37993	-6.2584434	18.0
-1.055843	-13.29141	-4.2185836	18.01
-12.265495	-10.07121	-3.2118216	18.1
-2.0913353	-9.518148	-1.2138603	18.163
0.6584055	-7.3286514	-1.1827357	18.23
-2.9963434	-7.025785	-1.3706805	18.241
-2.823961	-3.1555579	-1.7130513	18.3
-3.156755	-1.7010803	-4.3035774	18.35
2.896984	-10.004171	-1.0893618	18.4
1.0773908	-19.6133	-0.8858546	18.44
-11.012131	-13.320141	-1.5610195	18.516
-2.2301989	-12.66413	-0.5398925	18.541
-1.9285295	-8.1558485	0.5434838	18.6
-0.51235914	-7.386112	1.4664485	18.64
0.6715736	-6.9838862	2.291251	18.69
-2.992752	-9.193734	2.7042508	18.74
0.16879122	-8.054094	6.566098	18.8
-4.784812	-10.924743	-6.745663	18.85
-2.765303	-12.20564	-4.4568067	18.89
-6.8450227	-12.016499	-0.20470424	18.95
-0.830788	-12.593501	-2.7724855	18.985
3.2453403	-9.200917	-4.295198	19.01
-1.1480197	-7.997831	0.40342298	19.1
2.3714569	-9.224859	0.78649527	19.14
1.7597382	-8.287529	0.92655605	19.211
1.7705121	-10.333375	5.57849	19.25
0.7098808	-11.452663	3.2680852	19.3
-2.8981812	-12.570756	-3.0083144	19.363
-3.4093432	-8.499416	-6.196194	19.4
2.0626047	-12.221203	1.009156	19.45
4.736928	-14.756662	-2.304419	19.48
-0.029927522	-7.9068513	0.34596214	19.551
-0.45729253	-6.0645127	1.1623849	19.59
-0.45609543	-6.870162	2.4863784	19.65
0.19512744	-8.439561	2.8000188	19.7
0.59615624	-9.27394	4.2078094	19.751
1.4556746	-12.125435	5.2061915	19.784
-8.740033	-14.383166	-0.9528923	19.85
-0.63087213	-9.075222	-2.6611552	19.89
-5.1918263	-10.641029	0.2633622	19.95
-1.5622166	-7.2628107	0.142455	20.0
0.90620536	-7.038953	0.18555063	20.011
-1.30484	-6.5720835	-0.50158525	20.095
0.49320555	-8.372523	0.7182605	20.141
0.8738836	-11.565191	0.78170687	20.2
0.7517793	-10.199299	3.776853	20.24
2.3008277	-15.354015	0.24899697	20.3
-3.7576995	-13.928268	-6.566098	20.34
-0.9923966	-12.459426	3.4440591	20.4
2.7341783	-11.984177	-0.5506664	20.45
0.33758244	-6.1088057	-0.7661445	20.501
-0.6368576	-4.900931	1.2749124	20.551
0.7493851	-4.5382094	1.2761095	20.59
0.01436521	-6.9168487	1.186327	20.65
-1.4676456	-9.655815	2.542642	20.683
-0.28491	-11.700463	5.2959743	20.74
1.9871874	-15.532384	-5.1882353	20.79
-9.759963	-10.216059	-5.044583	20.851
2.4612393	-12.8772135	-1.5729905	20.892
-7.583634	-6.82946	-0.10654198	20.95
1.246182	-5.710171	-0.5446809	20.996
1.9500773	-5.5150437	-0.25617957	21.02
1.9500773	-5.5150437	-0.25617957	21.02
-0.32202014	-8.585608	0.5686229	21.143
-0.1388637	-8.699332	3.3303347	21.2
3.0071173	-12.628217	2.2134395	21.245
-1.9572599	-8.722076	1.9165585	21.291
-2.4540567	-16.650476	-9.132683	21.35
-5.889736	-13.39915	2.2720973	21.4
0.2801216	-10.108319	2.5821466	21.44
2.835932	-6.453571	1.4185646	21.5
-0.5422867	-3.4811692	-0.02873042	21.54
0.5626374	-7.0832458	1.067814	21.601
-0.20829555	-6.9982514	1.2641385	21.65
0.25617957	-6.727707	3.0909145	21.69
-2.7102363	-15.534778	4.4915223	21.74
-0.20350714	-10.923545	-4.4807487	21.8
-16.903065	-16.245855	-14.273033	21.84
-1.0067618	-9.633071	1.377863	21.9
-4.212598	-6.6846113	2.5737667	21.95
0.4369418	-5.98311	0.049081136	22.021
0.7673417	-5.98311	0.049081136	22.021
-1.7070658	-7.6363063	0.09696517	22.094
-0.22026655	-8.889671	1.033098	22.151
1.6460136	-8.49343	4.437653	22.195
1.0151415	-10.647015	2.5785553	22.25
0.3842694	-10.58716	-2.9245174	22.3
-2.2254105	-19.193117	-5.9651537	22.346
-2.645593	-12.972981	-0.32920274	22.402
2.5594015	-8.404845	0.21787235	22.433
-1.0115502	-4.320337	-0.8655039	22.513
-1.0067618	-6.2009826	0.5327099	22.561
0.110133275	-8.295909	0.4297592	22.6
-2.8670566	-8.998607	2.870648	22.65
0.36032736	-12.137405	4.8853683	22.7
1.899799	-14.369999	-4.9416323	22.751
-9.329007	-10.831368	-1.412579	22.791
0.01316811	-12.477382	-0.9588778	22.85
-6.825869	-7.422025	0.7182605	22.9
1.115698	-6.839037	0.8463503	22.95
-0.5267244	-5.602432	0.5303157	23.0
0.45968673	-7.0365586	0.91219085	23.02
-0.45010993	-6.8545995	1.1408371	23.111
0.055066638	-10.115502	1.4748282	23.161
-1.8183962	-8.221688	-0.06823475	23.2
1.7717092	-15.38514	-6.5864487	23.24
-3.9240966	-15.162479	1.5813702	23.3
2.1416135	-9.339781	1.673547	23.35
-0.29209262	-7.880515	1.7298107	23.4
0.545878	-6.482301	1.1133038	23.44
1.1252748	-8.4347725	3.3985693	23.505
-1.1959038	-5.315128	0.61291564	23.551
-1.9548657	-1.7561469	4.4603977	23.59
-3.098097	-15.879542	-13.184869	23.65
-19.612701	-19.6133	-17.351976	23.69
6.4739213	-4.7429137	9.913192	23.746
-9.330204	-15.030798	-2.3906105	23.79
2.4768016	-10.290278	-1.055843	23.851
-0.17956513	-10.4171715	-3.2549171	23.904
0.36391866	-5.6227827	-1.9428947	23.95
3.4201171	-3.8881836	1.3239936	24.005
3.8965633	-6.2141504	-3.7720647	24.03
3.8965633	-6.2141504	-3.7720647	24.03
5.0374002	-19.6133	0.4225766	24.15
-4.679467	-12.552799	0.12449849	24.2
-2.743755	-8.542512	0.56982	24.241
-1.4317327	-7.339425	-0.22026655	24.301
-0.8343793	-6.317101	1.3144168	24.35
-1.4281414	-6.55293	2.5246856	24.39
-2.3199813	-10.808623	3.2345665	24.451
-5.149928	-9.102755	1.0941502	24.5
-5.3498435	-12.880805	-1.0654198	24.55
-3.2369606	-12.000936	-6.4643445	24.631
-4.7441106	-14.104242	-4.4903255	24.647
-2.7952304	-10.617087	-1.7286136	24.681
0.24779987	-7.015011	-0.90500826	24.75
-0.80924016	-6.646304	-0.41060558	24.79
2.622848	-6.799533	1.7441759	24.84
3.1603463	-8.9363575	2.553416	24.89
0.63087213	-11.150994	3.0202854	24.95
-1.5071499	-12.45344	3.6655228	24.991
1.3239936	-13.478158	2.086547	25.042
1.4987702	-14.244303	-2.0254946	25.056
-0.36272156	-12.774263	0.48003745	25.14
0.6572084	-7.703344	0.22625206	25.222
-0.7098808	-6.7253127	0.78050977	25.24
-0.16280572	-4.8853683	-1.4951789	25.29
-1.6879122	-3.9228995	2.7102363	25.35
1.3754689	-7.0245876	2.1511903	25.401
-0.29927522	-11.056423	0.985214	25.442
-0.7733272	-14.334085	5.116409	25.501
2.1511903	-8.438364	4.134786	25.541
-14.569915	-14.276625	-7.6985555	25.6
4.072537	-9.048885	-0.2885013	25.651
-4.841076	-5.583278	0.037110128	25.701
-3.514688	-5.753267	1.6567876	25.761
-0.320823	-5.055357	0.23223756	25.781
-0.866701	-6.8103065	0.31004912	25.84
-0.46208093	-9.751583	0.49320555	25.89
1.5047557	-9.176975	2.9352913	25.95
2.043451	-12.4785795	3.8055837	26.001
-0.5494693	-14.365211	-8.2169	26.059
-0.5494693	-14.225149	-1.9656396	26.121
0.29807812	-10.9582615	1.1887212	26.15
-0.58298814	-5.7185507	2.5366566	26.2
-0.21547815	-4.9057193	-1.2018893	26.24
-0.6907272	-5.5461683	-0.22505496	26.29
0.6392518	-7.0569096	0.9876082	26.34
0.17477672	-8.532935	1.9369092	26.39
0.6679823	-13.093889	3.846285	26.44
-3.2130187	-14.263456	-7.6147585	26.521
-12.321759	-19.6133	-2.1930888	26.547
0.31244332	-12.714408	-1.6579847	26.59
-5.875371	-6.967127	-0.5805939	26.642
1.079785	-5.7400985	-0.81402856	26.691
-1.1575965	-5.530606	-1.2366052	26.741
-1.7022774	-6.731298	-0.3854665	26.815
-0.2693477	-9.651027	1.8734628	26.871
1.7310078	-11.908759	3.1866825	26.9
1.5286977	-12.679692	5.865794	26.95
3.8594532	-11.036073	-5.8023477	27.001
-5.141548	-16.989256	-8.537724	27.042
-5.141548	-16.989256	-8.537724	27.042
1.6962919	-10.540473	-1.99437	27.15
-0.60812724	-5.153519	-0.21547815	27.19
-0.19393034	-4.8159366	0.51595044	27.251
0.24779987	-7.515399	0.842759	27.304
-1.9177556	-9.639056	1.4341269	27.35
-0.022744916	-8.099585	5.00867	27.4
2.0087352	-12.964602	0.59017074	27.45
-3.6882677	-13.330915	-3.642778	27.5
-0.19752164	-11.437101	-2.3702598	27.55
-3.7433343	-10.502166	-1.2569559	27.598
-1.5945383	-8.486248	-0.9528923	27.643
-0.664391	-6.4308257	-0.049081136	27.701
-0.5746084	-5.4551888	0.47046062	27.749
1.9273324	-7.9726915	1.3311762	27.8
1.7705121	-8.986636	2.5594015	27.85
0.8499416	-9.504981	1.6436194	27.9
1.2006922	-6.453571	-1.4137762	27.95
-3.9516299	-19.6133	-7.7847466	28.003
-3.205836	-13.302185	-0.19273324	28.041
2.8299465	-10.309433	0.7781156	28.086
0.6691794	-9.409213	-0.50757074	28.141
-1.0534488	-6.2141504	-0.076614454	28.201
-2.779668	-7.067683	-0.6991069	28.243
-2.6132712	1.3455414	1.7369933	28.3
-4.4196963	-14.4130945	-10.278308	28.361
-10.3932295	-13.946225	6.208165	28.401
-1.316811	-6.945579	-4.63278	28.45
-13.454216	-18.525135	-3.6272156	28.5
3.5230677	-7.765593	-1.5334862	28.561
-2.5007436	-7.608773	-4.2580876	28.59
0.06943185	-7.6710224	-2.3008277	28.65
0.770933	-4.4460325	-2.8107927	28.682
2.4983494	-0.50876784	-2.5905263	28.751
7.5572977	-6.9587474	1.1420342	28.791
-5.5042696	-19.6133	-0.93732995	28.85
1.3323733	-11.976994	0.12689269	28.9
-2.7090392	-9.451111	1.7250223	28.931
2.542642	-1.3994108	2.1068976	28.99
-3.5984852	-4.4843397	1.5837644	29.05
-0.59376204	-6.579266	1.0247183	29.09
-3.1651347	-16.504429	5.368997	29.151
-1.0977415	-13.523648	4.554969	29.2
-7.2592196	-15.225925	-3.6619315	29.25
-1.7441759	-3.9803603	-4.6160207	29.3
-3.004723	-14.590265	-3.2345665	29.35
-2.991555	-6.283582	-2.0638018	29.41
2.4839842	-5.8801594	-0.4261679	29.44
0.2825158	-7.21373	0.0011971008	29.5
0.16639702	-10.696096	1.1492168	29.581
2.505532	-11.87524	1.3802572	29.6
1.3826514	-9.827001	5.2397103	29.65
-1.8483237	-12.237962	3.489549	29.701
1.5107412	-15.42225	-2.7377696	29.748
-4.4819455	-11.200075	0.2669535	29.8
2.2577322	-14.471752	-2.9257145	29.851
-0.21787235	-8.058883	1.0857705	29.9
-1.8315643	-5.2325277	0.15322891	29.95
-0.521936	-2.0242975	1.8363527	30.001
0.45130703	-5.2648497	0.51954174	30.041
0.61530983	-9.296685	2.0566192	30.09
-1.8710686	-8.719683	4.0761285	30.15
1.1288661	-17.85476	-0.51116204	30.2
-8.676587	-18.946516	-0.5542577	30.235
-0.031124622	-12.474988	-0.90381116	30.301
-5.803545	-9.194932	-0.33039984	30.35
-0.46806642	-4.697424	-0.30765492	30.4
-0.70509243	-4.4759603	0.7182605	30.45
-2.7688942	-6.7588315	0.37588966	30.501
-0.2813187	-8.544906	0.6775591	30.562
0.82360536	-9.391256	2.6180596	30.611
2.4013844	-10.821792	4.9895163	30.65
-0.62967503	-9.021352	2.0350714	30.7
-3.300407	-17.219099	-7.6027875	30.75
-4.1120415	-16.449364	0.70509243	30.8
1.8950106	-7.9966335	-0.20829555	30.85
3.040636	-5.0302176	1.2018893	30.891
-0.2765303	-4.52145	0.021547815	30.95
0.59855044	-5.0302176	2.5881321	30.997
1.1492168	-7.231686	1.8100165	31.031
-0.61650693	-9.02614	3.691859	31.09
0.7433996	-12.950237	5.4647655	31.145
-8.104373	-17.53274	-9.685743	31.211
4.795586	-9.315839	5.3235073	31.25
-5.993884	-7.809886	-1.6352397	31.301
-1.7956513	-6.8402343	-0.29807812	31.366
4.9344497	-4.361038	0.8846575	31.407
-1.210269	-7.6746135	-1.3862427	31.451
-3.4620156	-9.331401	0.272939	31.501
-1.4413095	-10.585963	0.7098808	31.536
1.7609353	-9.14226	4.1132383	31.581
2.360683	-10.992977	-0.12090719	31.651
-0.61890113	-19.412188	-5.602432	31.701
-5.3845596	-16.16924	-0.79008657	31.75
-1.0115502	-11.999739	0.89303726	31.771
-0.8846575	-5.303157	0.641646	31.841
1.8710686	-3.4751837	1.483208	31.9
2.1883004	-6.503849	1.0953473	31.95
-0.8535329	-9.102755	1.8459295	32.001
-2.707842	-8.367735	3.2202013	32.05
-1.0402806	-13.9198885	6.283582	32.09
-1.0402806	-13.9198885	6.283582	32.09
-9.214086	-11.741165	-5.4922986	32.201
-4.795586	-10.116699	-0.24301147	32.25
-4.378995	-6.8605847	-0.7038953	32.3
0.031124622	-4.6603136	0.29209262	32.351
-0.2837129	-5.1475334	-0.29209262	32.39
-0.2633622	-6.39611	0.5674258	32.44
-1.0905589	-11.306618	1.7992426	32.5
-1.5981296	-10.8469305	4.1862617	32.565
3.570952	-14.280216	3.7541082	32.601
-1.6424223	-15.800534	-8.599973	32.645
-3.0777464	-15.152903	-0.8415619	32.701
2.328361	-9.544485	-0.9888053	32.751
-1.5047557	-5.9184666	-0.7661445	32.803
-1.6639702	-3.1304188	-0.05746084	32.84
0.24301147	-5.7005944	1.1480197	32.904
0.38307226	-9.303867	1.0761937	32.965
-1.8626889	-9.586384	3.0502129	33.001
-1.021127	-12.534843	3.5553896	33.064
1.496376	-5.16549	4.709395	33.086
1.496376	-5.16549	4.709395	33.086
4.638766	-7.3525934	-1.7597382	33.201
-7.029376	-4.661511	0.4321534	33.24
1.7262194	-7.5692687	-1.2066777	33.301
0.60214174	-5.2744265	0.51595044	33.341
-0.533907	-8.391677	0.01436521	33.401
1.270124	-7.949947	2.0446482	33.45
1.9812019	-10.54167	3.891775	33.501
2.6803088	-10.739192	3.8259344	33.55
-1.3335704	-12.753913	-5.7784057	33.6
-4.292804	-18.227058	-1.7058687	33.661
-2.8395233	-15.022419	0.93852705	33.701
2.5019407	-8.0924015	0.30645782	33.751
-0.6655881	-4.357447	0.15801731	33.801
0.12689269	-4.1012673	-0.08619126	33.85
-0.14844051	-5.831078	1.1168951	33.897
-1.3455414	-8.659827	0.30526072	33.94
-2.6563668	-7.6590514	3.3183637	34.0
4.0162735	-19.6133	-15.925033	34.08
-18.695124	-10.6637745	-4.7680526	34.101
-18.695124	-10.6637745	-4.7680526	34.101
-8.871715	-12.91193	-3.606865	34.203
-5.638345	-9.69532	-5.020641	34.252
-0.260968	-10.205285	-4.5022964	34.3
-0.8798691	-5.699397	-4.396951	34.35
0.1388637	0.62368953	-3.5565867	34.381
6.4499793	0.94690675	-3.537433	34.439
-2.597709	-8.546103	-0.12210429	34.5
-2.0242975	-19.6133	0.47405192	34.542
-12.619837	-12.966996	1.1839328	34.591
2.6396074	-11.981782	3.894169	34.651
-3.2190042	-8.403648	1.8255788	34.701
-0.5410896	-5.4192758	2.5354595	34.74
-1.7262194	-3.0765493	0.61052144	34.789
-1.5717934	-7.589619	1.7381904	34.851
-9.941922	-11.593922	4.201824	34.901
-0.5590461	-10.243592	-3.394978	34.948
-5.446809	-8.723274	7.0186024	34.99
-7.3645644	-14.523228	-2.8862102	35.05
-1.2521675	-9.977836	-5.473145	35.101
1.1552023	-9.977836	-5.473145	35.101
1.520318	-11.11987	-2.0278888	35.21
5.29358	-6.894104	0.11851298	35.25
-2.457648	-4.1503487	0.09935937	35.292
-1.0462662	-7.383718	-1.4173675	35.34
-2.0015526	-8.433576	-0.5470751	35.4
-2.136825	-12.287044	-0.1436521	35.44
-0.39025488	-12.006922	2.4756045	35.49
1.9560628	-12.35887	3.9444473	35.54
1.0307038	-14.395138	-3.3614593	35.611
-0.22625206	-10.951078	-3.228581	35.64
0.2777274	-13.607446	-2.8562827	35.69
-2.1799207	-5.619191	0.80205756	35.75
-0.29209262	-3.1495724	-0.03232172	35.8
1.0115502	-3.503914	-1.127669	35.839
-1.13964	-8.149862	-0.01316811	35.9
-0.46208093	-11.026496	2.0219033	35.95
-0.14724341	-11.240777	3.1615434	35.992
2.6850972	-10.530896	-0.6452374	36.061
-7.466318	-14.032416	-5.767632	36.09
-7.466318	-14.032416	-5.767632	36.09
-7.466318	-14.032416	-5.767632	36.09
-1.8794483	-7.4268136	0.22984336	36.25
-0.35793316	-5.21936	0.62368953	36.3
-2.2756886	-5.8358665	-1.0390835	36.35
-0.93972415	-8.098388	-0.45609543	36.4
0.029927522	-9.408015	3.7684734	36.472
1.316811	-9.331401	4.134786	36.499
3.3530796	-12.761095	2.9281087	36.55
0.49799395	-16.660053	-7.2687964	36.6
-6.0716953	-15.201983	-1.5143325	36.65
2.585738	-10.0987425	-0.1388637	36.7
3.0992942	-4.4699745	0.6655881	36.751
-0.021547815	-2.493561	0.44651863	36.791
-1.4736311	-5.4504004	0.5231331	36.85
0.06823475	-8.297106	2.2218192	36.9
-0.4429273	-13.464991	1.8483237	36.95
1.1779473	-11.954249	6.069301	36.99
-6.1985884	-14.246697	-2.6300306	37.04
-2.160767	-10.019734	-3.7948096	37.1
-2.160767	-10.019734	-3.7948096	37.1
-5.0362034	-4.747702	-0.40940848	37.221
-2.5390508	-4.0892963	-0.60573304	37.236
-0.7170634	-6.2524576	-1.340753	37.301
0.7254431	-7.049727	0.51714754	37.351
2.043451	-11.258734	1.1468226	37.4
1.0845734	-9.861717	2.2505496	37.44
-0.5303157	-10.556035	3.25372	37.496
-0.79008657	-16.323668	-6.704962	37.541
-2.60968	-17.676392	-4.1706996	37.591
0.6500258	-10.433931	0.38067806	37.654
0.21428105	-5.884948	1.6400281	37.701
-1.863886	-3.525462	-0.61770403	37.744
-2.517503	-4.9416323	-1.412579	37.781
3.1399956	-5.949591	2.4768016	37.851
0.25498247	-9.42238	3.1316159	37.891
-0.46327803	-11.164163	3.7098155	37.941
-0.641646	-11.597513	2.6420016	37.99
-8.259995	-19.463663	-8.924387	38.05
2.0805612	-8.349778	2.3906105	38.1
-2.468422	-10.57878	-2.669535	38.145
-1.483208	-7.4627266	0.46686932	38.19
-0.90620536	-5.033809	0.31004912	38.241
0.10534488	-8.145074	-0.688333	38.291
0.81402856	-7.785944	0.015562311	38.35
0.59495914	-10.251971	2.1942859	38.4
1.7070658	-8.925584	4.0043025	38.441
2.1679497	-10.903194	3.2920272	38.48
-4.960786	-15.131354	-3.6092591	38.55
-1.5466543	-15.271416	-1.8028339	38.6
2.8754363	-11.376049	-0.7625532	38.656
0.14844051	-5.392939	0.51475334	38.702
-0.2908955	-4.677073	-0.15322891	38.74
-0.15682021	-5.0385976	0.9947908	38.79
0.6500258	-9.212888	1.1121067	38.867
-2.2864625	-7.5094137	3.715801	38.901
0.2885013	-11.743559	5.007473	38.95
-0.021547815	-18.355146	-2.2050598	39.001
-5.5880666	-9.246407	-4.2916064	39.047
-2.3942018	-10.9582615	0.51475334	39.104
-3.4093432	-10.9582615	0.51475334	39.104
1.9608512	-7.6351094	0.051475335	39.201
-3.4763808	-4.6459484	0.5255273	39.241
1.5849615	-7.4567413	1.0977415	39.29
0.866701	-7.3789296	0.32321724	39.351
0.4165911	-9.078813	2.8407204	39.401
1.8794483	-9.991004	3.1675289	39.463
1.5502456	-14.354436	-9.255983	39.522
-4.5142674	-13.899538	-8.65863	39.54
-2.397793	-14.186842	-2.9855695	39.601
1.6304513	-15.131354	-2.6024973	39.63
1.0031705	-7.8912888	0.5554548	39.701
0.2669535	-7.313089	0.92296475	39.75
1.5119383	-6.278794	0.80445176	39.814
-1.4891934	-5.1116204	2.813187	39.861
-1.3742718	-5.699397	1.9871874	39.9
-2.1619642	-13.761871	-8.318654	39.95
-16.18241	-8.015787	-4.630386	40.0
3.1747115	-5.1319714	-2.067393	40.05
-8.929175	-10.8469305	-3.6703112	40.101
-5.093664	-10.961852	-4.9823337	40.11
-2.3930047	-8.767567	-2.4313118	40.201
-1.6639702	-6.930017	-3.2704794	40.241
-0.6332663	0.51954174	-1.899799	40.301
5.0984526	-5.5341973	-5.21936	40.35
6.7588315	-19.6133	-1.2366052	40.421
6.7588315	-14.964958	-2.3439236	40.461
-6.171055	-10.643424	0.4441244	40.49
1.0821792	-10.359711	1.1061212	40.551
-0.61171854	-7.157466	2.2852654	40.598
0.06344634	-5.6323595	3.7792473	40.651
0.4285621	-6.6654577	4.489128	40.701
0.23463176	-7.8829093	4.909311	40.75
-4.4963107	-9.775525	0.9636662	40.801
-9.854534	-13.268666	0.12689269	40.837
-1.9668367	-9.323022	-5.876568	40.89
-6.223727	-13.505692	-3.7181952	40.95
-3.3494883	-11.9135475	-3.1663318	41.001
0.58657944	-5.695806	-0.15322891	41.051
2.244564	-8.008605	-2.255338	41.09
0.022744916	-8.329428	-0.5758055	41.111
4.655525	-6.4787097	2.2637177	41.201
0.24660277	-11.355699	2.384625	41.24
1.8650831	-13.193249	3.3518825	41.305
0.50876784	-10.1382475	3.300407	41.351
-1.7585411	-14.472949	-7.574057	41.399
0.51116204	-11.993753	1.4879963	41.45
1.0187328	-13.18846	-1.79206	41.5
-3.074155	-8.015787	0.93852705	41.54
0.9672575	-5.4982843	-0.6943185	41.6
0.4189853	-4.369418	0.7649474	41.65
0.41060558	-5.7400985	1.4856021	41.69
-1.7753005	-9.08001	0.6739678	41.75
1.7202339	-10.617087	4.5884876	41.8
-1.8902222	-16.287754	1.4772224	41.85
1.1779473	-10.061633	-4.050989	41.906
-5.245696	-14.925453	-4.8099513	41.951
-3.3075895	-10.101137	0.17956513	42.0
-0.6452374	-3.715801	-1.021127	42.05
-2.5594015	-6.143522	-0.7529764	42.095
-1.9907787	-6.361394	-0.78050977	42.113
-1.9907787	-6.361394	-0.78050977	42.113
1.520318	-9.574412	1.2892777	42.25
2.6084828	-10.175357	3.217807	42.3
4.307169	-10.92594	2.7617116	42.331
-2.0685902	-11.15698	1.2665327	42.39
-1.9153614	-19.6133	-8.300697	42.45
-5.105635	-15.152903	3.5122938	42.49
3.0322564	-5.8825536	2.3810337	42.571
0.7230489	-5.2624555	0.439336	42.6
-0.25378537	-5.141548	0.39624038	42.65
-0.6392518	-6.3925185	0.7613561	42.7
0.022744916	-8.789114	0.48362875	42.74
-1.6843209	-8.584411	5.1930237	42.8
0.25019407	-13.340492	6.0082493	42.85
-6.053739	-19.6133	-10.155006	42.9
-1.4688427	-10.365696	-1.8698715	42.95
1.590947	-10.2735195	0.18555063	43.0
-3.108871	-6.2620344	-0.46686932	43.05
0.5267244	-4.9943047	0.60094464	43.1
-0.6835446	-4.471172	0.15562311	43.12
0.20709845	-10.08318	0.021547815	43.2
1.9488802	-8.081628	2.930503	43.265
1.9608512	-10.534488	4.027047	43.32
2.705448	-14.170083	-4.1515455	43.35
-6.384139	-16.531963	-5.3139305	43.4
-6.4404025	-13.741521	-1.043872	43.435
2.27928	-12.437878	-1.9656396	43.49
-1.99437	-5.021838	0.6967127	43.55
-1.2892777	-4.939238	0.81881696	43.6
0.62967503	-5.973533	1.0893618	43.67
0.92775315	-7.9571295	0.91817635	43.684
-3.335123	-8.740033	2.2050598	43.75
-0.90500826	-14.572309	5.9124813	43.8
-0.45010993	-12.927492	-6.017826	43.843
-8.303091	-7.7428484	2.6276364	43.9
1.3036429	-11.71842	-1.3850456	43.94
-6.266823	-8.028955	-0.664391	44.0
-1.5777789	-6.885724	-0.15801731	44.08
-2.3558946	-5.2528787	-0.40222588	44.1
-1.578976	-6.1985884	-0.16160862	44.11
0.5626374	-9.045294	0.5554548	44.2
-0.8499416	-7.845799	2.3343468	44.25
7.5561004	-13.079524	4.167108	44.3
-3.690662	-13.65892	-2.4061728	44.34
-4.9883194	-16.992847	-4.9428296	44.4
-0.51355624	-12.430696	2.3427265	44.45
1.6496049	-5.374983	1.1923125	44.5
-0.18794483	-5.457583	0.40222588	44.55
-1.2952632	-5.1020436	0.49081135	44.6
-0.33758244	-6.465542	2.8383262	44.65
-0.44532153	-9.408015	2.3008277	44.7
0.0011971008	-9.610326	3.157952	44.75
-1.4065934	-10.086772	4.0402155	44.82
-2.9245174	-14.408306	-5.1810527	44.84
-8.560468	-5.923255	5.697003	44.9
5.354632	-10.795456	1.0702082	44.955
-8.863335	-7.8086886	-0.11133038	44.991
0.7326257	-6.692991	1.1887212	45.05
1.0857705	-7.3466077	0.2657564	45.113
0.33518824	-5.531803	2.0338743	45.153
-0.18195933	-10.405201	-0.31603462	45.2
2.3834279	-10.788273	3.2393548	45.25
5.12838	-10.0029745	3.4560301	45.3
1.6950948	-7.9343843	0.16160862	45.34
-1.5682021	-18.860323	-8.716091	45.4
-1.7190368	-9.369708	5.6120086	45.45
4.2102036	-13.334506	-1.7262194	45.502
0.29807812	-8.046912	0.8391677	45.555
1.2808979	-7.4806833	-0.29688102	45.6
-0.20590134	-6.420052	0.4141969	45.65
0.5566519	-7.062895	-0.05267244	45.7
1.1336545	-5.861006	-1.3575124	45.76
-0.19632454	-6.483498	-0.7445967	45.79
0.034715924	-7.323863	-7.5572977	45.859
-19.612701	-3.7122097	11.070788	45.92
11.490971	-8.647857	-3.0214825	45.94
-4.140772	-11.601105	-1.4053963	46.0
-0.36870706	-10.1226845	-1.1971009	46.05
-0.770933	-11.009736	0.60812724	46.1
0.47046062	-11.555614	1.2066777	46.11
6.8905125	-6.585252	0.31124622	46.197
0.62847793	-9.988609	-3.3746274	46.25
-2.1894975	-4.3598413	-4.31076	46.3
-2.767697	-14.780604	0.5279215	46.35
-1.5981296	-14.537593	-3.110068	46.4
0.6536171	-12.167333	-0.016759412	46.45
-0.7673417	-10.253169	-2.0745757	46.522
0.62608373	-6.695385	-2.15957	46.548
-3.6834793	-5.911284	-2.6910827	46.59
-1.6807296	-4.380192	0.9923966	46.65
2.2780828	-9.944317	1.6543933	46.701
-4.0066967	-14.775816	3.6152446	46.75
0.8379706	-17.120935	-0.8487445	46.815
-0.14724341	-9.576807	0.1340753	46.87
-6.483498	-8.644265	-4.1599255	46.9
-5.7664347	-11.374852	-3.678691	46.95
-2.1164744	-8.797494	-1.1827357	46.99
-1.9357121	-4.313154	-0.6859388	47.058
-3.3794158	-5.3462524	-1.9153614	47.115
-0.46447513	-6.135142	-1.1839328	47.13
-0.46447513	-6.135142	-1.1839328	47.13
1.3611037	-13.116634	3.2190042	47.25
-1.982399	-10.304645	2.9005754	47.3
0.7338228	-14.784196	-2.303222	47.35
-2.3523033	-15.387534	-3.5338416	47.41
-4.361038	-15.188815	-0.9552865	47.448
-0.47644615	-10.673351	-0.7469909	47.49
0.5422867	-4.0557775	0.35314476	47.55
-0.29209262	-3.1986535	0.63087213	47.6
0.023942016	-5.5844755	0.5542577	47.64
-0.51834464	-9.877279	0.9935937	47.7
-2.1883004	-11.724405	3.3291376	47.74
-0.25977087	-14.25388	1.0606314	47.8
-9.120711	-16.628927	-2.7688942	47.85
1.1073183	-7.678205	-2.6599581	47.9
-5.070919	-10.461464	-0.04309563	47.95
-3.0238767	-4.179079	-0.062249243	48.0
-0.7290344	-4.891354	0.770933	48.06
-0.1376666	-7.181408	-0.80325466	48.1
0.16160862	-7.6841903	0.11851298	48.13
0.16160862	-7.6841903	0.11851298	48.13
0.25019407	-9.923966	3.0621839	48.246
1.5107412	-9.361329	4.6686935	48.3
4.5202527	-15.84363	-9.605537	48.35
-7.4962454	-18.231846	-6.977901	48.39
3.3877954	-12.389994	-0.11372458	48.45
2.6994624	-5.543774	1.2234371	48.5
-1.8219875	-1.6555905	0.6488287	48.54
-1.0606314	-7.6614456	-0.7433996	48.62
-0.92655605	-9.503783	-0.8822633	48.633
-2.408567	-11.962628	1.9069817	48.69
3.0909145	-8.588001	4.045004	48.75
-1.6017209	-13.868413	-4.1946416	48.8
-11.565191	-5.0900726	0.7721301	48.86
3.0909145	-7.025785	-1.5466543	48.9
-3.6152446	-12.006922	-1.8315643	48.93
1.7764976	-7.2628107	1.1001357	49.0
-2.469619	-5.8119245	-0.025139118	49.05
0.47285482	-6.779182	0.05746084	49.1
0.7254431	-7.771579	0.089782566	49.13
0.29688102	-9.343372	-0.01436521	49.197
-0.06584055	-11.171345	4.1814733	49.25
3.122039	-9.360131	5.081693	49.301
1.6675615	-11.585542	-2.5258827	49.341
-2.2349873	-17.00362	-6.4188547	49.4
-3.4320881	-13.648147	1.496376	49.447
0.9888053	-8.395268	-0.14963761	49.504
0.8846575	-5.246893	-0.41180268	49.55
-1.9381063	-5.48751	-0.02873042	49.613
-0.23104046	-7.9068513	0.5506664	49.673
-2.1811178	-10.559627	-0.770933	49.7
0.053869538	-9.691729	4.735731	49.75
0.5674258	-10.647015	4.554969	49.785
-0.78769237	-13.323732	-4.7907977	49.833
-2.8682537	-4.284424	2.5809495	49.9
-3.004723	-11.856087	-0.21308395	49.95
-6.766014	-8.219295	1.6460136	50.0
3.21661	-7.313089	0.31603462	50.054
-1.6041151	-6.649895	0.79008657	50.1
-0.23822308	-7.7967176	0.50637364	50.13
-0.23822308	-7.7967176	0.50637364	50.13
0.2813187	-9.23683	2.3247697	50.25
2.2254105	-11.833342	3.6248214	50.3
0.748188	-13.174095	-6.8545995	50.4
-1.9237411	-13.174095	-6.8545995	50.4
-2.0362685	-14.4454155	0.10534488	50.45
1.0690111	-12.077551	-1.0390835	50.5
0.676362	-5.8358665	1.5729905	50.55
-0.93134445	-4.997896	0.37469256	50.6
-0.7445967	-5.831078	0.2645593	50.64
-0.91219085	-7.823054	1.9656396	50.7
-0.37469256	-9.655815	1.8219875	50.74
2.1942859	-7.93199	3.4129345	50.8
-6.290765	-14.081497	-7.4854717	50.85
-8.692149	-10.313024	-4.6962266	50.9
-5.686229	-8.789114	2.123657	50.96
-4.6686935	-11.153389	-0.16280572	51.0
1.4784195	-8.608353	0.5386954	51.05
-2.6719291	-8.1319065	-0.107739076	51.091
-1.9788077	-10.113108	-0.9564836	51.13
-0.07062895	-4.3418846	0.17238252	51.2
2.942474	-4.122815	-1.6136919	51.24
2.8191724	-3.764882	-1.1133038	51.291
-0.30765492	-19.6133	0.7757214	51.35
-3.881001	-18.016367	-6.3470287	51.4
-3.9264908	-11.811794	-2.2278047	51.44
-2.7736826	-7.884106	-0.08140286	51.5
-1.9656396	-6.8486137	0.4309563	51.54
-2.6623523	-8.072051	-0.17717093	51.6
-0.6584055	-9.379285	0.06464344	51.65
-0.47165772	-7.6602483	2.336741	51.7
-1.2126632	-8.807071	2.5821466	51.75
-3.3051953	-10.657789	3.7684734	51.8
-5.0601454	-9.545682	4.6710877	51.851
-3.1519666	-8.578424	-0.6667852	51.895
-4.7860093	-10.132261	-4.6471453	51.95
-5.1822495	-11.759122	-1.3934253	52.0
1.365892	-11.386824	-0.46327803	52.04
-0.94570965	-7.5309615	0.59376204	52.1
-0.2801216	-8.250419	0.37948096	52.13
-0.2801216	-8.250419	0.37948096	52.13
0.8535329	-8.015787	2.4827871	52.248
1.4796166	-10.364499	3.6774938	52.29
-0.82719666	-10.712855	4.122815	52.348
-0.92895025	-14.383166	-4.1802764	52.403
-4.602853	-12.4702	-4.0773253	52.447
1.9440918	-14.273033	0.8834604	52.5
-0.7637503	-10.280702	-0.092176765	52.55
-0.08499416	-6.355408	0.37469256	52.603
-0.4441244	-4.039018	0.62368953	52.64
-1.1264719	-5.7760115	1.9416976	52.7
0.78290397	-7.2747817	2.1871033	52.75
-1.5095441	-9.81503	3.6595373	52.81
1.3742718	-13.956999	4.3023806	52.85
-5.011064	-15.871163	2.3199813	52.899
-0.9624691	-8.189367	-1.4317327	52.95
-6.4583592	-12.941857	-2.6982653	52.99
-4.8386817	-7.988254	1.1408371	53.05
0.79607207	-6.7480574	-0.049081136	53.091
0.09935937	-4.9045224	-0.15562311	53.134
0.09935937	-4.9045224	-0.15562311	53.134
-0.7206547	-8.847773	1.7046716	53.26
-0.30286652	-9.709685	2.2002714	53.28
-0.08619126	-11.198878	2.5833437	53.35
-1.3323733	-9.431957	1.3395559	53.389
-1.6412252	-19.6133	-8.98903	53.45
-3.8857894	-10.864887	4.23654	53.491
4.3897686	-11.303026	0.5398925	53.55
0.7721301	-6.1183825	-0.017956512	53.604
-0.8451532	-4.96318	0.62249243	53.65
-0.19632454	-5.6790466	1.4736311	53.69
0.18315643	-8.016984	0.37349546	53.75
-1.5071499	-9.041702	2.5905263	53.8
0.2765303	-14.016854	-7.487866	53.89
-2.457648	-14.016854	-7.487866	53.89
-7.9930425	-9.68694	0.61530983	53.95
4.4544125	-13.424289	-2.4588451	54.0
-9.645041	-9.441534	-1.3754689	54.06
1.0259154	-7.2484455	0.044292733	54.1
0.90740246	-6.2524576	0.82121116	54.13
0.90740246	-7.445967	0.2669535	54.21
0.60094464	-6.591237	1.6579847	54.24
1.2018893	-8.09719	2.005144	54.3
3.9911342	-11.938686	2.621651	54.354
-0.40581718	-11.7064495	2.0853498	54.39
-2.3930047	-14.313735	-7.7081323	54.433
-5.650316	-11.87524	3.582923	54.5
6.125565	-12.1840925	-0.10654198	54.54
0.3890578	-8.003817	0.06823475	54.601
-1.6112977	-7.1143703	0.33518824	54.631
-0.7445967	-5.6826377	1.3910311	54.7
0.021547815	-9.084799	0.8463503	54.76
-1.9416976	-6.941988	3.1495724	54.8
0.8702923	-10.387244	4.344279	54.85
-2.755726	-19.6133	-8.480263	54.9
-8.300697	-5.920861	-0.05865794	54.97
0.34117374	-13.913903	-2.112883	55.0
-9.220071	-9.635465	0.02873042	55.05
0.32920274	-10.573992	-0.48003745	55.09
-1.411382	-6.8426285	-1.1671734	55.13
-1.411382	-6.8426285	-1.1671734	55.13
0.3842694	-5.627571	0.3196259	55.25
0.12449849	-1.1947067	-3.8367083	55.3
2.0087352	-0.81402856	0.7637503	55.341
-2.1799207	-13.296199	2.030283	55.38
-10.096349	-19.6133	-1.6783354	55.44
-6.6510925	-13.18008	0.2753332	55.5
-6.029797	-12.723985	-0.89782566	55.536
-0.021547815	-7.9032598	1.2066777	55.6
0.079008654	-7.7213006	0.19632454	55.651
-3.5458126	-7.0593038	-0.8559271	55.7
-4.197036	-9.200917	-1.827973	55.75
-4.3287168	-8.546103	-1.2306197	55.8
-1.8794483	-7.904457	-0.2741361	55.846
-2.4851813	-6.861782	0.8726865	55.9
-3.072958	-8.202535	4.355053	55.95
-3.2980127	-10.33098	6.9024835	56.0
-1.8387469	-11.631032	3.4009635	56.04
-9.356541	-12.75511	-0.16998832	56.092
0.14724341	-7.1969705	-3.7205894	56.14
-0.22505496	-12.981361	-5.877765	56.19
-0.8846575	-7.1790137	-4.6471453	56.25
1.3455414	-8.524555	-2.2948422	56.29
0.40701428	-6.625953	-1.0378864	56.35
-0.49440265	-8.228871	-0.5770026	56.401
-0.51235914	-8.881291	-0.22744916	56.43
0.09935937	-9.709685	2.4432828	56.5
1.3251907	-11.988965	3.8965633	56.55
0.23343466	-11.343728	4.620809	56.6
0.92057055	-7.9846625	-3.4117374	56.65
3.4021606	-15.610195	0.5602432	56.7
-6.26802	-12.741941	2.504335	56.74
0.80205756	-12.324153	-0.2801216	56.795
-1.0869676	-8.021772	1.389834	56.84
-1.0043676	-5.993884	1.6364368	56.9
0.60693014	-6.135142	2.0685902	56.94
0.32202014	-4.619612	1.2725182	56.99
-2.0590134	-7.098808	2.3475149	57.04
-0.22146365	-12.073959	1.0845734	57.102
0.61770403	-14.05995	3.05141	57.14
0.61770403	-14.05995	3.05141	57.14
-2.4157495	-12.121843	-0.61171854	57.25
-4.256891	-11.560403	0.6799533	57.3
-0.80564886	-9.030929	2.956839	57.34
-0.8379706	-4.9344497	-0.04309563	57.4
-1.1168951	-5.741296	0.36152446	57.45
-0.51954174	-6.7324953	2.4504654	57.5
0.46686932	-9.324219	2.6396074	57.541
0.7745243	-10.479421	2.8790276	57.588
0.7326257	-12.893973	1.6364368	57.65
-2.4061728	-14.909891	-3.550601	57.7
-5.261258	-9.944317	4.3658266	57.74
1.151611	-12.719196	2.6168625	57.8
1.0450691	-9.900024	1.0402806	57.84
-1.79206	-5.058948	2.2888567	57.89
-1.0043676	-6.4416	1.5191209	57.95
-0.1328782	-7.2005615	2.087744	58.0
-0.7278373	-8.91481	3.5673606	58.05
-1.4305356	-7.8888946	4.296395	58.1
-0.9876082	-11.098322	5.4863133	58.14
-0.9876082	-11.098322	5.4863133	58.14
-1.7836803	-9.337387	0.9864111	58.265
-3.2369606	-11.048044	0.10534488	58.322
-2.3139958	-9.557653	1.0666169	58.354
-1.6891093	-7.7608047	1.6160861	58.39
-1.1073183	-5.8215013	1.0354922	58.441
-0.5793968	-6.839037	1.9261353	58.489
-0.110133275	-9.57561	2.3535004	58.55
0.2657564	-8.801085	2.4744074	58.602
-0.59615624	-10.636241	3.727772	58.64
2.042254	-12.4869585	2.9257145	58.7
-0.17597382	-11.732785	-5.693412	58.752
0.30885202	-9.181764	5.66947	58.8
2.883816	-14.654908	-0.7697359	58.84
0.15682021	-9.834184	1.4664485	58.9
1.8507179	-7.7560163	0.11372458	58.95
0.17238252	-6.3003416	-0.80325466	58.988
-0.6356605	-6.849811	0.5686229	59.05
-0.30526072	-8.432379	1.2090719	59.08
-2.9963434	-9.994595	1.745373	59.14
0.9959879	-9.566033	3.4320881	59.2
-1.3706805	-17.517178	-2.0254946	59.25
-1.1540052	-8.091205	-1.9680338	59.313
-4.548983	-11.215638	-2.1883004	59.36
-3.6631286	-11.587936	1.673547	59.382
-1.484405	-8.128315	1.9369092	59.45
-0.8810662	-5.99149	0.5279215	59.5
-2.9400797	-7.089231	0.39025488	59.54
-2.087744	-10.170568	0.80205756	59.6
1.1779473	-5.878962	-1.8471266	59.65
1.115698	-11.292253	7.041347	59.728
0.2633622	-11.292253	7.041347	59.728
-3.5913026	-13.451822	4.0414124	59.801
-0.93852705	-9.063251	5.0996494	59.86
-0.8319851	-7.5668745	4.4017396	59.904
-1.8016368	-6.003461	3.8869865	59.94
-2.5941176	-4.799177	1.377863	60.0
-1.6112977	-6.787562	1.0175357	60.06
-0.39983168	-7.9571295	2.3798366	60.1
-1.3623008	-18.359936	0.51355624	60.142
-1.3730747	-9.465476	-1.389834	60.187
2.4851813	-12.583924	3.5338416	60.25
-0.91937345	-8.008605	1.4951789	60.3
0.4309563	-9.38168	0.62488663	60.35
-0.7517793	-9.6845455	1.1097125	60.4
0.22146365	-10.013748	0.8607155	60.44
-0.1376666	-9.606734	2.2038627	60.531
-0.5422867	-9.606734	2.2038627	60.552
0.11492168	-9.427169	2.0266917	60.6
-0.4417302	-9.001001	2.6120741	60.65
-0.49081135	-9.629479	2.5067291	60.7
0.6464345	-10.09994	2.741361	60.74
-0.8643068	-9.23683	2.6635494	60.8
-1.2198458	-9.016563	2.885013	60.84
-0.19153613	-9.24521	2.885013	60.895
-0.48961425	-9.964667	2.932897	60.95
-0.076614454	-8.774749	2.6204538	60.99
-0.40222588	-10.1226845	3.1543608	61.04
-0.30765492	-8.277952	2.4516625	61.1
-0.7290344	-8.086416	4.8015714	61.13
-0.7290344	-8.086416	4.8015714	61.13
-0.6607997	-10.170568	2.3343468	61.25
-0.1448492	-9.613917	2.3187842	61.3
-0.272939	-9.059659	2.0494366	61.35
-0.15442601	-8.954314	2.055422	61.4
-1.2114661	-9.524135	1.9979613	61.461
-0.3854665	-9.263166	2.1559787	61.5
-1.0546459	-10.423157	1.8363527	61.55
-0.79726917	-8.356961	2.2050598	61.591
-1.2689269	-9.734824	2.195483	61.646
-1.1563994	-9.269152	2.814384	61.7
-0.9672575	-9.144653	2.5378537	61.741
-1.5263035	-9.537302	1.9955671	61.801
