0.0	0.0	0.0	0.0
0.0	0.0	0.0	0.0
0.0	0.0	0.0	0.0
0.0	0.0	0.0	0.0
4.92607	0.8523358	8.425196	0.194
5.117606	0.8607155	8.435969	0.243
5.0362034	0.79726917	8.170214	0.294
5.2361193	0.7457938	8.330625	0.344
5.044583	0.6919243	8.421604	0.394
4.8638206	0.8319851	8.412027	0.435
4.8841715	0.81761986	8.461109	0.493
4.97156	0.78290397	8.447941	0.543
5.0122614	0.7721301	8.238448	0.593
5.0493712	0.8655039	8.537724	0.642
4.945224	0.7757214	8.380903	0.693
5.069722	0.82121116	8.273164	0.733
5.0182467	0.93134445	8.455123	0.794
4.8961425	0.9636662	8.596381	0.843
4.9464207	0.85473	8.372523	0.873
4.820725	0.8834604	8.560468	0.917
4.820725	0.8834604	8.560468	0.917
5.183447	0.7769185	8.525752	1.043
5.4288526	0.59017074	8.267179	1.093
5.2049947	0.8331822	8.453926	1.154
4.921282	0.7194576	8.228871	1.204
4.253299	1.2150574	8.504205	1.243
4.9907136	0.92416185	8.834604	1.293
4.4795513	0.78170687	8.63828	1.345
4.2820296	1.091756	8.48146	1.403
4.413711	1.1947067	8.819042	1.454
4.7381253	1.2425907	8.789114	1.494
4.4556093	1.2030864	8.632295	1.534
4.3478703	1.1911154	8.899248	1.593
3.9025488	0.9552865	8.839393	1.653
3.4105403	0.9516952	8.7951	1.703
3.1663318	0.7206547	8.63828	1.743
2.72939	1.0223241	8.882488	1.793
3.9683893	1.1851299	9.437943	1.853
3.3039982	1.2797008	8.876503	1.909
3.3039982	1.2797008	8.876503	1.909
3.3039982	1.2797008	8.876503	1.909
3.9600096	0.79008657	8.992621	2.045
4.23654	1.1168951	8.926781	2.095
4.2461166	1.1923125	8.825027	2.134
4.176685	1.2294226	8.842984	2.201
4.0545807	1.4796166	8.974665	2.245
4.3885717	0.724246	8.947132	2.295
4.373009	0.62249243	8.725668	2.35
4.325125	0.7625532	8.911219	2.384
4.449624	0.79966336	8.828619	2.445
4.1706996	0.9864111	8.6334915	2.495
3.8355112	0.830788	8.585608	2.532
4.4699745	0.30047232	8.809465	2.599
4.3754034	0.9696517	8.7292595	2.653
4.7285485	1.0175357	8.756793	2.694
5.627571	0.49679685	8.969876	2.733
4.4963107	-0.33039984	8.416816	2.794
4.3658266	0.015562311	8.614338	2.834
3.9240966	0.41299978	8.347384	2.894
4.8398786	0.6727707	8.72088	2.933
4.795586	1.0007763	8.365341	2.994
5.708974	1.0103531	8.523358	3.044
5.4025164	0.92296475	8.520964	3.093
5.3821654	0.4357447	8.377312	3.161
5.6347537	0.7685388	8.23366	3.194
5.249287	0.4141969	7.872135	3.235
5.141548	0.5291186	8.118738	3.294
5.7628436	0.5482722	8.64666	3.333
4.542998	0.50397944	8.402451	3.394
4.156334	0.7697359	8.376115	3.433
4.7165775	0.7493851	8.503007	3.504
4.948815	0.6440403	8.4587145	3.533
5.6467247	0.4141969	8.747216	3.584
4.394557	0.7398083	7.466318	3.654
4.751293	0.7230489	8.231265	3.694
4.9907136	0.9552865	8.72088	3.744
4.734534	1.0019734	8.48146	3.834
4.939238	0.81761986	8.497022	3.854
5.068525	0.62608373	7.988254	3.894
5.5222263	0.5781997	8.087613	3.934
5.5222263	0.5781997	8.087613	3.934
5.685032	0.63206923	8.025364	4.054
6.3901243	0.61291564	8.045714	4.088
6.143522	0.81642276	7.6614456	4.144
6.1662664	0.5434838	7.809886	4.195
5.647922	0.5327099	7.6123643	4.245
5.7377043	0.58298814	8.058883	4.298
5.829881	1.1133038	8.026561	4.344
6.0166287	0.90740246	8.1642275	4.404
5.3594203	0.47165772	7.6650367	4.447
5.9567738	1.1348516	8.34499	4.486
5.898116	0.107739076	7.41604	4.544
5.6419363	0.29688102	7.7548194	4.604
5.90889	0.5506664	7.896077	4.664
5.3737855	0.6907272	7.917625	4.694
5.469554	0.5327099	7.845799	4.734
5.6802435	0.24420857	7.3753386	4.794
6.0836663	0.45609543	7.813477	4.834
6.8557963	0.30765492	6.870162	4.894
6.730101	0.56982	7.0449386	4.944
6.730101	0.56982	7.0449386	4.944
7.321469	0.15442601	6.64391	5.044
7.7332716	-0.029927522	6.3470287	5.094
7.7332716	-0.17238252	6.233304	5.144
7.811083	0.035913024	6.0022635	5.204
7.5584946	-0.075417355	5.997475	5.229
7.7548194	-0.16400282	6.1890116	5.294
7.7943234	-0.033518825	6.0980315	5.343
7.526173	-0.051475335	6.1411276	5.393
7.4842744	-0.31483752	6.3206925	5.451
7.392098	-0.17118542	6.3218894	5.494
7.3729444	-0.061052144	6.4284315	5.545
7.3657618	0.005985504	6.531382	5.594
7.289147	-0.090979666	6.355408	5.646
7.398083	-0.02633622	6.408081	5.684
7.345411	-0.005985504	6.5577183	5.743
7.216124	-0.12090719	6.5337763	5.807
7.4327993	-0.051475335	6.482301	5.847
7.1502833	0.08259996	6.5505357	5.893
7.45315	0.16639702	6.4727244	5.943
7.45315	0.19632454	6.539762	6.004
7.1502833	0.21308395	6.657078	6.043
7.207744	0.22026655	6.799533	6.134
6.8127007	0.2765303	6.8067155	6.148
6.685808	0.34955344	6.8929067	6.193
6.7253127	0.44771573	6.9958572	6.243
6.721721	0.6392518	7.117962	6.293
6.8905125	0.37229836	7.189788	6.354
6.908469	0.4333505	7.16824	6.393
6.564901	0.7254431	7.267599	6.474
6.4631476	0.7769185	7.349002	6.495
6.315904	0.7433996	7.4842744	6.543
6.397307	0.7194576	7.586028	6.593
6.0381765	0.7170634	7.548918	6.633
5.9759274	0.7386112	7.4495587	6.693
6.133945	0.8391677	7.989451	6.743
7.0066314	0.9576807	7.7847466	6.793
5.7041855	0.80445176	7.5321584	6.853
5.839458	0.80564886	7.867347	6.894
5.1798553	0.88944596	8.008605	6.94
5.2516813	1.2042835	7.8182654	6.993
5.0038815	0.32441434	7.952341	7.046
5.01705	0.92655605	8.297106	7.104
6.0022635	1.3335704	9.078813	7.154
4.5166616	0.50876784	6.930017	7.199
5.3139305	0.4321534	7.949947	7.254
7.2807674	1.1587936	9.249998	7.293
5.651513	0.82360536	7.860164	7.353
5.731719	0.9516952	7.751228	7.394
4.507085	0.7134721	7.703344	7.443
5.1583076	0.7074866	8.342596	7.493
5.234922	0.7278373	8.793902	7.543
5.237316	0.78050977	8.185776	7.597
5.29358	0.9528923	8.210915	7.644
5.4085016	0.8643068	7.952341	7.694
5.5246205	0.7553706	7.9236107	7.743
5.209783	0.56982	8.6334915	7.804
6.1530986	0.78050977	8.589199	7.838
5.8562174	1.0881647	8.520964	7.869
5.270835	1.0510546	8.076839	7.954
5.032612	1.0510546	8.076839	7.954
5.0613422	1.0737995	8.6813755	8.084
5.199009	1.1348516	8.620323	8.098
5.1810527	1.2473791	8.676587	8.154
5.321113	1.5478514	8.475474	8.194
5.3642087	1.42455	8.378509	8.244
4.074931	0.8750807	8.329428	8.294
3.369839	0.9911995	8.6299	8.344
3.5565867	1.2892777	8.920795	8.394
2.967613	0.842759	8.708909	8.46
4.7644615	0.8391677	9.022549	8.518
4.9883194	1.067814	8.828619	8.554
4.8494554	0.8295909	8.823831	8.594
4.4580035	1.2653356	9.064447	8.639
4.010288	1.4640543	9.00579	8.696
3.5051112	1.3000516	9.216479	8.744
2.3690627	2.148796	8.678981	8.784
3.0813377	0.81283146	9.087193	8.834
2.5797524	1.8183962	9.057265	8.894
3.4404678	1.2473791	9.188946	8.956
3.6032736	1.2294226	9.394848	9.035
3.1411927	1.4137762	9.314642	9.054
2.8909986	1.4903905	9.434352	9.094
2.7018566	1.5095441	9.472659	9.144
2.3930047	1.8567034	9.609129	9.194
2.0745757	1.6160861	9.7084875	9.264
2.5713725	1.5382746	10.248381	9.286
1.5610195	1.508347	10.358514	9.344
1.3227965	1.6711528	10.067618	9.394
1.9764135	1.1755531	9.604341	9.444
0.9768343	1.2988545	9.586384	9.494
-0.077811554	1.1947067	8.905233	9.544
-0.5602432	1.388637	9.194932	9.594
-1.1180922	1.0582372	10.116699	9.646
-1.8136078	1.127669	9.763555	9.694
-2.2110453	0.80086046	10.392033	9.744
-1.5346833	0.5614403	9.664195	9.794
-2.0087352	0.6691794	9.405622	9.854
-1.9213469	0.3842694	9.488221	9.894
-2.2972364	0.2777274	8.750807	9.954
-2.5079262	0.2777274	9.063251	10.029
-2.8622682	0.17357962	9.909601	10.085
-2.3187842	0.11133038	9.825804	10.1
-2.3187842	-0.08619126	9.368511	10.134
-2.1511903	0.2825158	9.543288	10.211
-1.99437	0.2753332	9.214086	10.254
-2.005144	0.25139117	9.405622	10.294
-1.8064252	0.32321724	9.855731	10.344
-1.5622166	0.3172317	9.382876	10.383
-1.0175357	-0.035913024	9.175778	10.446
-0.93732995	-0.0023942017	9.938332	10.484
-1.2282255	0.10534488	10.350134	10.524
-1.1432313	0.16400282	10.081984	10.604
-0.91937345	0.1316811	9.797073	10.635
-0.24061728	0.50757074	9.591172	10.694
0.15562311	0.4441244	9.840169	10.744
0.4261679	0.6931214	9.996989	10.798
0.7170634	0.7517793	9.938332	10.845
0.736217	0.7015011	9.921572	10.884
1.3862427	0.7398083	10.044873	10.954
1.496376	0.7398083	10.044873	10.954
1.4856021	0.6572084	9.871294	11.035
1.4293385	0.38307226	9.734824	11.094
1.1468226	0.33279404	9.4535055	11.144
0.9828198	0.19512744	9.124303	11.224
1.5813702	0.24420857	9.568427	11.246
1.6927006	0.31603462	9.722853	11.294
2.4708161	0.51116204	10.21127	11.344
3.2094274	0.19033903	8.860941	11.394
3.1651347	0.18435353	9.244013	11.434
3.2585084	1.1971009	9.7863	11.505
3.8127663	0.7661445	9.240421	11.534
3.2860417	0.688333	9.222465	11.599
3.240552	0.6787562	9.340978	11.645
2.9520507	0.44891283	9.334992	11.696
3.4021606	0.5554548	9.457097	11.744
3.1675289	0.91338795	9.394848	11.815
3.064578	0.6344634	9.174581	11.846
3.2692823	0.4249708	9.294291	11.904
3.2992098	0.6584055	9.149442	11.944
3.2453403	0.7110779	9.153033	11.956
3.764882	0.5518635	9.369708	12.044
4.2425256	0.59974754	9.585187	12.094
4.6232033	1.2413936	9.44752	12.134
3.417723	0.7637503	8.553286	12.194
3.7493198	1.1192893	9.115923	12.244
3.4691982	0.7290344	8.567651	12.304
2.9747956	0.48961425	8.467094	12.345
3.7134068	0.4441244	9.345766	12.384
3.454833	0.4357447	8.801085	12.444
4.1802764	0.8619126	9.038112	12.494
5.5150437	0.89782566	8.610746	12.544
5.4623713	0.93373865	8.091205	12.604
5.197812	0.82121116	7.8446016	12.644
5.3522377	0.7074866	7.8529816	12.685
4.4723687	-0.30406362	7.0102224	12.724
5.910087	0.9959879	8.409634	12.794
5.744887	0.29927522	8.214506	12.846
6.4583592	0.45130703	7.6614456	12.894
7.2340803	0.39863458	7.041347	12.954
6.518214	-0.021547815	6.739678	12.994
7.881712	0.22146365	6.882133	13.044
7.253234	-0.10654198	6.791153	13.105
6.9611416	-0.010773907	7.016208	13.175
6.6103907	0.015562311	7.07726	13.198
6.615179	0.2885013	7.1861963	13.246
6.6774287	-0.16280572	6.95755	13.296
7.1730285	-0.533907	6.943185	13.339
6.8438253	-0.11731588	7.0664864	13.394
6.9503675	0.077811554	7.1586633	13.434
6.554127	0.02633622	7.183802	13.498
6.4858923	-0.008379706	7.1155677	13.554
6.817489	0.027533319	7.144298	13.607
6.364985	-0.05626374	6.9647326	13.645
6.7229185	0.17118542	7.6614456	13.705
6.349423	0.04070143	7.3226657	13.744
6.815095	0.32441434	7.2460513	13.794
6.7600284	0.1448492	7.2460513	13.848
6.622362	0.39384618	7.074866	13.9
6.491878	0.24899697	7.36217	13.946
6.491878	0.24899697	7.36217	13.946
6.5445504	0.2825158	7.335834	14.044
6.5325794	0.06464344	7.3166804	14.105
6.5864487	0.51714754	7.2328835	14.144
6.587646	0.46926352	7.321469	14.198
6.3111157	0.30765492	7.3286514	14.234
6.2823853	0.31603462	7.4268136	14.294
6.2967505	0.23223756	7.445967	14.338
6.191406	0.36511576	7.5944076	14.404
6.179435	0.44891283	7.61835	14.454
6.211756	0.60453594	7.5213847	14.494
6.2129536	0.41060558	7.4268136	14.554
6.3901243	0.46447513	7.6829934	14.614
6.894104	0.7745243	7.541735	14.675
5.5760956	0.62967503	7.3765354	14.688
5.5880666	0.19273324	7.8086886	14.744
5.129577	0.641646	8.080431	14.797
5.422867	0.8846575	8.149862	14.85
5.9627595	0.8714894	8.304289	14.894
6.14831	0.7098808	8.335413	14.956
6.1985884	0.7661445	8.048109	15.055
5.0493712	0.80445176	8.073248	15.055
4.745308	0.7589619	8.285135	15.084
4.0258503	1.210269	8.961497	15.166
3.8989575	1.2413936	9.446322	15.224
3.9504328	1.1803415	9.379285	15.235
3.1016884	0.94211835	9.084799	15.294
2.717419	0.5674258	8.92319	15.354
2.2637177	0.50876784	8.947132	15.398
2.4349031	0.39264908	9.421184	15.455
2.7341783	0.3878607	9.43076	15.494
3.3399115	0.44651863	9.127894	15.544
3.632004	0.48602295	9.370906	15.584
3.903746	0.36631286	9.022549	15.644
3.822343	1.0187328	9.072827	15.694
3.6379895	1.0187328	9.00579	15.775
3.6092591	1.103727	8.905233	15.794
4.047398	1.0115502	9.222465	15.844
4.1240125	0.79966336	9.295488	15.894
3.843891	0.5781997	8.9519205	15.954
3.7840357	0.5446809	8.919599	15.965
3.7936125	0.62488663	9.045294	16.044
3.807978	0.6775591	9.018958	16.094
3.727772	0.78529817	8.961497	16.144
3.8163576	0.842759	9.105149	16.194
3.8367083	0.6584055	9.15423	16.234
3.930082	0.8690952	9.087193	16.304
3.8965633	0.7613561	8.775947	16.344
3.9121256	1.0127473	8.977059	16.395
4.0282445	1.0223241	9.068039	16.446
4.0916905	1.0570401	9.360131	16.494
3.954024	0.997185	8.832211	16.545
3.669114	1.127669	8.884883	16.594
3.3542767	0.62488663	8.535329	16.644
3.2573113	0.6739678	8.876503	16.701
3.655946	0.48482585	8.880095	16.754
3.9588125	0.6607997	8.996213	16.794
4.984728	0.58777654	8.767567	16.844
4.663905	0.997185	8.309077	16.894
4.408922	0.7278373	7.904457	16.944
4.7536874	0.59735334	8.165425	16.964
4.7536874	0.59735334	8.165425	16.964
5.722142	0.4441244	8.106767	17.084
5.662287	-0.20470424	7.4148426	17.144
7.86615	-0.029927522	6.9240313	17.194
7.9750857	-0.4261679	6.453571	17.234
8.036138	-0.30047232	6.05733	17.284
7.541735	-0.36870706	5.603629	17.344
8.115147	-0.3878607	5.758055	17.394
8.2037325	-0.30526072	5.6060233	17.444
7.86615	-0.05267244	5.6982	17.494
8.048109	-0.0011971008	5.5605335	17.544
8.264784	-0.2705448	5.5868697	17.594
8.1558485	-0.61650693	5.5641246	17.644
8.06008	-0.88944596	5.647922	17.704
8.153454	-1.0354922	5.589264	17.735
7.7428484	-0.9600749	5.5042696	17.784
7.7488337	-0.46327803	5.8262897	17.854
7.9068513	-0.34715924	5.675455	17.91
8.033744	-0.23343466	5.8095303	17.934
8.197746	-0.39863458	5.6646814	18.007
7.8649526	-0.5805939	5.619191	18.044
7.8888946	-0.4321534	5.919664	18.098
7.6387005	-0.45968673	6.1770406	18.164
7.7799582	-0.33638534	6.55293	18.194
6.956353	-0.37948096	6.0860605	18.244
7.2831616	-0.1592144	6.4763155	18.295
7.1861963	0.016759412	6.6067996	18.344
7.2484455	0.016759412	6.7348895	18.404
6.992266	0.039504327	6.811504	18.446
6.363788	0.2896984	7.2029557	18.494
6.0681043	0.24301147	7.5070195	18.574
6.169858	0.2621651	7.529764	18.594
5.9687448	0.34955344	7.7009497	18.645
6.0884547	0.40222588	7.5213847	18.674
6.3458314	0.60812724	7.48188	18.744
6.229713	0.5662287	7.418434	18.794
6.64391	0.51355624	7.380127	18.855
6.4499793	0.7541735	7.5908165	18.894
6.2991447	0.91219085	7.6111674	18.954
6.2141504	0.7697359	7.6387005	18.968
6.951565	1.0905589	8.026561	19.045
6.695385	0.557849	8.145074	19.094
3.1830912	0.46567222	7.4268136	19.144
3.4703953	-0.32920274	7.789535	19.194
6.244078	0.5626374	8.277952	19.254
4.2054152	0.62847793	8.514978	19.296
4.8745947	1.1228806	8.704121	19.346
5.483919	0.7398083	9.150639	19.404
4.4125137	0.5279215	7.949947	19.434
3.728969	0.82360536	8.197746	19.492
6.5960255	1.2030864	9.333796	19.544
5.121197	0.49559975	8.562862	19.604
3.8642416	0.076614454	8.043321	19.644
3.0897174	0.4261679	8.759187	19.724
3.6942532	0.58777654	9.14226	19.754
3.7217865	0.6799533	9.179369	19.794
3.21661	1.3982137	9.084799	19.849
3.807978	1.0510546	8.985439	19.894
4.232949	0.700304	8.895657	19.954
4.5082817	0.7206547	8.836999	19.974
4.7321396	0.6631939	8.579621	20.044
4.775235	0.6943185	8.631097	20.11
4.8961425	0.8391677	8.562862	20.165
4.784812	0.91458505	8.508993	20.193
5.2852	1.1791444	8.755595	20.234
4.9320555	1.0462662	8.687361	20.284
4.6782703	1.1264719	8.78672	20.344
4.320337	0.8882488	8.893262	20.394
4.0078936	0.676362	8.78672	20.458
3.5218706	0.80445176	8.826224	20.497
3.4201171	0.7158663	8.926781	20.542
3.5206735	0.80205756	9.221268	20.594
3.0095115	1.0666169	8.962694	20.644
3.1986535	1.0079589	9.018958	20.684
3.5182793	1.0618285	8.969876	20.744
3.810372	1.103727	8.870518	20.794
3.942053	1.0450691	8.935161	20.844
4.0198646	1.1228806	8.878897	20.96
4.0617633	1.0654198	8.845378	20.967
4.095282	1.0654198	8.845378	20.967
4.146757	1.1911154	8.832211	21.044
4.1706996	1.0630256	8.821436	21.09
4.214992	0.94211835	8.810662	21.15
4.1144357	0.94092125	8.803479	21.204
4.1838675	0.9624691	8.6299	21.262
4.110844	0.93972415	8.568848	21.291
4.8542438	0.93493575	8.89805	21.344
4.5238442	1.0773908	8.90643	21.394
4.662708	0.6967127	8.608353	21.465
5.3007627	0.50158525	8.6095495	21.489
4.1359835	0.6619968	7.5764513	21.534
6.7588315	0.07182605	9.114726	21.604
5.6431336	-0.10175357	8.469488	21.644
4.9536033	-0.2789245	7.8422074	21.734
5.959168	-0.2789245	7.8422074	21.744
5.209783	0.1328782	7.8158712	21.794
5.4922986	-0.1448492	8.190564	21.844
5.3582234	0.10534488	8.221688	21.894
4.8745947	-0.12569559	8.479065	21.954
4.8817773	-0.15801731	8.438364	21.964
4.8817773	-0.37828386	8.3629465	22.085
5.189432	-0.37828386	8.3629465	22.085
5.482722	-0.25019407	7.9810715	22.145
5.3845596	-0.12330139	7.8386164	22.204
5.493496	0.21428105	8.264784	22.244
5.4982843	0.16400282	8.273164	22.294
5.409699	-0.079008654	8.534132	22.344
4.935647	0.016759412	8.394072	22.384
4.8039656	0.11851298	8.4347725	22.461
4.6375685	0.16759412	8.368932	22.494
5.0254292	0.32202014	8.403648	22.532
5.386954	0.12928689	8.282741	22.584
5.415684	-0.050278235	8.27077	22.645
5.3474493	0.05626374	8.2276745	22.694
5.3402667	0.18674773	8.274361	22.744
5.1702785	0.1316811	8.265982	22.81
5.187038	0.108936176	8.256405	22.844
5.105635	0.1604115	8.39886	22.9
5.104438	0.090979666	8.277952	22.934
5.1822495	0.1436521	8.535329	22.954
5.2145715	0.108936176	8.385692	23.045
5.1642933	0.12449849	8.257602	23.104
5.1798553	0.20111294	8.307879	23.144
5.2049947	0.18435353	8.34499	23.184
5.2061915	0.1412579	8.280347	23.245
5.1846437	0.11851298	8.334216	23.284
5.201403	0.14963761	8.316259	23.354
5.1607018	0.1340753	8.297106	23.404
5.21098	0.1400608	8.348581	23.444
5.209783	0.1604115	8.327033	23.484
5.243302	0.1364695	8.310274	23.554
5.2385135	0.12808979	8.37013	23.584
5.2145715	0.17836803	8.50181	23.649
5.103241	0.08020575	8.22528	23.694
5.2145715	0.092176765	8.452729	23.754
5.2145715	0.18435353	8.255207	23.804
5.1690817	0.21068975	8.273164	23.845
5.112818	0.15322891	8.457518	23.904
5.1559134	0.14724341	8.340201	23.954
5.100847	0.15203181	8.325836	23.974
5.100847	0.15203181	8.325836	23.974
5.16549	0.18794483	8.244433	24.087
5.257667	0.15083471	8.367735	24.154
5.080496	0.16759412	8.323442	24.204
5.094861	0.23343466	8.364143	24.254
5.1343656	0.25378537	8.384495	24.304
5.029021	0.260968	8.368932	24.349
5.0876784	0.2681506	8.36175	24.394
5.070919	0.029927522	8.152257	24.444
5.4204726	-0.18555063	8.441956	24.485
5.3079453	-0.18555063	8.190564	24.546
5.2875943	0.41299978	8.534132	24.594
5.756858	0.6380547	8.750807	24.651
5.130774	1.0283096	8.282741	24.695
5.4168816	0.6584055	8.3390045	24.744
5.1906295	0.6428431	8.572439	24.794
5.403713	0.91099375	9.81503	24.844
5.919664	1.1731589	9.49301	24.895
3.7684734	1.5933412	8.580819	24.935
4.003105	1.2844892	9.336189	24.974
2.3451207	1.3838485	9.551667	25.054
2.5103204	1.174356	9.2069025	25.094
2.2409728	1.0354922	8.771158	25.144
1.9835961	0.92895025	8.992621	25.194
1.7645266	0.80804306	9.606734	25.244
0.8451532	0.6655881	9.847352	25.285
-0.3866636	0.60214174	9.937134	25.339
-0.4213795	1.697489	9.811439	25.394
-0.35913026	1.5502456	10.316615	25.444
-0.34596214	0.37110126	7.0964136	25.494
-6.4368114	1.8076223	8.755595	25.544
-2.4983494	1.3359646	9.742006	25.594
-2.006341	1.4640543	9.234436	25.644
-0.9660604	1.3922282	9.603143	25.702
-0.06584055	1.0474633	9.986216	25.745
0.08020575	1.1432313	10.808623	25.797
0.12330139	1.3251907	10.594342	25.845
-0.8475474	0.6871359	9.022549	25.914
-2.3750482	0.044292733	8.237251	25.95
-2.5210943	0.005985504	8.075643	25.965
-3.5769374	0.94930094	9.598354	26.044
-2.3475149	0.62488663	10.3453455	26.104
-0.8798691	0.8451532	10.092757	26.144
-0.45968673	0.736217	9.537302	26.209
0.01436521	0.89064306	9.624691	26.259
0.81163436	0.6500258	9.599552	26.304
1.1935096	0.6488287	10.053253	26.354
1.1671734	0.62728083	10.205285	26.404
0.8762778	0.49200845	10.115502	26.434
0.724246	0.46567222	10.029311	26.496
0.6811504	0.641646	10.093954	26.554
0.5734113	0.51475334	9.829395	26.604
0.35793316	0.5638345	9.945514	26.654
0.09816227	0.5327099	9.988609	26.684
-0.12330139	0.36391866	9.991004	26.744
-0.062249243	0.19871874	9.619903	26.797
-0.16759412	0.18914193	9.904813	26.844
-0.039504327	0.08379706	9.8916445	26.904
0.10654198	0.094570965	9.80665	26.954
0.23702596	0.090979666	9.907207	26.974
0.2717419	0.11611878	9.768343	27.056
0.30885202	0.08619126	9.807847	27.094
0.39743748	0.08379706	9.932345	27.144
0.47405192	0.044292733	9.888053	27.194
0.45370123	0.009576807	9.90601	27.247
0.47764325	-0.061052144	9.9550905	27.308
0.47285482	-0.044292733	9.91439	27.344
0.5758055	-0.21667525	9.831789	27.394
0.46447513	-0.11851298	9.757569	27.445
0.38187516	-0.090979666	9.854534	27.492
0.31483752	-0.02633622	9.829395	27.544
0.29328972	0.046686932	9.961076	27.594
0.33279404	0.089782566	9.862914	27.654
0.3184288	0.20470424	9.866506	27.694
0.30765492	0.19991584	9.883265	27.745
0.3854665	0.12808979	9.885659	27.824
0.4201824	0.12569559	9.92636	27.838
0.272939	0.18195933	9.901221	27.905
0.24420857	0.17836803	9.928755	27.954
0.260968	0.17836803	9.928755	27.974
0.18794483	0.22744916	9.7803135	28.042
0.2741361	0.23343466	9.871294	28.094
0.2753332	0.22984336	9.82341	28.154
0.29807812	0.2885013	10.080787	28.194
0.36631286	0.22744916	9.770737	28.254
0.2837129	0.30166942	9.977836	28.294
0.35075054	0.25498247	9.898827	28.354
0.33039984	0.34117374	9.888053	28.434
0.24660277	0.34835634	9.888053	28.434
0.25617957	0.31364042	9.824607	28.484
0.24181437	0.29568392	9.90601	28.544
0.2717419	0.30166942	9.884461	28.604
0.25977087	0.30406362	9.862914	28.654
0.2908955	0.31603462	9.868899	28.694
0.2705448	0.34356794	9.885659	28.754
0.29209262	0.37708676	9.888053	28.824
0.29568392	0.35673606	9.862914	28.844
0.2837129	0.2873042	9.7803135	28.894
0.24779987	0.40342298	9.902418	28.948
0.30526072	0.33279404	9.719262	28.972
0.24301147	0.34237084	9.94312	29.044
0.2885013	0.34596214	9.79827	29.104
0.19033903	0.41180268	9.876082	29.165
0.21547815	0.4321534	9.969456	29.194
0.25498247	0.32800564	9.79827	29.244
0.2633622	0.36631286	9.964667	29.294
0.2801216	0.29688102	9.870096	29.324
0.2825158	0.3196259	9.864111	29.394
0.272939	0.3184288	9.859323	29.444
0.2861071	0.2765303	9.840169	29.494
0.30645782	0.2896984	9.877279	29.545
0.31244332	0.23223756	9.880871	29.599
0.3196259	0.20829555	9.882068	29.645
0.34715924	0.18794483	9.788693	29.694
0.24779987	0.21068975	9.91798	29.734
0.3184288	0.21428105	9.988609	29.794
0.48123455	0.31364042	10.06283	29.844
0.35553896	0.34596214	10.00896	29.894
0.35913026	0.40102878	9.842564	29.945
0.24420857	0.44651863	9.7803135	29.984
0.034715924	0.7074866	10.212467	30.046
-0.037110128	0.5638345	9.946711	30.094
-0.5805939	0.7637503	9.822212	30.144
-1.0187328	0.8762778	9.765948	30.184
-1.2856863	0.7649474	9.621099	30.244
-1.4568717	0.5315128	9.734824	30.312
-1.7932571	0.7290344	9.369708	30.365
-2.079364	0.7457938	9.607931	30.395
-1.8698715	0.5446809	9.434352	30.444
-1.9428947	0.8631097	9.561244	30.49
-1.5741876	0.78888947	9.8677025	30.546
-1.4209588	0.80086046	9.929952	30.594
-1.1492168	0.8535329	9.7863	30.664
-0.8463503	0.5734113	9.816227	30.724
-0.973243	0.5734113	9.816227	30.724
-0.676362	0.7098808	9.868899	30.794
-0.7529764	0.51595044	10.0748005	30.885
-0.29568392	0.47165772	9.916783	30.894
-0.5793968	0.427365	9.667787	30.944
-0.6572084	0.40581718	9.725247	30.984
-0.37588966	0.12330139	9.585187	31.044
-0.45848963	0.46926352	9.587581	31.096
-0.0023942017	0.31124622	9.788693	31.144
0.41060558	0.18195933	9.994595	31.194
0.58538234	0.4357447	10.267534	31.244
0.7410054	0.3854665	9.959879	31.284
0.51235914	0.6548142	9.920375	31.344
0.770933	0.7254431	9.922769	31.394
0.9516952	0.5650316	9.651027	31.442
0.7553706	0.58657944	9.974244	31.494
0.34237084	0.82240826	10.102334	31.544
0.29807812	0.62249243	10.007763	31.584
0.34476504	0.47165772	9.932345	31.648
0.6476316	0.4417302	9.554062	31.694
0.33279404	0.3172317	9.836577	31.746
0.16879122	0.16998832	9.609129	31.794
0.1400608	0.35913026	9.904813	31.834
0.21428105	0.34356794	9.828198	31.895
0.30526072	0.40581718	9.848549	31.944
0.4309563	0.33997664	9.903615	31.984
0.29807812	0.5470751	9.921572	32.05
0.39384618	0.37828386	9.834184	32.115
0.20709845	0.5363012	10.146626	32.154
0.36990416	0.40342298	9.788693	32.194
0.2705448	0.39863458	9.827001	32.255
0.25617957	0.46208093	10.016143	32.293
0.2645593	0.4345476	9.718064	32.344
0.33399114	0.5530606	9.758766	32.398
0.19273324	0.51355624	10.1226845	32.444
0.089782566	0.37349546	10.004171	32.494
-0.05626374	0.33399114	9.938332	32.544
-0.44771573	0.4321534	9.752781	32.594
-0.11971009	0.41299978	9.783905	32.654
-0.40940848	0.4237737	9.7719345	32.696
-0.21906945	0.45968673	9.82341	32.744
-0.2789245	0.40462008	9.731233	32.794
-0.16879122	0.36750996	9.8677025	32.848
-0.15562311	0.48003745	9.969456	32.894
-0.095768064	0.415394	9.696517	32.954
0.051475335	0.44771573	9.838972	32.984
0.051475335	0.415394	10.011354	33.066
0.1328782	0.4345476	9.757569	33.096
0.18674773	0.24061728	9.803059	33.154
0.20470424	0.62967503	9.999383	33.204
0.39025488	0.15682021	9.8437605	33.254
-0.4201824	0.4417302	9.895236	33.294
0.31004912	0.35434186	10.279505	33.344
0.33518824	0.5770026	10.648212	33.404
0.3184288	0.2861071	9.615114	33.447
-0.31364042	0.49440265	9.338584	33.484
-0.34356794	0.20829555	9.441534	33.544
-1.1623849	0.36990416	9.965864	33.62
-1.6950948	0.47046062	10.20289	33.635
-1.6759412	0.5351041	9.919178	33.694
-0.8559271	0.6739678	10.382456	33.746
-0.16998832	0.48722005	9.896433	33.795
-0.24181437	0.8463503	10.667366	33.834
-0.6536171	0.50757074	9.661801	33.894
-0.70509243	0.81402856	9.544485	33.959
-1.1599907	0.82360536	9.3733	33.984
-1.1599907	0.82360536	9.3733	33.984
-3.8414967	0.58897364	10.213664	34.094
0.7613561	0.079008654	10.703279	34.144
-0.21068975	0.06943185	9.864111	34.209
-0.62009823	0.34835634	10.081984	34.274
-0.47046062	0.44532153	10.060435	34.294
-0.7278373	0.724246	10.42196	34.354
-1.7286136	1.3323733	10.301053	34.394
-1.9740193	0.8283938	10.132261	34.454
-1.8974048	0.8295909	9.679757	34.494
-2.4732103	0.6979098	9.155427	34.554
-2.5462334	0.49559975	8.942344	34.615
-2.7126305	0.79846627	9.414001	34.649
-2.2768857	0.2777274	9.595961	34.702
-3.0921116	0.760159	9.750386	34.744
-2.6719291	0.5650316	9.406818	34.804
-3.2190042	0.65242	8.935161	34.844
-3.0310593	0.40581718	9.394848	34.904
-2.7724855	0.58538234	9.816227	34.954
-2.5893292	0.5626374	10.164583	34.984
-2.5893292	0.5626374	9.498995	35.104
-3.6834793	0.272939	9.498995	35.104
-4.1156325	0.5482722	9.706094	35.144
-3.702633	0.70509243	9.012972	35.194
-4.0258503	1.0319009	8.623915	35.245
-4.301183	1.6316484	8.109161	35.305
-5.342661	0.92296475	7.8422074	35.344
-5.85502	1.62686	9.396045	35.404
-3.867833	0.90620536	8.347384	35.447
-6.4308257	1.3084313	7.9714947	35.495
-5.877765	1.2808979	7.9511437	35.534
-5.899313	1.3515269	8.048109	35.625
-5.7185507	1.3515269	8.048109	35.625
-6.221333	1.2725182	7.9355817	35.694
-6.169858	1.0761937	7.394492	35.734
-6.775591	1.1192893	7.252037	35.784
-6.3829417	0.712275	6.993463	35.845
-6.649895	1.0989386	7.181408	35.894
-7.2245035	1.2437878	7.062895	35.944
-7.004237	1.316811	6.9371996	35.984
-6.815095	0.997185	7.052121	36.042
-6.88333	0.92416185	6.7959414	36.094
-7.2592196	1.0486604	6.9587474	36.154
-7.169437	0.92296475	6.8330517	36.204
-7.265205	0.8367735	6.6486983	36.246
-7.3657618	0.93254155	6.870162	36.294
-7.3657618	0.760159	6.82946	36.344
-7.2580223	0.79487497	6.919243	36.384
-6.4882865	0.62368953	7.169437	36.444
-6.703765	0.8655039	7.410054	36.494
-6.4607534	0.81043726	7.1873937	36.544
-6.481104	0.9864111	7.261614	36.594
-6.4882865	1.0618285	7.8517847	36.657
-6.277597	0.93014735	7.9954367	36.704
-6.0501475	0.47046062	6.591237	36.744
-6.327875	0.6775591	7.4387846	36.794
-7.0545154	1.6867151	8.26239	36.854
-5.2157683	0.6931214	7.9691005	36.894
-5.020641	0.14963761	7.9391727	36.944
-5.0002904	0.35194764	8.069656	36.985
-4.074931	0.1316811	8.395268	37.065
-3.9073372	0.33518824	8.524555	37.094
-3.3614593	0.2621651	9.350554	37.144
-2.136825	0.40821138	9.489418	37.201
-1.1935096	-1.3096284	9.352949	37.255
0.6452374	0.10414778	10.455479	37.294
1.8016368	-0.1592144	9.92636	37.345
3.157952	0.2873042	9.421184	37.404
4.5561657	0.4441244	9.3026705	37.446
4.617218	-0.32680854	8.779537	37.494
5.1235914	-0.3172317	9.465476	37.544
5.3678	-0.46208093	9.352949	37.584
5.571307	-0.5470751	8.513782	37.644
5.518635	-0.49440265	8.259995	37.694
4.927267	-0.33758244	8.313866	37.754
5.0960584	-0.5650316	8.24563	37.798
5.318719	-0.6368576	8.467094	37.844
5.5030727	-0.82240826	7.867347	37.894
5.614403	-0.7649474	8.007407	37.934
5.2768207	-0.7218518	7.741651	37.994
7.3657618	-0.7757214	7.2484455	38.045
6.7133417	-0.80325466	7.275979	38.094
6.92044	-0.93493575	7.231686	38.144
6.5206084	-1.0654198	6.7360864	38.194
7.651869	-1.1456255	6.3338604	38.295
7.6387005	-1.1312603	6.291962	38.307
7.2101383	-1.1935096	6.160281	38.346
7.7201033	-1.5011644	5.827487	38.411
7.765593	-1.292869	5.7903767	38.457
7.381324	-1.5562311	5.647922	38.484
7.98586	-1.7322049	6.003461	38.544
7.6746135	-1.2916719	5.9029045	38.603
7.860164	-1.2880806	5.717354	38.656
8.372523	-1.3694834	5.081693	38.694
8.141483	-1.4676456	4.35625	38.744
9.101558	-1.364695	4.1024647	38.815
8.901642	-1.3503298	4.0342298	38.844
8.706514	-1.0462662	3.5972881	38.904
8.871715	-1.1168951	3.6176388	38.944
9.313444	-1.0450691	3.5434184	38.984
9.313444	-1.1025299	3.2609026	39.064
9.062054	-1.1384429	2.8191724	39.104
9.309854	-1.1300632	2.7700913	39.144
9.475053	-0.94211835	2.8072014	39.205
9.349358	-1.258153	2.184709	39.254
9.443929	-1.3012487	2.3211784	39.284
9.374496	-0.9720459	2.2290018	39.344
9.593566	-0.878672	2.3582888	39.435
9.483433	-0.878672	2.3582888	39.435
9.515755	-0.93493575	2.2218192	39.494
9.355343	-0.92296475	2.5330653	39.564
9.284714	-0.9600749	2.540248	39.604
9.258378	-1.0103531	2.4169466	39.654
9.287108	-1.0175357	2.408567	39.694
9.442732	-1.0235212	2.291251	39.754
9.4295635	-0.93373865	2.2002714	39.794
9.512163	-0.830788	2.3642743	39.842
9.601946	-0.7386112	2.124854	39.895
8.828619	-0.8643068	2.5893292	39.954
8.707711	-0.8774749	2.7449522	39.984
8.707711	-0.8774749	2.7449522	39.984
9.313444	-0.8355764	2.5941176	40.094
9.4774475	-0.90859956	2.5115175	40.15
9.545682	-0.6775591	2.4313118	40.184
9.664195	-0.700304	2.4420857	40.244
9.586384	-0.6811504	2.3774424	40.294
9.437943	-0.7386112	2.4791958	40.335
9.099164	-0.91338795	2.7497406	40.395
9.289502	-0.90740246	2.7964275	40.444
9.363723	-0.78649527	2.920926	40.494
9.266758	-0.8631097	2.9317	40.549
9.184157	-0.7445967	3.3375173	40.593
9.069236	-0.533907	3.1004913	40.646
9.084799	-0.688333	3.4237084	40.694
8.910022	-0.90859956	3.4524388	40.744
9.11712	-0.8607155	3.9480386	40.794
8.825027	-0.93852705	3.8115692	40.847
8.683769	-0.59615624	4.19105	40.896
8.483853	-0.7457938	4.068946	40.935
9.001001	-0.5363012	4.095282	40.984
9.001001	-0.5363012	4.095282	40.984
8.9124155	-0.61291564	4.6255975	41.094
9.137471	-0.7721301	4.6686935	41.134
7.86615	-0.15801731	4.7896004	41.194
7.5525093	-0.51235914	5.118803	41.234
7.6626425	-0.46567222	5.6419363	41.304
7.964312	-0.5614403	5.5820813	41.344
7.9906483	-0.6404489	5.291186	41.4
8.067263	-0.2789245	5.614403	41.454
8.123527	-0.6895301	4.7405195	41.494
8.412027	-0.4141969	4.76925	41.546
8.723274	-0.5446809	4.000711	41.604
8.811859	-0.45130703	3.9588125	41.654
9.115923	-0.08379706	4.8518496	41.694
8.959103	-0.21068975	3.9851487	41.752
8.36175	-0.6859388	3.015497	41.815
9.569624	-0.61650693	2.8933928	41.844
9.982624	-0.49440265	2.5234885	41.894
9.629479	-0.45250413	2.4073699	41.964
9.512163	-0.41060558	2.4109612	41.99
9.363723	-0.37469256	2.304419	42.05
9.424775	-0.10295067	2.742558	42.094
9.388862	-0.11971009	2.7461493	42.144
9.308656	-0.10654198	2.7281928	42.18
9.336189	-0.17597382	2.944868	42.234
9.403227	-0.39983168	2.7521348	42.297
9.356541	-0.4297592	2.669535	42.344
9.3026705	-0.3842694	2.6396074	42.406
9.309854	-0.2741361	2.7222073	42.444
9.399636	-0.23582886	2.8455088	42.494
9.234436	-0.1316811	2.858677	42.585
9.238028	-0.1316811	2.858677	42.585
9.354146	-0.17357962	2.955642	42.644
9.266758	-0.18195933	2.954445	42.684
9.309854	-0.33877954	2.992752	42.744
9.066842	-0.25019407	3.098097	42.794
9.077616	-0.25378537	3.1148565	42.844
9.200917	-0.108936176	3.1914709	42.884
9.210494	-0.062249243	3.1040826	42.957
9.306262	-0.037110128	3.122039	42.994
9.306262	-0.037110128	3.122039	42.994
9.255983	-0.12210429	3.2010477	43.097
9.2069025	-0.038307227	3.2237926	43.16
9.24521	-0.1388637	3.4332852	43.194
9.02614	0.03232172	3.4320881	43.244
8.9519205	0.22146365	3.891775	43.322
9.224859	0.17956513	3.3075895	43.354
8.792706	-0.56982	3.2597055	43.394
8.7951	0.16879122	4.128801	43.444
9.045294	0.19512744	4.059369	43.485
8.842984	0.80445176	4.8374844	43.537
8.623915	0.094570965	4.471172	43.604
8.719683	-0.5566519	4.8003745	43.644
8.543709	-0.4405331	5.0278234	43.716
8.98903	-0.079008654	5.5760956	43.775
7.147889	-0.023942016	5.8358665	43.792
7.6949644	-0.21308395	6.4846954	43.855
6.5840545	-0.48722005	6.9503675	43.904
6.143522	-0.37948096	6.931214	43.944
5.9364233	0.8487445	7.359776	43.985
6.3949127	0.33159694	7.680599	44.044
5.922058	0.2705448	7.4483614	44.094
6.0441623	-0.12449849	6.9407907	44.144
6.5804634	-0.06703765	6.6067996	44.194
7.788338	0.11252748	6.0704985	44.254
7.827842	0.10414778	6.045359	44.304
7.9068513	0.272939	5.887342	44.344
7.880515	0.01316811	5.865794	44.394
7.8517847	-0.12808979	5.675455	44.444
8.198944	-0.22505496	5.0960584	44.505
8.298303	-0.2717419	5.105635	44.546
8.342596	-0.31603462	4.571728	44.604
8.815451	-0.21787235	4.606444	44.644
8.791509	-0.15322891	4.349067	44.684
8.698134	-0.17597382	4.259285	44.754
8.956709	-0.30765492	3.9205053	44.794
8.832211	-0.21787235	3.8031895	44.844
8.84059	-0.17477672	3.6116533	44.877
8.9519205	-0.11851298	3.4703953	44.944
9.470264	-0.17836803	3.1399956	44.994
9.442732	-0.22984336	2.9759927	45.044
9.498995	-0.2789245	2.9017725	45.104
9.38168	-0.2837129	3.083732	45.134
9.266758	-0.36032736	3.1842883	45.194
9.238028	-0.44532153	3.6391866	45.264
9.087193	-0.36272156	3.6332011	45.304
8.754398	-0.088585466	3.9097314	45.336
8.884883	-0.017956512	4.045004	45.394
8.9602995	-0.12689269	4.1982327	45.454
8.668207	-0.14604631	4.225766	45.494
8.789114	-0.2741361	4.4556093	45.554
8.773552	-0.06943185	4.344279	45.604
8.48146	0.059855044	4.5633483	45.645
8.280347	0.20470424	4.97156	45.704
8.37372	0.027533319	4.993108	45.744
8.310274	-0.090979666	5.1367598	45.794
8.033744	-0.06823475	5.2385135	45.844
8.095993	-0.017956512	5.4671597	45.904
7.9475527	0.039504327	5.4504004	45.944
7.8050976	-0.039504327	5.6359506	45.994
7.8050976	-0.19632454	5.5868697	46.052
7.7488337	-0.11372458	5.746084	46.106
7.7488337	0.089782566	5.843049	46.145
8.12592	0.16400282	5.6898203	46.194
7.94037	0.007182605	5.3594203	46.244
8.213309	0.009576807	5.365406	46.294
8.080431	0.037110128	5.3582234	46.344
8.350976	-0.08499416	5.005079	46.395
8.158242	-0.08379706	5.2528787	46.454
8.3150625	-0.047884032	5.031415	46.507
8.250419	0.07182605	5.3857565	46.545
8.170214	0.0011971008	5.1762643	46.594
8.378509	-0.033518825	5.1439424	46.646
8.228871	-0.06703765	5.0278234	46.716
8.335413	-0.08499416	5.009867	46.746
8.3150625	-0.1412579	4.9296613	46.797
8.528147	-0.09935937	5.341464	46.855
8.807071	-0.1388637	4.8602295	46.911
6.96593	0.24540567	5.1966147	46.974
8.499416	0.19393034	5.031415	46.994
8.499416	0.19393034	5.031415	46.994
8.421604	0.20111294	4.667496	47.105
8.604761	0.25139117	4.4723687	47.155
8.7951	0.1328782	4.26527	47.204
9.010578	0.074220255	4.0222588	47.254
8.993818	-0.027533319	4.260482	47.335
8.948329	0.19273324	4.209007	47.345
8.742428	0.074220255	3.570952	47.394
9.404425	0.31483752	3.7541082	47.454
9.076419	0.19273324	3.6834793	47.494
9.137471	0.25498247	3.9264908	47.544
8.827422	0.45968673	3.8175547	47.594
8.728063	0.48123455	4.3239284	47.644
8.74961	0.50158525	4.3418846	47.684
8.913613	0.45489833	5.01705	47.764
8.342596	0.22744916	4.983531	47.798
8.717288	0.31483752	4.855441	47.844
8.453926	0.45489833	4.8961425	47.902
8.293514	0.46208093	5.1463366	47.951
8.084022	0.91338795	5.7903767	48.004
8.14268	0.8535329	5.693412	48.057
7.631518	0.533907	5.459977	48.085
7.560889	0.16280572	5.81791	48.143
7.9212165	0.053869538	5.571307	48.194
7.313089	1.1013328	6.041768	48.244
8.111555	0.18076223	5.3941364	48.305
7.383718	0.7290344	5.6910176	48.346
8.194156	0.82240826	5.969942	48.387
7.8517847	0.58298814	5.922058	48.444
7.7440453	0.49679685	5.8334723	48.499
7.6015906	0.6823475	5.9867015	48.544
7.589619	0.58777654	6.3338604	48.596
7.36217	0.7170634	6.1890116	48.644
7.487866	0.6895301	5.985504	48.674
7.845799	0.878672	5.961562	48.744
7.7320743	0.92296475	6.1507044	48.794
7.501034	0.45250413	5.946	48.845
7.433996	0.33279404	6.0980315	48.894
7.6147585	0.8834604	6.029797	48.944
7.7488337	0.6871359	6.206968	48.993
7.926005	0.688333	6.278794	49.004
7.9212165	0.22266077	4.923676	49.093
7.9966335	0.2681506	5.2397103	49.134
8.367735	0.14844051	5.185841	49.204
8.182184	0.22864626	5.1822495	49.254
8.228871	0.06943185	5.130774	49.324
8.275558	0.21308395	5.2301335	49.404
8.451532	0.22744916	4.938041	49.404
8.662222	0.14963761	4.7644615	49.444
8.516175	0.034715924	4.5765166	49.485
8.653842	0.08140286	4.39336	49.546
8.835801	-0.04309563	4.24492	49.596
8.878897	-0.10055647	4.1000705	49.644
8.815451	-0.15322891	3.9205053	49.699
8.929175	-0.11492168	3.8977604	49.758
8.953117	-0.19632454	3.763685	49.794
9.0429	-0.25857377	3.7110126	49.844
8.887277	-0.21667525	3.7313633	49.895
8.981848	-0.047884032	3.705027	49.944
9.209297	-0.16879122	3.6583402	49.994
9.185355	-0.1448492	3.630807	50.004
8.88608	-0.38187516	3.4320881	50.104
8.950723	-0.2753332	3.5649664	50.145
8.66701	-0.009576807	3.5984852	50.194
9.55047	-0.1400608	3.4931402	50.244
9.372103	-0.21787235	3.0011318	50.304
9.297882	-0.20709845	2.9939492	50.344
9.101558	-0.17118542	3.0669725	50.394
9.323022	-0.1352724	3.1830912	50.444
9.258378	-0.17238252	3.0011318	50.495
9.053674	0.008379706	3.3423057	50.545
9.068039	-0.108936176	3.2561142	50.604
9.106346	-0.021547815	3.3985693	50.644
9.2308445	-0.24540567	2.9987376	50.694
9.194932	-0.076614454	3.1028855	50.751
9.144653	-0.08140286	2.9759927	50.794
9.425972	-0.10175357	2.906561	50.844
9.235633	-0.073023155	2.8886044	50.894
9.455899	-0.050278235	2.7377696	50.944
9.300277	-0.034715924	2.8167782	50.995
9.348161	-0.037110128	2.7365725	51.004
9.3421755	-0.12090719	2.9652188	51.094
9.074024	-0.19273324	2.8981812	51.145
9.03452	-0.19632454	3.0573955	51.194
9.437943	0.09816227	3.1974564	51.244
9.627085	0.22266077	3.1196449	51.294
9.580399	0.18555063	3.1423898	51.344
9.57561	0.21068975	3.323152	51.385
9.400833	0.038307227	3.7217865	51.454
8.9124155	-0.15322891	3.7984009	51.495
8.359355	0.047884032	4.7919946	51.544
8.194156	0.031124622	5.3821654	51.594
7.6614456	0.40701428	6.0142345	51.644
7.20535	0.25977087	6.4846954	51.704
6.331466	0.40102878	6.9108634	51.744
5.6922145	0.25258827	7.0712748	51.784
5.3713913	0.56982	7.8182654	51.844
5.9052987	0.7206547	7.8589673	51.894
5.946	0.58298814	7.583634	51.944
6.290765	0.6691794	7.5824366	52.002
6.4224463	0.90021986	7.3789296	52.014
6.4224463	0.90021986	7.3789296	52.014
7.2711906	0.8283938	7.1107793	52.144
4.957195	0.78290397	7.511808	52.194
5.705383	0.9552865	8.094796	52.244
5.2863975	1.2569559	8.644265	52.296
5.671864	1.1791444	8.513782	52.344
4.570531	1.1911154	8.286332	52.394
4.238934	1.3443443	8.924387	52.458
3.7241807	1.4808137	8.641871	52.494
3.4703953	1.0869676	8.791509	52.544
3.4356794	0.7015011	8.955511	52.584
3.1232362	2.4552538	7.8948803	52.644
3.3854012	0.45609543	9.279925	52.686
2.979584	1.4520833	9.519346	52.744
4.933253	0.997185	10.131064	52.794
3.1028855	1.5119383	9.417592	52.877
3.3147724	2.0350714	9.986216	52.894
2.4504654	1.5861586	9.629479	52.934
1.4161704	0.5422867	8.911219	52.989
0.92057055	0.18195933	9.247604	53.014
-0.35673606	0.29448682	9.613917	53.094
-0.82719666	0.5303157	9.589975	53.144
-0.90859956	0.557849	9.986216	53.194
-0.770933	0.736217	9.929952	53.24
-1.460463	0.8403648	9.587581	53.305
-1.1827357	0.91099375	9.876082	53.344
-0.78888947	0.9983821	10.234015	53.394
-1.0642227	0.82240826	9.461885	53.444
-1.5191209	0.81163436	9.263166	53.494
-1.8926164	0.30885202	9.357738	53.544
-2.4073699	0.37349546	9.929952	53.595
-2.1176715	0.36870706	10.007763	53.644
-2.5474305	0.50517654	9.825804	53.694
-2.9113493	0.5231331	9.198523	53.744
-2.682703	0.6368576	9.03452	53.795
-3.1842883	-0.062249243	8.443152	53.844
-3.0502129	1.1707647	10.2974615	53.894
-3.8630445	0.61890113	9.391256	53.944
-3.0178912	0.7170634	9.446322	53.994
-3.2824504	0.7457938	9.472659	54.014
-3.6475663	0.2705448	8.9124155	54.094
-3.277662	0.45848963	9.712079	54.144
-3.5063083	0.33638534	9.425972	54.194
-3.264494	0.46327803	9.624691	54.235
-2.979584	0.23104046	8.965088	54.301
-3.3087866	0.33279404	9.012972	54.344
-3.4237084	0.39384618	9.673772	54.404
-3.690662	0.5291186	9.131485	54.448
-3.0753522	0.58777654	9.020155	54.494
-3.477578	0.973243	9.665392	54.544
-3.2429461	0.8439561	9.378088	54.595
-3.7205894	0.7302315	9.24521	54.644
-3.2920272	0.4381389	8.998607	54.694
-3.976769	0.6631939	9.203311	54.744
-3.752911	0.32680854	9.097966	54.8
-3.6355953	0.108936176	8.725668	54.846
-3.5733461	0.7254431	9.985018	54.894
-3.3913867	0.37469256	9.277532	54.944
-3.2932243	0.30286652	9.027337	54.994
-3.405752	0.37948096	9.149442	55.014
-3.4859576	0.49200845	9.396045	55.094
-3.5793316	0.23822308	9.138668	55.155
-3.7217865	0.4345476	9.281123	55.197
-3.4572272	0.1328782	9.081207	55.244
-3.3435028	0.23702596	9.27394	55.294
-3.1854854	0.16280572	9.479841	55.344
-2.908955	0.49919105	9.877279	55.394
-2.7940333	0.50996494	9.527725	55.444
-2.9233203	0.45489833	9.336189	55.494
-3.1435869	0.4321534	9.448717	55.544
-3.2345665	0.272939	9.387665	55.595
-3.241749	0.2717419	9.284714	55.634
-3.3722332	0.20111294	9.242816	55.694
-3.1663318	0.20829555	9.176975	55.744
-3.1124623	0.23104046	9.415198	55.794
-3.145981	0.38307226	9.629479	55.834
-3.108871	0.3172317	9.156625	55.894
-3.1352072	0.4177882	9.640253	55.965
-3.1148565	0.48123455	9.728839	55.994
-3.0777464	0.48003745	9.618706	56.016
-3.084929	0.32920274	9.3661175	56.094
-3.1974564	0.2645593	9.354146	56.147
-3.3147724	0.24181437	9.36492	56.204
-3.300407	0.2908955	9.379285	56.245
-3.3123782	0.22385786	9.214086	56.284
-3.301604	0.30406362	9.337387	56.344
-3.2788591	0.31603462	9.306262	56.394
-3.240552	0.30526072	9.317036	56.444
-3.3446999	0.32561144	9.563639	56.494
-3.2489316	0.29448682	9.220071	56.544
-3.2908301	0.34596214	9.53012	56.594
-3.1866825	0.2908955	9.380483	56.654
-3.2249897	0.36272156	9.357738	56.694
-3.3566709	0.4201824	9.546879	56.744
-3.2082303	0.35793316	9.57561	56.794
-3.3542767	0.16639702	9.090784	56.844
-3.1064768	-0.053869538	8.734048	56.894
-3.3842041	0.07182605	8.760384	56.944
-3.2501287	0.11133038	9.150639	57.004
-3.2668881	0.11133038	9.150639	57.004
-2.6443958	0.2717419	9.65821	57.095
-2.2493525	0.59735334	10.020931	57.144
-2.0578163	1.043872	10.150218	57.175
-1.3838485	0.095768064	8.577228	57.244
-1.7178397	0.439336	9.847352	57.296
-1.0127473	0.6368576	10.655395	57.344
-0.79367787	0.5734113	9.557653	57.405
-1.282095	0.79966336	9.744401	57.444
-0.7194576	1.1168951	10.0269165	57.496
-0.5602432	1.1935096	9.79827	57.551
-0.06464344	1.6795325	10.065224	57.596
0.18076223	0.93972415	9.4295635	57.644
-0.18435353	1.4808137	9.709685	57.704
0.80804306	1.0235212	10.0029745	57.765
0.8846575	0.9959879	9.915586	57.776
1.1755531	1.0450691	9.585187	57.854
1.447295	1.127669	9.831789	57.904
2.3511062	1.2330139	9.6845455	57.955
2.5881321	1.055843	9.587581	57.996
2.5462334	1.1204864	9.509769	58.005
2.9963434	1.1755531	9.36492	58.094
3.776853	1.1180922	9.434352	58.144
3.4165258	0.78290397	9.394848	58.194
4.286818	0.92535895	8.67539	58.244
3.9803603	1.1145009	9.01417	58.294
3.904943	1.2366052	9.039309	58.374
4.253299	1.292869	9.078813	58.397
4.1575313	1.2797008	8.998607	58.444
4.296395	1.5310919	9.084799	58.494
4.212598	1.2186487	8.884883	58.544
4.262876	1.1252748	9.077616	58.604
4.1096473	1.2126632	8.950723	58.644
3.8989575	1.1504139	8.718486	58.694
3.7457285	1.3000516	8.920795	58.796
3.715801	1.3000516	8.920795	58.796
3.6284127	1.2976574	8.930372	58.844
3.7253778	1.3467385	9.048885	58.884
3.8402996	1.2761095	9.02614	58.944
3.774459	1.3395559	8.9519205	58.994
3.8247373	1.2114661	8.942344	59.024
3.8618474	1.2401965	8.872911	59.116
3.809175	1.2354081	8.916007	59.135
3.8474822	1.1540052	9.012972	59.194
3.8283286	1.1994951	8.966286	59.242
3.891775	1.1994951	8.954314	59.294
3.9312792	1.1061212	8.9279785	59.344
3.8606503	1.1384429	8.961497	59.394
3.9971197	1.0426749	8.9279785	59.444
3.716998	0.85473	8.76996	59.491
4.197036	0.58538234	9.111135	59.555
4.805163	0.7398083	8.674192	59.594
4.7548847	0.17956513	8.853758	59.654
4.9296613	0.6991069	9.029732	59.704
3.4464533	1.3491327	9.00579	59.744
3.3973722	1.1971009	9.283517	59.804
3.5637693	1.0474633	9.375694	59.858
3.0454245	1.2389994	9.239224	59.895
3.4105403	0.62129533	9.132683	59.944
2.9592333	1.3599066	8.980651	59.994
3.739743	1.210269	9.1255	60.034
2.707842	1.8016368	9.226056	60.094
2.9843724	2.3894134	9.057265	60.144
3.2190042	-3.2788591	8.119935	60.204
3.7912183	2.0518308	11.877635	60.244
1.8124107	1.7872716	9.296685	60.297
2.5689783	1.5382746	8.6334915	60.354
3.6152446	1.7549498	9.058462	60.384
2.8658595	1.5753847	9.2907	60.444
3.690662	1.6543933	9.301474	60.481
5.0266266	1.2389994	9.356541	60.535
3.2273839	2.3630772	8.63828	60.604
2.9640217	0.8762778	7.1311297	60.644
4.4328647	1.6747441	10.360908	60.724
4.950012	1.9117701	8.341399	60.744
