0.0	0.0	0.0	0.0
0.0	0.0	0.0	0.0
6.117185	-0.5530606	7.763199	0.1
6.0980315	-0.1592144	7.8529816	0.144
6.0944405	-0.19752164	7.639898	0.201
6.1770406	-0.5291186	7.5082164	0.235
6.099229	-0.50996494	7.5968018	0.294
6.1064115	-0.51475334	7.599196	0.344
6.041768	-0.33159694	7.2580223	0.388
6.0968347	-0.10654198	8.032547	0.445
5.9304376	-0.37708676	7.428011	0.495
6.3218894	-0.33518824	7.428011	0.545
6.4511766	-0.31364042	7.7811556	0.611
5.567716	0.37588966	7.751228	0.674
6.6283474	0.4213795	7.747637	0.693
6.173449	-0.10414778	7.807492	0.744
5.3282957	0.04189853	7.4746976	0.797
6.253655	-0.19033903	8.275558	0.844
6.077681	0.37229836	7.868544	0.894
6.05733	1.3958195	8.214506	0.934
6.05733	-0.7218518	7.550115	1.017
4.9464207	0.51954174	8.403648	1.044
5.17387	1.4293385	8.921992	1.094
3.4847605	-0.8822633	7.5345526	1.145
7.0940194	0.19991584	7.5405383	1.214
5.85502	-1.270124	8.027759	1.238
6.114791	-0.16519992	7.392098	1.304
5.8741736	-0.89064306	7.237672	1.344
7.8972745	0.5770026	7.2628107	1.414
7.204153	-0.2753332	5.959168	1.464
8.079233	-0.24420857	5.866991	1.484
8.070854	-0.58538234	5.719748	1.544
8.002619	-0.533907	5.849035	1.594
7.771579	-0.5279215	5.9244523	1.644
7.66384	-0.46926352	6.0166287	1.684
7.7093296	-0.44891283	5.961562	1.771
7.7189064	-0.4213795	6.045359	1.814
7.6387005	-0.47046062	6.0106435	1.844
7.8793178	-0.320823	6.2380924	1.894
7.763199	-0.32321724	6.2368956	1.944
7.7093296	-0.32920274	6.247669	1.954
7.5908165	-0.45609543	6.9360023	2.048
7.550115	-0.81761986	6.540959	2.094
5.3941364	-0.2885013	7.6746135	2.154
6.445191	0.06823475	8.197746	2.194
5.531803	0.016759412	8.2276745	2.254
4.4448357	-0.29568392	8.468291	2.326
3.857059	-0.29568392	8.468291	2.326
3.643975	-0.15083471	8.900445	2.385
3.6020765	-0.25617957	8.971074	2.468
3.347094	-0.10534488	8.828619	2.504
3.3363202	0.11971009	8.9363575	2.554
3.477578	0.1328782	8.802282	2.594
3.3135753	0.17357962	8.761581	2.648
3.5326445	0.073023155	8.848969	2.705
3.7984009	0.090979666	8.796297	2.744
3.904943	0.08020575	8.690952	2.794
4.334702	0.005985504	8.558074	2.865
4.7536874	0.25019407	8.752005	2.904
6.1195793	0.047884032	8.305486	2.944
6.0381765	-0.022744916	8.06008	2.955
6.8761473	0.059855044	7.273585	3.044
7.109582	0.09935937	6.811504	3.096
7.6949644	-0.10055647	6.3769565	3.157
7.8062944	-0.36750996	6.081272	3.204
7.7224975	-0.4237737	6.0585275	3.244
7.607576	-0.5758055	5.98311	3.304
9.041702	-0.05267244	5.852626	3.344
7.2340803	0.07062895	6.4487824	3.394
8.402451	0.0047884034	5.803545	3.443
8.268375	-0.25498247	5.21936	3.494
8.402451	-0.33877954	5.0984526	3.544
8.485051	-0.2908955	5.213374	3.594
8.500613	-0.17357962	5.2768207	3.644
8.455123	-0.061052144	5.461174	3.694
8.3150625	0.089782566	5.85502	3.744
8.75799	0.39504328	6.7145386	3.794
6.9886746	-0.06703765	6.706159	3.864
6.6882024	-0.81163436	7.9355817	3.934
5.1319714	-0.8762778	7.890092	3.944
4.7201686	-0.93852705	7.809886	3.964
4.590882	0.8738836	8.827422	4.039
4.3622355	0.5746084	9.228451	4.095
3.1735144	0.41299978	8.693346	4.134
1.7549498	-0.10654198	9.161413	4.194
1.6627731	-0.49799395	9.053674	4.244
1.4030021	-0.20350714	9.400833	4.295
0.92895025	-0.009576807	9.1829605	4.347
1.0175357	0.19512744	9.379285	4.395
1.2162545	0.36750996	9.537302	4.462
1.4101849	0.37229836	9.411607	4.514
1.5119383	0.37229836	9.411607	4.538
2.2469583	0.22744916	9.4774475	4.599
2.5965118	0.21308395	9.204509	4.644
2.6491842	0.22864626	9.321824	4.694
2.802413	0.46806642	9.124303	4.734
3.2369606	0.2873042	8.839393	4.784
4.1060557	0.50158525	9.216479	4.844
4.7321396	0.50278234	8.876503	4.894
4.626795	0.23463176	8.443152	4.944
4.808754	0.21787235	8.461109	4.964
5.8705826	-0.2693477	8.210915	5.042
6.4020953	0.10654198	7.845799	5.104
6.23091	0.37110126	7.237672	5.144
7.135918	0.35194764	6.906075	5.194
7.3633676	-0.01436521	6.7600284	5.244
7.3525934	0.079008654	6.5110316	5.304
7.1371155	-0.24301147	6.6307416	5.354
7.309498	-0.09696517	6.671443	5.404
7.524976	0.47405192	6.8522053	5.454
7.5572977	0.40701428	5.9268465	5.494
6.7767878	0.015562311	5.5581393	5.544
9.379285	0.16400282	5.4144874	5.594
8.37013	0.33039984	5.6156	5.644
8.148665	0.51595044	6.0238113	5.724
7.9511437	0.5374983	6.3111157	5.748
7.5800424	0.5446809	7.21373	5.804
7.7308774	1.0426749	7.967903	5.844
6.7564373	-0.25737667	7.0569096	5.898
5.469554	-0.5805939	7.949947	5.944
5.0960584	-0.21428105	7.7967176	5.967
5.7377043	1.2904748	9.569624	6.044
4.173094	0.59495914	9.417592	6.094
2.967613	0.11611878	8.850166	6.144
1.0809821	-0.1604115	9.077616	6.204
0.712275	0.1412579	9.101558	6.25
1.0426749	0.39504328	9.603143	6.294
-0.12808979	0.4225766	9.202114	6.344
-0.40222588	0.15442601	9.17099	6.385
-0.7410054	0.30047232	9.627085	6.445
-0.51116204	0.5255273	10.180145	6.484
-0.47285482	0.32441434	9.337387	6.544
-0.81283146	0.45130703	9.714474	6.624
-0.050278235	0.46327803	9.758766	6.649
-0.16400282	0.6835446	9.800665	6.704
0.05865794	0.5734113	9.712079	6.744
0.40462008	0.6823475	9.070433	6.784
0.31004912	0.51834464	8.41921	6.844
1.7980455	1.3850456	9.306262	6.894
2.0458453	1.6244658	10.463859	6.944
1.8064252	1.6639702	10.387244	6.964
3.8175547	0.9528923	8.674192	7.044
3.9252937	1.733402	9.267955	7.094
4.3754034	1.423353	9.150639	7.144
4.35625	1.0726024	8.7053175	7.187
4.337096	0.9504981	8.684967	7.236
5.41329	0.5686229	8.556877	7.294
6.527791	-0.1400608	7.6829934	7.345
7.061698	-0.2753332	7.1047935	7.394
7.465121	0.051475335	6.253655	7.444
7.189788	-0.17956513	5.5138464	7.494
8.267179	0.16280572	5.0397944	7.569
9.9790325	-0.094570965	4.4208937	7.594
8.734048	-0.2801216	4.805163	7.654
8.347384	0.079008654	4.758476	7.694
9.118318	0.39743748	4.5274353	7.757
9.487024	0.59615624	3.90614	7.794
9.330204	0.18674773	3.2692823	7.844
9.309854	0.2633622	3.2477345	7.894
9.469068	0.36152446	3.3770216	7.944
9.424775	0.39025488	3.3674448	7.964
9.0476885	0.41180268	3.8235402	8.035
9.062054	0.40940848	4.654328	8.094
8.325836	1.043872	5.2145715	8.144
8.616732	0.49799395	4.8973393	8.194
8.376115	0.29927522	5.410896	8.244
9.059659	0.4369418	5.1918263	8.294
7.8505874	0.6392518	7.004237	8.354
8.002619	-0.17717093	6.9383965	8.404
4.97156	-0.45010993	8.463503	8.444
5.161899	0.39743748	9.090784	8.494
4.7046065	1.0474633	10.389638	8.544
2.7126305	0.91817635	9.072827	8.593
1.1228806	0.34596214	9.2907	8.634
1.0199299	0.2789245	9.320627	8.694
0.32321724	-0.46806642	7.9307933	8.744
1.1168951	-0.6967127	8.218098	8.794
-3.1160536	-0.23343466	9.516952	8.844
-2.1272483	0.08619126	10.323798	8.913
-1.6364368	-0.023942016	9.467871	8.971
-1.7166426	0.09816227	9.354146	8.98
-0.8750807	0.38307226	9.661801	9.044
-0.29328972	0.02633622	9.734824	9.111
-0.23942018	0.15682021	9.932345	9.154
0.4201824	0.34596214	10.57878	9.184
0.21667525	0.21667525	9.4295635	9.234
-0.007182605	-0.008379706	9.454702	9.294
-0.10175357	0.48123455	9.64145	9.334
0.9888053	0.545878	9.32781	9.394
1.1145009	0.45010993	9.289502	9.444
2.9412768	1.0726024	10.038888	9.494
4.4304705	0.92416185	10.078392	9.546
3.1794999	0.58897364	8.854955	9.594
3.5745432	0.2789245	8.263587	9.644
2.8514943	0.19033903	8.626308	9.698
4.698621	0.7134721	8.833407	9.749
4.489128	-0.09696517	8.950723	9.794
5.9160724	0.49679685	8.711303	9.844
5.2061915	-0.12569559	8.221688	9.894
6.355408	0.6584055	8.003817	9.944
6.597223	0.39743748	7.1023993	9.984
6.9240313	-0.39624038	6.7624226	10.054
7.902063	-0.688333	6.5218053	10.094
8.65863	-0.40342298	5.9268465	10.155
7.8326306	-0.427365	5.864597	10.244
7.6147585	-0.427365	5.864597	10.244
6.9503675	-0.46567222	5.5365915	10.284
7.714118	-0.4141969	5.291186	10.344
8.632295	-0.24061728	5.209783	10.396
8.368932	-0.12689269	5.0781016	10.434
8.385692	-0.33518824	4.9188876	10.504
8.930372	-0.1604115	4.7058034	10.548
9.0716305	0.110133275	4.679467	10.594
9.323022	0.46926352	5.0505686	10.665
8.244433	0.2621651	3.3506854	10.716
9.264363	-0.075417355	3.417723	10.745
9.065644	0.107739076	4.0677485	10.794
9.2547865	-0.11133038	4.035427	10.844
8.611943	0.2777274	4.4005427	10.894
8.735245	0.59615624	4.975151	10.956
8.479065	0.7613561	5.41329	10.984
8.479065	0.7613561	5.41329	10.984
9.7863	0.8738836	5.831078	11.094
6.517017	0.4345476	6.8007298	11.144
6.5325794	-0.7350199	6.941988	11.194
3.7948096	0.25019407	7.9691005	11.261
5.875371	0.23343466	10.032902	11.345
4.698621	0.23343466	10.032902	11.345
1.7465701	0.33279404	9.072827	11.404
2.4744074	0.7469909	9.591172	11.444
1.9728222	0.33997664	9.257181	11.494
1.8459295	0.6464345	8.863335	11.544
2.160767	0.7649474	9.665392	11.594
1.3742718	-0.044292733	8.932767	11.634
-0.7230489	0.5518635	9.186552	11.694
-1.1121067	0.37828386	9.572019	11.754
-1.7190368	0.6440403	9.753978	11.794
-0.9923966	0.46806642	9.554062	11.844
-0.48722005	0.21428105	9.587581	11.89
-0.10175357	0.50397944	9.776723	11.94
0.35793316	0.5231331	9.920375	11.975
0.9959879	0.557849	9.722853	12.048
1.0426749	0.9504981	9.7863	12.124
1.4616601	0.8858546	9.5971575	12.136
1.0594343	0.8870517	9.0237465	12.204
1.0175357	1.5035586	9.7084875	12.246
1.2892777	1.8854338	9.78989	12.294
1.6232687	1.5801731	9.720459	12.344
2.492364	1.0283096	9.417592	12.394
3.120842	1.0019734	8.845378	12.446
3.1890767	1.0271125	8.793902	12.485
2.9747956	0.7649474	8.884883	12.547
5.445612	0.34955344	9.247604	12.594
5.78918	0.93972415	8.47308	12.644
6.0489507	1.1959038	7.848193	12.694
7.237672	0.80445176	7.1909847	12.744
6.9348054	0.94570965	7.019799	12.794
7.1586633	0.49081135	6.6295447	12.835
7.2149267	0.059855044	6.931214	12.897
7.6027875	0.23582886	6.579266	12.944
7.433996	0.18435353	6.10282	12.984
7.433996	0.18435353	6.10282	12.984
8.337808	-0.22385786	5.931635	13.094
8.019379	0.3878607	5.4551888	13.144
8.244433	0.2908955	5.2887917	13.194
8.379706	0.035913024	4.9679685	13.244
8.276755	0.1400608	5.0541596	13.294
8.196549	0.32202014	5.3486466	13.34
8.27077	0.50876784	5.42167	13.394
8.15106	0.3196259	5.3007627	13.438
8.1163435	0.11133038	5.1247888	13.492
7.8170686	1.0067618	5.6431336	13.544
8.841787	1.0295067	5.650316	13.584
8.961497	0.45489833	5.3318872	13.641
8.917204	0.35194764	5.378574	13.694
9.048885	0.7445967	6.090849	13.745
8.23366	0.45370123	6.5002575	13.804
7.1347213	-0.31244332	7.2460513	13.841
6.578069	1.3431472	9.562442	13.895
4.6842556	-0.62608373	8.932767	13.944
1.2006922	0.03232172	8.090008	13.984
1.2006922	0.03232172	8.090008	13.984
0.91099375	0.2741361	8.875306	14.095
-0.46327803	-0.2908955	7.6949644	14.144
-0.80205756	-0.035913024	9.14226	14.194
-0.20949265	-0.0035913025	10.3692875	14.244
-3.1184478	0.14604631	10.359711	14.294
-2.2242134	-0.21906945	9.060856	14.344
-0.93254155	0.10654198	9.457097	14.406
-0.10534488	0.35075054	9.836577	14.464
0.48362875	0.24660277	9.933543	14.504
0.58538234	0.32441434	10.201694	14.554
0.5662287	0.32321724	10.007763	14.605
0.4225766	-0.011971008	9.194932	14.655
0.5279215	0.25737667	8.973468	14.704
0.5674258	0.30526072	9.871294	14.754
1.6591818	0.90500826	9.527725	14.805
2.5246856	1.3982137	10.230424	14.855
3.0813377	1.198298	9.716867	14.895
3.4141316	0.6404489	9.144653	14.954
4.5896845	0.7230489	9.534908	14.987
4.3275194	0.24061728	8.191761	15.065
1.745373	0.14724341	8.322245	15.092
4.4364557	0.91338795	8.9363575	15.155
3.7792473	0.6835446	9.172187	15.195
5.2923827	0.21667525	8.514978	15.243
5.967548	-0.32800564	7.8266454	15.304
6.945579	-0.44891283	6.8881183	15.359
6.667852	-0.9900024	6.090849	15.405
8.230068	0.046686932	5.887342	15.454
8.232463	-0.35434186	4.995502	15.514
8.396465	-0.35314476	5.106832	15.534
8.250419	-0.5506664	4.6351743	15.594
9.309854	-0.3866636	4.3035774	15.645
9.7084875	-0.25139117	4.298789	15.704
9.119514	0.48602295	3.5003228	15.744
9.781511	0.077811554	3.3075895	15.794
9.074024	0.3172317	2.3930047	15.844
10.004171	0.22864626	2.5450363	15.894
9.81503	-0.33399114	2.6420016	15.955
9.075222	-0.47524905	2.3834279	16.001
9.746795	-0.4441244	2.5617957	16.017
9.674969	0.16998832	2.8921957	16.105
9.242816	0.1448492	3.0550013	16.144
9.581595	0.1316811	3.453636	16.185
8.780735	0.51834464	4.268862	16.254
8.92319	0.50637364	4.3059716	16.304
8.9124155	0.37828386	4.522647	16.355
8.862138	0.29568392	4.7896004	16.394
9.896433	0.32920274	4.981137	16.445
8.073248	-0.07182605	5.509058	16.486
8.514978	-1.3096284	6.10282	16.567
8.24563	-1.3682863	6.6163764	16.615
4.498705	-0.24779987	7.5070195	16.645
7.787141	2.2373815	10.87207	16.694
4.307169	1.0965444	8.548497	16.745
1.7417817	0.82719666	8.192958	16.8
3.2261868	0.2825158	8.130709	16.854
2.8048072	2.15957	11.249157	16.894
2.243367	0.7422025	8.586804	16.945
-0.11133038	-0.37948096	7.3442135	16.994
-2.0254946	0.29807812	8.848969	17.046
-1.4748282	0.4225766	9.830592	17.094
-1.0462662	0.45250413	10.290278	17.145
-0.51954174	-0.09935937	9.886856	17.195
-0.80684596	0.047884032	9.306262	17.244
0.11492168	0.521936	9.49301	17.294
0.01316811	0.91817635	9.591172	17.344
1.1192893	0.866701	9.915586	17.394
0.91697925	0.31124622	8.913613	17.444
1.1611878	0.39863458	8.9363575	17.482
2.2373815	0.6464345	8.959103	17.544
3.2237926	0.91817635	9.7324295	17.584
5.0493712	1.1923125	9.494206	17.644
4.775235	0.9528923	7.599196	17.694
3.667917	0.79846627	8.3868885	17.734
4.437653	0.16160862	8.259995	17.794
6.0836663	0.18794483	8.998607	17.844
7.45315	0.9648633	8.214506	17.91
7.3071036	0.51355624	7.097611	17.965
6.879739	0.32202014	6.987478	17.993
7.327454	0.33518824	6.3242836	18.005
7.5800424	0.12689269	5.804742	18.098
7.797915	-0.047884032	6.145916	18.164
8.081628	-0.7769185	6.0046577	18.194
7.699753	-0.093373865	5.6982	18.244
7.7093296	0.35194764	5.3833623	18.285
8.980651	-0.12330139	4.8542438	18.375
8.412027	-0.06464344	4.92607	18.404
8.330625	-0.046686932	4.557363	18.444
8.9842415	-0.049081136	4.343082	18.476
8.836999	-0.16998832	3.942053	18.554
8.920795	0.010773907	3.855862	18.604
9.036914	-0.021547815	4.035427	18.654
8.9363575	0.25258827	3.8893807	18.694
9.531317	0.18914193	3.6535518	18.758
9.056067	0.16160862	3.5865142	18.825
9.153033	0.16759412	3.3255463	18.844
9.23683	0.14963761	3.2225955	18.894
9.346964	0.17238252	3.2680852	18.944
9.241618	0.17357962	3.3614593	18.994
9.153033	0.22026655	3.53863	19.014
9.153033	0.22026655	3.989937	19.104
8.813056	0.35314476	4.1742907	19.145
8.798691	0.2633622	4.3502645	19.195
8.878897	0.50158525	4.8255134	19.254
8.670602	0.5291186	4.997896	19.294
9.039309	0.59974754	5.2780175	19.344
8.360553	0.6727707	6.0477533	19.405
7.797915	0.16639702	6.6606693	19.455
6.5505357	-0.05746084	7.3849154	19.494
6.1806316	0.7661445	8.1797905	19.581
5.366603	0.45010993	8.456321	19.637
2.8766334	0.45010993	8.456321	19.637
2.2625206	1.2198458	9.202114	19.694
2.1571758	0.7170634	9.346964	19.755
2.1655555	0.061052144	8.352173	19.805
1.5981296	-0.033518825	8.820239	19.854
0.40940848	0.6392518	9.578004	19.894
0.44532153	0.6751649	10.160992	19.935
-0.35194764	0.4225766	9.451111	20.005
-0.60094464	0.46088383	9.354146	20.014
0.1352724	0.50278234	9.416395	20.095
0.65242	0.7398083	9.915586	20.175
1.471237	0.7721301	9.847352	20.194
1.7753005	0.700304	9.779117	20.244
1.9117701	0.94331545	9.810242	20.294
2.3882163	1.9189527	10.91756	20.344
0.81881696	-0.19991584	8.058883	20.435
0.59136784	0.6584055	8.330625	20.445
2.0757728	1.4652514	9.958682	20.494
2.4193408	1.5155296	9.970653	20.544
2.871845	0.78888947	9.096769	20.594
3.6463692	0.9780314	9.090784	20.664
4.274847	0.8631097	8.397662	20.694
4.307169	0.748188	8.219295	20.731
5.6802435	0.19273324	6.0501475	20.804
4.453215	-1.0606314	8.99741	20.844
9.2787285	2.4779987	8.316259	20.894
7.8996687	0.9588778	6.4739213	20.934
8.016984	0.23822308	5.5725045	20.994
8.7532015	0.15083471	5.033809	21.014
9.829395	0.2669535	3.952827	21.094
8.747216	0.7290344	3.2848446	21.159
10.053253	0.6344634	3.3159695	21.22
9.689334	0.35314476	3.1268275	21.236
9.837775	0.25498247	2.610877	21.294
9.087193	-0.16400282	1.8854338	21.355
9.654618	0.107739076	2.2421699	21.405
9.522937	0.24181437	2.8491	21.444
9.416395	0.37229836	2.8275523	21.494
8.962694	0.22385786	3.6703112	21.585
8.930372	0.20590134	3.6703112	21.585
8.90643	0.5327099	3.4332852	21.636
10.040085	1.1971009	3.645172	21.704
9.01417	1.0127473	3.3291376	21.748
9.64145	0.8403648	3.228581	21.794
9.591172	0.7158663	3.58412	21.834
9.80665	0.18195933	4.033033	21.894
10.012551	0.30885202	4.6244006	21.952
9.144653	0.074220255	5.0278234	21.995
7.5070195	0.045489833	5.6658783	22.014
5.841852	1.4425066	8.300697	22.094
6.8007298	1.8028339	9.714474	22.144
2.0290859	0.07062895	8.438364	22.194
1.0702082	0.9696517	8.92319	22.244
2.5330653	0.89184016	9.835381	22.294
2.4265234	0.6835446	9.204509	22.385
1.3910311	0.5746084	8.708909	22.397
0.14844051	0.33039984	8.042124	22.442
-0.94451255	0.7062895	8.863335	22.484
-0.2645593	0.5446809	9.885659	22.544
-0.25019407	0.5650316	10.372879	22.604
-0.30166942	0.21906945	9.89763	22.644
-0.5734113	0.33159694	9.607931	22.694
-0.37948096	0.59855044	9.390059	22.762
-0.22266077	0.92057055	9.890448	22.825
-0.017956512	0.9708488	10.007763	22.854
0.56982	0.7433996	9.56723	22.894
0.5602432	0.736217	9.384073	22.945
0.9828198	0.82360536	9.345766	22.998
1.1779473	0.6751649	9.633071	23.014
1.7286136	0.1376666	9.057265	23.104
2.4899697	0.8607155	9.445126	23.146
3.2740707	1.4556746	9.920375	23.185
2.9281087	0.8439561	8.672996	23.254
4.345476	0.36750996	8.413225	23.308
5.233725	-0.04309563	7.8709383	23.355
5.807136	1.7286136	8.990228	23.405
8.807071	1.1408371	6.943185	23.447
7.5333557	0.6655881	5.8885393	23.504
7.5908165	0.80086046	5.410896	23.555
8.01459	0.4417302	4.134786	23.634
8.815451	1.1683705	4.0426097	23.646
8.045714	0.1448492	4.1934443	23.694
9.370906	0.40940848	4.425682	23.744
9.2547865	0.6835446	4.7896004	23.794
8.637083	0.60333884	4.1276035	23.844
8.111555	1.0271125	4.095282	23.904
9.536105	1.0498575	3.2237926	23.954
9.247604	0.8571242	2.991555	23.991
9.694122	0.7529764	3.0418332	24.014
9.427169	0.6607997	2.2409728	24.105
9.586384	0.5434838	2.622848	24.154
9.178172	0.7577648	3.3171666	24.194
8.990228	0.91697925	3.952827	24.244
8.763975	1.0031705	4.06296	24.294
8.916007	0.9708488	3.7469256	24.353
9.106346	0.79966336	3.4452562	24.445
8.759187	0.79966336	3.3842041	24.455
8.941146	1.22224	4.3047748	24.504
9.779117	1.2880806	4.3598413	24.544
8.872911	1.0366893	4.534618	24.595
9.807847	1.0043676	5.0062757	24.644
8.040926	1.2138603	5.4085016	24.685
8.850166	1.2797008	7.3322425	24.735
11.015722	-0.01436521	6.493075	24.794
2.0925324	0.5351041	7.785944	24.834
7.4208283	0.22984336	9.651027	24.897
3.3123782	-0.5482722	8.585608	24.941
-0.92655605	0.35793316	8.383297	24.994
0.37469256	0.8583213	9.655815	25.024
0.35194764	-0.21787235	7.8888946	25.094
-0.21547815	0.20709845	8.731653	25.144
0.5470751	-0.22984336	10.061633	25.187
-0.2669535	-0.02873042	9.907207	25.248
-0.8583213	-0.2657564	9.544485	25.294
-0.58298814	0.35075054	9.800665	25.354
-0.12689269	0.45010993	9.605537	25.394
0.32800564	0.23223756	9.78989	25.444
0.4249708	0.23223756	10.040085	25.494
0.44651863	0.34476504	10.309433	25.554
0.61770403	0.30166942	9.79827	25.595
0.22984336	0.4333505	9.637859	25.644
0.053869538	0.39983168	9.363723	25.694
-0.055066638	0.48362875	9.255983	25.735
0.7673417	0.59376204	9.408015	25.794
1.5490485	0.7457938	9.536105	25.844
2.6671407	1.1755531	9.859323	25.894
4.2521024	1.839944	11.208455	25.934
1.6675615	0.45848963	8.078036	26.045
0.5805939	0.45848963	8.078036	26.045
0.5805939	0.45848963	8.078036	26.045
4.271256	1.1671734	8.670602	26.144
3.4919431	0.7230489	8.365341	26.195
7.3430166	1.2785037	8.234857	26.245
7.9212165	0.7098808	7.926005	26.305
6.7947445	1.0498575	6.303933	26.356
7.9032598	0.7769185	5.807136	26.424
8.860941	0.878672	5.861006	26.444
6.0142345	0.22505496	5.4432178	26.494
9.257181	0.39743748	4.614824	26.535
8.622718	0.21428105	5.057751	26.605
8.699332	0.688333	4.757279	26.644
8.049306	0.6607997	4.590882	26.696
9.239224	0.8475474	3.8498764	26.734
8.880095	0.6727707	4.0617633	26.795
9.179369	0.8439561	3.9240966	26.844
8.815451	1.091756	4.4879313	26.894
9.812635	1.0127473	3.157952	26.944
8.78672	1.2545617	4.0162735	26.994
9.82341	0.7589619	3.4165258	27.044
9.557653	0.7374141	3.4835634	27.054
9.132683	0.688333	3.716998	27.159
8.948329	1.0690111	4.5980644	27.194
9.324219	1.0450691	4.3167458	27.233
8.752005	1.0043676	4.344279	27.294
9.279925	1.3599066	4.4843397	27.344
9.300277	1.5155296	5.0661306	27.394
8.860941	1.3204023	5.875371	27.444
6.932411	0.37948096	6.673837	27.504
5.8119245	0.2837129	7.6267295	27.544
5.943606	1.4556746	9.312247	27.635
6.4547677	1.4556746	9.312247	27.635
3.2609026	-0.092176765	7.9607205	27.705
1.0007763	0.2633622	7.6015906	27.764
0.92296475	1.7298107	9.911995	27.805
1.6998832	1.7238252	10.038888	27.83
1.1923125	0.93972415	9.351752	27.894
1.1348516	1.1216835	10.693702	27.945
1.3335704	-0.7781156	8.159439	27.994
-1.7944542	-0.30047232	8.820239	28.047
-1.5933412	-0.061052144	9.208099	28.054
-0.06584055	-0.30526072	9.825804	28.185
-0.11372458	-0.30526072	9.403227	28.202
-0.50996494	-0.022744916	9.108741	28.244
-0.05746084	0.9672575	11.004948	28.294
1.8231846	0.7194576	9.234436	28.371
0.36750996	0.01436521	7.8493905	28.425
-1.4329298	0.24301147	9.074024	28.445
0.32561144	0.4429273	10.21127	28.494
0.8463503	0.7505822	9.807847	28.555
1.7154455	0.79248077	9.69532	28.594
2.1703439	0.985214	9.139865	28.644
2.991555	1.2689269	9.662998	28.714
3.9612067	0.91099375	8.874108	28.775
3.2956185	0.92176765	8.939949	28.791
4.5298295	1.1216835	8.536526	28.854
4.546589	1.4640543	8.336611	28.894
5.767632	1.3060371	8.455123	28.944
6.8007298	2.4851813	7.880515	28.994
6.6642604	1.0259154	7.0832458	29.044
6.505046	1.3012487	7.0365586	29.064
7.117962	1.0773908	7.037756	29.168
7.763199	0.90381116	6.7001734	29.201
6.517017	-0.090979666	6.2368956	29.256
8.476671	0.61171854	6.519411	29.294
7.3549876	0.7386112	6.3206925	29.348
7.5932107	0.7098808	6.3745623	29.394
7.240066	0.44651863	6.417658	29.436
7.145495	0.8738836	6.4511766	29.494
8.030152	0.7015011	6.355408	29.575
7.916428	1.1815386	6.493075	29.575
7.9870567	0.6392518	5.9172697	29.638
7.8996687	0.23343466	6.4284315	29.7
7.9547353	0.5494693	7.193379	29.745
7.60997	0.47524905	7.690176	29.794
6.131551	1.0055647	8.562862	29.844
5.6096144	0.5446809	7.892486	29.894
2.385822	0.2837129	8.043321	29.944
1.4568717	0.92296475	8.599973	30.007
3.551798	1.4772224	10.477027	30.044
4.248511	1.3275849	10.171766	30.116
1.3024458	0.01436521	9.260772	30.144
-0.059855044	-0.1448492	8.148665	30.204
-0.28491	-1.4053963	7.9990277	30.254
-2.566584	-0.8451532	9.01417	30.309
-1.8567034	-1.2892777	9.056067	30.355
-2.0147207	-0.6607997	9.23683	30.404
-1.8028339	-0.48602295	9.242816	30.444
-0.8726865	-0.5315128	9.471462	30.494
-0.2717419	0.094570965	11.304223	30.554
1.1767502	0.688333	11.190498	30.594
1.5849615	0.23822308	9.39365	30.644
0.39743748	0.724246	8.832211	30.694
0.11252748	0.7517793	8.104373	30.74
1.5921441	0.8726865	8.775947	30.795
2.6360161	1.0510546	10.226832	30.855
2.4480712	1.2306197	10.315418	30.894
2.2469583	0.34955344	8.893262	30.954
3.942053	0.9600749	9.283517	31.0
5.1200004	1.8124107	9.321824	31.044
5.556942	1.6783354	9.528923	31.055
4.88058	0.19033903	8.115147	31.165
7.699753	0.80684596	7.5800424	31.195
6.3829417	1.400608	6.9647326	31.244
5.2875943	0.80325466	6.621165	31.293
9.112331	0.878672	6.646304	31.356
7.2484455	0.58298814	5.8705826	31.404
8.615535	0.5434838	5.923255	31.454
10.515334	0.830788	5.225345	31.494
8.084022	0.25977087	5.5150437	31.547
8.166622	-0.034715924	5.627571	31.595
8.312668	-0.20111294	5.112818	31.644
8.732851	-0.062249243	5.318719	31.695
8.534132	-0.3866636	5.1690817	31.744
8.713697	0.047884032	5.756858	31.794
7.8589673	-0.61171854	6.530185	31.854
8.002619	0.260968	7.04015	31.894
7.195773	1.1444284	7.4232225	31.945
8.937555	0.17597382	8.640674	32.004
3.903746	-0.18315643	7.607576	32.045
2.9293058	-0.0035913025	7.6734166	32.055
4.3873744	0.6332663	8.787917	32.135
0.4357447	0.6536171	8.224083	32.194
-0.78649527	0.79726917	9.120711	32.244
0.5518635	0.46806642	10.635044	32.284
0.5482722	-0.8523358	8.6574335	32.385
-0.31124622	-1.0067618	8.491036	32.404
-1.0366893	-0.18555063	9.622296	32.454
-0.35793316	0.16160862	9.668983	32.502
0.50996494	-0.03232172	9.775525	32.545
0.2669535	-0.08379706	9.174581	32.594
0.15562311	0.41060558	9.397242	32.644
0.44771573	0.36391866	8.839393	32.71
1.282095	0.5494693	8.7951	32.745
0.81402856	1.5658079	10.854114	32.794
0.5279215	1.2318168	9.829395	32.844
0.32800564	1.0749966	9.821015	32.915
2.0649989	1.033098	9.508572	32.944
2.574964	0.9720459	9.346964	32.994
2.6719291	0.9911995	8.866926	33.034
3.288436	0.6356605	7.321469	33.064
6.169858	1.555034	8.526949	33.175
4.6244006	1.5047557	8.479065	33.192
3.940856	0.60573304	8.24204	33.244
5.449203	0.91338795	8.154651	33.294
6.9503675	0.7302315	7.6470804	33.344
7.5345526	0.7194576	7.41604	33.394
7.1622543	0.439336	6.727707	33.444
9.691729	0.8571242	5.5629277	33.495
6.694188	0.29448682	5.8382607	33.546
8.033744	0.7541735	5.8023477	33.584
8.723274	1.0881647	5.019444	33.654
8.512584	1.1180922	5.377377	33.704
8.313866	1.1312603	4.923676	33.744
8.77834	1.1420342	5.3139305	33.804
8.810662	0.6811504	4.9164934	33.834
8.2516165	0.7637503	5.149928	33.895
8.451532	1.3204023	6.053739	33.945
7.9511437	0.8535329	5.4432178	33.994
7.0964136	1.638831	6.6415157	34.066
8.256405	1.9596541	7.5680714	34.119
9.487024	1.9800048	7.8517847	34.144
7.4842744	0.5279215	7.463924	34.184
3.406949	0.28491	9.227253	34.234
4.8159366	-0.31244332	7.8505874	34.298
1.5442601	1.0462662	9.233239	34.354
2.3187842	1.2940661	9.330204	34.403
1.8363527	-0.077811554	7.7560163	34.445
-0.21547815	0.04189853	9.160215	34.504
-0.5422867	-0.45489833	10.146626	34.554
-0.5542577	-0.50996494	10.127473	34.604
-0.12808979	-0.9672575	9.731233	34.646
0.46686932	-1.0115502	9.330204	34.699
0.7326257	-0.6404489	9.652225	34.744
1.8327614	-0.06584055	9.659407	34.794
1.9512744	0.130484	9.36492	34.854
1.7262194	0.39264908	9.330204	34.904
1.9500773	0.4345476	9.628283	34.944
2.135628	0.51116204	9.431957	35.017
2.1871033	0.21308395	8.966286	35.075
2.349909	0.21308395	8.966286	35.075
3.9240966	0.78888947	9.419987	35.148
4.417302	0.91338795	9.361329	35.205
5.17387	0.59256494	8.346188	35.244
4.9583917	0.63206923	8.148665	35.294
5.517438	0.641646	7.7548194	35.344
5.092467	0.24181437	7.8745294	35.394
5.3582234	0.47644615	8.128315	35.444
6.4140663	0.5303157	8.12592	35.495
6.101623	0.3184288	7.5704656	35.554
7.0832458	0.39264908	7.129933	35.594
7.93199	0.8822633	6.31351	35.644
7.433996	1.2294226	5.9280434	35.682
8.613141	0.09696517	5.41329	35.745
8.67539	0.017956512	4.9524064	35.814
8.300697	-0.10175357	4.727351	35.856
8.4647	-0.21428105	4.7441106	35.897
8.166622	-0.2908955	4.794389	35.945
8.819042	-0.1592144	5.121197	35.994
8.100781	0.19871874	5.1343656	36.095
8.49343	0.19871874	5.1343656	36.095
8.429984	0.20470424	5.112818	36.105
8.110358	-0.08499416	4.882974	36.194
8.289924	-0.32441434	4.618415	36.244
8.291121	-0.2885013	4.5657425	36.298
8.53054	-0.16879122	4.3179426	36.354
8.65025	0.11851298	4.320337	36.394
9.263166	0.14604631	3.83192	36.454
8.813056	0.17477672	3.6284127	36.494
9.074024	0.25258827	3.8486793	36.544
9.314642	0.5758055	3.4512417	36.604
9.775525	0.7062895	2.2744915	36.644
10.17416	0.7469909	3.0442274	36.691
8.90643	0.39384618	2.4396915	36.755
9.619903	0.33039984	2.3199813	36.794
9.665392	0.19632454	2.0925324	36.844
9.397242	0.22146365	1.9405005	36.894
9.688137	0.25139117	2.3427265	36.954
8.9279785	0.5710171	2.2385786	36.994
9.770737	0.78050977	2.56419	37.044
10.029311	1.0271125	2.906561	37.084
10.029311	1.0271125	2.906561	37.084
9.300277	0.4369418	1.9500773	37.194
9.169792	0.30166942	2.123657	37.244
9.485827	0.35194764	2.4384944	37.308
9.382876	0.45729253	2.4313118	37.359
9.775525	0.842759	2.8287494	37.394
9.398438	0.7398083	2.2278047	37.444
9.107543	0.7769185	2.468422	37.486
9.779117	0.5662287	2.3199813	37.544
9.0476885	0.37708676	2.6743233	37.604
9.02614	0.7553706	2.980781	37.639
9.3182335	0.8690952	3.1304188	37.701
9.485827	1.0342951	3.2692823	37.754
9.26556	0.91697925	3.3614593	37.794
9.392453	0.79128367	3.3842041	37.844
8.887277	0.7745243	3.858256	37.905
9.1829605	0.6631939	4.1180267	37.947
9.068039	0.7769185	5.1726727	38.004
7.2484455	0.34835634	5.907693	38.044
8.103176	1.0115502	7.261614	38.104
9.202114	1.0630256	7.261614	38.104
2.8107927	1.4149733	9.137471	38.194
6.5864487	0.8810662	9.64983	38.243
5.8334723	2.7449522	10.208876	38.315
4.5765166	3.5087025	11.380837	38.345
3.2968156	0.7146692	6.719327	38.394
-2.7569232	0.1328782	6.7947445	38.444
-3.679888	-0.50876784	8.074445	38.494
-3.4727895	-0.7793127	8.662222	38.544
-3.6020765	-0.6464345	9.581595	38.605
-3.3674448	-0.59376204	8.531737	38.644
-2.3080103	-0.02633622	11.019313	38.698
-1.0690111	0.33638534	9.68694	38.745
-1.2629414	0.12928689	8.073248	38.797
-1.5885528	0.51954174	8.334216	38.855
-1.1312603	0.22864626	8.5473	38.915
-1.3036429	0.7553706	9.868899	38.936
0.45130703	0.557849	10.352529	38.994
-0.14604631	0.16160862	10.45069	39.044
0.25378537	0.23104046	10.534488	39.089
0.7637503	0.05865794	10.019734	39.149
0.30765492	0.1412579	9.647436	39.212
0.8535329	0.32321724	8.846576	39.265
1.1504139	0.36032736	9.136273	39.284
2.7150247	0.8643068	9.920375	39.344
3.0921116	1.210269	9.583989	39.394
2.670732	0.80445176	9.084799	39.452
2.2469583	1.2437878	8.98903	39.495
3.1387985	1.2952632	9.059659	39.554
3.9671922	1.1528081	9.096769	39.594
4.7201686	1.0199299	8.836999	39.644
4.6950297	0.9708488	8.784326	39.694
5.163096	1.2425907	8.336611	39.744
5.579687	0.5398925	8.224083	39.797
5.397728	0.81881696	7.311892	39.845
6.015432	1.0139444	7.6482773	39.888
7.4627266	0.9540894	7.2388687	39.954
7.386112	1.1839328	7.1263413	39.994
6.92044	0.58538234	6.5146227	40.054
7.477092	0.06464344	6.0681043	40.104
7.338228	0.053869538	6.066907	40.114
8.950723	0.5554548	5.66109	40.194
8.111555	0.557849	5.7987566	40.259
8.292317	0.7398083	5.625177	40.305
8.103176	0.6596026	5.2648497	40.354
8.62152	0.7134721	5.020641	40.394
8.293514	0.6500258	4.9188876	40.435
8.435969	0.5554548	4.88896	40.475
8.531737	0.61171854	4.5645456	40.544
8.6813755	0.8643068	4.056975	40.607
9.340978	0.82719666	3.9492357	40.658
9.070433	0.8631097	3.965995	40.704
9.211691	1.2258313	4.394557	40.754
8.275558	0.7170634	3.976769	40.807
8.956709	1.0283096	4.3263226	40.844
8.567651	0.9828198	3.8307228	40.894
9.986216	2.2481554	4.775235	40.954
8.470686	2.123657	5.3043537	41.005
7.3765354	1.590947	8.076839	41.064
10.9103775	0.9935937	8.119935	41.094
10.90918	0.45130703	7.9092455	41.106
-2.1883004	-0.18076223	6.9970546	41.194
8.554482	1.1994951	11.415554	41.234
5.145139	2.6264393	8.775947	41.305
0.30166942	0.12090719	5.7389016	41.354
-1.0965444	1.1432313	8.641871	41.405
-0.8343793	-0.90261406	9.372103	41.444
-1.5897499	0.59974754	10.060435	41.504
-3.4751837	-0.9660604	7.467515	41.544
-4.6962266	-1.2413936	6.9838862	41.594
-4.8865657	-1.5598224	6.220136	41.644
-3.7900212	-0.81881696	9.036914	41.686
-1.2629414	-0.6907272	13.04002	41.754
-2.5091233	0.320823	12.636597	41.825
2.256535	0.2765303	11.816583	41.855
0.59974754	0.7661445	9.249998	41.894
0.47165772	0.81283146	9.704897	41.95
3.976769	1.9213469	10.023325	41.986
1.7190368	1.42455	8.397662	42.054
1.5334862	1.3563153	9.53012	42.107
3.5793316	1.2988545	10.09994	42.165
2.2373815	0.4309563	7.632715	42.189
4.4915223	0.35673606	11.083957	42.244
3.0705638	-0.36990416	8.469488	42.315
4.047398	0.4429273	9.962274	42.344
3.5446155	-0.077811554	7.902063	42.404
0.35194764	-2.6072857	6.3350577	42.444
6.602011	-2.574964	9.271546	42.494
1.3215994	-3.3865983	8.507795	42.586
6.4152637	-3.0538042	9.088389	42.595
4.5753193	1.0067618	9.059659	42.654
3.8271315	0.5506664	8.755595	42.684
4.8458643	-3.4452562	8.061277	42.745
4.2042184	3.691859	9.137471	42.794
7.2580223	-5.7843914	6.8761473	42.844
6.7384806	-0.38307226	8.224083	42.894
6.646304	1.2054806	0.21547815	42.934
7.6841903	-1.0235212	3.9085343	42.994
6.576872	-0.33518824	6.257246	43.044
6.393716	-0.5494693	7.2268977	43.094
6.622362	-0.59256494	6.6175733	43.115
6.599617	0.33997664	7.9427643	43.205
6.8127007	0.08499416	7.642292	43.244
6.6630635	0.037110128	7.290344	43.29
6.0704985	-0.30166942	7.237672	43.336
8.009802	0.009576807	9.14585	43.395
9.040505	-1.2090719	7.1550717	43.444
4.662708	-0.5781997	6.1782374	43.494
5.16549	1.0606314	8.895657	43.574
4.619612	1.8195933	8.784326	43.594
4.0797195	0.25857377	8.700529	43.644
3.8786068	2.0111294	9.67018	43.685
4.214992	0.059855044	10.632649	43.736
1.13964	0.272939	9.532514	43.794
0.35434186	0.47405192	10.080787	43.854
0.22744916	1.0307038	9.773131	43.895
-0.9947908	1.3910311	8.838196	43.944
-0.46208093	1.3503298	8.804677	43.994
-1.483208	1.1145009	8.863335	44.054
-0.5758055	1.2138603	9.916783	44.095
-0.6476316	1.3623008	9.67856	44.115
-0.6476316	1.3623008	9.67856	44.115
-2.5905263	1.2605472	8.822633	44.247
-3.1292217	1.2569559	8.962694	44.304
-3.466804	1.1336545	8.655039	44.344
-3.918111	1.1755531	8.354567	44.394
-3.6583402	1.067814	8.599973	44.444
-3.0430303	0.39624038	9.498995	44.515
-2.0410569	0.45968673	9.933543	44.536
-0.830788	1.5957354	9.880871	44.594
-0.50637364	0.45968673	7.666234	44.654
-1.1240777	1.0067618	7.8446016	44.694
0.46447513	0.89902276	8.841787	44.744
0.9768343	1.9381063	11.153389	44.794
2.1775265	1.7226281	10.067618	44.844
3.5577838	0.3890578	9.1350765	44.888
5.0541596	1.5251064	10.005369	44.954
6.839037	1.2629414	8.603564	45.005
4.673482	1.435324	6.825869	45.072
6.6989765	2.0709844	7.4016747	45.094
8.028955	1.0857705	7.291541	45.139
6.543353	0.80564886	7.429208	45.195
6.4416	0.12449849	7.2628107	45.245
6.5337763	0.019153614	7.088034	45.297
6.752846	0.50876784	7.07726	45.344
7.1131735	0.21068975	7.4735007	45.384
6.588843	0.4297592	6.956353	45.445
6.757634	-0.017956512	6.6762314	45.489
6.908469	-0.40581718	6.540959	45.544
7.4603324	-0.29807812	6.290765	45.604
7.5453267	-0.17238252	5.898116	45.644
8.432379	-0.6943185	5.3594203	45.695
8.775947	-0.89782566	4.9440265	45.748
8.91481	-0.91937345	4.572925	45.784
8.406042	-0.7062895	4.3981485	45.834
8.36175	-0.6500258	4.5537715	45.904
7.6734166	-0.5482722	4.4220905	45.944
10.358514	-0.50757074	4.2305546	45.997
8.810662	-0.4333505	4.0677485	46.046
9.147048	-0.0035913025	3.8726213	46.095
9.2907	0.015562311	3.4644098	46.144
8.707711	-0.58897364	3.8869865	46.198
8.803479	-0.985214	3.5565867	46.244
8.817844	-0.9564836	3.2668881	46.294
8.900445	-0.3172317	3.110068	46.344
9.210494	-0.7374141	2.954445	46.394
9.536105	-0.7517793	2.6731262	46.457
8.819042	-0.35314476	3.1136594	46.496
8.929175	-0.50038815	1.9572599	46.544
10.471041	0.18555063	2.4911668	46.584
9.79827	0.08020575	1.8088194	46.648
10.3692875	0.18195933	1.7166426	46.701
10.392033	0.2657564	0.7026982	46.744
8.825027	-0.35673606	0.19153613	46.795
10.234015	-0.61171854	0.10055647	46.845
10.0987425	-0.61890113	0.5805939	46.894
10.022128	-0.6452374	1.0079589	46.944
9.458294	-0.439336	1.423353	46.997
9.551667	-0.33279404	1.8794483	47.064
10.0664215	-0.4261679	2.0685902	47.094
9.712079	-0.32920274	1.9093759	47.144
9.712079	-0.32920274	1.9093759	47.144
9.532514	0.6464345	3.4703953	47.246
8.858546	0.22146365	4.119224	47.304
8.579621	0.10414778	4.578911	47.344
8.743625	0.4345476	5.0158525	47.405
8.224083	0.25378537	6.2763996	47.444
7.4124484	-0.19393034	6.658275	47.494
6.417658	0.1412579	7.7584105	47.544
8.580819	-0.24899697	7.7332716	47.615
5.2121773	0.30765492	8.080431	47.635
3.7469256	1.5011644	8.706514	47.704
3.144784	0.81163436	8.665813	47.744
3.1136594	1.7944542	9.287108	47.794
2.0973208	0.92057055	8.773552	47.844
0.7553706	1.2246342	9.425972	47.894
1.3347675	1.0965444	9.782708	47.944
-1.4891934	1.2605472	9.2787285	47.995
-2.099715	0.7433996	9.126697	48.045
-2.337938	1.1324574	9.44752	48.094
-1.9153614	0.8475474	8.954314	48.144
-1.9153614	0.8475474	8.954314	48.144
-0.59017074	2.0721815	10.159795	48.25
-1.7381904	1.2653356	7.4926543	48.304
-2.657564	1.2174516	8.687361	48.365
-1.4556746	1.0235212	9.248801	48.405
-1.0594343	1.055843	9.427169	48.446
-0.5255273	1.3551182	10.218452	48.494
0.108936176	1.6675615	11.148601	48.545
0.15442601	1.7561469	9.617508	48.592
-0.8774749	0.7170634	8.452729	48.644
-0.56982	1.1228806	9.021352	48.694
1.4437037	1.8770541	10.107122	48.754
1.9452889	1.6675615	10.225636	48.829
2.705448	1.5610195	9.781511	48.848
1.9476831	1.5215151	9.190144	48.894
2.4827871	1.7669208	9.088389	48.944
3.0238767	1.9632454	9.3026705	48.994
3.693056	1.0618285	8.798691	49.044
5.139154	1.4700398	9.460688	49.104
3.7253778	1.5167267	8.853758	49.145
3.7253778	1.5167267	8.853758	49.145
3.763685	1.3910311	8.797494	49.244
4.1132383	0.78050977	8.343793	49.296
4.1826706	0.7086837	8.287529	49.344
5.175067	1.1049241	8.39886	49.394
6.245275	0.748188	7.9068513	49.444
6.3721676	0.51355624	7.393295	49.494
6.349423	0.12928689	7.1861963	49.547
7.302315	0.5470751	7.2592196	49.595
6.716933	0.19871874	6.697779	49.644
6.4607534	-0.0011971008	6.331466	49.704
7.428011	0.08738836	6.4739213	49.765
7.005434	-0.06344634	6.5625067	49.798
7.884106	-0.06464344	4.6938324	49.844
9.045294	0.18555063	4.799177	49.89
9.944317	0.037110128	4.1012673	49.934
9.193734	0.4417302	4.261679	49.986
8.933964	0.06344634	3.264494	50.056
9.606734	0.11372458	3.2333694	50.115
9.263166	0.2896984	3.4165258	50.145
9.126697	0.35673606	3.466804	50.156
9.5253315	0.49679685	3.489549	50.255
9.387665	0.6404489	3.6343982	50.294
9.43076	0.23702596	3.0190883	50.345
8.926781	0.62009823	3.4835634	50.4
9.540894	0.8822633	3.679888	50.444
9.67018	0.33638534	3.560178	50.504
8.878897	0.41060558	3.6990416	50.544
9.661801	1.0534488	4.7979803	50.604
10.073604	1.1228806	6.5349736	50.654
10.884041	0.50517654	6.167464	50.694
5.080496	0.3890578	7.8733325	50.749
7.350199	1.3084313	9.296685	50.794
6.7504516	1.4173675	9.215282	50.844
2.148796	2.397793	9.358934	50.894
4.5884876	1.7298107	9.434352	50.944
2.1164744	0.7673417	6.96593	50.984
-1.7705121	-0.18076223	6.9348054	51.044
-4.0462008	0.12689269	8.656237	51.092
-2.03148	0.7110779	9.787497	51.145
-2.03148	0.7110779	9.787497	51.145
-4.1455603	0.5351041	9.502586	51.255
-2.397793	-0.15203181	8.698134	51.305
-3.6607344	-0.8295909	6.623559	51.355
-4.537012	-0.23942018	7.5680714	51.394
-1.7681179	0.59855044	9.921572	51.454
-0.0011971008	0.62847793	9.733627	51.495
-1.1025299	1.1971009	9.5732155	51.545
0.79487497	0.33518824	7.759608	51.594
0.30406362	1.3814543	8.593987	51.644
2.0685902	1.4628572	10.820595	51.704
4.280833	2.219425	11.859678	51.744
5.3713913	1.2210429	9.312247	51.794
4.5777135	1.1791444	8.444349	51.844
5.851429	0.9959879	8.013393	51.911
5.5365915	1.22224	7.381324	51.965
5.98311	0.6811504	7.2221093	52.005
6.6893997	0.58657944	7.337031	52.054
7.100005	0.29568392	7.61835	52.104
6.658275	0.17477672	7.4591355	52.144
6.658275	0.17477672	7.4591355	52.144
7.3968863	-0.36631286	6.6079965	52.244
7.8146744	-0.29807812	6.126762	52.314
7.2209125	-0.30047232	5.9663506	52.336
8.504205	-0.04070143	5.4432178	52.395
8.259995	0.30765492	4.999093	52.455
8.676587	-0.16160862	3.942053	52.494
9.212888	-0.21906945	3.916914	52.544
9.607931	0.37349546	3.643975	52.594
10.298658	0.18195933	2.8886044	52.644
9.220071	0.18555063	2.80361	52.695
10.172963	0.079008654	2.765303	52.734
9.39365	0.19512744	2.8443117	52.804
10.223241	0.30645782	3.4081461	52.861
9.340978	0.24779987	3.4165258	52.905
9.137471	0.4357447	4.0797195	52.944
10.333375	0.8834604	4.381389	53.004
9.522937	0.9600749	3.952827	53.045
10.502166	-0.24660277	2.3511062	53.094
9.653421	-0.14963761	5.6347537	53.139
9.653421	1.0546459	8.616732	53.217
3.4739866	0.59495914	7.4363904	53.244
2.2601264	0.62847793	8.9279785	53.294
2.9161377	2.7234044	13.072341	53.354
5.744887	0.9672575	9.167398	53.404
0.35793316	-0.5446809	5.6586957	53.445
2.2709002	1.5598224	9.651027	53.494
0.90500826	0.48961425	9.80665	53.554
0.11611878	0.47046062	9.461885	53.604
-0.20231004	0.2825158	9.427169	53.654
-0.59615624	0.39264908	9.348161	53.694
-0.92775315	0.44651863	9.43076	53.749
-1.5358804	0.8571242	9.160215	53.804
-1.3251907	0.8355764	8.971074	53.854
-1.2629414	1.0534488	8.866926	53.884
0.11611878	1.0235212	9.082404	53.944
0.2861071	1.1408371	9.0716305	53.984
1.0319009	1.2306197	9.648633	54.044
1.7896658	0.8415619	9.690532	54.084
2.2840683	0.8283938	9.404425	54.161
2.5079262	0.8846575	9.279925	54.166
2.5079262	0.8846575	9.279925	54.166
5.16549	1.7142484	8.197746	54.294
6.539762	1.6460136	7.577648	54.356
6.872556	1.7884687	6.999449	54.415
8.081628	1.9668367	7.417237	54.446
8.500613	0.7015011	6.281188	54.504
7.386112	0.9864111	6.3901243	54.546
8.546103	0.5267244	6.245275	54.595
7.587225	0.6404489	5.889736	54.644
6.4739213	0.45489833	5.674258	54.694
8.866926	0.6584055	5.433641	54.765
8.395268	0.7110779	5.234922	54.804
8.293514	0.78769237	5.246893	54.855
8.309077	0.830788	5.231331	54.904
8.027759	1.4652514	5.6766524	54.958
8.400057	1.4640543	5.935226	54.994
8.892065	0.8451532	5.2301335	55.049
8.115147	0.78050977	5.2409077	55.094
9.155427	1.2653356	6.147113	55.154
9.580399	1.0175357	6.602011	55.174
6.3087215	-0.46567222	7.273585	55.244
6.279991	0.6607997	7.548918	55.284
6.4224463	0.06703765	7.976283	55.385
3.110068	-0.17956513	8.019379	55.4
1.2318168	-0.12330139	8.243237	55.444
1.0175357	1.0869676	9.498995	55.494
1.7118542	1.1348516	9.615114	55.544
0.15083471	0.6835446	8.508993	55.594
0.8870517	0.7433996	9.331401	55.644
0.94570965	0.80445176	10.231621	55.694
0.038307227	0.45848963	8.985439	55.764
-0.10654198	0.82480246	9.31105	55.804
0.50158525	1.0067618	9.574412	55.846
1.4580688	1.0702082	9.898827	55.894
1.6436194	1.13964	9.883265	55.946
1.9261353	1.103727	10.004171	55.995
0.62009823	0.8870517	8.170214	56.044
1.1468226	0.9923966	9.151836	56.111
2.2385786	1.1587936	9.647436	56.168
2.6743233	1.1587936	9.647436	56.168
3.606865	1.1240777	8.971074	56.244
4.3718123	1.4496891	8.480263	56.294
5.1439424	1.2725182	7.7727757	56.336
6.227319	1.1552023	8.020576	56.394
6.4272346	1.4903905	7.8745294	56.444
7.0605006	1.0079589	7.48188	56.494
7.8266454	0.4309563	6.7324953	56.565
7.785944	0.6979098	6.4523735	56.594
7.93199	0.6667852	5.9304376	56.644
8.115147	1.0163386	5.566519	56.694
8.360553	1.0342951	5.4671597	56.755
8.578424	0.5554548	5.185841	56.805
8.746018	0.39145198	5.0601454	56.845
8.26239	0.8511387	5.2564697	56.909
8.244433	1.1061212	5.2085857	56.954
8.040926	1.1408371	5.1726727	56.986
8.645462	1.0905589	5.0757074	57.034
8.734048	1.1528081	5.2899885	57.094
8.549694	1.0043676	5.0374002	57.144
8.542512	1.1324574	5.4791307	57.184
8.542512	1.3910311	6.706159	57.255
8.207323	0.92895025	6.8545995	57.294
5.3438582	0.5303157	7.788338	57.355
6.05733	1.7178397	7.819463	57.395
8.153454	1.2078748	9.267955	57.444
1.79206	1.3694834	8.447941	57.513
2.553416	0.59735334	8.664616	57.564
1.8195933	0.90740246	8.687361	57.594
1.8890251	0.59495914	9.059659	57.654
1.1480197	0.56982	9.417592	57.754
1.3515269	1.1911154	9.988609	57.754
0.712275	0.9540894	9.378088	57.805
0.17357962	0.79008657	9.334992	57.844
0.059855044	0.61411273	8.842984	57.915
0.25857377	0.842759	8.90643	57.941
1.5825673	1.4676456	9.908403	57.998
2.3307555	1.1121067	9.82341	58.044
2.5234885	1.2246342	9.380483	58.109
2.3714569	1.2593501	9.063251	58.148
2.2050598	1.2629414	9.068039	58.184
2.2050598	1.2629414	9.068039	58.184
3.8833952	1.8722657	9.204509	58.294
4.1455603	1.5777789	8.76637	58.354
4.5441947	1.4077905	8.580819	58.394
4.6124296	1.3575124	8.704121	58.444
4.620809	1.0893618	7.752425	58.505
4.882974	1.1180922	8.127118	58.545
5.9998693	0.91338795	8.173804	58.594
6.4858923	1.1061212	7.8793178	58.644
6.745663	1.1384429	7.7344685	58.684
6.955156	1.210269	7.145495	58.744
7.371747	1.1623849	6.861782	58.794
7.171831	0.9684546	6.491878	58.854
7.0664864	0.8559271	6.7444663	58.904
7.1742253	0.7206547	6.646304	58.954
6.9348054	0.9576807	6.801927	58.984
7.3083005	0.92176765	6.703765	59.075
7.337031	0.9540894	6.733692	59.104
7.6375036	0.91458505	6.695385	59.144
7.797915	0.9840169	6.9120603	59.184
7.6375036	0.7074866	6.622362	59.274
6.613982	0.9696517	7.2340803	59.288
7.5644803	1.4305356	7.917625	59.344
6.7684083	0.5602432	7.5692687	59.395
5.1642933	0.48841715	8.195353	59.445
4.6124296	0.7206547	8.572439	59.494
3.8115692	0.7338228	8.65863	59.555
2.5570073	0.724246	8.37013	59.595
2.4037786	0.8331822	8.823831	59.644
1.9692309	0.56982	8.790312	59.695
1.376666	0.80924016	8.88608	59.736
1.34195	0.79607207	9.248801	59.785
1.567005	0.985214	9.503783	59.845
2.2409728	1.0079589	9.31105	59.904
2.882619	1.115698	9.284714	59.944
3.514688	1.0893618	9.247604	59.994
4.107253	1.4221559	9.27394	60.055
4.8841715	1.6747441	8.756793	60.104
4.606444	2.0626047	8.835801	60.156
4.7058034	1.899799	8.559271	60.181
4.7058034	1.899799	8.559271	60.181
4.247314	1.448492	8.9279785	60.313
3.9707835	1.3682863	8.854955	60.344
3.787627	1.4137762	8.905233	60.405
4.0138793	1.3802572	8.859743	60.444
3.881001	1.4425066	8.868123	60.505
4.197036	1.472434	8.871715	60.555
4.0797195	1.5454572	8.874108	60.596
4.0940847	1.9117701	6.0381765	60.661
3.3973722	1.2138603	9.791088	60.685
4.4663835	1.6519991	9.3661175	60.744
3.8881836	1.5239093	8.793902	60.795
3.7469256	1.3072342	7.657854	60.856
