0.0	0.0	0.0	0.0
0.0	0.0	0.0	0.0
5.533	0.9540894	8.1402855	0.08
5.5102553	0.9552865	8.0445175	0.143
5.4899044	0.9684546	8.14268	0.206
5.5042696	1.0175357	8.073248	0.24
5.482722	1.0534488	8.082825	0.283
5.49589	1.0175357	8.103176	0.334
5.4444146	1.021127	8.062474	0.393
5.473145	1.0235212	8.075643	0.443
5.409699	1.0283096	8.069656	0.493
5.4671597	1.0570401	8.086416	0.543
5.4192758	1.0223241	8.074445	0.593
5.4659624	1.0426749	8.079233	0.644
5.4551888	1.0450691	8.069656	0.693
5.461174	1.055843	8.100781	0.743
5.4420204	1.0414777	8.086416	0.793
5.446809	1.0474633	8.079233	0.843
5.436035	1.0115502	7.9595237	0.893
5.475539	1.0486604	8.094796	0.913
5.4539914	1.055843	8.078036	0.985
5.3247046	1.0235212	8.11395	1.043
5.517438	1.0965444	8.069656	1.098
5.439626	1.1013328	8.11395	1.143
5.451597	1.0546459	8.170214	1.193
5.409699	1.0283096	8.067263	1.243
5.485116	1.0642227	8.12592	1.293
5.451597	1.0749966	8.10557	1.347
5.45878	1.0702082	8.086416	1.393
5.4767365	1.0151415	8.087613	1.443
5.493496	0.9947908	8.063671	1.493
5.4671597	0.9648633	8.066066	1.543
5.494693	0.9564836	8.058883	1.612
5.517438	0.93613285	8.039729	1.668
5.519832	0.91338795	8.064868	1.693
5.5509567	0.89064306	8.034941	1.743
5.531803	0.8858546	8.056489	1.793
5.5389857	0.8415619	8.002619	1.858
5.5461683	0.8343793	8.033744	1.893
5.5497594	0.8319851	8.063671	1.923
5.577293	0.79128367	8.012196	1.995
5.5701103	0.7757214	7.9942393	2.055
5.651513	0.80804306	8.127118	2.093
5.5581393	0.7613561	8.002619	2.143
5.626374	0.7194576	8.042124	2.193
5.5760956	0.7661445	7.955932	2.243
5.6179943	0.79008657	7.9810715	2.343
5.6096144	0.6895301	7.973889	2.343
5.5988407	0.7062895	7.9307933	2.394
5.6347537	0.7290344	7.9870567	2.446
5.6060233	0.7469909	7.9726915	2.483
5.631162	0.7793127	8.064868	2.538
5.577293	0.78170687	7.9954367	2.593
5.590461	0.79726917	8.002619	2.653
5.5461683	0.82719666	8.008605	2.693
5.556942	0.8379706	8.013393	2.75
5.553351	0.8774749	8.019379	2.793
5.530606	0.8762778	8.052897	2.839
5.5485625	0.90021986	8.050503	2.903
5.547365	0.92895025	8.0445175	2.924
5.547365	0.92895025	8.0445175	2.924
5.463568	0.9588778	7.965509	3.043
5.523423	0.9552865	8.103176	3.103
5.3522377	1.0079589	8.124723	3.153
5.499481	1.0450691	8.079233	3.224
5.45878	1.0450691	8.079233	3.224
5.448006	0.9983821	8.052897	3.293
5.4408236	1.0163386	8.052897	3.354
5.4743423	1.0307038	8.081628	3.402
5.427655	1.0498575	8.09719	3.433
5.4168816	1.0582372	8.082825	3.493
5.4551888	1.0450691	8.0684595	3.543
5.4563856	1.0462662	8.02297	3.594
5.4539914	1.0522517	8.0924015	3.643
5.448006	1.0630256	8.080431	3.683
5.4168816	1.0785879	8.12233	3.743
5.4432178	1.0462662	8.075643	3.793
5.42167	1.0618285	8.1079645	3.843
5.463568	1.1252748	8.287529	3.893
5.461174	1.1085154	8.045714	3.923
5.461174	1.1085154	8.045714	3.923
5.2875943	1.0582372	8.104373	4.053
5.4922986	1.0893618	8.1079645	4.093
5.4767365	1.0702082	8.067263	4.143
5.4420204	1.0103531	8.12592	4.193
5.49589	0.9528923	8.062474	4.243
5.482722	0.93732995	8.062474	4.293
5.4803276	0.94810385	8.051701	4.343
5.5401826	0.93134445	8.048109	4.401
5.535394	0.878672	8.010999	4.437
5.5377884	0.8511387	8.019379	4.493
5.543774	0.8415619	8.007407	4.541
5.5617304	0.82240826	8.01459	4.593
5.542577	0.80804306	8.008605	4.647
5.577293	0.760159	8.01459	4.693
5.5748987	0.7685388	8.042124	4.743
5.6419363	0.7493851	7.8517847	4.81
5.559336	0.7086837	7.9463553	4.835
5.638345	0.62728083	7.97748	4.881
5.5737014	0.6847417	7.9236107	4.923
5.5737014	0.6476316	7.9355817	5.064
5.603629	0.6679823	7.9355817	5.064
5.571307	0.6715736	7.9487495	5.084
5.5641246	0.7565677	8.016984	5.133
5.5748987	0.8283938	8.01459	5.193
5.579687	0.82001406	8.028955	5.243
5.5964465	0.78649527	8.016984	5.293
5.542577	0.8487445	8.046912	5.383
5.5641246	0.8487445	8.037335	5.393
5.459977	0.9552865	8.028955	5.443
5.6203885	0.91338795	8.1163435	5.493
5.531803	1.0079589	8.2516165	5.543
5.4743423	0.9624691	7.926005	5.598
5.5401826	0.93373865	8.087613	5.643
5.3701944	0.9804256	8.091205	5.703
5.4922986	1.0570401	8.067263	5.743
5.4659624	1.0666169	8.081628	5.783
5.4887075	0.9923966	8.070854	5.843
5.471948	1.0103531	8.11395	5.903
5.4779334	1.0103531	8.12233	5.923
5.493496	1.0749966	8.098388	5.993
5.4420204	1.0247183	8.058883	6.093
5.4444146	1.0247183	8.058883	6.093
5.4527946	1.0522517	8.075643	6.143
5.4527946	1.0546459	8.09719	6.207
5.4384294	1.0630256	8.057686	6.255
5.4563856	1.0582372	8.09719	6.293
5.4168816	1.0474633	8.100781	6.343
5.4659624	1.0283096	7.9236107	6.413
5.4504004	1.0534488	8.076839	6.443
5.4527946	1.0283096	8.143877	6.503
5.485116	1.0726024	8.099585	6.546
5.4444146	1.0941502	8.11395	6.583
5.4539914	1.0426749	8.090008	6.643
5.390545	1.0582372	8.037335	6.693
5.3725886	1.0869676	8.214506	6.743
5.639542	0.62967503	8.073248	6.794
5.638345	0.89423436	7.964312	6.847
5.5401826	1.1121067	7.9822683	6.893
5.6431336	1.0761937	8.056489	6.923
5.257667	0.8810662	8.016984	6.993
5.237316	0.89782566	8.082825	7.043
5.616797	0.7230489	8.109161	7.093
5.7149596	0.8607155	7.988254	7.153
5.6670756	0.8738836	7.9331875	7.193
5.6120086	0.7565677	7.9547353	7.243
5.4551888	0.770933	7.9966335	7.273
5.544971	0.688333	8.008605	7.333
5.849035	0.45250413	8.028955	7.393
5.7975593	0.7505822	7.955932	7.443
5.7065797	0.9696517	7.893683	7.493
5.4767365	0.6344634	7.9475527	7.553
5.237316	0.61411273	8.084022	7.593
5.4264584	0.65242	8.123527	7.643
5.801151	0.7338228	7.9906483	7.693
5.887342	0.82240826	7.8948803	7.733
5.497087	0.7577648	7.9786773	7.798
5.469554	0.7398083	7.98586	7.833
5.518635	0.79128367	8.062474	7.904
5.6682725	0.78529817	8.050503	7.933
5.567716	0.8463503	8.062474	7.999
5.547365	0.91338795	8.00621	8.033
5.6179943	0.8655039	7.9846625	8.092
5.5617304	0.82001406	8.012196	8.151
5.4779334	0.8846575	8.087613	8.193
5.507861	0.9648633	8.049306	8.233
5.5341973	0.93732995	8.074445	8.293
5.530606	0.9708488	8.049306	8.354
5.5018754	0.9552865	8.039729	8.404
5.482722	0.9804256	8.118738	8.453
5.463568	0.94451255	7.9942393	8.493
5.473145	1.0223241	7.98586	8.543
5.4863133	0.9768343	8.067263	8.613
5.378574	0.9840169	8.124723	8.643
5.509058	1.0821792	8.067263	8.703
5.4671597	1.0749966	8.087613	8.733
5.4647655	1.0594343	8.087613	8.793
5.4144874	1.0247183	8.073248	8.846
5.4432178	1.0570401	8.095993	8.903
5.424064	1.0546459	8.086416	8.933
5.4803276	1.0833763	8.086416	8.994
5.436035	1.0414777	8.072051	9.043
5.459977	1.0462662	8.070854	9.103
5.449203	1.0498575	8.095993	9.154
5.4324436	1.0666169	8.080431	9.203
5.445612	1.0642227	8.099585	9.232
5.4527946	1.0510546	8.118738	9.293
5.4432178	1.055843	8.078036	9.354
5.4444146	1.0594343	8.075643	9.386
5.4300494	1.0809821	8.10557	9.453
5.42167	1.0702082	8.137892	9.506
5.427655	1.0726024	8.133103	9.543
5.4767365	1.1121067	8.279149	9.593
5.4085016	1.0390835	7.979874	9.643
5.4683566	0.9840169	8.1642275	9.703
5.342661	1.0067618	8.115147	9.734
5.523423	1.0342951	8.038532	9.793
5.5150437	0.9792285	8.099585	9.843
5.481525	0.94211835	8.112753	9.903
5.49589	0.91458505	8.010999	9.933
5.49589	0.91458505	8.010999	9.933
5.543774	0.80205756	8.020576	10.153
5.577293	0.80205756	8.020576	10.153
5.577293	0.80205756	8.020576	10.153
5.5844755	0.82360536	8.015787	10.183
5.577293	0.78649527	8.009802	10.233
5.5856724	0.79248077	8.000225	10.287
5.5856724	0.7098808	7.964312	10.563
5.5976434	0.7098808	7.964312	10.563
5.5976434	0.7098808	7.964312	10.563
5.5976434	0.7098808	7.964312	10.563
5.6335564	0.6703765	8.050503	10.573
5.5940523	0.6727707	7.9631147	10.593
5.7029886	0.6979098	8.052897	10.643
5.6910176	0.7565677	8.020576	10.693
5.5605335	0.80086046	7.9511437	10.733
5.54138	0.78769237	7.98586	10.793
5.482722	0.7613561	8.043321	10.843
5.566519	0.78170687	8.030152	10.893
5.5844755	0.81522566	8.037335	10.927
5.5844755	0.81522566	8.037335	10.927
5.6096144	0.8631097	8.003817	11.043
5.493496	0.8343793	7.9930425	11.087
5.5126495	0.8487445	8.06008	11.141
5.5341973	0.90859956	8.048109	11.194
5.5461683	0.91937345	8.076839	11.258
5.5222263	0.91219085	8.003817	11.293
5.509058	0.92895025	8.032547	11.343
5.4922986	0.90979666	8.0445175	11.383
5.5246205	0.9696517	8.034941	11.443
5.469554	0.9672575	8.034941	11.495
5.4659624	0.93613285	8.119935	11.543
5.4791307	0.9768343	8.078036	11.583
5.45878	1.0259154	8.08881	11.643
5.473145	1.0175357	8.040926	11.693
5.4779334	0.9792285	8.026561	11.733
5.446809	1.009156	8.111555	11.793
5.457583	1.0175357	8.10557	11.877
5.4647655	1.0402806	8.080431	11.889
5.459977	1.0223241	8.087613	11.933
5.4922986	1.0187328	8.063671	11.993
5.4444146	1.0139444	8.064868	12.043
5.463568	1.0319009	8.057686	12.093
5.4551888	1.0295067	8.070854	12.143
5.4384294	1.0414777	8.147469	12.193
5.463568	1.0474633	8.103176	12.25
5.4444146	1.0199299	8.003817	12.303
5.4743423	1.1061212	8.215703	12.353
5.410896	1.0366893	8.031349	12.393
5.437232	1.0031705	8.119935	12.454
5.4551888	1.0869676	8.076839	12.497
5.494693	1.0869676	8.111555	12.553
5.434838	1.0414777	8.081628	12.618
5.446809	1.0414777	8.081628	12.618
5.4551888	1.0390835	8.063671	12.693
5.4432178	1.0474633	8.079233	12.743
5.4527946	1.0809821	8.133103	12.807
5.437232	1.0486604	8.066066	12.855
5.4408236	1.0390835	8.080431	12.883
5.4420204	1.0534488	8.0684595	12.933
5.4420204	1.0534488	8.0684595	12.933
5.4504004	1.0546459	8.100781	13.058
5.4324436	1.0534488	8.091205	13.074
5.4408236	1.0510546	8.064868	13.143
5.425261	1.0726024	8.129512	13.183
5.4312468	1.0666169	8.110358	13.243
5.4432178	1.0737995	8.106767	13.293
5.439626	1.0702082	8.101978	13.333
5.433641	1.0845734	8.069656	13.409
5.4563856	1.0546459	8.0924015	13.478
5.401319	1.0462662	8.1343	13.493
5.4911017	1.1109096	8.295909	13.543
5.3965306	1.0606314	8.036138	13.593
5.457583	1.0378864	8.1343	13.643
5.2720323	0.9983821	8.033744	13.703
5.3522377	1.055843	7.9427643	13.753
5.5509567	1.0654198	8.367735	13.793
5.6120086	0.94211835	8.123527	13.833
5.580884	0.8858546	8.091205	13.893
5.625177	0.94331545	8.112753	13.937
5.625177	0.94331545	8.112753	13.937
5.407305	0.78290397	8.094796	14.073
5.2840033	0.7134721	8.091205	14.094
5.4180784	0.79248077	8.145074	14.153
5.333084	0.8295909	8.057686	14.193
5.583278	0.7529764	7.9726915	14.243
5.604826	0.7553706	8.103176	14.293
5.9292407	0.6667852	8.176199	14.343
5.8023477	0.7338228	7.81228	14.407
5.49589	0.7493851	7.854179	14.443
5.2959743	0.79487497	8.06008	14.503
5.052963	0.5770026	8.127118	14.553
5.6000376	0.58298814	8.093599	14.601
5.777209	0.80086046	8.049306	14.653
6.253655	0.7206547	7.759608	14.703
6.1183825	0.62129533	7.7823524	14.743
5.2540755	0.62847793	7.8853035	14.793
4.9176903	0.7170634	8.005013	14.833
5.395334	0.8283938	8.222886	14.893
5.6646814	0.7493851	8.180987	14.933
5.801151	0.82001406	7.926005	15.033
5.770026	0.7541735	7.953538	15.123
5.5760956	0.7541735	7.953538	15.123
5.5018754	0.7386112	7.9990277	15.143
5.315128	0.7266402	7.979874	15.193
5.732916	0.82599956	8.15106	15.243
5.470751	0.89184016	7.9008656	15.293
5.470751	0.8511387	7.9212165	15.333
5.8238955	0.712275	8.095993	15.411
5.993884	0.93972415	7.9451585	15.473
5.626374	0.7793127	7.973889	15.493
5.5389857	1.0103531	8.148665	15.543
5.7305217	1.1228806	8.295909	15.596
5.3965306	1.1887212	8.297106	15.643
5.2540755	1.2533646	8.626308	15.683
4.871003	1.2892777	8.425196	15.743
5.2780175	1.1575965	8.641871	15.815
4.823119	1.2521675	8.647857	15.843
4.5322237	0.7529764	8.512584	15.903
3.5003228	0.90620536	8.499416	15.933
2.72939	0.8822633	9.006987	16.003
2.5893292	0.80564886	8.819042	16.053
3.0334535	0.7673417	9.123106	16.093
3.1723173	0.80325466	9.224859	16.133
3.6703112	1.283292	8.920795	16.223
4.559757	1.2282255	9.030929	16.246
4.569334	1.3982137	8.779537	16.293
4.525041	1.5753847	8.6574335	16.343
4.35625	1.472434	8.747216	16.393
4.27365	1.5574282	8.86932	16.443
4.0665517	1.5095441	8.842984	16.493
4.167108	1.6962919	8.810662	16.549
4.2413282	1.4556746	8.860941	16.593
4.3514614	1.2162545	8.74123	16.643
4.2760444	1.0977415	8.574833	16.683
4.5238442	1.1133038	8.714894	16.743
4.4448357	1.2294226	8.717288	16.793
4.547786	1.3024458	8.579621	16.853
4.570531	1.5394717	8.856153	16.883
3.9468415	1.4377182	8.932767	16.933
3.9468415	1.4377182	8.932767	16.933
4.939238	1.6639702	8.971074	17.053
5.0481744	1.4293385	8.760384	17.083
4.394557	1.0319009	8.090008	17.143
4.581305	1.1695676	8.388085	17.223
4.8135424	1.2066777	8.319851	17.237
4.8626237	1.3682863	8.488642	17.303
5.044583	1.1887212	8.3629465	17.344
4.8865657	0.6715736	8.0924015	17.383
6.1902084	0.4429273	7.503428	17.453
5.6467247	0.49799395	7.836222	17.493
6.6307416	0.50637364	7.430405	17.543
6.6403184	0.5386954	7.0006456	17.603
7.302315	0.2633622	6.5924344	17.643
7.571663	0.1352724	6.637924	17.703
7.9595237	0.015562311	5.7245364	17.784
8.135497	0.015562311	5.7245364	17.784
8.468291	-0.12569559	5.7281275	17.853
8.072051	-0.035913024	5.732916	17.903
7.4842744	-0.15562311	6.196194	17.943
7.3190746	-0.17238252	6.5924344	17.993
6.908469	0.08379706	6.7564373	18.043
6.7719994	0.14963761	6.9228344	18.103
6.8091097	0.24899697	6.8809357	18.158
6.825869	0.1316811	6.8522053	18.193
6.615179	0.24540567	7.037756	18.245
6.4966664	0.34835634	7.004237	18.293
6.585252	0.32561144	7.0485296	18.363
6.6762314	0.2896984	7.028179	18.393
6.906075	0.1604115	6.841431	18.453
7.007828	0.16759412	6.879739	18.493
6.8905125	0.22026655	6.919243	18.532
6.9383965	0.5530606	7.0102224	18.583
6.871359	0.4345476	6.941988	18.643
6.939594	0.45968673	6.9587474	18.693
6.7324953	0.4321534	7.00304	18.743
6.493075	0.46686932	7.21373	18.804
7.023391	0.5363012	7.0581064	18.856
6.543353	0.58777654	7.2747817	18.899
6.4188547	0.6847417	7.419631	18.943
6.169858	0.5662287	7.405266	19.003
6.129156	0.23702596	7.589619	19.053
6.7719994	1.1563994	8.0684595	19.104
6.849811	1.4401124	7.9990277	19.15
6.6905966	1.2437878	8.067263	19.193
3.4320881	0.34835634	6.4547677	19.243
2.0254946	0.7350199	9.058462	19.314
5.48751	1.0342951	9.421184	19.355
4.8841715	1.1192893	8.444349	19.403
5.052963	0.9552865	8.209718	19.443
4.701015	0.9888053	7.6829934	19.493
6.0920463	1.1408371	8.040926	19.553
7.141904	1.1587936	8.24563	19.593
6.8246717	0.7697359	7.6626425	19.664
5.85502	0.49200845	7.422025	19.713
5.0122614	0.49320555	7.5333557	19.735
4.957195	0.724246	8.078036	19.783
4.938041	0.93972415	8.476671	19.833
4.7800236	1.0905589	8.429984	19.903
4.7800236	1.1563994	8.228871	19.943
5.448006	1.186327	8.14268	20.003
6.137536	0.7721301	7.9331875	20.168
5.5006785	0.78888947	7.914034	20.179
5.5006785	0.78888947	7.914034	20.179
5.4300494	0.8619126	8.030152	20.203
5.315128	0.9720459	8.267179	20.243
5.2169657	1.0702082	8.192958	20.3
5.2660465	1.0247183	8.198944	20.343
5.457583	0.9624691	8.170214	20.393
5.602432	0.80445176	8.012196	20.463
5.6084175	0.736217	8.007407	20.506
5.5521536	0.830788	8.01459	20.553
5.5282116	0.80564886	8.169016	20.634
5.5126495	0.7589619	7.9595237	20.681
5.4384294	0.81881696	7.9786773	20.693
5.5126495	0.8475474	8.173804	20.753
5.41329	0.6955156	8.093599	20.793
5.5162406	0.61171854	8.020576	20.853
5.595249	0.62608373	7.989451	20.904
5.719748	0.59136784	7.93199	20.936
5.719748	0.59136784	7.93199	20.936
5.756858	0.50038815	7.890092	21.043
5.6910176	0.5758055	7.9547353	21.093
5.6658783	0.5638345	7.98586	21.153
5.5737014	0.5542577	8.005013	21.203
5.5868697	0.5410896	8.007407	21.239
5.6108117	0.59017074	8.025364	21.293
5.695806	0.59136784	7.9631147	21.343
5.650316	0.5542577	8.028955	21.393
5.6203885	0.5602432	8.043321	21.443
5.685032	0.6835446	8.005013	21.493
5.5880666	0.6835446	8.043321	21.543
5.529409	0.6823475	8.099585	21.593
5.567716	0.6572084	8.003817	21.651
5.601235	0.6775591	8.007407	21.693
5.6359506	0.7146692	7.9595237	21.743
5.6443305	0.7182605	7.988254	21.793
5.5868697	0.7386112	8.054094	21.863
5.580884	0.7469909	8.038532	21.881
5.5162406	0.79128367	8.028955	21.943
5.5162406	0.79128367	8.028955	21.943
5.485116	0.81163436	7.965509	22.046
5.473145	0.8499416	8.003817	22.093
5.601235	0.81642276	8.073248	22.143
5.5246205	0.79607207	8.124723	22.184
5.4683566	0.89543146	7.9810715	22.242
5.5365915	0.90740246	8.08881	22.293
5.5102553	0.91697925	8.09719	22.343
5.4384294	0.92057055	8.0684595	22.393
5.3857565	0.94211835	8.12592	22.463
5.409699	0.9576807	8.124723	22.499
5.434838	0.9624691	8.099585	22.543
5.4384294	0.91578215	8.101978	22.594
5.4922986	0.92535895	8.08881	22.633
5.4922986	0.94570965	8.06008	22.683
5.378574	0.9768343	8.064868	22.753
5.509058	0.9888053	8.104373	22.823
5.3701944	0.9792285	8.121132	22.843
5.4300494	0.9600749	8.301894	22.893
5.544971	0.94211835	8.003817	22.947
5.544971	0.94211835	8.003817	22.947
5.4384294	0.9828198	8.10557	23.043
5.4539914	1.033098	8.129512	23.083
5.3941364	0.9696517	8.112753	23.143
5.395334	0.92416185	8.031349	23.197
5.521029	0.9516952	8.115147	23.245
5.4982843	0.9840169	8.070854	23.293
5.457583	1.0043676	8.128315	23.343
5.397728	0.961272	8.109161	23.399
5.425261	0.9504981	8.101978	23.443
5.410896	0.9720459	8.087613	23.493
5.4527946	1.0019734	8.12592	23.543
5.4887075	0.9864111	8.1343	23.595
5.4683566	0.94570965	8.115147	23.647
5.448006	0.93732995	8.1402855	23.683
5.4539914	0.89662856	8.123527	23.733
5.49589	0.90381116	8.000225	23.8
5.568913	0.93972415	8.032547	23.843
5.517438	0.8511387	8.038532	23.883
5.48751	0.7589619	8.103176	23.943
5.48751	0.7589619	8.103176	23.943
5.5461683	0.85473	8.031349	24.045
5.568913	0.7529764	8.056489	24.093
5.5102553	0.760159	8.018182	24.143
5.5760956	0.7410054	8.118738	24.193
5.5282116	0.7290344	8.008605	24.243
5.603629	0.6775591	8.02297	24.303
5.6227827	0.6560113	7.9451585	24.34
5.6658783	0.6512229	8.042124	24.393
5.5461683	0.6344634	7.97748	24.443
5.638345	0.6655881	8.009802	24.503
5.616797	0.61411273	7.9391727	24.553
5.710171	0.5542577	7.949947	24.603
5.626374	0.6440403	8.063671	24.653
5.583278	0.62608373	7.904457	24.703
5.5760956	0.6572084	8.094796	24.753
5.6108117	0.6739678	7.9750857	24.833
5.7257333	0.7026982	7.97748	24.848
5.6359506	0.6871359	7.9463553	24.893
5.591658	0.6715736	8.005013	24.952
5.5964465	0.6584055	8.005013	24.952
5.5868697	0.7589619	8.045714	25.171
5.5341973	0.7673417	8.045714	25.171
5.5341973	0.7673417	8.045714	25.171
5.530606	0.7386112	8.025364	25.185
5.559336	0.7721301	8.055291	25.233
5.5521536	0.79248077	8.0445175	25.293
5.592855	0.82719666	8.009802	25.344
5.5270147	0.79487497	7.9966335	25.393
5.5605335	0.8583213	8.127118	25.443
5.505467	0.79008657	7.961918	25.493
5.5006785	0.80205756	8.103176	25.553
5.5282116	0.8463503	8.049306	25.593
5.5389857	0.90381116	8.051701	25.646
5.5006785	0.8714894	8.0924015	25.723
5.4767365	0.8750807	8.084022	25.744
5.481525	0.8655039	8.109161	25.793
5.4887075	0.8762778	8.048109	25.843
5.519832	0.8822633	8.033744	25.893
5.5282116	0.93373865	8.018182	25.943
5.5282116	0.8846575	8.215703	26.013
5.4623713	0.9911995	7.9343843	26.043
5.281609	1.0714053	8.285135	26.093
5.4144874	0.8511387	8.01459	26.153
5.485116	0.80205756	8.005013	26.193
5.5868697	0.8750807	8.00621	26.243
5.6120086	0.961272	8.026561	26.293
5.5150437	0.9828198	8.08881	26.343
5.386954	0.93613285	8.1343	26.401
5.306748	0.8762778	8.016984	26.443
5.3881507	0.92895025	8.085219	26.493
5.409699	0.9504981	8.1402855	26.543
5.6203885	1.0414777	8.027759	26.603
5.553351	0.985214	8.074445	26.643
5.535394	0.92176765	8.091205	26.693
5.363012	0.9935937	8.207323	26.765
5.2875943	1.0127473	8.23366	26.793
5.3402667	0.93852705	8.100781	26.853
5.5282116	0.94690675	8.061277	26.904
5.517438	0.89184016	8.042124	26.953
5.533	0.89064306	8.06008	26.963
5.4683566	0.8379706	8.0924015	27.033
5.461174	0.8403648	8.074445	27.093
5.4408236	0.81522566	8.069656	27.157
5.5126495	0.81881696	8.070854	27.232
5.509058	0.78050977	8.037335	27.253
5.543774	0.7445967	8.007407	27.303
5.547365	0.7757214	7.949947	27.353
5.499481	0.7182605	8.124723	27.403
5.5282116	0.6931214	8.064868	27.453
5.523423	0.7374141	8.005013	27.493
5.5820813	0.7278373	8.051701	27.553
5.5389857	0.6703765	7.9990277	27.596
5.5246205	0.6619968	7.9834657	27.643
5.5964465	0.6907272	8.036138	27.703
5.555745	0.6715736	8.018182	27.743
5.6215854	0.6979098	8.027759	27.783
5.4504004	0.6751649	7.917625	27.853
5.657499	0.79487497	8.119935	27.903
5.4192758	0.8678981	8.177396	27.95
5.354632	0.8499416	8.160637	27.957
5.461174	0.78888947	8.066066	28.043
5.791574	0.7015011	7.823054	28.093
5.8262897	0.90500826	7.839813	28.147
5.673061	0.8619126	7.9152308	28.193
5.457583	0.7422025	8.207323	28.243
5.446809	0.8690952	8.008605	28.303
5.378574	0.9672575	8.109161	28.343
5.4144874	0.9540894	8.149862	28.393
5.4288526	0.90141696	8.057686	28.453
5.4899044	0.93852705	8.159439	28.494
5.4551888	0.9588778	8.0684595	28.543
5.4504004	0.9576807	8.12592	28.593
5.368997	0.90740246	8.098388	28.653
5.4647655	0.94570965	8.081628	28.683
5.471948	0.9720459	8.067263	28.745
5.469554	0.9828198	8.118738	28.793
5.4192758	1.0055647	8.121132	28.843
5.3618145	0.997185	8.127118	28.893
5.3737855	0.9959879	8.163031	28.953
5.407305	1.0462662	8.154651	28.963
5.4049106	0.94930094	8.149862	29.044
5.400122	0.9900024	8.159439	29.093
5.4623713	1.0319009	8.072051	29.133
5.4420204	1.0019734	8.1402855	29.193
5.4085016	0.9696517	8.119935	29.243
5.4420204	0.94331545	8.214506	29.293
5.469554	0.8762778	8.005013	29.343
5.4743423	0.8678981	8.101978	29.393
5.493496	0.78290397	8.01459	29.433
5.7137623	0.7565677	7.9930425	29.493
5.5617304	0.7445967	7.965509	29.543
5.5844755	0.7314286	8.043321	29.593
5.529409	0.6332663	8.019379	29.657
5.4887075	0.62249243	8.000225	29.693
5.566519	0.6344634	8.040926	29.743
5.6299653	0.6895301	8.025364	29.783
5.683835	0.5793968	7.8948803	29.843
5.732916	0.51355624	7.9631147	29.893
5.6431336	0.6332663	7.880515	29.943
5.683835	0.6799533	7.9224133	29.963
5.521029	0.61890113	8.058883	30.073
5.473145	0.5793968	7.9511437	30.093
5.590461	0.6536171	8.056489	30.143
5.638345	0.78888947	8.06008	30.193
5.5820813	0.89184016	8.115147	30.262
5.5365915	0.842759	8.095993	30.303
5.5102553	0.79966336	8.066066	30.343
5.4324436	0.79846627	8.051701	30.393
5.4887075	0.82001406	8.072051	30.443
5.5365915	0.8690952	8.049306	30.493
5.506664	0.8403648	7.988254	30.543
5.529409	0.79607207	7.9116397	30.604
5.415684	0.7733272	8.4347725	30.664
5.7065797	0.8846575	7.9822683	30.703
5.571307	0.7086837	7.787141	30.743
5.5581393	0.6655881	8.040926	30.793
5.6419363	0.521936	8.042124	30.843
5.651513	0.5374983	7.9834657	30.893
5.6527104	0.59855044	7.9930425	30.943
5.720945	0.5602432	7.941567	30.963
5.720945	0.5602432	7.941567	30.963
5.531803	0.3854665	7.831434	31.11
5.7389016	0.32920274	7.8326306	31.153
5.8262897	0.40821138	7.8469963	31.194
5.74369	0.45729253	7.823054	31.238
5.697003	0.47884035	7.845799	31.293
5.8454432	0.50397944	8.026561	31.343
5.9926867	0.58298814	7.6853876	31.393
5.482722	0.5506664	7.9583263	31.447
5.7496753	0.50158525	7.836222	31.494
5.521029	0.49559975	7.73806	31.543
5.866991	0.7182605	8.166622	31.593
5.9184666	1.0031705	7.9571295	31.663
5.469554	1.0522517	8.086416	31.694
5.4671597	0.89303726	8.194156	31.743
5.309142	0.78050977	8.110358	31.813
5.4444146	0.8439561	8.063671	31.843
5.6467247	0.9600749	8.051701	31.913
5.6551046	1.0534488	8.09719	31.948
5.614403	1.033098	8.160637	31.963
5.3678	0.89303726	8.095993	32.049
5.3342814	0.90021986	8.117541	32.093
5.318719	0.94810385	8.143877	32.143
5.3701944	0.92895025	8.139089	32.183
5.4671597	0.94810385	8.086416	32.273
5.5150437	0.94810385	8.086416	32.273
5.4408236	0.94690675	8.166622	32.343
5.5126495	0.90141696	8.016984	32.393
5.483919	0.93493575	8.121132	32.433
5.4025164	0.91578215	8.100781	32.493
5.459977	0.94570965	8.169016	32.542
5.42167	0.8403648	8.067263	32.593
5.511452	0.8846575	8.121132	32.643
5.4779334	0.9564836	8.0684595	32.693
5.499481	0.93254155	8.127118	32.743
5.4025164	0.8882488	8.153454	32.814
5.3761797	0.8595184	8.066066	32.863
5.407305	0.8726865	8.130709	32.883
5.4659624	0.8822633	8.109161	32.943
5.451597	0.8822633	8.087613	32.963
5.451597	0.8822633	8.087613	32.963
5.3486466	0.7469909	7.973889	33.093
5.3881507	0.7326257	8.005013	33.133
5.5246205	0.2789245	7.8039002	33.193
6.1004257	0.60693014	8.139089	33.24
6.2368956	1.1097125	8.062474	33.303
5.8909335	0.88944596	7.9990277	33.353
5.547365	0.90979666	8.106767	33.393
5.3247046	1.22224	8.449138	33.484
5.407305	1.22224	8.449138	33.484
4.5501804	0.8702923	8.354567	33.543
4.1814733	0.79128367	8.431181	33.603
3.799598	0.61052144	8.4826565	33.643
4.226963	0.8355764	8.506598	33.693
4.7058034	1.1803415	8.613141	33.743
4.593276	1.2401965	8.491036	33.794
3.8474822	0.6991069	8.189367	33.851
5.979519	1.1432313	8.78672	33.893
5.6060233	1.8387469	8.35337	33.943
5.412093	1.6256629	8.15106	33.973
5.8382607	0.8882488	8.372523	34.05
6.89171	-0.6847417	7.825448	34.093
5.720945	0.79367787	7.6015906	34.143
6.3589997	0.9684546	7.7919292	34.19
6.2584434	1.1420342	7.86615	34.273
6.3218894	1.0893618	7.94037	34.292
5.4168816	0.7278373	8.317456	34.343
3.3734303	0.93134445	8.075643	34.404
4.0737343	1.0546459	8.483853	34.444
5.1918263	1.0929531	8.790312	34.493
5.571307	0.8283938	8.232463	34.543
5.723339	0.8295909	7.892486	34.594
5.949591	0.7685388	7.824251	34.644
5.9890957	0.8391677	7.9307933	34.693
5.719748	0.93014735	7.9750857	34.733
5.2840033	0.91338795	8.010999	34.803
5.08289	0.8571242	8.200141	34.843
5.2409077	0.90859956	8.416816	34.893
5.1571107	0.8678981	8.136695	34.943
5.3474493	0.89902276	8.129512	34.973
5.4312468	1.1815386	8.036138	35.073
5.2421045	0.961272	7.961918	35.096
5.100847	0.8858546	8.129512	35.143
4.983531	0.91817635	8.324639	35.193
4.9775453	1.0007763	8.259995	35.242
4.9703627	1.1935096	8.213309	35.283
5.4312468	1.2593501	8.231265	35.343
5.6910176	1.1851299	8.123527	35.393
5.829881	1.1420342	7.989451	35.44
5.494693	0.9816227	7.8745294	35.493
5.8502316	1.1444284	8.02297	35.543
5.637148	0.9720459	7.9487495	35.593
5.781997	1.1540052	8.100781	35.643
5.2648497	1.0534488	7.929596	35.683
5.3474493	0.7793127	7.965509	35.733
5.767632	1.5514427	8.392874	35.787
6.315904	0.7661445	7.9954367	35.853
5.389348	0.5686229	8.001422	35.893
4.8279076	1.0905589	8.413225	35.964
6.421249	1.2641385	8.536526	35.974
6.421249	1.2641385	8.536526	35.974
4.3981485	0.3854665	7.9511437	36.093
5.106832	0.36990416	9.02614	36.146
4.459201	0.45968673	8.110358	36.193
4.44723	0.93254155	8.019379	36.243
6.7205243	1.5466543	8.392874	36.313
6.685808	0.8798691	7.716512	36.363
6.30513	0.62129533	7.6291237	36.379
5.482722	0.12090719	7.728483	36.444
5.3103395	0.4345476	7.9822683	36.493
5.2768207	0.7278373	8.281544	36.543
5.1607018	0.90740246	8.2516165	36.597
5.171476	0.8355764	8.135497	36.653
5.397728	0.6907272	8.24204	36.693
5.657499	0.6631939	8.008605	36.743
5.705383	0.58897364	7.868544	36.793
5.7269306	0.6572084	8.000225	36.833
5.530606	0.79248077	8.062474	36.907
5.409699	0.91099375	8.159439	36.943
5.401319	0.8882488	8.287529	36.976
5.448006	1.2545617	8.531737	37.054
5.7496753	0.92655605	8.289924	37.093
4.8039656	0.6931214	7.7907324	37.143
4.68665	0.5231331	7.8027034	37.176
4.4580035	0.320823	8.160637	37.243
4.746505	0.866701	8.364143	37.293
5.269638	1.2964603	8.48146	37.346
5.473145	1.364695	8.276755	37.393
6.1507044	1.2138603	7.72968	37.443
6.835446	1.1587936	7.8206596	37.493
6.283582	0.81642276	7.501034	37.544
5.9364233	0.7673417	7.575254	37.596
6.233304	1.1001357	7.9272017	37.643
6.3793507	1.2557588	7.824251	37.71
5.795165	0.985214	7.7464395	37.764
5.4168816	0.91099375	7.7093296	37.781
5.4408236	0.5734113	7.7847466	37.853
5.5282116	0.8403648	7.955932	37.893
5.233725	0.92775315	7.9726915	37.953
5.6431336	0.80924016	8.036138	37.973
5.971139	1.1192893	7.7344685	38.043
6.143522	1.3192052	7.9008656	38.083
6.6606693	0.78410107	7.4962454	38.147
5.8502316	1.1647792	7.6602483	38.203
6.477513	0.9564836	7.896077	38.243
6.075287	1.1899183	7.7105265	38.293
5.825093	1.210269	8.300697	38.353
7.0964136	0.9828198	8.1163435	38.403
4.667496	0.6452374	7.515399	38.433
3.727772	0.46447513	7.65546	38.498
4.3155484	0.8595184	8.738836	38.543
4.4663835	0.8750807	8.552089	38.593
4.345476	1.055843	8.76996	38.653
5.1439424	1.3204023	8.219295	38.703
5.2660465	1.0965444	8.038532	38.743
6.9168487	1.4137762	8.552089	38.793
6.754043	0.7398083	7.619547	38.853
5.556942	-0.023942016	7.7201033	38.914
4.8745947	0.32680854	8.169016	38.955
4.9559975	0.5482722	8.322245	38.973
4.6806645	0.8714894	8.355764	39.037
4.8841715	1.0486604	8.385692	39.106
5.0721164	1.0654198	8.34499	39.163
5.483919	0.91578215	8.298303	39.194
5.580884	0.8870517	8.153454	39.243
5.7245364	0.79008657	8.06008	39.293
5.663484	0.6991069	7.979874	39.343
5.403713	0.6596026	8.14268	39.393
5.233725	0.7589619	8.0924015	39.443
5.354632	0.8535329	8.169016	39.477
5.390545	0.842759	8.195353	39.543
5.434838	0.7517793	8.121132	39.593
5.463568	0.6727707	8.099585	39.643
5.5258174	0.6619968	8.042124	39.683
5.505467	0.7254431	8.064868	39.742
5.5138464	0.7194576	8.034941	39.783
5.530606	0.676362	8.048109	39.843
5.5150437	0.6979098	8.062474	39.893
5.4899044	0.6667852	8.057686	39.943
5.449203	0.6464345	8.128315	39.973
5.4779334	0.7529764	8.075643	40.043
5.4791307	0.7410054	8.034941	40.098
5.554548	0.7326257	8.030152	40.153
5.415684	0.724246	8.069656	40.193
5.4659624	0.7673417	8.149862	40.233
5.389348	0.8571242	8.080431	40.293
5.509058	0.89543146	8.160637	40.337
5.392939	0.89064306	8.177396	40.403
5.410896	0.85473	8.119935	40.443
5.397728	0.866701	8.136695	40.493
5.3857565	0.89782566	8.1558485	40.55
5.3821654	0.93373865	8.170214	40.593
5.33907	0.90381116	8.153454	40.653
5.377377	0.91817635	8.121132	40.693
5.3354783	0.92296475	8.171411	40.75
5.366603	0.9528923	8.163031	40.793
5.3402667	0.9708488	8.167819	40.843
5.3402667	0.9672575	8.127118	40.89
5.354632	0.94331545	8.208521	40.933
5.3223104	0.91697925	8.064868	40.973
5.329493	0.93732995	8.074445	41.043
5.3606176	0.9600749	8.210915	41.094
5.245696	0.9648633	8.147469	41.153
5.365406	1.0235212	8.194156	41.193
5.3247046	0.9947908	8.196549	41.243
5.329493	0.9552865	8.149862	41.294
5.3402667	0.961272	8.207323	41.353
5.3582234	0.9768343	8.191761	41.403
5.2780175	0.9780314	8.171411	41.453
5.3582234	1.0139444	8.157045	41.493
5.3761797	0.94930094	8.186973	41.563
5.363012	0.9516952	8.158242	41.593
5.342661	0.93373865	8.176199	41.643
5.341464	0.961272	8.143877	41.703
5.3007627	0.9900024	8.154651	41.743
5.482722	1.0737995	8.281544	41.793
5.1678843	0.91697925	8.172607	41.843
5.2528787	1.0319009	8.236053	41.893
5.3402667	1.0235212	8.289924	41.943
5.2516813	0.93254155	8.228871	41.973
5.2564697	0.90141696	8.154651	42.053
5.3199162	0.90620536	8.14268	42.109
5.380968	0.8535329	8.167819	42.153
5.368997	0.82719666	8.161834	42.203
5.4504004	0.7565677	7.989451	42.243
5.4384294	0.7505822	8.2037325	42.283
5.333084	0.7326257	8.1079645	42.353
5.445612	0.748188	8.182184	42.403
5.4168816	0.6440403	8.10557	42.447
5.4504004	0.61770403	8.070854	42.493
5.485116	0.61770403	8.119935	42.553
5.48751	0.61052144	8.070854	42.604
5.4899044	0.59256494	8.070854	42.643
5.4791307	0.5518635	8.115147	42.693
5.5258174	0.5267244	8.042124	42.753
5.5629277	0.51595044	8.055291	42.789
5.5270147	0.50996494	8.031349	42.844
5.497087	0.50876784	8.104373	42.893
5.494693	0.5374983	8.063671	42.943
5.519832	0.5410896	8.061277	42.955
5.543774	0.58657944	8.080431	43.053
5.4899044	0.59017074	7.9786773	43.093
5.4863133	0.60932434	8.117541	43.154
5.3857565	0.6859388	8.109161	43.204
5.4803276	0.7410054	8.12592	43.256
5.422867	0.7433996	8.076839	43.304
5.483919	0.7302315	8.072051	43.353
5.4144874	0.7649474	8.163031	43.403
5.437232	0.79487497	8.098388	43.453
5.33069	0.8319851	8.166622	43.503
5.3678	0.8355764	8.160637	43.543
5.345055	0.8678981	8.171411	43.593
5.3594203	0.8750807	8.200141	43.633
5.3965306	0.878672	8.153454	43.683
5.3259015	0.89902276	8.228871	43.754
5.3199162	0.89902276	8.1402855	43.806
5.321113	0.8810662	8.055291	43.863
5.306748	0.91578215	8.2037325	43.893
5.3127337	0.93373865	8.240842	43.953
5.3486466	1.0019734	8.197746	43.994
5.3486466	1.0019734	8.197746	43.994
5.3139305	0.9624691	8.204929	44.093
5.305551	0.90859956	8.110358	44.143
5.33069	0.93732995	8.2037325	44.213
5.3235073	0.94930094	8.197746	44.245
5.3462524	0.9600749	8.1402855	44.293
5.4144874	0.93373865	8.194156	44.343
5.4444146	0.9720459	8.180987	44.393
5.0146556	0.90979666	8.049306	44.443
5.1666875	0.997185	8.293514	44.493
5.2720323	0.90381116	8.197746	44.543
5.433641	1.0354922	8.330625	44.593
5.4300494	0.90859956	8.130709	44.633
5.374983	0.9672575	8.261193	44.693
5.2684407	0.8499416	8.019379	44.733
5.2863975	0.81522566	8.178593	44.802
5.243302	0.91338795	8.176199	44.843
5.390545	1.0319009	8.194156	44.893
5.3845596	0.9983821	8.189367	44.943
5.305551	0.9516952	8.213309	44.983
5.3378725	0.91338795	8.149862	45.003
5.2121773	0.9660604	8.209718	45.093
5.2480903	1.0247183	8.201338	45.133
5.3642087	1.0534488	8.321048	45.193
5.306748	0.9923966	8.157045	45.235
5.2840033	0.9911995	8.157045	45.293
5.2444987	0.9959879	8.130709	45.373
5.245696	1.0007763	8.2169	45.394
5.291186	1.0354922	8.171411	45.443
5.3139305	1.0307038	8.207323	45.492
5.281609	1.0163386	8.124723	45.543
5.306748	1.0630256	8.100781	45.593
5.2480903	1.0366893	8.215703	45.643
5.255273	1.0366893	8.200141	45.724
5.2684407	1.0546459	8.200141	45.735
5.2887917	1.0821792	8.2516165	45.793
5.3019595	1.0642227	8.265982	45.845
5.2301335	1.0115502	8.148665	45.903
5.2301335	1.0690111	8.248025	45.943
5.2169657	1.0606314	8.25401	45.993
5.2421045	1.0785879	8.257602	46.053
5.3378725	1.0773908	8.280347	46.094
5.3282957	0.9792285	8.002619	46.143
5.064934	0.7625532	7.9032598	46.203
5.4025164	1.0761937	8.112753	46.258
5.3462524	1.0486604	8.240842	46.34
5.3845596	1.0546459	8.2276745	46.354
5.2923827	0.91817635	8.1797905	46.393
5.3103395	0.9756372	8.190564	46.453
5.3163247	1.0462662	8.152257	46.493
5.092467	1.033098	8.1402855	46.543
5.1882353	1.0163386	8.310274	46.603
5.2085857	1.0833763	8.202535	46.653
5.4432178	1.2042835	8.335413	46.698
5.535394	1.1528081	8.267179	46.76
5.5581393	1.0247183	7.9511437	46.793
5.2181625	0.9792285	8.118738	46.843
4.841076	1.0642227	8.196549	46.913
5.073313	1.1312603	8.292317	46.943
4.9404354	1.1061212	8.27077	47.003
5.01705	1.1073183	8.294712	47.013
5.494693	1.2210429	8.128315	47.093
5.657499	1.1647792	8.273164	47.143
5.3139305	1.0570401	8.0924015	47.193
5.377377	1.1599907	8.106767	47.263
4.97156	1.174356	8.084022	47.293
4.8733974	0.8643068	8.263587	47.343
4.808754	0.8283938	8.421604	47.393
5.2480903	1.2258313	8.3150625	47.468
5.805939	1.292869	8.282741	47.513
5.9663506	1.1013328	8.109161	47.536
5.816713	0.8870517	7.8745294	47.583
5.1798553	0.6344634	7.855376	47.643
5.031415	0.62967503	8.204929	47.693
5.0278234	0.8643068	8.267179	47.743
5.1666875	0.9888053	8.542512	47.807
5.6419363	0.8738836	8.008605	47.883
5.639542	0.7769185	8.027759	47.898
5.3115363	0.5686229	7.965509	47.943
5.273229	0.5327099	8.221688	47.993
5.3007627	0.62249243	8.269572	48.008
5.7245364	0.91697925	8.297106	48.083
5.433641	1.0151415	7.8853035	48.143
5.142745	0.5530606	8.067263	48.183
4.9883194	0.39025488	8.243237	48.25
5.0385976	0.8283938	8.195353	48.303
5.8238955	1.2318168	8.264784	48.343
6.0010667	0.94451255	8.115147	48.413
5.875371	0.92775315	7.9571295	48.437
5.112818	0.5674258	7.9331875	48.497
5.0613422	0.50996494	8.206126	48.543
4.8985367	0.89064306	8.400057	48.612
5.112818	1.3024458	8.305486	48.675
5.7508726	1.2761095	8.274361	48.693
5.8382607	1.1121067	8.100781	48.743
5.380968	0.91937345	7.8745294	48.793
5.097255	0.51954174	8.073248	48.833
4.8841715	0.7553706	8.292317	48.893
5.019444	1.1228806	8.359355	48.943
5.638345	1.3491327	8.397662	48.993
5.697003	1.3503298	8.37372	49.003
5.273229	0.8690952	8.000225	49.093
5.0302176	0.5243302	8.175002	49.143
4.996699	0.8391677	8.305486	49.193
5.2804117	1.2916719	8.335413	49.243
5.74369	1.3994108	8.497022	49.293
5.3318872	1.0761937	7.949947	49.343
5.0840874	0.6476316	8.1881695	49.399
4.859032	0.6715736	8.24563	49.443
5.282806	1.1767502	8.297106	49.494
5.659893	1.4149733	8.243237	49.553
5.6000376	1.3706805	8.086416	49.583
5.118803	0.7793127	8.051701	49.643
5.033809	0.6344634	8.280347	49.683
5.068525	1.0115502	8.224083	49.743
5.6060233	1.3180081	8.250419	49.814
5.531803	1.0067618	8.128315	49.873
5.1559134	0.8559271	8.135497	49.889
5.057751	0.6871359	8.26239	49.943
5.1247888	0.8834604	8.226477	50.0
5.2145715	0.9792285	8.240842	50.01
5.2145715	0.9792285	8.240842	50.01
5.195418	0.7505822	8.066066	50.143
5.0984526	0.60453594	8.148665	50.193
5.255273	0.81522566	8.100781	50.246
5.5581393	1.0510546	8.283937	50.284
5.6706667	0.89662856	8.104373	50.353
5.2648497	0.6823475	8.018182	50.394
5.281609	0.6404489	8.243237	50.443
5.4204726	0.79607207	8.281544	50.493
5.734113	1.0247183	8.039729	50.543
5.4025164	0.7074866	8.073248	50.598
5.1343656	0.45609543	8.11395	50.643
5.2756233	0.61650693	8.215703	50.694
5.638345	0.8702923	8.180987	50.743
5.886145	0.92057055	7.9786773	50.803
5.505467	0.4261679	7.9786773	50.853
5.1726727	0.39983168	8.160637	50.893
5.2145715	0.724246	8.145074	50.964
5.74369	0.8846575	8.139089	51.023
5.7867856	0.8846575	8.139089	51.023
5.445612	0.60812724	7.893683	51.103
5.21936	0.4201824	8.200141	51.143
5.1259856	0.61530983	8.153454	51.193
5.485116	0.973243	8.236053	51.243
5.779603	1.079785	8.1163435	51.293
5.529409	0.91937345	8.02297	51.333
5.175067	0.5793968	8.078036	51.383
5.1810527	0.89902276	8.167819	51.473
5.3019595	0.9888053	8.22528	51.492
5.6790466	1.1312603	8.161834	51.553
5.365406	0.9959879	8.069656	51.594
5.105635	0.6392518	8.1881695	51.643
5.094861	0.7015011	8.231265	51.683
5.3594203	1.0498575	8.23366	51.743
5.717354	1.2258313	8.185776	51.793
5.2301335	0.89902276	8.118738	51.85
5.079299	0.7338228	8.078036	51.893
5.139154	0.8343793	8.255207	51.954
5.329493	1.033098	8.287529	51.996
5.571307	1.2366052	8.228871	52.023
5.2852	1.0522517	8.161834	52.093
5.0721164	0.7589619	8.231265	52.146
5.0757074	0.91937345	8.200141	52.206
5.2421045	1.2761095	8.145074	52.283
5.49589	1.2042835	8.123527	52.293
5.105635	0.8631097	8.175002	52.343
5.0781016	0.81283146	8.257602	52.393
5.1810527	0.92655605	8.2037325	52.433
5.6239796	1.2114661	8.173804	52.493
5.4551888	1.1575965	8.12233	52.533
5.0242324	0.78769237	8.222886	52.593
5.0721164	0.8523358	8.288726	52.645
5.357026	1.1456255	8.234857	52.694
5.5282116	1.0594343	8.218098	52.753
5.2564697	0.92416185	8.169016	52.793
5.1607018	0.79726917	8.24204	52.843
5.3247046	1.0486604	8.147469	52.903
5.436035	0.93134445	8.158242	52.953
5.225345	0.830788	8.175002	53.01
5.221754	0.8882488	8.265982	53.074
5.415684	0.8882488	8.265982	53.089
5.6000376	1.0187328	8.160637	53.143
5.258864	0.6775591	8.087613	53.198
5.2277393	0.6464345	8.190564	53.253
5.207389	0.7505822	8.25401	53.283
5.6419363	1.0187328	8.240842	53.343
5.7544637	0.90620536	8.094796	53.394
5.3115363	0.5291186	8.039729	53.443
5.257667	0.5279215	8.118738	53.493
5.4061074	0.7661445	8.197746	53.553
5.626374	0.8846575	8.086416	53.594
5.6060233	0.79008657	8.045714	53.635
5.3079453	0.45729253	8.039729	53.688
5.401319	0.5243302	8.090008	53.743
5.5748987	0.7350199	8.121132	53.793
5.6467247	0.7757214	8.14268	53.834
5.5641246	0.89423436	7.9355817	53.885
5.195418	0.4225766	8.182184	53.963
5.139154	0.6500258	8.252813	54.003
5.2684407	0.7625532	8.279149	54.023
5.7305217	1.009156	8.196549	54.093
5.7628436	0.9564836	8.246828	54.136
5.3558292	0.82001406	7.953538	54.195
5.067328	0.58418524	8.167819	54.246
5.023035	0.7553706	8.310274	54.295
5.291186	1.1168951	8.276755	54.345
5.6946087	1.1959038	8.295909	54.394
5.5030727	1.0103531	8.039729	54.445
5.142745	0.6488287	8.093599	54.495
5.076905	0.6739678	8.237251	54.555
5.1690817	0.9720459	8.259995	54.584
5.523423	1.1504139	8.285135	54.655
5.4384294	1.1252748	8.094796	54.695
5.149928	0.7302315	8.124723	54.745
5.097255	0.7290344	8.259995	54.795
5.197812	0.9516952	8.234857	54.846
5.580884	1.151611	8.170214	54.895
5.6000376	1.1492168	8.197746	54.945
5.3079453	0.997185	8.085219	54.988
5.040992	0.6787562	8.1642275	55.025
5.069722	0.90141696	8.294712	55.095
5.3558292	1.1384429	8.4108305	55.145
5.7628436	1.2785037	8.039729	55.195
5.4420204	1.1468226	8.057686	55.235
5.0134583	0.5662287	8.183381	55.295
5.019444	0.7493851	8.300697	55.345
5.2768207	1.0474633	8.25401	55.394
5.78918	1.1623849	8.295909	55.448
5.559336	1.021127	8.007407	55.495
5.1463366	0.5255273	8.010999	55.545
5.0505686	0.50158525	8.252813	55.595
5.1559134	0.7386112	8.274361	55.645
5.8203044	1.2270284	8.248025	55.695
5.6323595	0.88944596	8.043321	55.745
5.2636523	0.3866636	8.030152	55.805
5.21098	0.39384618	8.074445	55.845
5.5617304	0.8499416	8.169016	55.915
5.828684	0.9624691	8.026561	55.955
5.566519	0.7733272	7.9990277	55.995
5.1559134	0.4333505	7.9954367	56.025
5.0960584	0.33159694	8.147469	56.095
5.4563856	0.7589619	8.1558485	56.145
5.9124813	0.92057055	8.202535	56.193
5.837064	0.91099375	7.8745294	56.245
5.1930237	0.4201824	8.045714	56.295
5.093664	0.4417302	8.321048	56.355
5.21936	0.93852705	8.274361	56.416
5.592855	1.0366893	8.243237	56.435
5.637148	1.0773908	8.021772	56.494
5.213374	0.58298814	7.9906483	56.545
5.1104236	0.46208093	8.281544	56.594
5.243302	0.8331822	8.169016	56.644
5.602432	1.2258313	8.250419	56.702
5.5509567	1.0342951	8.101978	56.745
5.1607018	0.6811504	8.118738	56.796
5.171476	0.60094464	8.182184	56.844
5.3474493	0.89543146	8.1558485	56.894
5.499481	1.2318168	8.330625	56.945
5.401319	1.0702082	8.228871	56.985
5.255273	0.80445176	8.072051	57.024
5.255273	0.80445176	8.072051	57.024
5.4408236	0.79726917	8.056489	57.147
5.481525	0.8870517	8.135497	57.204
5.505467	1.0223241	8.123527	57.244
5.415684	0.9995792	8.202535	57.305
5.21098	0.9696517	8.422802	57.346
5.142745	0.7745243	8.009802	57.394
5.499481	0.7410054	8.003817	57.434
5.273229	1.1647792	8.304289	57.494
5.3259015	1.1408371	8.306683	57.544
5.3259015	0.8511387	8.12592	57.594
5.401319	0.7146692	8.063671	57.644
5.3438582	0.8762778	8.001422	57.694
5.493496	1.0223241	8.176199	57.745
5.3462524	1.0115502	8.170214	57.785
5.306748	1.0067618	8.238448	57.844
5.221754	1.009156	8.252813	57.895
5.2923827	1.0247183	8.176199	57.948
5.2325277	1.0067618	8.25401	57.984
5.234922	0.9648633	8.09719	58.076
5.4779334	0.9959879	8.101978	58.095
5.4982843	1.0019734	8.152257	58.136
5.425261	0.9983821	8.166622	58.194
5.2899885	0.9756372	8.070854	58.238
5.2409077	0.92775315	8.298303	58.305
5.2600613	0.9660604	8.141483	58.344
5.3247046	1.0127473	8.230068	58.394
5.386954	0.89184016	8.152257	58.445
5.4288526	0.80684596	8.073248	58.492
5.3881507	0.878672	8.175002	58.545
5.398925	0.82240826	8.1343	58.594
5.4061074	0.79367787	8.141483	58.644
5.391742	0.7733272	8.154651	58.694
5.425261	0.7038953	8.086416	58.744
5.4288526	0.7613561	8.11395	58.794
5.470751	0.7398083	8.103176	58.845
5.4911017	0.700304	8.063671	58.895
5.542577	0.6751649	8.112753	58.945
5.4779334	0.7086837	8.210915	58.984
5.434838	0.664391	7.9846625	59.035
5.434838	0.664391	7.9846625	59.035
5.473145	0.5758055	8.007407	59.135
5.529409	0.6835446	8.082825	59.194
5.5389857	0.62488663	8.045714	59.245
5.5341973	0.59495914	8.02297	59.295
5.473145	0.6572084	8.086416	59.345
5.4264584	0.6919243	8.123527	59.394
5.469554	0.7170634	8.12592	59.437
5.436035	0.770933	8.098388	59.485
5.445612	0.78050977	8.1343	59.555
5.459977	0.7541735	8.111555	59.605
5.439626	0.80804306	8.1319065	59.645
5.445612	0.78769237	8.1402855	59.694
5.4623713	0.89543146	8.301894	59.744
5.409699	0.80445176	8.171411	59.815
5.4551888	0.79248077	8.189367	59.857
5.327099	0.866701	8.143877	59.894
5.434838	0.92655605	8.141483	59.944
5.3642087	0.8882488	8.1319065	60.005
5.619191	0.830788	8.192958	60.035
5.619191	0.830788	8.192958	60.035
5.365406	0.7457938	8.289924	60.147
5.5042696	0.92176765	7.7608047	60.194
5.297171	0.7673417	8.856153	60.256
5.3486466	0.92296475	7.6291237	60.305
