0.0	0.0	0.0	0.0
0.0	0.0	0.0	0.0
0.11971009	-9.386468	0.35075054	0.093
0.7086837	-9.291897	3.003526	0.148
1.5610195	-8.781932	4.19943	0.199
0.23942018	-9.48463	2.4181437	0.246
-1.091756	-9.607931	1.6160861	0.302
1.0773908	-10.649409	-0.32680854	0.355
-0.6344634	-9.42238	1.7741034	0.395
-0.8810662	-9.915586	0.62009823	0.435
-0.21188685	-9.7863	-0.010773907	0.485
-1.0474633	-9.659407	-0.6979098	0.546
-0.3196259	-9.9550905	1.0630256	0.595
1.8710686	-9.555259	1.5095441	0.645
-0.32800564	-9.973047	1.6831238	0.697
-0.46567222	-9.636662	1.2521675	0.755
-0.7062895	-9.785102	0.5602432	0.826
-1.0103531	-9.489418	0.6512229	0.836
-2.8203697	-9.460688	0.30047232	0.894
-0.47046062	-9.581595	0.25139117	0.945
-0.260968	-9.548077	0.19153613	0.955
0.60214174	-9.827001	0.34476504	1.045
-0.45848963	-9.642648	1.1611878	1.095
-1.3311762	-9.737218	0.7613561	1.15
-1.0295067	-9.211691	0.6715736	1.195
-1.282095	-9.783905	0.8631097	1.245
-0.7433996	-9.348161	0.842759	1.295
-1.0845734	-10.041282	0.40940848	1.344
0.8499416	-9.647436	0.49679685	1.395
0.24061728	-9.922769	-0.046686932	1.455
-0.62009823	-9.56723	0.82360536	1.494
-1.5622166	-9.56723	0.7721301	1.545
-1.4257472	-9.765948	0.5398925	1.601
-0.5398925	-9.531317	0.93493575	1.645
-0.49679685	-9.647436	-0.037110128	1.696
-1.1731589	-9.750386	-0.32800564	1.745
0.14844051	-9.720459	0.61650693	1.801
0.3890578	-9.588778	0.6895301	1.835
0.15682021	-9.996989	0.11372458	1.895
-0.47165772	-9.716867	0.32321724	1.945
-0.5674258	-9.647436	0.35194764	1.955
-0.6931214	-9.623494	0.16280572	2.039
-0.21787235	-9.714474	0.62009823	2.095
-0.30047232	-9.598354	0.6907272	2.161
-0.6991069	-9.451111	1.3383588	2.226
-0.6847417	-9.441534	1.4760253	2.244
-1.1180922	-9.555259	0.5386954	2.295
-0.6560113	-9.682152	0.076614454	2.355
-0.01316811	-9.781511	-0.15682021	2.395
0.36391866	-9.7240505	-0.0035913025	2.46
0.6835446	-9.861717	-0.10175357	2.515
-1.8471266	-10.477027	0.41180268	2.545
-0.4165911	-9.148245	2.0374656	2.595
0.1412579	-10.127473	0.6392518	2.645
0.32920274	-9.8042555	0.35673606	2.695
0.36511576	-9.652225	0.28491	2.745
-0.4309563	-9.714474	0.076614454	2.795
-0.24420857	-9.604341	0.40940848	2.85
-0.5386954	-9.844957	0.9588778	2.895
-0.59974754	-9.324219	1.3718776	2.945
-0.6488287	-10.228029	0.8571242	3.009
-0.4381389	-9.763555	0.9911995	3.039
-1.6699557	-9.452309	-0.16998832	3.095
-1.0127473	-9.532514	-0.08379706	3.144
-0.60333884	-9.775525	0.21667525	3.195
-0.25139117	-9.662998	0.49320555	3.235
-0.2765303	-9.871294	-0.16160862	3.305
-1.0079589	-9.694122	1.5837644	3.395
0.021547815	-9.694122	1.5837644	3.395
-0.8702923	-9.701305	0.18315643	3.455
-0.15562311	-9.793482	-0.0035913025	3.505
0.16519992	-10.000581	0.0047884034	3.541
0.9792285	-9.3733	1.508347	3.585
0.21667525	-10.576386	0.7254431	3.645
-1.3970166	-9.776723	-1.0833763	3.695
0.11731588	-8.916007	0.049081136	3.749
-1.6831238	-9.5492735	-0.21787235	3.795
-1.2066777	-9.801862	1.5227122	3.872
-0.7074866	-10.511743	-0.22505496	3.925
-1.0295067	-10.21127	-0.18435353	3.94
-0.6428431	-9.423578	0.7769185	3.955
-0.08259996	-10.150218	0.79367787	4.045
0.37708676	-9.490616	1.079785	4.095
-1.5729905	-9.036914	3.3063924	4.147
-1.8291701	-9.376891	0.90141696	4.186
-0.5291186	-8.668207	2.1523874	4.245
-1.4652514	-9.136273	2.0853498	4.295
-1.2797008	-10.111911	1.2306197	4.349
-0.6631939	-9.603143	1.1085154	4.386
-0.676362	-9.848549	0.62967503	4.445
0.037110128	-9.877279	-0.676362	4.495
0.0011971008	-9.989806	-0.2801216	4.585
-0.45489833	-9.989806	-0.2801216	4.585
-0.8367735	-9.340978	1.0139444	4.655
-0.3878607	-9.451111	2.0374656	4.695
-0.027533319	-9.676167	1.5382746	4.755
-0.4165911	-9.266758	1.0079589	4.795
-1.0773908	-9.797073	1.5011644	4.845
-0.3890578	-9.80665	-0.24181437	4.895
0.46327803	-10.115502	0.4237737	4.951
0.46327803	-9.928755	-0.14844051	5.045
0.2801216	-9.928755	-0.14844051	5.045
-0.4357447	-9.885659	0.39863458	5.095
-0.878672	-9.788693	0.5805939	5.167
-3.679888	-9.264363	0.81163436	5.213
-1.5275006	-9.637859	-0.30047232	5.245
-0.7577648	-9.112331	1.6041151	5.295
-0.51235914	-9.736021	1.2677298	5.355
-0.59256494	-9.758766	0.9672575	5.406
-0.35075054	-9.7803135	0.866701	5.445
-0.6548142	-9.88925	0.32441434	5.495
-1.0223241	-9.599552	1.1025299	5.545
-2.0242975	-9.661801	0.6967127	5.589
-1.0079589	-9.192537	0.6811504	5.645
-0.4381389	-9.144653	3.7553053	5.695
-1.365892	-8.207323	2.8550856	5.746
-0.17956513	-10.802638	1.5310919	5.797
-0.6859388	-9.7719345	0.20709845	5.85
-0.9636662	-9.459491	0.7110779	5.895
-0.24420857	-9.589975	0.08738836	5.945
-0.37708676	-9.702502	-0.12808979	5.955
-1.1145009	-9.691729	-1.1061212	6.044
-0.9576807	-9.661801	-1.1001357	6.095
-1.388637	-9.65821	-1.2030864	6.152
-1.3000516	-9.165004	0.16639702	6.195
-1.6160861	-9.635465	1.055843	6.245
-1.0462662	-9.950302	0.30406362	6.284
-1.4065934	-9.01417	2.3092074	6.345
-1.9309237	-9.901221	-0.10055647	6.405
-0.7302315	-10.019734	0.023942016	6.444
0.4429273	-9.770737	0.010773907	6.505
-0.1400608	-10.08318	-0.82001406	6.563
0.45010993	-9.916783	-0.32202014	6.635
-0.3866636	-9.67018	-0.15203181	6.655
-1.4460979	-9.415198	1.8902222	6.696
-2.0039468	-9.382876	-0.08259996	6.745
-0.16160862	-9.291897	1.411382	6.795
0.35434186	-9.3026705	2.336741	6.845
-1.3982137	-10.758346	-0.35673606	6.895
-0.49559975	-9.405622	0.049081136	6.945
-0.41299978	-9.167398	0.23942018	6.965
0.557849	-9.76954	-0.7110779	7.055
-0.37948096	-9.987412	-1.5526398	7.095
-0.5638345	-10.055647	-0.5554548	7.145
-0.92057055	-9.234436	0.9947908	7.195
-2.6647465	-8.66701	2.4313118	7.245
-1.2940661	-10.200497	-1.3599066	7.305
-1.6927006	-8.917204	3.0538042	7.345
-0.7553706	-9.828198	-0.25258827	7.385
-1.6328455	-9.657013	-0.038307227	7.445
-0.36511576	-9.757569	0.20470424	7.505
0.94092125	-10.1226845	0.059855044	7.544
0.008379706	-10.102334	-0.78170687	7.595
-0.56982	-9.329007	1.1372458	7.655
-0.94092125	-9.297882	1.34195	7.695
-0.9756372	-9.36492	1.5526398	7.745
0.60094464	-9.7240505	1.3072342	7.795
-0.9780314	-8.347384	3.3375173	7.845
-0.62488663	-10.730812	0.18555063	7.895
-0.15322891	-9.89763	0.21308395	7.941
-0.50757074	-9.372103	0.60094464	7.965
-0.61770403	-9.378088	-0.35673606	8.045
0.36032736	-10.067618	-0.19752164	8.095
0.03232172	-9.977836	-0.023942016	8.151
-0.4381389	-10.133459	-0.48482585	8.195
-1.1959038	-9.633071	-0.30166942	8.245
-0.6739678	-9.2787285	2.2637177	8.295
-1.0869676	-9.803059	1.0163386	8.355
-1.1719618	-8.707711	2.44448	8.405
-1.9069817	-9.425972	1.4951789	8.455
-1.4867992	-9.629479	1.021127	8.505
-1.1923125	-9.76116	0.6799533	8.542
-0.6572084	-9.509769	0.37828386	8.595
-0.47285482	-9.611523	0.14604631	8.647
-1.0690111	-9.65821	0.30047232	8.699
-1.2425907	-9.504981	1.1827357	8.755
-0.8690952	-9.828198	1.3299791	8.795
-0.7146692	-9.781511	1.1504139	8.845
-0.039504327	-9.239224	1.8088194	8.888
-0.47524905	-9.1255	2.72939	8.935
-0.94810385	-10.109517	0.62967503	8.966
-2.7102363	-9.130288	0.9540894	9.045
-2.0961237	-9.736021	1.4640543	9.095
0.8870517	-9.414001	-1.5502456	9.145
-0.8655039	-9.385271	0.45968673	9.184
0.30765492	-9.673772	0.9552865	9.244
-0.59495914	-10.0987425	0.5243302	9.292
-0.973243	-9.726444	1.6436194	9.345
-1.4257472	-9.065644	1.8267759	9.395
-1.7489643	-9.214086	1.3275849	9.445
-0.6691794	-9.26197	1.804031	9.495
-0.10414778	-9.388862	2.657564	9.544
0.80684596	-9.718064	2.256535	9.605
-0.90021986	-9.43076	-0.9828198	9.664
-1.258153	-9.49301	1.3718776	9.735
-0.25857377	-9.617508	1.3299791	9.745
-0.20829555	-10.04607	-0.06823475	9.807
-0.9840169	-10.04607	-0.48243165	9.866
-1.4736311	-9.647436	-0.20111294	9.875
-1.4856021	-9.487024	0.62129533	9.928
1.7609353	-10.121488	0.17597382	9.965
-1.1611878	-9.566033	0.7302315	10.055
-1.1887212	-9.536105	0.9564836	10.095
-0.49440265	-9.765948	0.44532153	10.145
0.7290344	-9.922769	0.9780314	10.195
0.33638534	-9.449914	2.0685902	10.266
-0.36870706	-9.3182335	1.6699557	10.305
-1.650802	-9.144653	2.3331497	10.346
-2.3439236	-9.537302	1.6340426	10.395
-1.2976574	-9.4295635	1.5921441	10.458
-0.23223756	-9.773131	1.5334862	10.495
0.047884032	-9.841366	0.9923966	10.545
-0.023942016	-9.264363	0.21068975	10.595
0.035913024	-9.764751	1.0283096	10.645
-0.3866636	-10.113108	0.50397944	10.695
-0.8762778	-9.560047	1.471237	10.745
0.81881696	-9.518148	2.0135236	10.796
-0.2896984	-10.00896	1.8459295	10.845
-1.6472107	-9.352949	-1.8698715	10.895
0.008379706	-9.390059	0.81043726	10.945
-0.0011971008	-9.654618	1.8818425	10.965
0.49200845	-10.007763	1.6065093	11.045
-0.05746084	-9.504981	2.3953989	11.095
-0.8798691	-9.392453	1.8806454	11.145
-1.8806454	-8.401254	2.078167	11.195
-2.598906	-9.233239	2.2529438	11.245
-1.1025299	-10.0269165	0.41299978	11.285
-1.0929531	-9.67018	0.11851298	11.355
-1.5191209	-9.991004	-0.5614403	11.408
-0.35673606	-9.629479	-2.0853498	11.448
-2.8443117	-9.7719345	-1.6771383	11.495
-0.08499416	-10.298658	-1.5454572	11.545
-0.1388637	-9.667787	-0.011971008	11.585
-1.3611037	-9.360131	0.5434838	11.646
-1.2413936	-10.129868	0.04189853	11.679
0.21068975	-9.467871	1.4389153	11.745
-1.7441759	-9.198523	1.460463	11.795
-2.336741	-9.628283	0.092176765	11.845
-2.8395233	-8.857349	1.3443443	11.885
-0.9756372	-10.036493	0.24181437	11.945
-0.7613561	-10.208876	0.80804306	12.035
-1.009156	-10.208876	0.80804306	12.035
-0.11851298	-9.902418	-0.36990416	12.105
-0.78649527	-9.54209	-0.33399114	12.145
-0.85473	-9.7240505	0.272939	12.195
-1.3587095	-9.5253315	0.053869538	12.245
-2.8514943	-9.491813	0.19871874	12.295
-0.8774749	-9.902418	-0.4237737	12.349
0.8319851	-7.908048	1.9393034	12.395
-1.2306197	-10.6158905	1.9381063	12.445
-0.58777654	-9.325416	2.2026656	12.505
-2.030283	-8.367735	3.3518825	12.545
1.9261353	-9.095572	4.104859	12.605
1.5610195	-9.752781	2.9520507	12.655
0.095768064	-9.995792	1.5275006	12.695
-0.1388637	-10.072407	1.4209588	12.745
0.7589619	-9.92636	1.2761095	12.795
0.47644615	-9.528923	1.3790601	12.855
0.9840169	-9.659407	0.11851298	12.905
-1.8734628	-9.392453	-1.0283096	12.945
-2.2158337	-9.487024	-1.1025299	12.972
-0.7673417	-9.169792	1.283292	13.049
-1.3204023	-9.309854	-0.7110779	13.095
-1.70946	-8.311471	3.3746274	13.156
-1.5526398	-9.841366	0.45848963	13.205
-1.7776948	-10.032902	-0.107739076	13.245
-1.7429788	-9.831789	1.3395559	13.315
-1.1815386	-10.200497	-0.6835446	13.345
-0.91817635	-10.734404	-0.85473	13.385
0.7182605	-9.202114	-0.05746084	13.445
-0.31124622	-9.379285	1.0462662	13.512
-1.1168951	-9.976639	0.8595184	13.565
-2.0769699	-9.7863	0.49200845	13.595
-0.91578215	-9.791088	-0.062249243	13.655
-1.1109096	-8.568848	0.79008657	13.695
0.050278235	-10.565612	0.40581718	13.745
-3.4751837	-7.503428	1.7525556	13.795
0.6392518	-10.90918	3.074155	13.835
-0.59615624	-9.24521	4.173094	13.895
-0.44771573	-9.355343	2.3535004	13.946
-1.1480197	-9.464279	1.3874398	13.965
0.21188685	-9.673772	1.3371617	14.045
0.8331822	-10.509348	1.3934253	14.095
0.89064306	-8.514978	0.91697925	14.155
-1.9740193	-10.830172	-0.07182605	14.195
-2.6024973	-9.339781	-0.92296475	14.255
-1.1204864	-9.264363	-0.61530983	14.305
-1.8567034	-9.707291	-1.364695	14.351
-3.1771057	-9.08001	-0.7158663	14.393
-3.809175	-9.141062	-0.073023155	14.445
-2.5390508	-9.722853	-0.7290344	14.506
0.80086046	-8.379706	6.6606693	14.565
-1.0115502	-9.994595	1.7968484	14.595
-0.8678981	-9.27394	4.5034933	14.655
-0.39264908	-9.883265	1.3718776	14.7
0.031124622	-9.685743	2.0638018	14.735
0.02873042	-9.437943	-0.15801731	14.795
-1.2030864	-10.490194	-0.31483752	14.856
-3.252523	-9.566033	-0.05626374	14.895
-2.834735	-9.654618	-1.7022774	14.955
0.20470424	-9.882068	-1.5765818	14.975
-1.2294226	-9.417592	-0.20829555	15.046
-0.18435353	-9.77792	0.32441434	15.114
1.3180081	-10.266336	1.769315	15.185
2.6013002	-10.266336	1.769315	15.185
-3.3638535	-8.689755	0.3842694	15.25
-1.8902222	-10.158598	1.0450691	15.295
-1.423353	-9.557653	1.2174516	15.345
-0.6584055	-9.314642	1.1013328	15.395
1.4544775	-9.925163	1.8028339	15.458
0.29209262	-9.775525	0.4297592	15.535
0.1364695	-9.764751	0.93254155	15.545
-0.36511576	-9.813833	1.0773908	15.595
-0.32680854	-9.610326	1.1133038	15.645
0.5279215	-9.792285	0.6895301	15.695
0.20350714	-9.388862	0.40222588	15.745
-1.6376339	-8.759187	1.6938977	15.805
-1.8303672	-10.96664	-0.25737667	15.845
-2.5318682	-8.119935	2.6910827	15.91
-0.49440265	-9.951499	2.1428106	15.955
-0.427365	-11.133038	1.0749966	15.975
-0.427365	-8.880095	2.1057005	16.05
0.641646	-9.827001	0.14963761	16.111
0.6655881	-9.519346	0.8714894	16.165
0.39384618	-9.950302	0.4249708	16.195
-0.50278234	-9.647436	-0.2753332	16.235
-0.29568392	-9.630676	0.50876784	16.29
-0.19512744	-9.855731	0.015562311	16.345
0.35793316	-9.41041	1.2533646	16.395
0.92416185	-9.861717	0.9720459	16.451
-0.2896984	-9.76116	0.7577648	16.495
-1.2306197	-8.9602995	1.9416976	16.545
-1.2306197	-9.873688	-0.5434838	16.585
-0.7697359	-10.3692875	-2.4480712	16.645
-3.9636009	-9.028535	0.074220255	16.706
0.19752164	-9.064447	-0.29688102	16.745
1.6519991	-10.353725	-0.93493575	16.795
-0.44891283	-10.564415	-2.2050598	16.845
-2.1080947	-8.672996	-1.6675615	16.905
-3.465607	-8.66701	-2.2900538	16.945
-2.4971523	-9.078813	-2.9041667	16.975
-0.16280572	-10.086772	-2.6491842	17.053
0.8882488	-9.9790325	-1.4736311	17.095
0.9516952	-9.2907	-0.047884032	17.145
0.11611878	-9.339781	2.0626047	17.195
-0.56982	-10.929531	-0.12569559	17.244
-2.19668	-8.925584	1.3323733	17.295
-2.3199813	-9.19134	1.174356	17.344
-1.2330139	-10.230424	0.93373865	17.395
1.9057846	-9.668983	1.246182	17.444
2.0769699	-8.474277	1.9740193	17.485
-0.45010993	-9.531317	0.7457938	17.535
-2.0290859	-9.703699	0.39624038	17.595
-1.282095	-9.53012	1.3012487	17.65
0.2777274	-9.774328	0.32920274	17.695
0.7314286	-9.487024	1.7106571	17.745
0.80445176	-9.593566	0.89303726	17.817
-0.23223756	-9.624691	1.5286977	17.865
-1.1360487	-9.190144	2.0410569	17.89
-0.89662856	-9.349358	2.4073699	17.945
-0.5410896	-9.728839	2.3355439	17.965
-0.007182605	-10.077195	1.0737995	18.056
1.4077905	-9.840169	0.7781156	18.105
1.3551182	-9.712079	0.34476504	18.155
1.6244658	-9.320627	-0.24779987	18.195
0.7793127	-9.109938	1.4269443	18.235
-0.9624691	-9.799467	0.65242	18.295
-1.9668367	-9.405622	1.6089035	18.355
-1.5059528	-9.036914	0.4297592	18.395
-1.1204864	-9.76116	0.79726917	18.445
-1.4065934	-9.7958765	0.45010993	18.494
-0.78649527	-9.464279	0.8702923	18.544
-0.4213795	-10.141838	0.31124622	18.585
0.21428105	-9.715671	0.108936176	18.645
1.3670892	-9.374496	1.1192893	18.695
-1.0223241	-9.442732	0.79846627	18.745
-1.0594343	-9.952697	0.3184288	18.796
0.34356794	-9.500193	0.91338795	18.835
-0.045489833	-9.791088	1.4329298	18.895
0.48841715	-8.954314	1.4652514	18.934
0.9947908	-9.348161	1.5131354	18.965
0.9947908	-9.348161	1.5131354	18.965
3.4835634	-9.828198	2.1152773	19.106
0.44771573	-8.690952	1.7405846	19.145
0.37828386	-8.967483	2.445677	19.205
0.5674258	-9.616311	2.3104045	19.245
-2.409764	-9.668983	2.1763294	19.295
1.2964603	-10.03769	2.136825	19.346
2.4887726	-8.567651	2.6839	19.385
2.8981812	-9.314642	1.9357121	19.444
2.0638018	-9.251195	1.9536686	19.509
1.340753	-9.758766	1.9081788	19.555
1.0809821	-9.563639	2.220622	19.595
0.724246	-9.339781	1.9835961	19.655
1.4173675	-9.718064	1.6196774	19.705
1.4257472	-9.566033	1.3790601	19.755
0.93254155	-9.5971575	1.364695	19.795
0.075417355	-9.463082	1.0271125	19.825
-1.1408371	-9.591172	1.0474633	19.895
-0.077811554	-9.105149	2.5270798	19.955
0.2717419	-9.925163	0.93373865	20.003
-0.47764325	-9.603143	0.8690952	20.045
-1.4377182	-9.269152	0.533907	20.105
0.11133038	-10.010158	1.2078748	20.155
0.07062895	-9.448717	1.471237	20.185
1.3814543	-10.0903635	1.1611878	20.245
0.24181437	-8.838196	1.0761937	20.295
-2.9496565	-7.3047094	5.412093	20.345
-1.6124948	-11.121067	0.7757214	20.395
-3.7972038	-8.692149	1.578976	20.445
-3.608062	-9.214086	1.376666	20.495
3.2082303	-12.880805	-0.6823475	20.567
-0.4369418	-9.157822	0.4381389	20.615
-0.5542577	-9.580399	0.50038815	20.633
-1.2246342	-8.483853	-1.8926164	20.695
-3.0478187	-10.171766	-2.859874	20.745
-3.572149	-9.144653	-1.839944	20.796
-2.1428106	-9.404425	3.1040826	20.855
-0.47405192	-10.296265	0.25258827	20.905
-1.555034	-9.818622	1.1408371	20.945
-1.4544775	-9.379285	0.6847417	20.976
-1.3718776	-9.0476885	3.3913867	21.035
-3.7086184	-9.502586	0.51714754	21.099
-3.229778	-9.118318	0.61411273	21.155
-2.3582888	-9.173384	1.8986019	21.177
-0.7445967	-9.518148	1.2234371	21.244
-0.9780314	-9.872491	0.40462008	21.295
-1.472434	-9.677363	0.031124622	21.345
-1.1240777	-9.977836	-0.9540894	21.385
-1.8650831	-9.710882	0.91219085	21.465
-1.8423382	-9.308656	2.5222914	21.495
-0.025139118	-9.473856	2.0649989	21.555
-0.59376204	-9.252393	2.8790276	21.605
-0.760159	-9.443929	1.6280571	21.644
-0.10414778	-9.337387	2.8491	21.725
-0.31004912	-9.271546	3.1747115	21.736
-1.1288661	-9.595961	2.8526914	21.785
-0.011971008	-9.921572	1.6089035	21.855
1.9488802	-9.5971575	0.6440403	21.905
-0.3184288	-9.255983	1.0175357	21.944
-0.5793968	-9.064447	0.91578215	21.975
-0.6931214	-9.627085	1.5442601	22.055
-0.866701	-10.111911	1.8243817	22.097
-0.6536171	-9.390059	1.2569559	22.145
-0.93373865	-9.586384	1.1228806	22.195
-1.0175357	-9.467871	1.614889	22.244
-0.089782566	-10.204087	1.1528081	22.298
2.585738	-9.360131	1.7501614	22.345
-0.7733272	-9.57561	2.2050598	22.394
2.0697873	-8.319851	2.743755	22.434
0.23223756	-9.467871	1.769315	22.497
-0.38187516	-9.994595	1.5921441	22.545
-0.38187516	-8.931569	2.9352913	22.605
-0.8607155	-9.320627	1.9237411	22.645
0.7685388	-9.957485	1.7130513	22.695
0.92535895	-9.211691	1.9548657	22.744
2.0338743	-10.060435	1.2868834	22.795
0.6835446	-9.591172	1.5251064	22.855
-0.36391866	-9.121908	2.7150247	22.895
0.025139118	-9.915586	2.5582044	22.945
-1.1264719	-9.372103	1.5047557	22.975
-1.0199299	-9.7863	0.7194576	23.046
0.30885202	-10.204087	0.7182605	23.095
-2.372654	-9.001001	0.142455	23.145
-0.33997664	-9.762358	0.5327099	23.215
-0.16998832	-9.753978	1.8148049	23.265
0.91219085	-9.196129	2.5079262	23.293
1.4149733	-9.586384	1.7776948	23.345
3.3542767	-9.23683	3.9001546	23.394
1.6232687	-8.652645	3.7361517	23.445
0.8846575	-9.2547865	2.4109612	23.495
0.2669535	-9.605537	2.3810337	23.545
-0.12569559	-9.090784	3.1890767	23.595
1.174356	-9.551667	2.1787236	23.645
1.9057846	-9.185355	2.8921957	23.698
0.7505822	-10.236409	1.1420342	23.744
-0.89782566	-8.231265	3.132813	23.811
2.3714569	-9.583989	3.3195608	23.855
1.8363527	-9.198523	2.7377696	23.895
2.5570073	-10.236409	1.364695	23.944
-0.18674773	-9.425972	1.4341269	23.974
1.353921	-10.461464	0.027533319	24.036
-0.19393034	-9.61272	1.7932571	24.095
2.3355439	-9.108741	2.7748797	24.144
3.4272997	-8.428787	3.608062	24.176
2.2457612	-9.072827	3.7086184	24.235
0.81283146	-9.399636	1.6280571	24.295
-0.051475335	-9.276335	2.1799207	24.344
-0.051475335	-9.585187	1.5502456	24.395
1.7262194	-10.048465	2.3834279	24.439
1.982399	-8.853758	2.7952304	24.495
1.7178397	-9.720459	2.385822	24.545
2.885013	-9.704897	1.9476831	24.595
4.534618	-9.417592	1.6448165	24.645
2.0171149	-8.662222	1.3503298	24.695
0.78290397	-9.703699	0.6464345	24.735
-3.5422213	-9.416395	3.8726213	24.825
-1.4317327	-9.721656	2.767697	24.843
-4.1826706	-8.291121	3.0669725	24.895
-1.757344	-10.813412	1.8411411	24.945
1.5945383	-10.896012	-0.10175357	24.985
3.550601	-8.471883	2.6850972	25.048
3.7600937	-10.33936	-1.340753	25.105
2.6024973	-9.850943	-1.1264719	25.145
1.816002	-9.050082	-0.7386112	25.195
1.6807296	-10.41358	-2.0769699	25.265
1.5155296	-8.079233	1.2533646	25.295
2.396596	-9.989806	0.32561144	25.345
2.4863784	-9.817424	2.3020248	25.396
2.7042508	-8.558074	3.1531637	25.445
0.9708488	-9.205706	2.6396074	25.505
1.246182	-9.495404	3.3327289	25.545
1.8974048	-8.963891	3.083732	25.595
1.7657237	-8.716091	1.3180081	25.645
2.3439236	-9.228451	1.365892	25.695
2.7210102	-9.514558	1.4640543	25.776
2.6240451	-9.300277	1.899799	25.806
0.81402856	-10.064027	1.8243817	25.845
0.08738836	-8.734048	1.3850456	25.895
0.5614403	-11.107899	-0.90021986	25.945
-2.873042	-8.60117	4.882974	25.985
5.081693	-10.292673	0.81881696	26.039
3.843891	-9.788693	1.483208	26.095
0.8631097	-8.833407	0.8475474	26.145
0.51235914	-9.332599	-0.36990416	26.195
0.62249243	-9.730036	-2.2936451	26.245
-0.2717419	-9.595961	-0.9888053	26.305
0.02873042	-8.874108	0.14604631	26.345
0.6979098	-10.279505	-0.59855044	26.397
1.0426749	-9.68694	-0.6584055	26.445
0.51595044	-9.284714	-0.82121116	26.495
-0.2837129	-10.356119	-1.0354922	26.555
0.4297592	-10.001778	-0.32680854	26.595
3.1866825	-9.378088	0.61052144	26.645
1.7250223	-9.469068	-0.7529764	26.695
1.7262194	-9.560047	-0.6464345	26.826
0.12569559	-9.7479925	-0.7230489	26.826
-1.578976	-9.3661175	-1.8710686	26.845
-0.12449849	-8.752005	-0.20829555	26.895
0.82719666	-10.043676	-0.12330139	26.949
1.377863	-10.684125	-0.2741361	26.985
1.377863	-10.684125	-0.2741361	26.985
0.7182605	-9.822212	-0.18914193	27.095
2.540248	-9.5385	0.30286652	27.145
1.3587095	-9.1255	0.8463503	27.195
1.0462662	-9.68694	1.0055647	27.26
1.4927847	-9.592369	1.9931729	27.325
1.6675615	-8.996213	3.052607	27.345
1.5861586	-8.9519205	2.1272483	27.395
2.835932	-8.910022	1.3359646	27.455
1.1121067	-9.973047	0.9792285	27.517
0.90381116	-9.317036	1.2198458	27.58
1.1180922	-9.240421	1.5131354	27.599
2.2840683	-9.621099	1.9776106	27.645
2.4648306	-9.150639	1.8507179	27.695
1.4377182	-9.204509	1.4652514	27.745
1.8531121	-9.307459	1.4257472	27.795
2.005144	-9.616311	1.2054806	27.845
1.2569559	-9.267955	2.6922798	27.915
0.9816227	-9.813833	2.1679497	27.955
1.1540052	-9.315839	2.3714569	27.995
1.1540052	-9.315839	2.3295584	28.051
2.9819782	-9.394848	1.958457	28.097
0.78290397	-9.388862	1.3694834	28.145
0.415394	-9.002198	2.2397757	28.194
2.0147207	-9.77792	1.436521	28.244
1.1348516	-9.57561	1.7046716	28.299
1.0366893	-9.793482	1.6723499	28.356
0.48482585	-9.136273	0.9552865	28.395
0.8702923	-9.762358	0.9540894	28.445
0.48722005	-9.485827	1.7166426	28.495
-0.80564886	-9.624691	1.62686	28.545
-0.2645593	-9.533711	1.7489643	28.595
0.33758244	-10.286688	0.89662856	28.649
1.1611878	-9.920375	2.1942859	28.715
1.5167267	-9.330204	1.0666169	28.745
0.90859956	-9.249998	1.0319009	28.795
3.7349546	-9.300277	6.83784	28.845
2.920926	-8.470686	2.9999347	28.89
-0.62249243	-8.65025	3.7720647	28.944
1.4808137	-10.032902	1.9632454	28.995
1.4808137	-10.032902	1.9632454	29.054
1.4053963	-9.683349	1.4628572	29.105
0.8559271	-9.416395	1.5047557	29.145
0.22744916	-9.599552	1.7357962	29.19
1.8866309	-9.588778	1.8219875	29.244
1.8602947	-9.361329	2.4528596	29.295
1.4796166	-8.941146	2.4947581	29.36
0.25977087	-9.855731	0.700304	29.395
-0.035913024	-9.816227	0.41060558	29.454
1.0510546	-9.249998	2.4588451	29.497
-0.34715924	-9.837775	1.7322049	29.555
-1.1456255	-9.961076	0.8607155	29.595
0.32441434	-9.433155	1.5765818	29.645
1.6220716	-9.147048	2.396596	29.695
2.100912	-9.463082	2.0817583	29.755
1.9560628	-9.350554	2.5737667	29.805
1.8375498	-9.267955	3.1423898	29.845
0.79607207	-9.532514	2.124854	29.895
0.7218518	-9.277532	2.4887726	29.945
0.21188685	-9.196129	2.5953147	29.995
0.21188685	-9.196129	2.5953147	29.995
1.9728222	-8.847773	3.3518825	30.165
1.7393875	-8.847773	3.3518825	30.165
1.270124	-9.223662	2.9412768	30.215
1.115698	-9.307459	2.6443958	30.243
1.3623008	-9.414001	2.4157495	30.295
1.3694834	-9.119514	2.3930047	30.341
1.353921	-9.334992	2.6491842	30.391
1.0534488	-9.070433	3.1016884	30.444
1.3156139	-9.08001	3.1998506	30.495
1.5598224	-9.174581	3.0190883	30.545
1.9536686	-9.205706	3.0693667	30.605
0.4417302	-9.252393	2.5881321	30.645
-0.23463176	-9.591172	1.2533646	30.695
1.0654198	-9.736021	1.3802572	30.744
0.5243302	-9.321824	1.8770541	30.805
-1.0809821	-9.974244	0.62847793	30.85
-0.4357447	-9.448717	0.4309563	30.895
0.1604115	-9.3733	1.5179238	30.945
1.7872716	-10.848128	0.095768064	30.995
0.062249243	-9.384073	1.1456255	31.041
2.0685902	-9.227253	2.3558946	31.095
2.111686	-9.700109	1.3850456	31.145
0.79367787	-9.551667	2.1021092	31.195
-1.1025299	-8.76637	1.6400281	31.244
4.5394063	-9.211691	1.697489	31.295
3.3039982	-8.793902	2.8766334	31.35
-0.94810385	-8.798691	0.9636662	31.395
5.544971	-8.920795	4.8338933	31.445
-2.5019407	-9.682152	-2.124854	31.495
0.8882488	-10.812215	2.6156654	31.553
3.5422213	-9.903615	0.031124622	31.625
-0.89543146	-7.656657	0.22026655	31.645
0.7302315	-8.145074	0.075417355	31.705
-2.2421699	-13.424289	0.50757074	31.855
-1.2617443	-13.424289	0.50757074	31.855
-1.2617443	-13.424289	0.50757074	31.855
6.125565	-8.497022	5.853823	31.905
-0.24660277	-9.589975	1.2761095	31.945
1.5239093	-9.160215	-1.2138603	31.996
1.5239093	-9.160215	-1.2138603	31.996
1.3024458	-10.023325	1.7226281	32.095
3.8151605	-9.32781	2.396596	32.148
1.6005238	-8.543709	4.185065	32.205
1.2114661	-8.823831	2.0242975	32.245
3.277662	-9.662998	1.7908629	32.305
1.5514427	-8.925584	1.8914193	32.348
-0.8475474	-8.950723	2.6072857	32.397
-0.545878	-10.56681	0.90141696	32.445
-0.7529764	-9.334992	-0.049081136	32.495
1.1049241	-10.281899	1.1971009	32.545
3.1651347	-9.858126	1.3204023	32.606
0.3890578	-9.457097	0.5602432	32.645
0.8583213	-9.643845	-0.40581718	32.695
0.11133038	-9.743204	1.5119383	32.775
-1.970428	-9.337387	1.3814543	32.805
-3.064578	-9.781511	0.29807812	32.844
-0.6703765	-9.661801	0.075417355	32.905
1.4939818	-10.666168	1.2808979	32.955
-0.6727707	-9.173384	0.34835634	32.995
-0.6727707	-9.173384	0.34835634	32.995
1.7106571	-9.572019	2.6420016	33.075
-2.8203697	-9.343372	2.586935	33.145
-2.9735985	-8.426393	2.7665	33.178
1.899799	-10.058042	1.3215994	33.245
-0.059855044	-9.647436	0.80445176	33.295
0.5351041	-10.314221	0.9720459	33.358
1.8626889	-9.249998	0.6991069	33.395
4.771644	-9.48463	8.543709	33.455
1.0977415	-12.152967	-1.4664485	33.505
-1.0283096	-3.6104562	2.1978772	33.535
5.0158525	-12.708423	0.30885202	33.605
-3.394978	-7.1981673	-0.22026655	33.655
2.5222914	-11.597513	-1.4077905	33.699
2.7377696	-11.039664	-0.51595044	33.745
0.15083471	-6.587646	-1.8207904	33.795
-1.4460979	-10.510546	1.4293385	33.855
-1.8734628	-11.164163	1.7130513	33.895
-2.0111294	-9.925163	1.0570401	33.945
1.3180081	-8.319851	0.4429273	34.0
1.3180081	-8.319851	0.4429273	34.0
-0.60333884	-8.773552	3.0897174	34.085
0.8690952	-8.938752	4.882974	34.145
-3.7181952	-7.52737	1.9500773	34.195
-2.1057005	-9.977836	1.7609353	34.244
5.470751	-9.349358	5.571307	34.295
2.0147207	-8.554482	3.3159695	34.375
1.5849615	-8.656237	3.4356794	34.405
1.9153614	-8.99741	3.867833	34.445
2.8179753	-8.825027	4.0174704	34.495
3.4715924	-8.632295	3.8750155	34.544
1.4856021	-9.0429	2.0973208	34.595
0.1340753	-9.842564	2.4588451	34.645
7.1790137	-9.830592	4.477157	34.695
-2.4229321	-7.5884223	4.7788267	34.745
-0.34117374	-12.294226	2.6970682	34.798
2.4049757	-7.323863	3.1735144	34.845
-2.2014685	-9.637859	4.361038	34.911
-2.1523874	-8.901642	2.2110453	34.955
-1.2653356	-8.7771435	2.3331497	34.985
-0.90021986	-9.264363	2.3295584	35.005
0.25977087	-9.527725	1.9488802	35.175
-1.4161704	-9.527725	1.9488802	35.175
-1.3706805	-9.488221	1.9931729	35.19
-1.0139444	-9.112331	1.0235212	35.245
2.8311436	-10.19092	3.3375173	35.307
3.3554738	-9.329007	5.2002063	35.375
1.4879963	-7.97748	2.565387	35.395
1.2964603	-10.00896	2.1428106	35.445
-0.22385786	-10.38485	1.6101006	35.495
1.6831238	-8.959103	2.858677	35.559
2.9173348	-9.309854	2.244564	35.595
1.6208745	-9.264363	1.9512744	35.645
1.4856021	-9.461885	2.5067291	35.695
1.30484	-9.053674	2.2146366	35.745
2.3199813	-9.060856	1.8327614	35.805
2.0901382	-10.024523	0.36152446	35.845
0.50637364	-10.716447	-0.1388637	35.915
2.3810337	-9.337387	3.0945058	35.945
7.513005	-11.892	0.21308395	35.995
3.7660792	-9.659407	-0.06344634	36.005
-0.2621651	-9.323022	0.2908955	36.105
-1.8435353	-9.79827	-0.038307227	36.144
-1.9440918	-10.674548	-0.32680854	36.205
1.0223241	-9.28232	2.0733786	36.244
0.5674258	-10.370484	-0.46447513	36.295
0.17238252	-8.948329	-0.25498247	36.345
4.3742065	-9.56723	3.7074213	36.397
2.1021092	-9.198523	1.7082629	36.446
2.372654	-9.424775	2.7748797	36.495
1.4089876	-9.874885	1.3144168	36.547
-1.9776106	-9.27394	3.8414967	36.595
0.37110126	-9.0716305	3.739743	36.645
0.18555063	-9.312247	1.6603789	36.713
1.2880806	-9.436746	2.0290859	36.756
1.6986861	-9.433155	1.091756	36.797
0.039504327	-9.579201	-0.46686932	36.845
0.05626374	-9.704897	1.1803415	36.895
0.94092125	-9.029732	-1.8650831	36.943
0.033518825	-10.58716	-2.742558	36.995
0.18914193	-10.308235	-3.1747115	37.005
-0.074220255	-9.561244	-1.1121067	37.085
0.92176765	-10.02572	1.3239936	37.145
1.091756	-9.02614	2.304419	37.195
2.9484594	-9.520543	1.2808979	37.245
3.620033	-9.956287	1.7310078	37.305
1.6639702	-9.251195	0.8571242	37.344
3.5613751	-8.893262	2.1260512	37.405
-0.78290397	-8.704121	1.4173675	37.445
-0.37229836	-10.155006	1.6591818	37.491
0.5650316	-9.998186	1.1671734	37.535
2.1499932	-8.444349	1.7525556	37.595
3.5206735	-9.08001	3.1184478	37.644
3.6595373	-8.385692	-3.9851487	37.695
-3.9815574	-9.251195	1.8746599	37.744
4.8099513	-9.655815	-2.4708161	37.795
-0.31603462	-15.258247	-4.3658266	37.845
-1.1073183	-8.9124155	-3.1854854	37.884
-1.3742718	-9.900024	-0.6703765	37.945
6.337452	-9.627085	-0.24420857	37.995
5.5150437	-9.599552	-0.16280572	38.005
-2.492364	-10.0269165	-0.5542577	38.09
0.6512229	-10.223241	-1.3814543	38.157
0.32680854	-10.425551	-0.4369418	38.205
2.3259668	-8.244433	0.79726917	38.244
0.48243165	-7.1191587	3.2213984	38.29
-6.6726403	-8.53054	5.269638	38.34
-3.788824	-12.325351	-1.4808137	38.405
2.1583729	-11.605893	0.017956512	38.448
2.0290859	-8.492233	0.022744916	38.5
2.695871	-9.76954	1.9309237	38.555
2.0566192	-9.03452	2.7210102	38.595
3.6032736	-10.350134	0.5255273	38.645
1.9440918	-8.802282	1.1432313	38.705
2.873042	-9.828198	0.47285482	38.75
0.8511387	-9.088389	1.3982137	38.795
2.1942859	-10.0748005	1.401805	38.845
1.4077905	-10.329783	2.4001873	38.894
6.7851677	-9.190144	1.934515	38.945
1.2605472	-8.532935	2.4827871	38.995
1.2605472	-8.532935	2.4827871	38.995
1.3515269	-9.604341	2.7844565	39.094
2.456451	-10.107122	2.255338	39.144
2.7844565	-8.380903	1.9907787	39.195
1.4377182	-9.987412	1.1552023	39.245
-0.19752164	-9.0429	1.471237	39.295
-2.2709002	-8.143877	0.31483752	39.344
0.8559271	-11.522096	-0.9648633	39.395
3.5637693	-9.657013	3.3267434	39.443
1.8016368	-9.707291	1.6077064	39.495
2.6192567	-8.41921	2.895787	39.545
2.2589293	-9.19972	2.4145525	39.605
0.6464345	-9.31943	1.174356	39.651
-0.9516952	-10.237606	1.0079589	39.687
1.6364368	-9.642648	1.271321	39.745
-0.142455	-9.890448	1.1540052	39.796
-0.9792285	-9.630676	-0.90381116	39.845
-0.3878607	-9.946711	-0.31244332	39.895
-0.6428431	-10.406398	-0.7182605	39.965
1.271321	-10.704475	-0.1436521	39.99
-0.11372458	-9.645041	1.198298	40.026
0.39025488	-8.477868	2.2146366	40.225
0.5758055	-7.914034	3.13401	40.243
0.5758055	-7.914034	3.13401	40.243
0.5758055	-7.914034	3.13401	40.243
1.1336545	-9.674969	2.540248	40.295
0.40940848	-9.811439	0.9995792	40.345
0.33039984	-10.272323	1.9488802	40.395
0.439336	-8.106767	2.1392193	40.444
-2.0937295	-8.222886	-1.780089	40.495
4.650737	-9.423578	10.5440645	40.545
7.8709383	-14.252683	-2.2098482	40.601
-17.335217	-2.456451	-5.2863975	40.645
7.101202	-17.240646	-8.414422	40.695
2.8790276	-4.4125137	-0.81522566	40.744
-0.9528923	-10.5285015	-0.7302315	40.784
-0.34237084	-10.178948	0.700304	40.855
0.12090719	-10.569203	1.4041992	40.894
-1.4185646	-9.631873	0.5602432	40.944
-0.45250413	-8.932767	2.5689783	40.995
0.9756372	-8.611943	2.4492683	41.039
0.022744916	-9.496601	2.7281928	41.085
-0.038307227	-9.248801	2.493561	41.145
-0.14604631	-9.036914	1.5969325	41.195
0.5770026	-10.579977	1.0151415	41.241
0.89782566	-9.578004	2.1080947	41.295
1.3227965	-9.281123	3.071761	41.345
1.3491327	-10.013748	1.661576	41.385
1.0630256	-9.5385	1.0079589	41.445
1.5634137	-9.094376	3.3303347	41.494
1.4293385	-9.379285	2.4169466	41.545
0.9900024	-9.424775	2.1571758	41.592
1.021127	-9.842564	1.8124107	41.644
2.0374656	-9.0476885	2.4480712	41.695
0.93254155	-9.08001	2.694674	41.745
0.093373865	-9.53012	2.8646624	41.795
0.20350714	-9.248801	3.7912183	41.849
1.3371617	-9.150639	3.6355953	41.955
2.111686	-9.150639	3.6355953	41.955
1.7848774	-9.053674	2.7401638	41.994
0.91937345	-9.129091	3.4440591	42.045
1.9512744	-8.661025	3.4644098	42.091
1.5610195	-8.91481	3.606865	42.156
2.0039468	-8.942344	3.763685	42.195
0.94570965	-9.587581	2.6144683	42.245
-1.198298	-9.77792	1.4221559	42.295
1.5035586	-9.23683	2.4133554	42.345
-0.5291186	-9.498995	3.406949	42.394
1.2270284	-9.15423	3.321955	42.445
0.48362875	-9.41041	3.0334535	42.494
-0.029927522	-9.147048	3.181894	42.545
0.18555063	-9.326612	2.801216	42.596
0.019153614	-9.406818	2.7988217	42.645
0.4213795	-9.271546	3.052607	42.695
0.31244332	-9.357738	2.9819782	42.744
0.07062895	-8.566454	3.8426938	42.835
-0.748188	-8.589199	3.903746	42.846
-0.7134721	-8.811859	4.473566	42.895
-0.8571242	-8.451532	4.4795513	42.957
-0.8355764	-8.881291	4.26527	43.005
-0.82001406	-9.369708	4.402937	43.045
-0.82001406	-9.369708	4.402937	43.045
-1.4413095	-8.880095	3.5529952	43.145
-1.4939818	-8.732851	3.489549	43.185
-0.94690675	-8.664616	4.3634324	43.255
-1.3491327	-8.744822	3.870227	43.295
-1.5059528	-8.832211	3.70383	43.345
-1.4329298	-8.656237	4.144363	43.39
-1.4736311	-8.783129	3.915717	43.455
-1.4700398	-8.613141	3.857059	43.487
-1.4676456	-8.617929	4.3502645	43.544
-1.0055647	-9.349358	3.669114	43.594
-1.733402	-9.180567	2.6384103	43.644
-1.0570401	-9.331401	2.7964275	43.695
-1.2114661	-8.456321	2.542642	43.741
-1.9919758	-8.117541	2.2984335	43.775
0.9660604	-10.55843	5.139154	43.85
-1.484405	-9.090784	4.3598413	43.895
7.7548194	-10.377667	1.0929531	43.945
-0.24181437	-11.699266	2.9939492	43.995
-2.2349873	-8.499416	-0.5734113	44.045
-2.2349873	-8.499416	-0.5734113	44.045
-1.7824832	-9.615114	-1.6771383	44.171
-3.7924154	-9.7479925	2.1380222	44.235
0.47524905	-10.195708	2.1380222	44.25
3.3482912	-9.147048	4.8267107	44.294
-0.4237737	-9.43076	4.036624	44.356
-1.3096284	-8.48146	3.8271315	44.395
-0.94930094	-8.6813755	2.634819	44.445
-0.9624691	-8.853758	2.9999347	44.505
-0.8535329	-10.126276	2.5629928	44.576
-0.59855044	-9.648633	1.9548657	44.605
-0.61171854	-9.247604	2.5510218	44.655
1.3227965	-9.8437605	2.4636335	44.694
2.066196	-7.920019	4.909311	44.735
0.35793316	-11.648989	2.6084828	44.795
-1.5346833	-9.28232	-2.4600422	44.855
0.94211835	-9.969456	-0.5554548	44.894
0.6979098	-9.996989	0.8295909	44.945
-0.11372458	-9.42238	0.961272	45.005
-0.533907	-10.785878	0.81881696	45.045
-0.533907	-10.785878	1.246182	45.225
-0.82121116	-8.000225	1.246182	45.225
-0.82121116	-8.000225	1.246182	45.225
-0.82121116	-8.000225	1.246182	45.255
-2.1260512	-10.540473	1.4329298	45.314
-0.9816227	-12.00333	2.3714569	45.365
-1.6041151	-9.130288	-0.5566519	45.405
0.7517793	-10.348937	-1.8734628	45.455
2.0254946	-9.900024	-2.3080103	45.495
-1.460463	-10.198102	0.6476316	45.544
1.6065093	-9.317036	2.706645	45.605
3.6511576	-8.850166	0.7134721	45.644
1.6915035	-8.483853	2.717419	45.705
2.5761611	-9.404425	2.7724855	45.75
1.1145009	-8.36175	2.7868507	45.795
2.7353754	-9.43076	3.3255463	45.855
1.3934253	-9.3733	3.7134068	45.895
0.79367787	-9.054871	3.13401	45.945
0.2885013	-9.436746	4.2544966	45.995
-0.78888947	-8.7125	2.5965118	46.05
-0.78888947	-8.7125	2.5965118	46.05
2.9640217	-8.772355	2.8419175	46.145
4.8997335	-9.585187	2.7964275	46.195
2.2421699	-8.820239	2.3427265	46.245
0.16998832	-8.726865	1.673547	46.295
1.7525556	-9.400833	2.0733786	46.345
1.590947	-9.396045	2.3523033	46.4
1.99437	-9.174581	2.8083985	46.447
2.3989902	-9.285912	3.2034419	46.505
2.4827871	-9.713276	2.327164	46.544
1.6783354	-8.541314	3.064578	46.605
1.8614918	-8.823831	3.0334535	46.665
2.1547816	-8.719683	4.8722005	46.695
1.5993267	-8.98903	4.211401	46.755
2.1404164	-8.836999	3.764882	46.795
1.7513585	-9.175778	3.4141316	46.845
0.65242	-9.127894	2.6910827	46.894
0.6979098	-9.66659	2.0254946	46.944
2.8814218	-9.208099	1.436521	47.035
-0.5363012	-9.774328	0.35075054	47.055
0.3890578	-9.774328	0.35075054	47.055
0.3890578	-9.774328	0.35075054	47.055
1.590947	-8.790312	3.8486793	47.185
0.90740246	-9.349358	2.8682537	47.244
1.0067618	-9.178172	3.8498764	47.296
0.4249708	-9.001001	3.5098996	47.345
0.724246	-8.086416	3.942053	47.395
2.5462334	-8.00621	5.73531	47.463
3.193865	-8.704121	4.4484267	47.526
1.7585411	-9.215282	3.3255463	47.545
0.65242	-8.781932	3.7840357	47.595
0.581791	-8.935161	3.810372	47.649
0.05746084	-9.083601	3.4727895	47.695
0.92895025	-8.785523	3.4632127	47.735
2.2972364	-9.181764	3.6619315	47.795
2.5917234	-8.628703	4.5118732	47.844
0.45130703	-8.870518	4.0641575	47.888
-1.3227965	-8.92319	3.1603463	47.935
0.6452374	-8.692149	4.2461166	47.994
1.9117701	-8.611943	3.9456444	48.045
2.067393	-8.722076	3.9815574	48.055
0.9624691	-9.018958	3.0909145	48.145
0.70509243	-9.363723	3.0538042	48.195
1.1456255	-9.976639	1.8028339	48.239
-0.37708676	-9.375694	1.8710686	48.285
0.02633622	-9.028535	2.456451	48.345
1.423353	-9.606734	3.2632968	48.395
0.10295067	-9.13388	2.7928362	48.444
-0.16519992	-9.23683	2.4372973	48.494
0.16759412	-8.799889	3.3063924	48.545
1.5885528	-10.234015	2.3523033	48.594
1.1707647	-9.239224	1.8938135	48.658
1.5861586	-9.610326	1.887828	48.715
1.1240777	-9.446322	1.4867992	48.755
0.60214174	-9.49301	1.7896658	48.804
0.5303157	-9.564836	2.2661119	48.845
0.62728083	-9.317036	2.3139958	48.891
0.7541735	-9.56723	1.8267759	48.935
1.34195	-9.440337	1.875857	48.996
1.70946	-9.634268	1.7645266	49.046
1.70946	-9.634268	1.7645266	49.046
-0.010773907	-9.628283	1.4293385	49.146
-0.20111294	-9.773131	0.9672575	49.215
0.31244332	-9.854534	0.80205756	49.225
1.5693992	-9.494206	1.6364368	49.295
1.3084313	-9.376891	1.3982137	49.356
-1.1336545	-9.54209	1.4951789	49.4
0.039504327	-9.518148	1.4221559	49.455
0.6667852	-9.834184	1.0534488	49.505
1.0354922	-9.657013	1.1336545	49.544
1.2785037	-9.871294	0.6799533	49.594
0.62368953	-9.617508	0.23104046	49.645
0.59495914	-9.811439	0.18315643	49.705
1.0582372	-9.5013895	1.1719618	49.744
0.91458505	-9.712079	1.377863	49.845
1.0043676	-9.408015	1.650802	49.845
-0.8762778	-9.507375	2.3175871	49.895
0.19512744	-9.095572	2.9053638	49.944
0.49200845	-9.691729	1.6472107	49.994
0.19632454	-9.923966	1.1575965	50.036
0.18195933	-9.7958765	1.1204864	50.205
0.37229836	-9.757569	2.1332338	50.205
0.39145198	-9.8437605	1.9800048	50.215
0.5793968	-9.7479925	2.0602105	50.245
0.38067806	-9.818622	1.8698715	50.295
1.650802	-9.835381	1.483208	50.344
-0.6428431	-9.124303	2.1763294	50.395
-0.11133038	-9.124303	2.397793	50.485
-0.5805939	-9.124303	2.397793	50.485
-0.01316811	-9.075222	3.8115692	50.545
0.18435353	-8.595184	4.1299977	50.601
0.2765303	-8.783129	4.1156325	50.645
0.4177882	-9.3733	3.3626564	50.695
0.260968	-9.260772	3.1771057	50.744
-0.14724341	-10.064027	2.7665	50.805
-0.17597382	-8.785523	3.1112652	50.845
0.9983821	-9.43914	3.1196449	50.895
0.22505496	-8.463503	3.739743	50.944
1.5502456	-9.425972	3.915717	50.995
2.0266917	-9.408015	3.5098996	51.035
2.0290859	-9.239224	3.3614593	51.054
1.2785037	-8.851364	5.0242324	51.155
1.5658079	-8.6095495	4.5920787	51.195
-0.1376666	-8.195353	4.6830587	51.244
-0.51714754	-8.529344	4.710592	51.285
-0.38187516	-8.889671	4.4699745	51.341
-0.33997664	-9.03452	3.6631286	51.385
0.29807812	-8.541314	4.19943	51.445
1.2533646	-8.807071	3.8247373	51.495
0.79008657	-8.313866	4.2221746	51.544
0.664391	-8.930372	4.1659107	51.595
1.4281414	-9.208099	4.0904937	51.645
1.2270284	-8.86932	3.5769374	51.695
0.90021986	-9.234436	2.6264393	51.755
-0.39983168	-10.067618	1.8375498	51.795
-1.8016368	-9.458294	1.6867151	51.835
0.31483752	-9.376891	2.172738	51.894
1.4532804	-9.569624	2.5031378	51.945
1.1121067	-9.714474	2.315193	52.055
0.30286652	-9.714474	2.315193	52.055
0.30286652	-9.350554	1.8255788	52.1
0.8643068	-9.44752	1.0618285	52.151
-0.91458505	-9.229648	2.4013844	52.197
-1.3144168	-9.874885	2.2697031	52.245
-0.9816227	-9.185355	1.460463	52.305
-0.4429273	-10.251971	1.5478514	52.376
0.47046062	-10.060435	1.7753005	52.389
0.4333505	-9.015367	2.087744	52.444
0.37469256	-9.879673	2.2230163	52.495
-0.0047884034	-8.820239	1.6089035	52.565
-0.12689269	-8.835801	2.5582044	52.595
0.6895301	-9.607931	3.168726	52.645
-0.19991584	-9.4535055	1.590947	52.695
-1.0953473	-9.500193	0.91099375	52.747
0.62608373	-10.267534	0.94451255	52.794
0.108936176	-9.300277	2.1272483	52.855
-0.5746084	-9.801862	2.1440077	52.894
-0.34476504	-9.234436	2.2026656	52.945
0.90979666	-9.356541	2.110489	52.995
0.82121116	-9.883265	1.5514427	53.048
0.60573304	-9.81503	1.6448165	53.055
0.0011971008	-10.247183	0.44532153	53.145
-1.8136078	-8.231265	2.1930888	53.195
1.4891934	-10.277111	2.0829554	53.244
0.93014735	-8.694544	2.4241292	53.295
-0.2753332	-10.133459	2.1523874	53.367
0.8331822	-9.102755	2.244564	53.401
0.8439561	-8.92319	3.4225113	53.447
0.4285621	-10.455479	2.1511903	53.501
-0.58538234	-8.111555	4.131195	53.546
0.8643068	-9.880871	2.822764	53.597
0.35913026	-9.0237465	2.1380222	53.644
-0.7038953	-9.184157	2.859874	53.696
0.046686932	-9.481039	3.4596214	53.745
0.79128367	-8.995016	2.2373815	53.797
0.9552865	-9.615114	3.2513258	53.846
-0.20350714	-9.508572	1.9955671	53.905
-1.4520833	-9.548077	1.2844892	53.946
0.89543146	-9.126697	3.8379054	53.996
0.9624691	-8.985439	4.131195	54.046
1.340753	-8.814254	4.5034933	54.056
-0.2873042	-8.463503	1.875857	54.162
0.17956513	-10.432734	0.78769237	54.198
0.61890113	-9.556456	1.7082629	54.246
-0.34715924	-9.247604	2.3750482	54.296
0.8822633	-9.102755	2.2122424	54.346
1.6400281	-7.717709	6.3949127	54.396
-0.39264908	-10.524911	2.943671	54.446
-1.5011644	-8.063671	2.634819	54.5
1.2389994	-10.433931	1.0869676	54.547
1.4209588	-9.988609	2.3786395	54.596
-0.34356794	-8.979453	2.1547816	54.643
1.2449849	-9.730036	3.3291376	54.696
0.7158663	-9.01776	4.144363	54.746
-1.0055647	-7.896077	2.610877	54.796
-0.15682021	-11.362882	0.24660277	54.846
0.6931214	-9.124303	2.9700072	54.927
-1.2533646	-9.554062	3.0777464	54.943
-0.41060558	-8.540117	3.7600937	54.996
1.34195	-10.389638	2.8000188	55.046
0.6356605	-8.426393	4.8506527	55.186
0.39264908	-8.426393	2.160767	55.198
0.25258827	-10.1226845	2.160767	55.198
-1.2449849	-8.525752	2.8455088	55.243
0.46088383	-10.8864355	0.8834604	55.307
0.49559975	-8.807071	4.8757915	55.367
-1.103727	-9.323022	2.4827871	55.397
-0.18674773	-9.344569	1.3180081	55.446
0.9552865	-9.143456	3.4440591	55.498
-0.35913026	-9.066842	4.086902	55.546
-0.046686932	-10.226832	2.4157495	55.596
-0.4405331	-9.010578	2.0805612	55.646
0.35194764	-8.402451	3.3961751	55.696
-1.2186487	-9.582792	3.052607	55.746
-0.712275	-9.731233	1.9512744	55.794
0.4381389	-9.415198	2.5953147	55.846
-0.48602295	-8.901642	2.1440077	55.896
-1.9309237	-10.048465	3.1304188	55.946
-0.4417302	-8.832211	0.79248077	55.996
0.047884032	-9.507375	3.145981	56.046
-0.2885013	-9.437943	3.2094274	56.158
-1.6699557	-9.437943	3.2094274	56.158
0.2873042	-9.345766	3.2106245	56.2
0.2801216	-9.306262	1.827973	56.246
0.044292733	-8.978256	4.687847	56.296
-1.3551182	-9.96347	3.0334535	56.346
1.1707647	-9.032125	2.7688942	56.396
-0.7781156	-9.057265	3.2752678	56.446
-0.19991584	-9.4295635	3.5972881	56.496
-0.016759412	-8.699332	4.036624	56.577
0.19512744	-8.699332	4.036624	56.577
-0.4177882	-9.058462	2.56419	56.648
0.22864626	-9.498995	4.200627	56.702
0.33159694	-8.694544	2.967613	56.747
-1.3970166	-8.725668	3.3758245	56.796
0.24660277	-9.599552	3.13401	56.889
0.35075054	-9.4774475	2.7257986	56.907
0.06823475	-9.060856	2.8538885	56.946
1.1767502	-9.551667	3.3171666	56.996
0.45729253	-8.919599	3.1148565	57.047
-0.21428105	-8.616732	4.9787426	57.066
-0.21428105	-8.616732	4.9787426	57.066
0.7577648	-9.0081835	5.78918	57.196
0.35314476	-8.183381	4.6255975	57.246
-0.39863458	-8.808268	3.9097314	57.298
0.6979098	-8.588001	3.3063924	57.347
0.6703765	-8.791509	5.4504004	57.397
-0.051475335	-8.42759	4.0342298	57.446
-0.44771573	-8.471883	4.642357	57.496
-0.21068975	-8.446744	4.7668557	57.546
-0.23582886	-8.403648	4.8638206	57.596
0.08259996	-8.924387	4.3394904	57.641
0.37349546	-8.7053175	4.2401314	57.711
-0.09935937	-8.761581	4.4077253	57.746
-0.5566519	-9.064447	3.3782187	57.796
-0.6979098	-9.390059	3.5063083	57.846
-0.4405331	-9.127894	3.405752	57.896
0.06703765	-9.072827	3.762488	57.946
-0.5315128	-8.862138	4.212598	57.996
0.05746084	-8.409634	4.5046906	58.058
-0.03232172	-8.846576	4.322731	58.066
-0.03232172	-8.846576	4.322731	58.066
0.36272156	-9.561244	2.9041667	58.196
-0.39145198	-9.305065	2.0446482	58.246
-0.48362875	-8.813056	4.465186	58.297
-0.39025488	-9.211691	3.3854012	58.337
-0.19153613	-8.718486	4.1982327	58.396
-0.5662287	-9.003395	3.9384618	58.44
-0.7493851	-9.018958	3.3554738	58.487
-0.6787562	-8.990228	3.4141316	58.546
1.22224	-9.836577	3.8857894	58.59
-0.90141696	-8.763975	2.315193	58.647
-1.0785879	-8.755595	4.7309427	58.696
-0.19393034	-9.100361	3.7122097	58.746
-0.8846575	-8.65863	3.7780502	58.796
0.10295067	-9.308656	3.7433343	58.847
-0.6679823	-9.141062	2.706645	58.897
0.045489833	-9.466674	4.4161053	58.946
-0.36272156	-8.746018	2.7760768	59.006
-0.7110779	-8.916007	4.0737343	59.046
-1.079785	-9.144653	3.1675289	59.066
-0.34476504	-8.851364	3.809175	59.147
-0.320823	-8.807071	3.9911342	59.198
-0.4369418	-8.872911	3.8750155	59.247
0.059855044	-9.326612	3.6846764	59.299
-0.094570965	-8.905233	3.289633	59.346
1.103727	-9.3182335	2.7509377	59.399
-0.46567222	-8.668207	4.0653543	59.446
-0.4189853	-9.275137	3.4045548	59.497
-0.33877954	-8.848969	4.1982327	59.546
-0.17477672	-8.783129	4.009091	59.596
-0.04309563	-8.908825	3.8175547	59.646
0.020350715	-8.9758625	3.8247373	59.7
-0.02633622	-9.022549	3.7122097	59.746
0.32202014	-8.933964	3.9217024	59.817
0.05267244	-9.010578	3.9109285	59.847
0.088585466	-8.887277	4.368221	59.899
0.32441434	-9.288305	3.1711202	59.946
0.24301147	-9.14585	3.83192	60.009
-0.08499416	-9.255983	3.867833	60.043
-0.059855044	-8.870518	3.9923313	60.062
0.075417355	-9.051279	3.7720647	60.266
0.34356794	-9.016563	3.763685	60.277
0.34356794	-9.016563	3.763685	60.277
0.4285621	-8.98903	3.952827	60.287
-0.11252748	-8.792706	4.0174704	60.346
0.031124622	-8.9279785	3.9396589	60.403
-0.19871874	-8.719683	4.4244847	60.427
0.090979666	-8.981848	4.1060557	60.497
-0.24061728	-8.663419	3.5410242	60.547
