0.0	0.0	0.0	0.0
0.0	0.0	0.0	0.0
1.5993267	-8.939949	3.5984852	0.082
1.436521	-9.033323	3.4823663	0.138
1.555034	-8.963891	3.3423057	0.203
1.6567876	-8.957906	3.264494	0.243
1.5658079	-8.996213	3.477578	0.293
1.411382	-8.9758625	3.5230677	0.342
1.1923125	-8.908825	3.5781345	0.392
1.436521	-8.987833	3.383007	0.453
1.697489	-8.773552	3.681085	0.503
1.365892	-9.016563	3.3303347	0.537
1.4173675	-9.038112	3.527856	0.59
1.5873557	-8.995016	3.3411086	0.643
1.316811	-8.987833	3.430891	0.683
1.6567876	-8.9279785	3.5003228	0.763
1.5514427	-8.961497	3.4991257	0.791
1.3670892	-8.998607	3.3435028	0.843
1.6017209	-9.069236	3.4261026	0.892
1.6316484	-8.949526	3.3985693	0.942
1.5837644	-8.9279785	3.3123782	0.962
1.6543933	-8.9758625	3.4045548	1.042
1.4927847	-8.900445	3.4715924	1.084
1.6903064	-8.972271	3.7193923	1.143
1.4856021	-9.14226	3.323152	1.192
1.4915876	-8.929175	3.3506854	1.242
1.5143325	-8.858546	3.4129345	1.292
1.3443443	-8.918402	3.5338416	1.342
1.5298948	-8.832211	3.5422213	1.392
1.7860745	-9.082404	3.7217865	1.442
1.685518	-8.933964	3.5003228	1.492
1.5191209	-8.793902	3.5889084	1.573
1.6783354	-8.817844	3.6164417	1.592
1.328782	-9.083601	3.5326445	1.642
1.3994108	-8.803479	3.5924997	1.698
1.6136919	-8.924387	3.7600937	1.743
1.4927847	-8.935161	3.6942532	1.803
1.3862427	-8.9519205	3.2022448	1.842
1.5717934	-8.939949	3.6499605	1.913
1.6484078	-8.948329	3.4871547	1.953
1.4377182	-8.92319	3.3315318	1.962
1.4760253	-9.01776	3.8151605	2.048
1.2042835	-8.848969	3.6272156	2.103
1.4508862	-8.916007	3.4751837	2.15
1.7034745	-9.002198	3.3913867	2.185
1.5119383	-9.038112	3.1651347	2.242
1.5610195	-9.0716305	3.3566709	2.302
1.42455	-8.874108	3.537433	2.346
1.4257472	-8.986636	3.4847605	2.402
1.4820108	-9.051279	3.8115692	2.442
1.4041992	-9.040505	3.406949	2.485
1.5933412	-8.889671	3.4081461	2.542
1.7238252	-8.959103	3.3387144	2.592
1.6915035	-9.050082	3.1519666	2.642
1.6089035	-9.070433	3.2944214	2.692
1.5837644	-9.081207	3.3877954	2.753
1.7429788	-8.983045	3.3087866	2.793
1.4915876	-8.959103	3.2477345	2.844
1.5502456	-9.033323	3.3770216	2.892
1.3634979	-8.937555	3.4105403	2.942
1.3634979	-9.016563	3.3315318	2.962
1.5693992	-9.229648	3.3039982	3.037
1.6819267	-8.780735	3.4332852	3.092
1.6136919	-9.0716305	3.2453403	3.142
1.5849615	-8.868123	3.4201171	3.207
1.5155296	-9.074024	3.3375173	3.243
1.5682021	-9.113529	3.4165258	3.293
1.578976	-8.933964	3.2704794	3.342
1.6184803	-8.98903	3.2237926	3.393
1.5310919	-8.953117	3.2788591	3.45
1.4053963	-9.001001	3.288436	3.492
1.5693992	-9.203311	3.4356794	3.543
1.6172832	-8.949526	3.1531637	3.604
1.6292542	-9.032125	3.1256304	3.641
1.5502456	-8.774749	3.5194764	3.692
1.4640543	-9.038112	3.2034419	3.744
1.6280571	-9.227253	3.4751837	3.792
1.5227122	-8.950723	3.2585084	3.842
1.6244658	-9.027337	3.13401	3.892
1.7106571	-8.932767	3.3674448	3.943
1.6101006	-8.848969	3.21661	3.962
1.6101006	-8.848969	3.21661	3.962
1.2725182	-8.942344	3.156755	4.093
1.7393875	-9.210494	3.2788591	4.146
1.4568717	-8.525752	3.25372	4.202
1.7585411	-9.186552	3.442862	4.244
1.7585411	-9.179369	3.015497	4.303
1.7824832	-8.978256	3.3147724	4.344
1.3371617	-8.892065	3.4500446	4.406
1.5478514	-8.9602995	3.3542767	4.444
1.4616601	-9.180567	3.4356794	4.495
1.8100165	-9.155427	3.2908301	4.544
1.4389153	-8.450335	3.1639376	4.599
2.1296425	-9.291897	3.5458126	4.642
1.1504139	-8.853758	3.0921116	4.703
1.3335704	-9.044097	3.2609026	4.753
1.4760253	-9.190144	3.4991257	4.799
1.7429788	-8.834604	3.0945058	4.843
1.5849615	-8.555679	3.003526	4.884
1.7537527	-9.169792	3.6631286	4.942
1.6555905	-8.90643	3.5230677	4.954
1.7525556	-8.524555	3.3997664	5.073
1.3910311	-8.47308	3.4081461	5.082
1.8183962	-9.299079	3.5087025	5.142
1.5167267	-9.088389	3.347094	5.193
1.496376	-8.98903	3.2489316	5.249
1.5801731	-8.990228	3.2573113	5.292
1.578976	-9.1350765	3.4680011	5.361
1.7561469	-9.081207	3.345897	5.393
1.4341269	-9.123106	3.1986535	5.442
1.5646108	-8.943541	3.369839	5.492
1.483208	-8.871715	3.1914709	5.542
1.7908629	-9.094376	3.6954503	5.597
1.4413095	-9.068039	3.144784	5.643
1.5071499	-8.978256	3.3399115	5.693
1.5263035	-8.857349	3.3147724	5.742
1.6591818	-9.114726	3.6523547	5.792
1.5634137	-8.950723	3.3051953	5.842
1.5586253	-9.063251	3.2118216	5.892
1.5263035	-8.878897	3.3554738	5.962
1.3623008	-9.129091	3.4572272	6.023
1.6077064	-9.200917	3.4512417	6.043
1.5490485	-8.9279785	3.3722332	6.092
1.6220716	-9.027337	3.3028011	6.142
1.4939818	-8.865729	3.596091	6.203
1.5777789	-9.114726	3.2716765	6.242
1.4748282	-8.917204	3.4680011	6.302
1.8183962	-9.006987	3.442862	6.342
1.5406688	-8.8777	3.323152	6.382
1.4820108	-9.069236	3.311181	6.443
1.6196774	-8.965088	3.5685577	6.492
1.4520833	-9.050082	3.357868	6.542
1.234211	-9.11712	2.9592333	6.588
1.2665327	-9.192537	3.064578	6.643
1.5574282	-8.9279785	3.4715924	6.692
1.7729063	-9.01417	3.6104562	6.757
1.6460136	-9.185355	3.228581	6.813
1.7046716	-8.878897	3.5673606	6.843
1.5897499	-9.021352	3.3123782	6.902
1.8100165	-9.096769	3.515885	6.943
1.6304513	-8.887277	3.3183637	6.973
1.7298107	-8.919599	3.489549	7.046
2.1631613	-8.520964	3.9743748	7.092
1.5011644	-9.050082	3.2680852	7.142
1.7298107	-8.968679	3.2130187	7.183
2.1990743	-8.8645315	3.3913867	7.242
1.42455	-8.865729	3.1376014	7.282
1.2330139	-9.276335	3.3686419	7.342
1.2856863	-8.926781	3.6762967	7.392
1.6292542	-9.038112	3.1555579	7.442
1.8148049	-8.6334915	3.8247373	7.492
1.70946	-9.198523	3.3267434	7.532
1.3802572	-9.094376	2.9269116	7.593
1.5346833	-9.148245	2.9951463	7.642
1.6843209	-8.798691	3.930082	7.692
1.5897499	-8.851364	3.7301662	7.742
1.2988545	-8.92319	3.2728736	7.802
1.3682863	-9.036914	2.835932	7.842
1.8435353	-8.974665	3.3051953	7.902
2.3080103	-8.838196	3.4117374	7.942
1.8770541	-9.097966	3.1902738	7.978
0.8379706	-8.748413	4.095282	8.043
1.5334862	-9.001001	3.3889925	8.112
1.8088194	-9.118318	2.765303	8.142
2.1404164	-9.126697	2.8514943	8.204
1.7549498	-8.980651	3.3638535	8.253
1.6232687	-8.987833	3.5541923	8.292
1.6675615	-8.924387	3.539827	8.35
1.5693992	-8.962694	3.4859576	8.384
1.5179238	-8.992621	3.1794999	8.453
1.3706805	-9.029732	3.2321723	8.503
1.388637	-8.957906	3.4524388	8.573
1.4460979	-8.955511	3.41892	8.594
1.4556746	-9.078813	3.2632968	8.643
1.5705963	-8.834604	3.323152	8.692
1.9201498	-9.24521	3.0490158	8.743
1.7501614	-9.032125	3.3842041	8.813
1.8291701	-9.050082	3.5350387	8.843
1.3994108	-8.8777	3.2944214	8.896
1.7190368	-9.087193	3.3638535	8.943
1.5729905	-9.036914	3.3674448	8.973
1.6496049	-8.947132	3.515885	9.044
1.4784195	-8.973468	3.357868	9.093
1.4808137	-8.998607	3.241749	9.132
2.3247697	-8.53892	3.582923	9.193
1.6603789	-8.6574335	3.6631286	9.252
1.4556746	-8.829816	3.6954503	9.292
1.6316484	-9.051279	3.0693667	9.342
1.5741876	-9.112331	3.003526	9.392
2.0254946	-8.937555	3.5625722	9.442
2.042254	-9.1255	3.004723	9.492
1.4544775	-9.052477	3.181894	9.542
1.471237	-9.090784	3.3782187	9.583
1.2318168	-8.831013	3.4871547	9.639
1.7106571	-9.120711	3.0550013	9.702
1.3850456	-9.050082	2.9364884	9.757
1.3443443	-9.099164	3.086126	9.793
1.3623008	-9.08001	3.0131028	9.842
1.6843209	-9.081207	3.3147724	9.902
1.8387469	-9.045294	3.180697	9.954
1.7513585	-9.173384	3.1663318	9.983
1.2892777	-9.148245	2.8634653	10.049
1.3587095	-9.087193	3.2704794	10.095
1.6412252	-8.90643	3.3722332	10.143
1.8722657	-9.062054	3.1735144	10.192
1.6651673	-9.097966	3.1495724	10.242
1.1025299	-9.337387	2.695871	10.293
1.6316484	-9.041702	3.3806129	10.382
1.5897499	-9.041702	3.3806129	10.382
1.4449008	-9.052477	3.2956185	10.442
1.3443443	-9.021352	3.2932243	10.503
1.5729905	-8.990228	3.3746274	10.542
1.7597382	-9.006987	3.180697	10.592
1.9093759	-8.9602995	3.1866825	10.642
1.5298948	-9.112331	3.0969	10.713
1.364695	-9.058462	3.0478187	10.741
1.9656396	-8.961497	3.4476504	10.793
1.5921441	-8.619126	3.2800562	10.842
1.5382746	-9.367314	3.1555579	10.892
1.3862427	-8.9363575	3.3303347	10.942
1.508347	-8.932767	3.2333694	10.982
1.472434	-9.174581	2.991555	11.05
1.6017209	-9.099164	3.205836	11.093
1.7202339	-9.197326	3.1387985	11.143
1.62686	-9.00579	2.870648	11.192
1.6005238	-8.930372	3.570952	11.242
1.4508862	-8.526949	3.620033	11.323
1.7585411	-9.275137	2.9293058	11.345
2.4013844	-8.808268	3.4644098	11.392
1.7465701	-9.038112	3.4967315	11.449
1.1432313	-9.072827	3.0597897	11.492
1.2186487	-9.115923	2.9951463	11.542
1.8579005	-8.991425	3.371036	11.609
2.019509	-8.929175	3.5218706	11.645
1.6460136	-8.943541	3.4105403	11.693
1.4939818	-9.066842	3.25372	11.743
1.6160861	-9.076419	3.074155	11.794
1.8531121	-8.895657	3.4105403	11.842
1.5298948	-9.109938	3.1771057	11.903
1.4137762	-9.003395	3.3913867	11.932
1.411382	-8.98903	3.3399115	11.982
1.496376	-9.021352	3.276465	12.039
1.5873557	-9.060856	3.2321723	12.092
1.5837644	-9.08001	3.1352072	12.142
1.4221559	-9.053674	2.967613	12.192
1.4616601	-8.856153	3.5350387	12.283
1.4401124	-8.856153	3.5350387	12.283
1.602918	-9.052477	3.3722332	12.342
1.5394717	-9.160215	2.6791117	12.402
1.5610195	-9.011775	3.1519666	12.442
2.098518	-8.719683	3.5326445	12.492
2.2649148	-9.083601	3.4955344	12.542
1.6364368	-9.01417	3.13401	12.592
1.6591818	-8.953117	3.5230677	12.652
1.2234371	-8.965088	3.5458126	12.676
1.5945383	-9.113529	2.9843724	12.749
1.804031	-9.081207	3.027468	12.792
1.7788919	-9.029732	3.0801406	12.843
1.484405	-9.126697	3.0753522	12.892
1.6807296	-9.137471	3.13401	12.942
1.650802	-9.223662	2.8622682	12.972
1.4209588	-9.0429	2.743755	13.082
1.460463	-9.010578	2.8275523	13.096
1.6053122	-9.174581	2.8431146	13.142
1.3587095	-9.188946	2.7748797	13.192
1.590947	-9.320627	2.7629087	13.253
1.4173675	-9.173384	2.7102363	13.292
1.3623008	-9.283517	2.64679	13.349
1.1623849	-9.362526	2.6036944	13.392
1.1599907	-9.24521	2.566584	13.448
1.3347675	-9.205706	2.8993783	13.493
1.3192052	-9.336189	2.4025815	13.552
1.3072342	-9.121908	2.5486276	13.592
1.5454572	-8.98903	2.6623523	13.642
1.5358804	-9.039309	3.2728736	13.692
1.9237411	-8.930372	3.596091	13.753
1.6519991	-8.86932	3.6332011	13.802
1.3383588	-9.065644	3.1639376	13.843
1.5370775	-9.137471	2.907758	13.882
2.0757728	-9.016563	3.1232362	13.942
1.8375498	-8.944737	3.288436	13.982
1.4784195	-9.003395	3.4703953	14.042
1.4317327	-8.983045	3.3482912	14.092
1.1659763	-9.032125	3.1771057	14.142
1.5107412	-9.083601	3.289633	14.202
1.6962919	-9.045294	2.8814218	14.263
1.567005	-9.126697	3.110068	14.299
1.3563153	-9.157822	3.0382419	14.342
1.4544775	-9.082404	3.071761	14.393
1.8854338	-8.978256	3.3423057	14.443
2.2529438	-8.944737	3.3207579	14.492
1.7968484	-8.993818	3.0765493	14.555
1.5334862	-9.457097	2.8323407	14.603
1.2437878	-8.9040365	3.25372	14.642
1.3694834	-9.040505	3.265691	14.692
1.6436194	-9.11712	3.357868	14.751
1.7393875	-8.899248	3.3985693	14.793
1.553837	-9.020155	3.2968156	14.832
1.4460979	-9.224859	2.7868507	14.892
1.7896658	-9.108741	2.882619	14.932
1.9871874	-8.998607	3.110068	14.995
1.9871874	-8.998607	3.110068	14.995
1.5658079	-9.149442	2.7856536	15.095
1.602918	-9.169792	2.908955	15.152
1.6831238	-9.018958	3.083732	15.192
1.673547	-9.041702	3.276465	15.252
1.3874398	-9.14226	2.9317	15.292
1.2569559	-9.151836	2.9149406	15.352
1.3491327	-9.077616	3.3087866	15.433
1.6555905	-8.965088	3.4476504	15.451
1.745373	-9.123106	3.0466216	15.492
1.7633295	-9.062054	3.180697	15.542
0.9888053	-9.487024	2.6396074	15.592
2.4732103	-8.401254	3.2333694	15.642
1.5514427	-9.029732	3.774459	15.702
1.4281414	-8.844181	3.429694	15.752
1.5107412	-9.056067	3.1591492	15.782
2.0913353	-9.0081835	2.8921957	15.853
2.385822	-9.027337	2.932897	15.902
1.8183962	-8.910022	3.288436	15.942
1.7022774	-8.965088	3.4799721	15.99
1.5682021	-8.863335	3.5182793	16.055
1.9764135	-8.89446	3.489549	16.092
1.9309237	-9.097966	2.8526914	16.152
1.7429788	-8.998607	3.1376014	16.189
1.6292542	-9.027337	3.2453403	16.253
1.769315	-8.990228	3.0657754	16.292
1.6639702	-8.9519205	3.2106245	16.377
1.7202339	-8.996213	3.1172507	16.395
1.7010803	-9.101558	3.1591492	16.442
1.7956513	-9.02614	3.7541082	16.492
1.1587936	-9.48463	2.907758	16.542
0.8595184	-8.172607	3.7900212	16.601
1.8818425	-9.704897	3.1866825	16.633
2.5570073	-8.807071	3.0909145	16.687
2.148796	-9.1350765	3.442862	16.737
1.8722657	-9.053674	3.0430303	16.792
1.8567034	-8.8777	3.2489316	16.842
1.7489643	-8.902839	3.4632127	16.893
1.8171991	-8.953117	3.4967315	16.949
1.650802	-8.965088	3.169923	16.994
1.5682021	-8.978256	3.1830912	17.005
1.5598224	-8.956709	3.309984	17.103
1.7010803	-8.971074	3.41892	17.142
1.8962077	-8.850166	3.465607	17.192
1.9129672	-9.030929	3.526659	17.242
1.8052281	-8.98903	3.394978	17.292
2.005144	-9.012972	3.2860417	17.343
1.8195933	-8.552089	3.6415808	17.393
1.6603789	-8.963891	3.6236243	17.442
1.5861586	-8.826224	3.5649664	17.509
1.6484078	-8.963891	3.2668881	17.544
1.9620483	-9.038112	3.4560301	17.593
1.8064252	-8.66701	4.0186677	17.642
1.283292	-8.955511	3.7241807	17.699
2.2266076	-8.540117	4.1216183	17.751
1.6771383	-8.785523	3.8845923	17.792
1.4748282	-8.9363575	3.2740707	17.859
1.8171991	-8.880095	3.5087025	17.892
2.1906946	-9.101558	3.5769374	17.942
1.8411411	-8.66701	3.572149	17.992
1.8004397	-8.702923	3.669114	18.002
1.5957354	-8.761581	3.9935284	18.093
1.4520833	-8.65863	3.8414967	18.136
1.0630256	-9.235633	3.764882	18.193
1.2725182	-8.760384	3.4500446	18.242
1.7322049	-8.835801	3.8738184	18.292
1.804031	-8.744822	3.8750155	18.342
1.9847932	-8.692149	4.132392	18.392
1.555034	-9.204509	3.477578	18.442
1.4460979	-8.900445	3.2106245	18.492
1.1563994	-9.209297	3.0538042	18.548
1.2162545	-8.935161	3.4404678	18.593
1.7597382	-8.910022	3.489549	18.642
1.7274165	-9.082404	3.5170822	18.682
1.3000516	-9.232041	3.441665	18.772
1.1611878	-9.1829605	3.3614593	18.801
1.6795325	-8.866926	3.5553896	18.842
1.6519991	-8.86932	3.7110126	18.897
1.3946224	-8.937555	3.5242648	18.943
1.448492	-8.931569	3.3159695	18.993
1.5239093	-8.89446	3.357868	19.004
1.6950948	-8.979453	3.702633	19.093
1.4772224	-8.954314	3.3446999	19.133
1.541866	-9.039309	3.0945058	19.192
1.448492	-8.925584	3.5745432	19.242
1.9081788	-8.949526	3.3375173	19.292
1.7381904	-9.107543	3.1364043	19.373
1.436521	-9.018958	3.0430303	19.402
1.1994951	-9.030929	3.2632968	19.442
1.376666	-9.044097	3.3770216	19.494
1.4808137	-8.987833	3.309984	19.542
1.5705963	-9.119514	3.2429461	19.592
1.4879963	-8.819042	3.2513258	19.652
1.5478514	-9.040505	3.5362358	19.683
1.6292542	-8.957906	3.965995	19.74
1.673547	-9.090784	3.015497	19.793
1.650802	-9.074024	2.8921957	19.832
1.5263035	-9.215282	2.9364884	19.892
1.8004397	-8.875306	3.5817258	19.939
1.8052281	-9.051279	3.2561142	20.003
1.7609353	-9.051279	3.2561142	20.003
1.6759412	-8.871715	3.3686419	20.11
1.6747441	-8.852561	3.6415808	20.143
1.4927847	-8.935161	3.503914	20.192
1.6448165	-9.11712	3.2106245	20.242
1.8363527	-9.029732	3.300407	20.28
1.9512744	-9.150639	3.2477345	20.338
1.1552023	-9.058462	3.2022448	20.392
1.5215151	-8.833407	3.4512417	20.443
1.7896658	-8.926781	3.0119057	20.493
1.9907787	-8.938752	3.5565867	20.542
1.6771383	-8.9519205	3.145981	20.592
1.6950948	-9.466674	2.7329812	20.645
1.6783354	-8.772355	3.4488475	20.693
1.8231846	-9.024943	3.277662	20.742
1.7872716	-8.899248	3.5075054	20.792
1.6448165	-8.978256	3.53863	20.842
1.6496049	-8.917204	3.442862	20.893
1.6352397	-8.874108	3.3674448	20.942
1.4269443	-9.589975	3.1531637	21.0
1.4269443	-9.589975	3.1531637	21.0
1.5035586	-8.955511	3.6870706	21.092
1.6891093	-9.221268	3.1555579	21.142
1.0295067	-9.180567	2.943671	21.192
1.3994108	-8.900445	3.429694	21.238
2.0039468	-8.485051	4.2401314	21.302
2.36188	-8.710106	3.8726213	21.342
1.982399	-8.787917	3.7840357	21.392
1.7046716	-9.01776	3.3039982	21.442
1.62686	-9.01776	3.333926	21.492
1.5981296	-8.725668	4.1036615	21.542
1.5861586	-8.695741	3.8510735	21.582
1.6603789	-8.863335	3.867833	21.642
1.6400281	-9.066842	2.8862102	21.693
1.5215151	-9.062054	3.25372	21.743
1.7669208	-9.01417	3.1160536	21.792
1.5741876	-9.066842	3.1016884	21.853
1.7238252	-9.106346	3.180697	21.893
1.6903064	-9.14585	2.873042	21.942
1.3192052	-9.270349	2.4720132	22.002
1.3515269	-9.270349	2.4720132	22.002
1.258153	-9.386468	2.3295584	22.098
1.0965444	-9.457097	1.9488802	22.142
1.1061212	-9.527725	1.7860745	22.224
1.0714053	-9.436746	1.6950948	22.242
1.1456255	-9.561244	1.6843209	22.292
1.1252748	-9.51336	1.9237411	22.342
1.1599907	-9.465476	1.9560628	22.392
1.2018893	-9.31105	2.2337902	22.456
1.3144168	-9.242816	2.0015526	22.493
1.0977415	-9.357738	2.147599	22.542
1.377863	-9.41041	2.2756886	22.592
1.2389994	-9.53012	1.6807296	22.642
0.89662856	-9.466674	1.9081788	22.702
1.0893618	-9.424775	2.1068976	22.742
1.7369933	-9.120711	2.3558946	22.792
1.3994108	-9.059659	2.586935	22.889
1.614889	-9.059659	2.586935	22.889
1.6340426	-8.931569	3.0969	22.943
1.3132197	-9.226056	2.5390508	22.992
1.3838485	-9.275137	2.4037786	23.004
1.0175357	-9.512163	1.8136078	23.097
1.3227965	-9.362526	2.2337902	23.142
1.5717934	-9.375694	2.1092918	23.192
1.5215151	-9.433155	2.2373815	23.253
1.4389153	-9.431957	1.7705121	23.322
0.8846575	-9.445126	1.9057846	23.353
1.1073183	-9.406818	2.4468741	23.392
0.8798691	-9.248801	2.0099323	23.434
1.3814543	-9.343372	2.2864625	23.492
1.3443443	-9.397242	1.9716251	23.542
1.2294226	-9.443929	1.9716251	23.592
1.34195	-9.568427	1.8483237	23.682
1.6448165	-9.576807	1.9117701	23.692
1.6041151	-9.5492735	1.7130513	23.742
1.8866309	-9.217676	2.457648	23.807
2.1416135	-8.932767	3.3506854	23.863
1.6232687	-8.930372	3.311181	23.893
1.8363527	-8.9040365	3.5350387	23.942
1.6077064	-9.090784	3.1304188	23.992
1.6376339	-8.99741	3.4380736	24.012
2.0961237	-9.048885	2.7844565	24.081
2.4756045	-8.875306	3.2513258	24.133
2.0937295	-8.690952	3.9552212	24.189
1.7753005	-8.931569	3.41892	24.242
1.5921441	-9.074024	3.1387985	24.292
1.9428947	-8.735245	3.5697548	24.342
2.730587	-8.487445	4.0497923	24.392
1.400608	-9.26556	2.7341783	24.443
1.2449849	-9.41879	2.846706	24.499
1.5574282	-8.358158	4.691438	24.542
1.899799	-9.029732	3.1974564	24.582
2.148796	-8.826224	3.5757403	24.642
1.5729905	-9.030929	3.027468	24.692
1.6196774	-8.9758625	3.2513258	24.742
1.7250223	-9.051279	3.2992098	24.792
2.0039468	-8.921992	3.4955344	24.858
2.135628	-8.734048	3.2213984	24.889
1.6041151	-9.320627	3.241749	24.943
1.7465701	-8.913613	3.2202013	25.003
1.7585411	-8.913613	3.2202013	25.003
1.9045875	-8.86932	3.8426938	25.103
1.34195	-9.009381	3.1878796	25.142
0.9935937	-9.31105	2.6360161	25.192
2.2385786	-8.755595	3.477578	25.243
2.1918917	-8.929175	3.7421372	25.283
1.389834	-9.088389	3.252523	25.352
1.7322049	-9.0237465	3.335123	25.392
2.2122424	-8.724471	3.6882677	25.433
2.529474	-8.826224	3.4763808	25.492
1.721431	-8.761581	3.8055837	25.542
1.6879122	-8.99741	3.4165258	25.592
1.4879963	-9.14585	3.1399956	25.628
2.3630772	-8.704121	3.2788591	25.693
1.7609353	-8.475474	3.3865983	25.742
2.0470424	-9.091981	3.4476504	25.792
1.163582	-8.995016	3.5685577	25.852
1.6340426	-8.789114	3.570952	25.892
1.9788077	-8.884883	3.108871	25.942
1.875857	-8.890868	3.1256304	25.998
2.0518308	-8.781932	4.056975	26.045
1.5454572	-9.216479	2.835932	26.092
1.6448165	-9.336189	2.4779987	26.142
1.6244658	-9.184157	2.5570073	26.202
1.5801731	-9.174581	2.742558	26.242
1.2354081	-9.113529	3.1747115	26.292
1.22224	-9.131485	2.767697	26.342
1.6460136	-9.233239	3.1160536	26.392
1.6017209	-9.03452	2.9759927	26.443
1.6124948	-9.15423	2.8443117	26.493
1.2449849	-9.238028	2.6862943	26.542
1.210269	-9.184157	2.8874073	26.592
1.3730747	-9.056067	3.0214825	26.653
1.9309237	-9.074024	3.2154129	26.699
1.1324574	-9.2069025	2.895787	26.742
1.7513585	-8.905233	3.2010477	26.792
1.8830396	-8.9363575	3.537433	26.863
1.7741034	-9.018958	3.5745432	26.883
1.0773908	-9.050082	3.2130187	26.942
1.2282255	-9.050082	3.095703	26.987
1.377863	-9.082404	3.1615434	27.007
1.520318	-9.052477	3.1495724	27.092
1.5394717	-9.126697	2.9412768	27.142
1.2354081	-9.190144	2.837129	27.192
1.448492	-9.107543	3.0454245	27.246
1.2904748	-9.144653	3.0358477	27.293
1.1947067	-9.181764	2.8502972	27.327
1.5047557	-9.229648	2.8072014	27.382
1.6472107	-9.2308445	2.6898856	27.442
1.7262194	-9.175778	2.6240451	27.502
2.0925324	-8.941146	3.6882677	27.552
1.8148049	-8.917204	3.345897	27.593
1.4377182	-9.063251	2.9472623	27.643
1.5298948	-9.23683	2.9233203	27.682
1.364695	-9.053674	3.0119057	27.743
1.3072342	-9.121908	3.027468	27.794
1.2569559	-9.168595	3.1304188	27.852
1.5275006	-9.012972	2.979584	27.902
1.5598224	-9.13388	3.1974564	27.952
1.685518	-8.804677	3.6619315	28.002
1.578976	-8.789114	3.70383	28.012
1.5275006	-9.351752	2.4839842	28.098
1.7741034	-9.016563	3.1376014	28.159
1.4820108	-8.972271	3.441665	28.192
1.471237	-9.01776	3.465607	28.252
1.2030864	-9.027337	3.4225113	28.283
1.7298107	-9.020155	3.3195608	28.343
1.7106571	-9.235633	2.72939	28.402
1.6795325	-9.168595	3.1842883	28.442
1.4987702	-9.072827	2.8562827	28.493
1.4580688	-9.187749	2.9484594	28.542
1.5622166	-9.166202	2.9831753	28.612
1.6663644	-9.19972	2.815581	28.663
1.5526398	-9.101558	3.0298622	28.682
1.316811	-9.15423	3.0083144	28.742
1.661576	-8.895657	3.1256304	28.802
1.4077905	-9.25359	2.8491	28.842
1.661576	-9.11712	2.7665	28.894
1.1971009	-9.251195	2.658761	28.947
1.2844892	-9.220071	2.9053638	28.992
1.3754689	-9.175778	2.9137435	29.012
1.7561469	-8.996213	3.1124623	29.092
1.7513585	-8.978256	3.309984	29.142
1.6448165	-8.967483	3.4476504	29.192
1.6531962	-9.181764	2.89459	29.242
1.5873557	-9.130288	2.9005754	29.292
1.6687586	-9.137471	3.1411927	29.343
1.6819267	-8.980651	3.2968156	29.392
1.4772224	-9.091981	3.0011318	29.442
1.435324	-9.051279	3.2585084	29.486
1.6831238	-9.119514	3.063381	29.549
1.6316484	-9.101558	3.0490158	29.592
1.578976	-9.141062	2.858677	29.669
1.4628572	-9.232041	2.778471	29.694
1.5969325	-9.160215	2.7665	29.752
1.4951789	-9.188946	2.906561	29.792
1.5298948	-9.224859	2.5893292	29.825
1.5945383	-9.174581	2.8862102	29.894
1.4317327	-9.149442	2.777274	29.942
1.6005238	-9.120711	2.9281087	30.012
1.7369933	-9.120711	2.9281087	30.012
1.2653356	-9.211691	2.8419175	30.101
1.5239093	-9.272743	2.6611552	30.133
2.0949266	-9.218874	2.6515784	30.202
2.0458453	-9.033323	2.906561	30.252
1.79206	-9.14585	3.0358477	30.292
1.6460136	-8.937555	3.2740707	30.342
1.3263878	-9.056067	3.5242648	30.392
0.89662856	-9.287108	2.6360161	30.443
1.9644425	-9.0429	2.814384	30.493
2.086547	-9.085996	2.823961	30.553
2.0003555	-9.139865	3.0382419	30.592
1.7681179	-8.862138	3.5051112	30.642
1.4664485	-9.153033	3.0933087	30.692
1.3096284	-9.059659	3.1364043	30.752
1.8195933	-8.981848	3.2010477	30.792
1.5825673	-8.890868	3.3518825	30.842
1.5059528	-9.018958	3.2549171	30.893
1.3694834	-9.077616	3.2010477	30.953
1.4568717	-8.961497	3.3518825	30.992
1.4053963	-8.950723	3.2740707	31.012
1.2761095	-9.038112	3.1615434	31.083
1.6496049	-9.003395	3.4380736	31.149
1.8782512	-9.204509	3.1268275	31.191
1.5454572	-9.115923	2.6994624	31.244
1.8686744	-9.1590185	3.107674	31.293
1.2509704	-8.852561	3.6858735	31.342
1.3192052	-8.991425	3.6128504	31.392
1.352724	-8.929175	3.809175	31.443
1.0821792	-8.793902	3.549404	31.492
1.6101006	-9.00579	3.4955344	31.542
1.5801731	-8.9519205	3.549404	31.592
1.0043676	-9.021352	3.1735144	31.638
1.4616601	-9.070433	3.4859576	31.683
1.4101849	-9.01776	3.0178912	31.742
1.9572599	-9.048885	2.742558	31.792
1.198298	-9.224859	2.8072014	31.842
1.2186487	-9.197326	3.1304188	31.892
1.5957354	-8.969876	3.430891	31.942
1.4389153	-9.185355	3.0609868	32.003
1.2054806	-9.185355	3.0609868	32.012
1.3826514	-9.26197	2.9137435	32.094
1.4640543	-9.139865	2.858677	32.139
1.5406688	-9.027337	3.1471782	32.192
1.4736311	-9.124303	3.181894	32.242
1.353921	-9.103952	2.8502972	32.302
1.292869	-9.196129	2.9388826	32.342
1.6172832	-8.9758625	3.2968156	32.392
1.7513585	-9.088389	3.2980127	32.49
1.4736311	-9.088389	3.2980127	32.49
1.4161704	-8.991425	3.2549171	32.542
1.5406688	-9.115923	3.1471782	32.596
1.5454572	-8.814254	3.453636	32.649
1.7465701	-9.112331	3.359065	32.693
1.9081788	-8.765172	3.4272997	32.742
1.9069817	-8.875306	3.776853	32.793
1.3575124	-9.0476885	3.0262709	32.842
1.6651673	-9.1350765	3.3255463	32.903
1.5131354	-8.978256	3.4979286	32.943
1.7537527	-8.805874	3.3411086	33.002
1.7872716	-8.7125	3.3770216	33.012
1.6986861	-8.9758625	3.0813377	33.092
1.8267759	-9.107543	3.1316159	33.153
1.8088194	-9.029732	3.193865	33.213
1.2856863	-9.062054	3.2561142	33.252
1.2689269	-9.148245	3.0454245	33.302
1.2844892	-9.214086	3.1256304	33.342
1.3144168	-9.077616	3.1016884	33.382
1.4089876	-9.281123	2.4624364	33.442
1.697489	-9.204509	2.861071	33.508
1.5705963	-8.941146	3.2381577	33.559
1.8351556	-9.0429	3.2070332	33.593
1.5454572	-9.113529	2.9005754	33.642
1.3575124	-9.089587	3.2190042	33.692
1.0342951	-8.968679	3.539827	33.742
1.4664485	-9.105149	3.2752678	33.792
1.6627731	-9.235633	2.7940333	33.842
1.863886	-9.040505	2.9604304	33.892
1.4999673	-8.973468	3.0238767	33.939
1.532289	-8.835801	4.0557775	33.992
1.6567876	-8.7771435	4.0916905	34.013
1.4101849	-9.083601	3.4129345	34.092
1.6531962	-9.124303	2.7114334	34.145
1.6531962	-8.935161	3.550601	34.213
1.733402	-8.919599	3.669114	34.243
1.0869676	-9.006987	3.3758245	34.292
1.5717934	-9.016563	3.1890767	34.343
1.3611037	-9.072827	3.345897	34.393
1.4460979	-8.965088	3.5314474	34.442
1.5023615	-8.902839	3.4739866	34.5
1.3994108	-9.022549	3.2800562	34.545
1.435324	-9.124303	3.2477345	34.592
1.6280571	-8.965088	3.335123	34.642
1.3994108	-9.129091	3.2680852	34.692
1.2629414	-9.069236	3.1292217	34.743
1.1073183	-9.160215	2.7928362	34.783
1.757344	-9.16261	2.8993783	34.842
1.745373	-8.88608	2.9580362	34.892
1.8590976	-9.272743	3.0202854	34.942
1.5801731	-9.190144	2.432509	35.003
1.7956513	-9.197326	2.2481554	35.022
1.922544	-9.200917	2.955642	35.107
1.7310078	-9.153033	2.731784	35.173
1.3024458	-9.294291	2.5594015	35.189
1.5370775	-9.204509	2.7509377	35.243
1.6543933	-9.181764	2.610877	35.303
1.7465701	-9.1590185	3.0142999	35.342
1.4987702	-9.264363	2.6779146	35.392
1.5179238	-9.267955	2.5366566	35.442
1.4939818	-9.166202	2.3020248	35.492
1.6663644	-9.301474	2.3630772	35.539
1.614889	-9.258378	2.9005754	35.593
1.009156	-9.23683	2.3463178	35.642
1.1575965	-9.354146	2.8263552	35.682
1.1731589	-9.155427	2.9257145	35.743
1.3515269	-9.161413	2.871845	35.792
1.602918	-9.112331	2.7808652	35.832
2.0506337	-8.853758	3.5685577	35.904
2.007538	-8.963891	3.2369606	35.952
1.7824832	-9.097966	3.3327289	36.016
1.4460979	-9.009381	3.3195608	36.023
1.4460979	-9.009381	3.3195608	36.023
1.4891934	-9.02614	2.9233203	36.143
1.8088194	-9.045294	3.2477345	36.192
1.5969325	-9.020155	3.3650506	36.242
1.4329298	-8.972271	3.7313633	36.296
1.5765818	-8.742428	3.6260185	36.342
1.1971009	-9.227253	2.920926	36.398
1.3934253	-9.172187	2.9364884	36.443
1.5071499	-9.035717	3.0466216	36.492
1.5298948	-9.210494	2.9161377	36.552
1.328782	-9.131485	3.1364043	36.602
1.270124	-9.091981	2.979584	36.642
1.4736311	-9.11712	3.0538042	36.692
1.5586253	-9.217676	3.0789435	36.737
1.578976	-9.015367	3.0382419	36.797
1.471237	-9.053674	3.2992098	36.842
1.7561469	-8.781932	3.7588966	36.899
1.7705121	-8.836999	3.7325604	36.942
1.8183962	-8.9758625	3.4943373	36.992
1.9764135	-8.865729	3.4488475	37.022
1.8112136	-9.255983	3.0442274	37.098
1.3371617	-9.083601	3.4021606	37.148
1.851915	-8.701726	3.4560301	37.192
1.7609353	-8.866926	3.4332852	37.244
1.7836803	-9.157822	3.0657754	37.294
1.7812861	-8.850166	3.6942532	37.342
1.6448165	-8.957906	3.4931402	37.392
1.6711528	-9.022549	3.3063924	37.442
1.5310919	-9.069236	3.0190883	37.494
1.7130513	-8.859743	3.4129345	37.551
1.5945383	-8.956709	3.4141316	37.592
1.5143325	-9.087193	3.1854854	37.642
1.6998832	-9.03452	3.0502129	37.692
1.4221559	-9.1350765	3.0669725	37.742
1.3611037	-9.257181	2.5689783	37.792
1.2749124	-9.385271	2.9891608	37.883
1.3036429	-9.385271	2.9891608	37.883
1.3503298	-9.157822	2.8742392	37.942
1.4939818	-9.238028	2.5737667	38.002
1.1971009	-9.126697	2.4720132	38.032
1.4389153	-9.113529	2.9281087	38.093
1.4317327	-9.239224	2.89459	38.142
1.578976	-9.161413	2.919729	38.192
1.0474633	-9.3421755	2.7257986	38.253
0.94810385	-9.028535	3.1387985	38.293
1.9752164	-8.742428	3.4632127	38.342
1.8004397	-9.044097	3.3985693	38.419
1.543063	-8.887277	3.5853171	38.474
1.6747441	-8.965088	3.5865142	38.483
1.0235212	-9.075222	2.9221232	38.542
1.411382	-8.953117	3.5757403	38.592
1.3275849	-9.100361	3.277662	38.639
1.6340426	-8.981848	3.3614593	38.692
1.5502456	-8.99741	3.240552	38.743
1.982399	-8.848969	3.4524388	38.793
1.5825673	-8.966286	3.5805287	38.842
1.1492168	-9.068039	3.3159695	38.892
1.1947067	-9.161413	3.2082303	38.942
1.3742718	-8.979453	3.3877954	38.989
1.780089	-9.030929	3.539827	39.032
1.780089	-9.030929	3.539827	39.032
2.0949266	-8.797494	3.7481227	39.148
1.7956513	-8.978256	3.21661	39.192
1.4939818	-9.046491	3.1639376	39.242
1.365892	-9.056067	3.3770216	39.292
1.6316484	-9.19134	3.1783028	39.363
1.8926164	-9.08001	3.1435869	39.392
1.7298107	-8.945934	3.2632968	39.443
1.2569559	-8.821436	3.645172	39.495
0.93732995	-8.985439	3.6990416	39.543
1.2354081	-8.991425	3.2213984	39.593
1.9632454	-9.144653	2.883816	39.633
2.0458453	-9.083601	3.0370448	39.693
1.5071499	-8.963891	3.5565867	39.743
1.3227965	-8.993818	3.394978	39.823
1.1420342	-9.00579	3.4620156	39.843
1.6196774	-8.959103	3.2836475	39.893
1.7238252	-8.966286	3.2453403	39.943
1.6651673	-8.977059	3.3566709	40.014
1.6555905	-9.040505	3.3303347	40.033
1.5526398	-9.077616	3.1495724	40.103
1.5921441	-9.1350765	3.0011318	40.17
1.7286136	-8.998607	3.3446999	40.194
1.4808137	-9.083601	2.9771898	40.243
1.4413095	-9.132683	3.05141	40.296
1.4221559	-9.0716305	3.3135753	40.344
1.4305356	-9.033323	3.217807	40.403
1.4173675	-9.111135	2.9520507	40.443
1.5741876	-9.08001	3.1292217	40.493
1.5275006	-9.057265	3.3327289	40.543
1.5813702	-9.039309	3.2549171	40.596
1.5981296	-8.945934	3.1471782	40.65
1.4413095	-9.153033	3.1376014	40.686
1.6699557	-9.094376	3.0753522	40.743
1.5586253	-8.92319	3.217807	40.793
1.7764976	-8.88608	3.1160536	40.843
1.7190368	-9.048885	3.2273839	40.893
1.4341269	-9.060856	3.1411927	40.957
1.4748282	-9.084799	3.0705638	41.013
1.5334862	-9.126697	3.052607	41.034
1.6232687	-9.063251	3.0059202	41.094
1.8100165	-9.112331	3.1352072	41.147
1.8674773	-9.016563	3.063381	41.193
1.4041992	-9.244013	2.9484594	41.243
1.5813702	-8.88608	3.1519666	41.293
1.7369933	-9.046491	3.3375173	41.343
1.8076223	-8.962694	3.4560301	41.395
1.270124	-9.367314	2.9735985	41.445
0.8355764	-9.120711	2.7222073	41.493
0.9792285	-9.209297	2.6898856	41.543
1.472434	-9.094376	3.0238767	41.593
1.7561469	-9.121908	3.2154129	41.643
1.7908629	-9.129091	3.0346506	41.695
1.7669208	-9.165004	2.8455088	41.743
1.7896658	-9.053674	2.9652188	41.793
1.7262194	-9.001001	3.2022448	41.843
1.5514427	-9.091981	3.0657754	41.933
1.5406688	-9.103952	3.1232362	41.943
1.8195933	-8.882488	3.4332852	41.993
1.7190368	-9.169792	2.9496565	42.024
1.7190368	-9.4774475	2.930503	42.133
1.7381904	-9.198523	2.967613	42.153
1.9764135	-8.983045	3.3135753	42.193
1.7190368	-8.874108	3.2010477	42.243
1.5490485	-9.380483	2.9640217	42.293
1.5873557	-8.9842415	2.9604304	42.333
1.7058687	-9.08001	3.063381	42.399
1.6077064	-8.962694	3.1830912	42.453
1.5861586	-8.966286	3.442862	42.503
1.6747441	-8.935161	3.442862	42.543
1.8219875	-8.925584	3.2094274	42.623
1.5191209	-9.028535	3.2309752	42.643
1.6184803	-8.985439	3.3734303	42.693
1.2892777	-9.00579	3.2980127	42.743
1.3982137	-9.044097	3.1878796	42.793
1.5334862	-9.056067	3.217807	42.836
1.5801731	-8.980651	3.4847605	42.893
1.472434	-8.941146	3.3913867	42.943
1.6340426	-9.1590185	3.3770216	42.993
1.567005	-9.118318	3.0669725	43.023
1.5693992	-9.503783	3.430891	43.095
1.8710686	-8.656237	3.1950622	43.133
1.6891093	-9.085996	3.6260185	43.193
1.5777789	-8.953117	3.2692823	43.253
1.7405846	-8.819042	3.5063083	43.283
1.6711528	-8.954314	3.5972881	43.349
1.8938135	-8.808268	3.3542767	43.393
1.5885528	-9.02614	3.1866825	43.433
1.673547	-8.90643	3.5122938	43.503
1.4891934	-8.813056	3.702633	43.543
1.2617443	-9.068039	3.3889925	43.593
1.5873557	-9.085996	3.3758245	43.653
1.2150574	-9.00579	2.6719291	43.704
1.6448165	-9.127894	3.0107086	43.743
1.5059528	-8.9602995	3.4249055	43.793
1.3910311	-9.165004	3.0358477	43.843
1.3204023	-9.0716305	3.1196449	43.895
1.4437037	-9.056067	3.1016884	43.943
1.5382746	-9.13388	3.2118216	43.983
1.5346833	-9.228451	2.9628246	44.033
1.5346833	-9.228451	2.9628246	44.033
1.5610195	-9.15423	2.8443117	44.143
1.7621324	-9.040505	3.3854012	44.183
1.7860745	-8.892065	3.50152	44.243
1.6340426	-8.961497	3.3722332	44.314
1.6304513	-9.102755	2.9771898	44.354
1.4580688	-8.998607	3.1986535	44.393
1.0067618	-9.370906	2.9472623	44.443
2.0602105	-8.941146	2.9520507	44.494
2.4432828	-9.107543	2.980781	44.543
2.0410569	-8.799889	3.144784	44.593
1.4257472	-9.018958	3.335123	44.639
0.9528923	-9.2907	2.8203697	44.693
0.9900024	-9.637859	2.6611552	44.76
0.7625532	-9.009381	2.966416	44.835
1.0606314	-9.485827	2.4372973	44.849
0.8607155	-9.551667	2.5821466	44.893
0.15801731	-9.859323	2.086547	44.943
0.7781156	-8.826224	2.5151088	45.003
1.6531962	-9.5013895	2.1404164	45.043
1.6531962	-9.5013895	2.1404164	45.043
0.7541735	-9.283517	2.1751323	45.143
0.92895025	-9.406818	2.0482395	45.193
0.7098808	-9.637859	2.2134395	45.243
0.6631939	-9.434352	2.1511903	45.283
0.79966336	-9.5492735	1.2246342	45.383
0.93254155	-9.618706	1.0067618	45.393
0.82480246	-9.945514	0.8690952	45.443
-0.16280572	-9.895236	1.2844892	45.493
-0.02873042	-9.445126	2.0614076	45.593
1.0295067	-9.445126	2.0614076	45.593
0.878672	-9.593566	2.2637177	45.643
0.90500826	-9.323022	2.280477	45.693
0.7553706	-9.396045	1.6795325	45.793
0.7721301	-9.396045	1.6795325	45.793
1.0749966	-9.343372	1.7489643	45.843
1.2593501	-9.720459	1.3515269	45.893
1.1204864	-9.464279	1.863886	45.943
0.985214	-9.43076	2.3511062	45.993
1.2785037	-9.137471	2.979584	46.043
1.2785037	-9.137471	2.979584	46.043
0.79008657	-9.279925	2.372654	46.149
0.8714894	-9.455899	2.1643584	46.203
0.78769237	-9.43914	2.3678656	46.237
0.61411273	-9.082404	3.0573955	46.303
1.7441759	-8.872911	3.606865	46.343
2.956839	-8.130709	5.5617304	46.393
1.292869	-8.5700445	4.0617633	46.443
1.0498575	-9.361329	2.7629087	46.493
0.25258827	-9.24521	2.753332	46.543
1.3251907	-9.184157	2.4588451	46.593
1.483208	-8.866926	4.1216183	46.663
1.5682021	-9.16261	3.1639376	46.713
1.2892777	-9.161413	3.2992098	46.744
1.0271125	-9.028535	3.3566709	46.793
1.3347675	-8.99741	3.0801406	46.843
2.2397757	-8.779537	4.689044	46.903
1.6065093	-9.175778	4.2556934	46.943
0.92057055	-9.357738	2.3798366	47.003
1.0618285	-8.9279785	3.7828386	47.043
1.0618285	-8.9279785	3.7828386	47.043
0.5710171	-9.333796	2.0602105	47.143
-0.076614454	-9.208099	2.5821466	47.243
0.61291564	-9.208099	2.5821466	47.243
0.7374141	-9.518148	2.5893292	47.293
0.2825158	-9.16261	2.3942018	47.353
0.36152446	-9.208099	2.5306711	47.391
0.47884035	-9.428367	2.3355439	47.443
0.30286652	-9.411607	2.4851813	47.493
0.7158663	-9.361329	2.517503	47.564
0.7422025	-9.387665	2.6120741	47.613
0.533907	-9.466674	2.4744074	47.644
1.3718776	-9.082404	2.6886885	47.689
0.6404489	-9.202114	3.0789435	47.746
0.9840169	-9.062054	3.2489316	47.799
1.364695	-9.229648	4.1515455	47.843
2.5629928	-8.431181	3.954024	47.903
1.9500773	-8.991425	4.260482	47.939
0.7218518	-9.149442	2.8491	47.993
0.061052144	-9.581595	1.4760253	48.043
0.6655881	-9.463082	1.875857	48.093
0.9516952	-9.340978	2.4983494	48.143
0.9708488	-9.455899	2.1033063	48.183
0.94331545	-9.483433	2.3989902	48.243
0.93134445	-9.533711	2.231396	48.293
0.7015011	-9.552865	2.0087352	48.343
-0.15203181	-9.478644	1.5921441	48.393
0.39863458	-9.457097	1.9596541	48.443
-0.20709845	-9.624691	1.3299791	48.51
0.34955344	-9.569624	1.5765818	48.553
0.56982	-9.568427	1.6711528	48.593
0.24660277	-9.689334	1.5179238	48.643
0.664391	-9.5385	1.6603789	48.693
0.34476504	-9.544485	1.757344	48.743
0.19033903	-9.352949	1.7238252	48.793
-0.23223756	-9.831789	0.5243302	48.843
-0.39624038	-9.6845455	0.8535329	48.893
-0.02873042	-9.587581	1.2521675	48.943
0.33399114	-9.721656	1.1599907	48.993
0.5650316	-9.636662	1.6292542	49.043
0.5650316	-9.779117	1.1899183	49.106
-0.14724341	-9.813833	0.8451532	49.124
0.7769185	-8.443152	2.3822308	49.173
2.6910827	-9.093178	2.327164	49.243
2.5833437	-8.870518	4.689044	49.299
2.834735	-9.028535	3.9612067	49.355
1.3479356	-8.771158	3.3842041	49.393
1.6819267	-8.996213	3.5470097	49.443
1.9416976	-8.980651	3.0346506	49.494
0.80684596	-9.307459	3.0550013	49.543
0.6548142	-9.244013	2.9759927	49.593
0.4201824	-9.139865	3.098097	49.643
1.411382	-9.229648	2.9580362	49.696
0.81761986	-9.42238	2.0853498	49.743
-0.82360536	-9.053674	3.1555579	49.793
-0.40102878	-9.0476885	3.1651347	49.843
-0.46686932	-9.281123	3.192668	49.893
-0.6488287	-9.030929	3.1998506	49.933
-0.6775591	-9.009381	3.145981	50.005
-0.6631939	-9.129091	3.086126	50.005
-0.80325466	-9.216479	2.9987376	50.064
-0.80325466	-9.216479	2.9987376	50.151
-0.2908955	-9.192537	2.8550856	50.203
-0.272939	-9.234436	2.9149406	50.223
-0.1388637	-9.19134	2.9700072	50.293
0.023942016	-9.284714	3.0214825	50.344
-0.07182605	-9.186552	3.0250738	50.403
-0.094570965	-9.16261	3.1591492	50.436
0.18315643	-9.15423	3.2333694	50.505
0.51714754	-9.093178	3.4476504	50.543
1.151611	-8.724471	3.8522706	50.593
1.4065934	-8.7771435	4.6160207	50.643
2.4277205	-8.143877	5.395334	50.693
2.0254946	-8.706514	4.0497923	50.753
0.8870517	-9.038112	3.2142158	50.803
0.89303726	-8.84059	3.6511576	50.853
1.42455	-8.841787	3.6750996	50.893
1.7537527	-8.619126	4.3837833	50.948
1.6927006	-8.803479	4.189853	51.004
1.5275006	-8.708909	4.2317514	51.037
1.2785037	-9.009381	3.763685	51.073
1.2785037	-9.009381	3.3399115	51.163
0.93972415	-8.913613	3.7708676	51.193
0.94092125	-9.348161	3.2213984	51.243
0.4201824	-9.015367	3.3842041	51.283
0.16759412	-9.169792	2.9843724	51.343
-0.059855044	-9.1829605	2.8323407	51.393
-0.055066638	-9.334992	3.0202854	51.443
-0.18076223	-9.378088	2.7856536	51.484
0.18195933	-9.212888	2.7748797	51.543
0.14604631	-9.221268	2.6527755	51.583
0.0011971008	-9.242816	2.8933928	51.643
0.06943185	-9.246407	2.9017725	51.693
0.19871874	-9.217676	3.217807	51.753
0.2669535	-9.192537	3.1519666	51.806
0.47165772	-9.186552	3.345897	51.843
0.44532153	-9.111135	3.2824504	51.893
0.62249243	-9.035717	3.5541923	51.943
1.0761937	-8.747216	4.0019083	51.993
1.5382746	-8.513782	4.631583	52.043
1.9979613	-8.169016	5.6946087	52.083
1.2868834	-9.033323	3.5996823	52.143
0.5758055	-8.973468	3.4632127	52.173
1.3443443	-8.805874	3.58412	52.243
1.8734628	-8.605958	4.5202527	52.301
1.7729063	-8.852561	4.1934443	52.346
1.4185646	-8.783129	3.989937	52.393
1.0714053	-8.968679	3.891775	52.443
0.8379706	-9.284714	3.8031895	52.493
0.7433996	-9.169792	3.7696705	52.533
0.62129533	-9.32781	3.1435869	52.589
0.19033903	-9.478644	3.2441432	52.643
0.34356794	-9.218874	2.814384	52.693
0.34596214	-9.153033	2.753332	52.751
-0.37110126	-9.369708	2.1559787	52.803
-0.36511576	-9.51336	2.134431	52.843
-0.11133038	-9.464279	2.5354595	52.893
0.059855044	-9.354146	2.4301147	52.958
0.34476504	-9.2547865	2.6874914	53.013
0.5446809	-9.200917	2.622848	53.043
0.51116204	-9.2308445	2.72939	53.073
0.60932434	-9.185355	3.0466216	53.143
0.60094464	-9.208099	3.3303347	53.203
0.5374983	-9.035717	3.4835634	53.243
1.0283096	-7.9954367	5.60722	53.333
2.4720132	-7.406463	6.6642604	53.349
1.958457	-8.160637	4.629189	53.393
0.8870517	-9.144653	3.4608185	53.443
0.2813187	-8.91481	3.3423057	53.483
1.0953473	-8.670602	3.5625722	53.533
1.8507179	-8.983045	4.122815	53.593
1.5717934	-8.995016	4.0222588	53.643
1.376666	-8.53892	4.3766007	53.693
0.79966336	-9.102755	3.8187518	53.76
0.724246	-9.235633	3.4249055	53.833
0.81642276	-9.260772	3.3554738	53.843
0.62368953	-9.115923	3.265691	53.893
0.37588966	-9.271546	3.120842	53.933
0.04189853	-9.156625	2.8886044	53.989
0.17118542	-9.190144	2.9317	54.043
0.11851298	-9.161413	2.7281928	54.083
0.11851298	-9.161413	2.7281928	54.083
0.15562311	-9.324219	2.9628246	54.193
0.36631286	-9.161413	3.228581	54.243
0.40581718	-9.249998	2.9604304	54.303
0.31124622	-9.17099	3.0705638	54.353
0.5243302	-9.040505	3.4153287	54.403
0.5530606	-8.811859	3.6032736	54.468
1.282095	-8.659827	4.26527	54.503
1.9596541	-8.359355	5.686229	54.533
2.421735	-8.440758	4.2173862	54.603
1.0773908	-9.0716305	3.4799721	54.643
0.47764325	-9.02614	3.1531637	54.693
1.3575124	-8.743625	3.6834793	54.743
1.6184803	-8.92319	4.213795	54.793
1.3204023	-9.018958	4.1120415	54.843
0.6895301	-8.971074	3.8187518	54.893
1.033098	-9.143456	3.7493198	54.943
1.1779473	-8.842984	3.4715924	55.003
0.7098808	-9.030929	3.2824504	55.043
0.7565677	-9.336189	3.2142158	55.075
0.7565677	-9.336189	3.2142158	55.075
0.11731588	-9.090784	3.2740707	55.183
0.30406362	-9.136273	3.276465	55.233
0.47285482	-8.955511	3.4117374	55.29
0.5267244	-9.193734	2.9472623	55.343
0.5327099	-9.088389	3.1639376	55.385
1.2366052	-8.827422	3.9755719	55.443
1.8255788	-8.586804	5.056554	55.493
1.4915876	-8.711303	3.7672763	55.543
0.47046062	-9.054871	3.2501287	55.593
1.0031705	-8.938752	4.0138793	55.643
1.1384429	-8.833407	4.2544966	55.683
0.80086046	-8.973468	3.726575	55.743
0.7302315	-8.848969	4.1539397	55.813
0.6500258	-9.085996	3.6343982	55.843
0.46327803	-9.015367	3.5063083	55.903
0.5267244	-8.998607	3.5122938	55.913
0.36391866	-9.174581	3.181894	55.999
0.37110126	-9.136273	3.347094	56.043
0.36990416	-9.113529	3.2920272	56.083
0.5351041	-9.120711	3.311181	56.15
0.62368953	-8.956709	3.6284127	56.199
1.1468226	-8.713697	4.4556093	56.263
1.484405	-8.480263	4.721366	56.303
1.7932571	-8.536526	4.55856	56.343
0.91578215	-8.896853	3.7253778	56.401
0.7015011	-8.797494	3.4440591	56.454
1.4329298	-8.637083	5.106832	56.493
1.2773066	-9.052477	3.843891	56.543
0.7230489	-9.083601	3.7433343	56.593
0.3196259	-9.0429	3.6056678	56.643
0.48602295	-9.028535	3.5063083	56.683
0.62608373	-9.003395	3.2872388	56.743
0.50996494	-9.28232	2.5306711	56.793
0.4429273	-9.279925	2.944868	56.843
0.49559975	-9.105149	3.2333694	56.893
1.163582	-8.878897	4.033033	56.943
1.5598224	-8.651448	4.7524905	56.993
1.7753005	-8.412027	4.733337	57.043
1.4987702	-8.553286	3.9217024	57.074
1.4987702	-8.553286	3.9217024	57.074
0.5758055	-9.224859	3.4560301	57.203
0.7625532	-9.175778	3.0693667	57.239
1.174356	-8.819042	3.846285	57.293
1.021127	-9.08001	3.693056	57.343
0.8487445	-8.834604	3.9827545	57.393
0.9888053	-8.831013	3.9552212	57.453
1.163582	-8.876503	3.9001546	57.493
1.2617443	-8.767567	3.7708676	57.543
0.9840169	-9.057265	3.6703112	57.603
0.94810385	-8.89805	3.7708676	57.639
0.9636662	-8.913613	3.7074213	57.703
1.1779473	-8.86932	3.7972038	57.723
0.8631097	-8.804677	3.9384618	57.793
1.1899183	-8.9040365	3.8379054	57.853
0.9648633	-8.831013	3.8869865	57.925
0.92176765	-8.831013	3.8869865	57.925
1.0259154	-8.943541	3.7469256	57.993
0.8631097	-8.866926	3.8414967	58.053
0.8822633	-8.910022	3.918111	58.093
0.8822633	-8.947132	3.9121256	58.178
0.9576807	-8.887277	3.90614	58.188
1.1372458	-9.119514	3.6260185	58.253
0.12689269	-8.499416	3.503914	58.293
0.022744916	-8.878897	4.3873744	58.363
0.90021986	-8.688558	3.3279405	58.393
0.78649527	-9.279925	3.335123	58.433
0.8631097	-8.664616	4.381389	58.497
0.81283146	-8.966286	3.6703112	58.543
0.8738836	-8.878897	4.000711	58.593
0.8619126	-8.826224	3.9193082	58.663
0.91099375	-8.874108	3.787627	58.693
0.8571242	-8.965088	3.8379054	58.743
0.8714894	-8.942344	3.927688	58.793
0.7517793	-8.815451	4.0318356	58.843
1.0007763	-8.852561	3.8307228	58.893
0.81043726	-8.871715	3.964798	58.943
0.94331545	-8.7951	3.9552212	58.993
0.6847417	-8.892065	3.9564183	59.043
0.8355764	-8.92319	3.879804	59.113
0.78290397	-8.92319	3.879804	59.113
0.8655039	-8.833407	3.903746	59.193
0.81642276	-8.945934	3.9504328	59.243
0.8678981	-8.816648	3.8295257	59.293
0.8762778	-8.78672	4.107253	59.343
0.7505822	-8.89805	3.9552212	59.394
0.82719666	-8.77834	4.0043025	59.443
0.7529764	-8.86932	3.9324763	59.493
0.866701	-8.845378	3.9492357	59.549
0.81283146	-8.848969	4.035427	59.593
0.8583213	-8.825027	4.0138793	59.633
0.760159	-8.839393	4.080917	59.693
0.82121116	-8.815451	4.0857053	59.773
0.79248077	-8.797494	4.0342298	59.803
0.7745243	-8.819042	4.045004	59.843
0.78529817	-8.7951	4.11683	59.898
0.7338228	-8.773552	4.176685	59.947
0.81642276	-8.746018	4.1120415	60.013
0.7649474	-8.801085	4.187459	60.048
0.7134721	-8.763975	4.1539397	60.104
0.7625532	-8.814254	4.095282	60.153
0.7350199	-8.765172	4.177882	60.193
0.7314286	-8.765172	4.201824	60.243
0.6895301	-8.756793	4.188656	60.293
0.8619126	-8.65863	4.289212	60.34
0.5303157	-8.793902	5.4551888	60.395
0.46567222	-8.407239	4.9667716	60.446
