0.0	0.0	0.0	0.0
0.0	0.0	0.0	0.0
0.0	0.0	0.0	0.0
0.0	0.0	0.0	0.0
1.471237	-9.190144	2.837129	0.197
1.4161704	-9.15423	2.8921957	0.247
1.4640543	-9.2069025	2.8431146	0.297
1.4652514	-9.136273	2.885013	0.364
1.4856021	-9.209297	2.8574798	0.428
1.4616601	-9.196129	2.8802247	0.444
1.389834	-9.190144	2.801216	0.489
1.496376	-9.15423	2.8766334	0.547
1.4640543	-9.175778	3.0059202	0.598
1.471237	-9.156625	2.8909986	0.648
1.4221559	-9.157822	2.89459	0.701
1.4975731	-9.173384	2.8742392	0.768
1.4377182	-9.180567	2.8862102	0.79
1.448492	-9.149442	2.907758	0.847
1.4329298	-9.167398	2.846706	0.897
1.4329298	-9.167398	2.846706	0.897
1.483208	-9.166202	2.8862102	0.997
1.4628572	-9.17099	2.8802247	1.047
1.4293385	-9.198523	2.7485435	1.097
1.5514427	-9.100361	3.0597897	1.148
1.3587095	-9.25359	2.7521348	1.188
1.5119383	-9.138668	2.8802247	1.247
1.4185646	-9.138668	2.966416	1.287
1.5167267	-9.144653	3.0095115	1.347
1.4269443	-9.16261	2.9269116	1.397
1.4640543	-9.169792	2.871845	1.447
1.412579	-9.15423	2.882619	1.488
1.4796166	-9.196129	2.8814218	1.538
1.4891934	-9.16261	2.858677	1.597
1.471237	-9.181764	2.8909986	1.647
1.4305356	-9.15423	2.871845	1.697
1.4784195	-9.088389	3.0801406	1.747
1.4628572	-9.222465	2.767697	1.797
1.5131354	-9.141062	3.0059202	1.847
1.4209588	-9.165004	2.9269116	1.887
1.4209588	-9.11712	2.9472623	1.968
1.5346833	-9.157822	2.9843724	1.996
1.496376	-9.190144	2.9855695	2.045
1.4748282	-9.15423	2.753332	2.097
1.4867992	-9.192537	2.802413	2.144
1.4377182	-9.129091	2.9987376	2.198
1.4628572	-9.174581	2.919729	2.247
1.4879963	-9.188946	2.8634653	2.299
1.4796166	-9.17099	2.7748797	2.344
1.6651673	-9.13388	3.0550013	2.398
1.6256629	-9.241618	2.9616275	2.44
1.3994108	-9.1350765	2.7641058	2.492
1.3311762	-9.161413	2.992752	2.544
1.5023615	-9.094376	3.0885203	2.598
1.5634137	-9.118318	3.0334535	2.647
1.6124948	-9.127894	2.9412768	2.692
1.5562311	-9.160215	2.89459	2.747
1.5885528	-9.188946	2.7952304	2.803
1.6711528	-9.168595	2.8921957	2.848
1.6160861	-9.172187	2.8634653	2.897
1.6160861	-9.172187	2.8634653	2.897
1.6017209	-9.119514	3.004723	2.997
1.5945383	-9.114726	2.9101522	3.047
1.5394717	-9.111135	3.1555579	3.097
1.5442601	-9.118318	2.9257145	3.148
1.5658079	-9.167398	2.8407204	3.198
1.6232687	-9.14226	2.8060043	3.247
1.5777789	-9.150639	2.791639	3.297
1.6089035	-9.178172	2.7748797	3.347
1.6053122	-9.179369	2.7090392	3.397
1.6244658	-9.19972	2.6527755	3.447
1.6041151	-9.186552	2.6372132	3.497
1.5981296	-9.226056	2.6132712	3.547
1.5933412	-9.204509	2.528277	3.595
1.661576	-9.143456	2.8455088	3.647
1.5119383	-9.263166	2.566584	3.697
1.62686	-9.188946	2.7341783	3.759
1.5514427	-9.168595	2.6743233	3.817
1.6771383	-9.204509	2.6970682	3.838
1.6232687	-9.17099	2.7042508	3.897
1.6232687	-9.17099	2.7042508	3.897
1.6136919	-9.155427	2.6922798	4.002
1.62686	-9.2069025	2.7329812	4.047
1.6651673	-9.186552	2.7497406	4.097
1.6280571	-9.165004	2.730587	4.167
1.6196774	-9.19134	2.7940333	4.197
1.6053122	-9.215282	2.6874914	4.247
1.6316484	-9.143456	2.846706	4.297
1.6400281	-9.2308445	2.5390508	4.347
1.7034745	-9.180567	2.7748797	4.399
1.650802	-9.127894	2.6922798	4.448
1.6711528	-9.203311	2.767697	4.499
1.6723499	-9.136273	2.8395233	4.547
1.6591818	-9.16261	2.8119898	4.597
1.5981296	-9.16261	2.7665	4.647
1.6376339	-9.190144	2.705448	4.697
1.7322049	-9.100361	2.8335378	4.754
1.6400281	-9.200917	2.8167782	4.808
1.6484078	-9.149442	2.8060043	4.837
1.6208745	-9.228451	2.742558	4.897
1.6208745	-9.228451	2.742558	4.897
1.6711528	-9.118318	2.9137435	5.012
1.5466543	-9.221268	2.707842	5.047
1.6651673	-9.151836	2.8335378	5.097
1.5705963	-9.147048	2.8287494	5.147
1.7178397	-9.149442	2.8670566	5.197
1.6208745	-9.136273	2.8395233	5.251
1.6591818	-9.161413	2.8072014	5.297
1.6723499	-9.1255	2.837129	5.356
1.6208745	-9.163807	2.767697	5.427
1.6316484	-9.161413	2.8083985	5.446
1.6603789	-9.160215	2.8119898	5.497
1.6543933	-9.143456	2.8514943	5.548
1.6304513	-9.165004	2.871845	5.588
1.5885528	-9.180567	2.6755204	5.647
1.7046716	-9.083601	3.015497	5.7
1.5382746	-9.247604	2.8814218	5.769
1.7166426	-9.129091	2.8550856	5.797
1.6232687	-9.108741	2.871845	5.847
1.6867151	-9.17099	2.907758	5.897
1.6807296	-9.143456	2.9460652	5.907
1.6220716	-9.141062	2.8742392	5.988
1.6220716	-9.123106	2.8634653	6.047
1.6759412	-9.186552	2.7832594	6.097
1.6903064	-9.149442	2.7964275	6.147
1.6675615	-9.179369	2.8179753	6.197
1.6232687	-9.124303	2.8395233	6.247
1.6220716	-9.15423	2.8526914	6.289
1.6101006	-9.173384	2.8215668	6.348
1.6460136	-9.136273	2.9496565	6.397
1.6496049	-9.168595	2.778471	6.447
1.6891093	-9.15423	2.9496565	6.497
1.5969325	-9.14226	2.873042	6.547
1.7070658	-9.1590185	2.8491	6.597
1.6603789	-9.124303	2.9041667	6.647
1.6280571	-9.1590185	2.8778305	6.698
1.6124948	-9.176975	2.8419175	6.748
1.6232687	-9.186552	2.8119898	6.797
1.6424223	-9.131485	2.8167782	6.862
1.6687586	-9.153033	2.858677	6.91
1.6747441	-9.137471	2.8538885	6.919
1.6412252	-9.15423	2.8323407	6.997
1.6436194	-9.169792	2.7808652	7.048
1.6172832	-9.163807	2.7234044	7.097
1.6962919	-9.056067	3.0753522	7.147
1.5406688	-9.193734	2.8658595	7.209
1.6819267	-9.149442	2.8682537	7.268
1.5861586	-9.115923	2.8909986	7.283
1.6771383	-9.147048	2.8622682	7.347
1.6208745	-9.114726	2.8921957	7.397
1.6328455	-9.160215	2.9041667	7.449
1.602918	-9.113529	2.8622682	7.497
1.6101006	-9.19134	2.814384	7.547
1.6316484	-9.151836	2.825158	7.617
1.6328455	-9.15423	2.8299465	7.647
1.6352397	-9.139865	2.8383262	7.697
1.6555905	-9.161413	2.8658595	7.747
1.6244658	-9.157822	2.7832594	7.798
1.6005238	-9.17099	2.777274	7.838
1.6112977	-9.180567	2.718616	7.897
1.6017209	-9.19972	2.8383262	7.927
1.6005238	-9.14585	2.8502972	7.997
1.6879122	-9.157822	2.8407204	8.046
1.673547	-9.1255	2.883816	8.097
1.6089035	-9.1590185	2.8742392	8.147
1.6292542	-9.14226	2.8095956	8.187
1.5502456	-9.163807	2.835932	8.257
1.6723499	-9.15423	2.871845	8.297
1.6484078	-9.17099	2.825158	8.347
1.6112977	-9.1829605	2.8538885	8.388
1.6232687	-9.118318	2.8538885	8.448
1.6651673	-9.155427	2.896984	8.497
1.6292542	-9.180567	2.7581203	8.551
1.6807296	-9.068039	3.0334535	8.597
1.4772224	-9.229648	2.753332	8.647
1.6723499	-9.156625	2.8550856	8.697
1.6304513	-9.052477	3.0083144	8.748
1.6519991	-9.187749	2.8862102	8.787
1.6244658	-9.070433	2.943671	8.847
1.7286136	-9.179369	2.8862102	8.897
1.6352397	-9.114726	2.7976246	8.927
1.6352397	-9.167398	2.8335378	9.018
1.62686	-9.139865	2.882619	9.046
1.685518	-9.137471	2.8802247	9.097
1.6220716	-9.187749	2.834735	9.147
1.6340426	-9.121908	2.8766334	9.197
1.5741876	-9.16261	2.80361	9.247
1.7932571	-9.059659	3.1771057	9.297
1.6208745	-9.208099	2.80361	9.372
1.6579847	-9.157822	2.8562827	9.392
1.532289	-9.094376	2.9712043	9.447
1.7250223	-9.14585	2.9819782	9.497
1.6950948	-9.046491	2.908955	9.547
1.6687586	-9.156625	2.8814218	9.597
1.5753847	-9.084799	2.9783869	9.647
1.6112977	-9.136273	2.9364884	9.697
1.5263035	-9.105149	2.9771898	9.747
1.5658079	-9.14226	2.8909986	9.795
1.8411411	-9.153033	2.8514943	9.857
1.7322049	-9.113529	2.754529	9.897
1.7417817	-9.1350765	2.8574798	9.927
1.5574282	-9.150639	3.039439	10.057
1.5370775	-9.126697	3.039439	10.057
1.6256629	-9.077616	3.1723173	10.097
1.5394717	-9.054871	3.0214825	10.137
1.6687586	-9.097966	2.9364884	10.237
1.6256629	-9.114726	2.932897	10.247
1.6208745	-9.097966	2.9963434	10.297
1.6065093	-9.083601	3.1004913	10.35
1.650802	-9.095572	3.039439	10.397
1.6184803	-9.08001	2.9376855	10.447
1.6005238	-9.15423	2.9412768	10.497
1.6412252	-9.141062	3.0466216	10.547
1.7633295	-9.234436	2.670732	10.595
1.5801731	-9.19134	2.7449522	10.658
1.6340426	-9.064447	3.0945058	10.697
1.5969325	-9.066842	3.2980127	10.747
1.6112977	-9.057265	3.1387985	10.797
1.4736311	-9.11712	2.896984	10.847
1.5454572	-9.157822	3.015497	10.898
1.5071499	-9.089587	2.9580362	10.927
1.6376339	-9.084799	2.9987376	11.034
1.5885528	-9.078813	2.9137435	11.047
1.6244658	-9.196129	2.870648	11.097
1.5993267	-9.11712	2.9604304	11.147
1.532289	-9.204509	2.5629928	11.197
1.5059528	-9.136273	2.8562827	11.247
1.2964603	-9.334992	2.920926	11.297
1.3515269	-8.948329	2.7150247	11.347
1.9644425	-9.284714	3.4129345	11.39
1.4568717	-9.03452	3.2202013	11.448
1.6496049	-9.198523	2.883816	11.498
1.6903064	-9.0237465	3.0358477	11.547
1.6998832	-9.077616	3.0418332	11.592
1.6723499	-9.093178	3.064578	11.647
1.6124948	-9.144653	2.944868	11.697
1.6220716	-9.141062	2.9604304	11.764
1.6376339	-9.101558	2.896984	11.828
1.638831	-9.149442	2.882619	11.844
1.6843209	-9.1350765	2.870648	11.897
1.697489	-9.136273	2.907758	11.927
1.8183962	-9.045294	3.1004913	11.997
1.5993267	-9.200917	2.7736826	12.047
1.6950948	-9.108741	2.9520507	12.097
1.6077064	-9.065644	2.9879637	12.137
1.7310078	-9.11712	2.9580362	12.205
1.5705963	-9.074024	3.0107086	12.247
1.5490485	-9.138668	2.9891608	12.287
1.5897499	-9.082404	3.0693667	12.347
1.6220716	-9.087193	3.071761	12.397
1.6543933	-9.129091	2.9724014	12.447
1.6699557	-9.097966	2.9400797	12.497
1.6903064	-9.106346	2.9580362	12.55
1.5849615	-9.132683	2.8933928	12.597
1.5777789	-9.070433	3.13401	12.647
1.5454572	-9.194932	2.7820623	12.697
1.7274165	-9.082404	3.0430303	12.747
1.6208745	-9.053674	3.086126	12.797
1.7274165	-9.090784	3.0119057	12.847
1.6639702	-9.075222	3.0777464	12.897
1.6519991	-9.0716305	3.0238767	12.927
1.6316484	-9.070433	3.0358477	13.028
1.6208745	-9.096769	2.9735985	13.046
1.6867151	-9.076419	3.0262709	13.097
1.7166426	-9.089587	3.0382419	13.152
1.6663644	-9.088389	3.0550013	13.198
1.6256629	-9.105149	2.9520507	13.247
1.8555063	-9.016563	3.1830912	13.301
1.5765818	-9.00579	3.169923	13.378
1.7549498	-9.091981	3.2213984	13.397
1.5622166	-9.002198	3.0992942	13.447
1.8507179	-9.113529	3.0466216	13.497
1.6927006	-9.069236	3.027468	13.543
1.6927006	-9.094376	3.0226796	13.597
1.6663644	-9.077616	3.0238767	13.647
1.6496049	-9.132683	2.966416	13.697
1.7405846	-9.082404	2.9903579	13.742
1.6759412	-9.113529	2.980781	13.794
1.6400281	-9.089587	3.0322564	13.847
1.6292542	-9.091981	2.9532478	13.897
1.6124948	-9.087193	3.0238767	13.927
1.6472107	-9.15423	2.8862102	13.993
1.7741034	-9.051279	3.0921116	14.047
1.6424223	-9.094376	3.0454245	14.098
1.7082629	-9.072827	3.1471782	14.147
1.6567876	-9.072827	3.0334535	14.197
1.7178397	-9.088389	3.156755	14.247
1.6831238	-9.082404	2.9939492	14.297
1.6220716	-9.167398	2.7988217	14.342
1.7190368	-9.064447	2.9783869	14.397
1.6962919	-9.066842	3.0621839	14.447
1.650802	-9.137471	3.0382419	14.487
1.6184803	-9.169792	2.822764	14.567
1.721431	-9.099164	3.083732	14.597
1.5586253	-9.202114	2.6755204	14.647
1.6747441	-9.119514	2.9604304	14.692
1.6352397	-9.141062	2.8263552	14.745
1.8004397	-9.185355	2.767697	14.797
1.7046716	-9.149442	2.8419175	14.868
1.614889	-9.1350765	2.8634653	14.902
1.6771383	-9.167398	2.80361	14.925
1.6771383	-9.167398	2.693477	15.001
1.6280571	-9.172187	2.705448	15.088
1.6292542	-9.172187	2.705448	15.088
1.6136919	-9.156625	2.717419	15.147
1.5933412	-9.19134	2.5737667	15.197
1.7657237	-9.118318	2.8886044	15.247
1.7118542	-9.244013	2.598906	15.297
1.697489	-9.194932	2.7940333	15.347
1.6328455	-9.112331	2.8993783	15.397
1.7597382	-9.172187	2.8419175	15.447
1.6244658	-9.137471	2.7269957	15.49
1.7082629	-9.178172	2.7976246	15.547
1.6783354	-9.160215	2.7688942	15.597
1.6783354	-9.167398	2.8060043	15.647
1.6675615	-9.184157	2.80361	15.694
1.7238252	-9.148245	2.823961	15.747
1.6962919	-9.198523	2.7736826	15.797
1.6639702	-9.166202	2.681506	15.837
1.7322049	-9.109938	2.9759927	15.897
1.6436194	-9.19972	2.8095956	15.937
1.6903064	-9.137471	2.8682537	15.997
1.6891093	-9.138668	2.9520507	16.063
1.685518	-9.1255	2.8742392	16.118
1.6986861	-9.119514	2.8646624	16.144
1.6747441	-9.14585	2.883816	16.197
1.6711528	-9.075222	2.9400797	16.247
1.6783354	-9.11712	2.895787	16.294
1.6998832	-9.089587	2.9604304	16.347
1.6986861	-9.155427	2.8981812	16.398
1.6831238	-9.228451	2.60968	16.451
1.9883845	-9.127894	3.1184478	16.497
1.8375498	-8.971074	3.1064768	16.564
1.6496049	-8.880095	3.1316159	16.607
1.6112977	-9.379285	3.6834793	16.639
1.9177556	-8.9279785	3.6140475	16.697
1.9393034	-8.825027	3.371036	16.747
1.9285295	-8.971074	3.2668881	16.812
1.8938135	-9.01776	3.1842883	16.849
1.934515	-8.908825	3.3446999	16.897
1.8698715	-8.942344	3.300407	16.927
1.8387469	-8.871715	3.4632127	16.998
1.8602947	-8.955511	3.3806129	17.047
1.827973	-9.015367	3.3063924	17.097
1.9907787	-9.085996	3.0538042	17.147
2.005144	-9.106346	2.7940333	17.227
1.7250223	-9.14226	2.8634653	17.244
1.6927006	-9.039309	3.1663318	17.297
1.7477672	-9.030929	3.1531637	17.347
1.8363527	-9.048885	3.1196449	17.397
1.757344	-9.020155	3.071761	17.451
1.6962919	-9.096769	3.0418332	17.497
1.6687586	-9.087193	2.9376855	17.547
1.7357962	-9.119514	2.955642	17.598
1.757344	-9.100361	2.919729	17.648
1.6927006	-9.168595	2.7449522	17.697
1.7226281	-9.138668	2.7006595	17.747
1.7776948	-9.157822	2.6599581	17.827
1.816002	-9.226056	2.5079262	17.847
1.8064252	-9.196129	2.7581203	17.9
1.7322049	-9.1829605	2.5570073	17.938
1.7872716	-9.19134	2.565387	17.988
1.7705121	-9.15423	2.7162218	18.047
1.7537527	-9.229648	2.6850972	18.1
1.7513585	-9.192537	2.5881321	18.148
1.7513585	-9.151836	2.6300306	18.197
1.733402	-9.214086	2.6024973	18.247
1.7381904	-9.223662	2.658761	18.297
1.7154455	-9.157822	2.5965118	18.346
1.7166426	-9.188946	2.645593	18.398
1.7932571	-9.2308445	2.5306711	18.447
1.7956513	-9.194932	2.7269957	18.497
1.7717092	-9.181764	2.6886885	18.537
1.7776948	-9.166202	2.7449522	18.597
1.7717092	-9.119514	2.80361	18.647
1.7262194	-9.179369	2.718616	18.698
1.6998832	-9.165004	2.6731262	18.745
1.650802	-9.112331	2.8191724	18.797
1.6747441	-9.233239	2.6898856	18.847
1.8028339	-9.188946	2.5462334	18.887
1.863886	-9.223662	2.5845408	18.937
1.863886	-9.194932	2.5354595	19.001
1.6986861	-9.161413	2.7281928	19.047
1.7513585	-9.155427	2.835932	19.097
1.6531962	-9.11712	2.8167782	19.147
1.8926164	-9.216479	2.694674	19.197
1.8148049	-9.141062	2.7162218	19.237
1.8555063	-9.136273	2.7832594	19.297
1.7537527	-9.216479	2.7365725	19.347
1.6220716	-9.147048	2.693477	19.39
1.697489	-9.149442	2.777274	19.447
1.7130513	-9.167398	2.743755	19.537
1.6807296	-9.169792	2.7210102	19.547
1.6747441	-9.223662	2.6360161	19.6
1.839944	-9.130288	2.7210102	19.651
1.6927006	-9.248801	2.6060886	19.698
1.7968484	-9.153033	2.657564	19.747
1.8902222	-9.184157	2.742558	19.797
1.8483237	-9.126697	2.801216	19.878
1.6938977	-9.144653	2.791639	19.897
1.7513585	-9.129091	2.8898015	19.928
1.7513585	-9.129091	2.8898015	19.928
1.6771383	-9.205706	2.634819	20.047
1.7681179	-9.109938	2.7641058	20.108
1.7381904	-9.119514	2.858677	20.147
1.6986861	-9.148245	2.7832594	20.197
1.7298107	-9.119514	2.8874073	20.247
1.7465701	-9.1829605	2.586935	20.297
1.7489643	-9.143456	2.9352913	20.347
1.7597382	-9.082404	2.882619	20.392
1.7190368	-9.151836	2.9281087	20.468
1.7345991	-9.08001	2.825158	20.498
1.6867151	-9.14585	2.8562827	20.547
1.8076223	-9.126697	2.791639	20.588
1.9081788	-9.221268	2.6288335	20.647
1.8255788	-9.1829605	2.5390508	20.697
1.7142484	-9.337387	2.9712043	20.747
1.8363527	-9.003395	2.9352913	20.797
1.7106571	-9.050082	3.2118216	20.917
1.5825673	-9.029732	3.2118216	20.917
1.6807296	-9.054871	3.028665	20.937
1.8650831	-9.101558	2.9245174	20.997
1.6759412	-9.108741	2.8299465	21.047
1.7010803	-9.118318	2.9987376	21.097
1.8974048	-9.1590185	2.6719291	21.147
1.7764976	-9.139865	2.7162218	21.198
1.6519991	-9.176975	2.8933928	21.247
1.5286977	-9.217676	2.719813	21.297
1.6915035	-9.247604	2.5725696	21.348
1.7549498	-9.161413	2.5486276	21.397
1.7178397	-9.203311	2.4779987	21.447
1.6041151	-9.2308445	2.4863784	21.497
1.6687586	-9.184157	2.822764	21.547
1.388637	-9.216479	2.6755204	21.595
1.7788919	-9.264363	2.5366566	21.637
1.8375498	-9.196129	2.432509	21.697
2.018312	-9.222465	2.5761611	21.749
1.7848774	-9.198523	2.622848	21.797
1.7429788	-9.284714	2.4875755	21.847
1.5921441	-9.194932	2.633622	21.897
1.5813702	-9.155427	2.6276364	21.928
1.5813702	-9.216479	2.6611552	22.009
1.6041151	-9.157822	2.7497406	22.047
1.5179238	-9.138668	2.6527755	22.097
1.661576	-9.121908	2.9173348	22.147
1.6160861	-9.343372	2.4887726	22.197
1.7669208	-9.175778	2.6970682	22.247
1.6831238	-9.168595	2.6970682	22.297
1.8579005	-9.15423	2.7246015	22.347
1.8471266	-9.1590185	2.7760768	22.391
1.7118542	-9.204509	2.682703	22.448
1.6460136	-9.19134	2.6563668	22.497
1.6304513	-9.19134	2.7042508	22.547
1.6328455	-9.17099	2.7401638	22.594
1.532289	-9.156625	2.8790276	22.647
1.982399	-9.148245	2.5605986	22.697
1.6927006	-9.149442	2.822764	22.747
1.8842367	-9.13388	2.9245174	22.797
1.7345991	-9.153033	2.7521348	22.847
1.8148049	-9.121908	2.9903579	22.897
1.6915035	-9.099164	2.813187	22.929
1.7753005	-9.172187	2.7976246	22.983
1.7369933	-9.089587	2.8886044	23.047
1.7932571	-9.151836	2.8766334	23.097
1.6627731	-9.156625	2.9376855	23.147
1.9416976	-9.132683	2.7509377	23.197
1.7190368	-9.209297	2.7365725	23.247
1.7345991	-9.0237465	2.8491	23.297
1.5023615	-9.094376	2.9113493	23.347
1.5957354	-9.23683	2.5462334	23.397
1.9752164	-9.051279	3.083732	23.447
1.6627731	-9.150639	2.7401638	23.497
1.8854338	-8.9758625	3.1591492	23.567
1.6771383	-9.070433	3.0095115	23.597
1.7657237	-9.138668	2.89459	23.647
1.9476831	-9.14226	2.96881	23.697
2.0207062	-9.078813	2.9161377	23.747
1.922544	-9.077616	2.822764	23.797
1.8052281	-9.0429	3.0597897	23.847
1.6891093	-9.096769	2.8431146	23.887
1.8614918	-9.057265	3.0669725	23.937
1.8662802	-9.0716305	3.2190042	23.998
1.6603789	-9.038112	3.2465374	24.047
1.4760253	-9.006987	3.1603463	24.097
1.6938977	-9.151836	2.6839	24.147
1.7322049	-9.259575	2.873042	24.198
1.685518	-9.088389	3.0502129	24.238
1.7896658	-9.203311	2.7401638	24.297
1.70946	-9.144653	2.8921957	24.349
1.6041151	-9.123106	2.7150247	24.397
1.5981296	-9.251195	2.60968	24.447
1.6280571	-9.200917	2.5222914	24.497
1.7645266	-9.19972	2.6084828	24.538
1.7441759	-9.192537	2.6539726	24.597
1.6053122	-9.252393	2.5234885	24.647
1.827973	-9.160215	2.8335378	24.697
1.4341269	-9.197326	2.5234885	24.747
1.5622166	-9.232041	2.6204538	24.798
1.6280571	-9.187749	2.80361	24.849
1.6124948	-9.129091	2.7473464	24.897
1.7381904	-9.129091	2.9628246	24.937
1.3144168	-9.23683	2.456451	24.997
1.6412252	-9.275137	2.3690627	25.057
1.5945383	-9.212888	2.505532	25.097
1.7705121	-9.220071	2.6060886	25.146
1.7226281	-9.149442	2.8072014	25.187
1.3922282	-9.356541	2.409764	25.247
2.1140802	-8.956709	3.0573955	25.307
1.2868834	-9.31105	2.6659436	25.347
1.6531962	-9.184157	2.5761611	25.397
1.5765818	-9.0716305	2.6850972	25.447
2.0973208	-9.053674	3.4021606	25.497
1.3623008	-9.272743	2.552219	25.55
1.9488802	-9.150639	2.8060043	25.598
1.8447324	-9.131485	2.6120741	25.637
1.5957354	-9.218874	2.2146366	25.697
1.8866309	-9.309854	2.9759927	25.748
1.5622166	-9.132683	2.5725696	25.788
1.3634979	-9.252393	2.8311436	25.847
1.590947	-8.995016	3.525462	25.897
1.3060371	-8.92319	3.4512417	25.938
1.3060371	-8.92319	3.4512417	25.938
1.8375498	-9.01776	2.858677	26.057
2.1643584	-8.89805	3.4452562	26.097
1.388637	-7.3753386	3.2393548	26.147
2.7138276	-10.316615	4.6710877	26.197
1.0414777	-8.403648	3.3363202	26.247
2.0697873	-9.562442	2.8263552	26.294
1.9249382	-8.719683	2.743755	26.338
1.9033904	-9.069236	3.2609026	26.397
1.5454572	-9.367314	3.252523	26.447
1.5837644	-8.9124155	3.3303347	26.497
2.2613235	-9.064447	3.98874	26.547
1.7645266	-8.847773	3.9193082	26.597
2.4384944	-8.986636	2.669535	26.647
0.91219085	-9.416395	2.111686	26.698
1.5610195	-9.26556	2.4552538	26.747
0.8714894	-9.069236	2.8083985	26.797
0.51355624	-9.24521	3.0813377	26.847
0.8762778	-9.296685	2.6491842	26.897
1.1611878	-9.321824	2.6539726	26.947
1.1611878	-9.321824	2.6539726	26.947
1.389834	-9.291897	2.7760768	27.047
1.3120226	-9.494206	2.0039468	27.108
1.1192893	-9.579201	1.9512744	27.133
1.2378023	-9.255983	2.5258827	27.197
1.3634979	-9.334992	2.5079262	27.237
1.103727	-9.398438	2.243367	27.291
1.0989386	-9.258378	2.6779146	27.347
1.2641385	-9.352949	2.432509	27.402
1.4927847	-9.561244	2.208651	27.448
0.676362	-9.428367	1.8818425	27.497
0.6368576	-9.409213	2.1823149	27.544
1.6567876	-9.1590185	2.2996306	27.597
0.7086837	-9.479841	2.5450363	27.638
0.9564836	-9.360131	2.3942018	27.697
0.9696517	-9.408015	2.5151088	27.747
1.0307038	-9.3661175	1.9189527	27.797
0.7493851	-9.260772	1.851915	27.855
0.37110126	-9.628283	2.0326772	27.887
0.8295909	-9.448717	2.1619642	27.947
0.8295909	-9.448717	2.1619642	27.947
1.0366893	-9.506178	2.3570917	28.047
0.93134445	-9.345766	2.3175871	28.097
0.878672	-9.479841	2.3666685	28.147
0.94690675	-9.460688	1.9800048	28.197
0.81881696	-9.392453	2.124854	28.248
0.93732995	-9.4295635	2.1140802	28.3
0.89064306	-9.445126	2.0219033	28.347
1.0223241	-9.330204	2.554613	28.397
0.9876082	-9.356541	2.5438392	28.447
0.985214	-9.403227	2.4013844	28.497
0.94810385	-9.374496	2.0769699	28.547
0.973243	-9.469068	2.1440077	28.597
0.92176765	-9.403227	2.2780828	28.652
1.1049241	-9.331401	2.3654714	28.697
1.0127473	-9.618706	1.7968484	28.747
0.33877954	-9.52174	1.910573	28.797
-0.19512744	-9.41879	2.5079262	28.847
0.092176765	-9.2308445	4.128801	28.9
0.9696517	-9.544485	1.0031705	28.939
1.7046716	-9.384073	2.336741	28.999
1.2677298	-9.653421	1.9812019	29.068
0.79128367	-9.704897	1.6124948	29.097
1.258153	-8.744822	2.1799207	29.147
-1.292869	-11.100717	1.9237411	29.198
1.6280571	-9.050082	2.5558102	29.253
0.9840169	-10.150218	1.757344	29.298
0.19153613	-9.070433	2.907758	29.347
0.4381389	-9.623494	2.078167	29.387
0.92775315	-9.228451	2.0733786	29.438
0.8295909	-9.9550905	1.3575124	29.492
1.1707647	-9.289502	2.086547	29.537
1.2749124	-9.404425	1.9788077	29.597
0.89902276	-9.578004	1.9512744	29.647
0.62728083	-9.2308445	2.2301989	29.697
0.78410107	-9.528923	2.3702598	29.747
1.1492168	-9.436746	1.9548657	29.797
0.80445176	-9.354146	2.2242134	29.844
0.8499416	-9.229648	1.5071499	29.897
0.78529817	-9.473856	2.055422	29.947
-0.4225766	-9.580399	1.7741034	29.998
1.0019734	-9.610326	2.1152773	30.057
1.2366052	-9.6845455	2.2720973	30.097
1.4951789	-9.386468	2.5570073	30.137
0.93732995	-9.576807	1.8782512	30.197
1.0295067	-9.352949	2.4756045	30.287
1.0881647	-9.352949	2.4756045	30.287
0.8511387	-9.289502	1.7381904	30.347
0.6703765	-9.421184	1.8016368	30.412
0.06464344	-9.822212	1.0151415	30.467
0.50757074	-9.744401	1.3431472	30.497
0.19752164	-9.680955	1.9740193	30.547
1.1671734	-9.509769	1.7645266	30.597
0.7266402	-9.317036	2.2828712	30.647
0.58897364	-9.621099	1.9907787	30.697
0.7254431	-9.537302	1.7753005	30.747
1.0163386	-9.387665	2.1751323	30.795
0.6332663	-9.5385	1.899799	30.847
0.8643068	-9.452309	1.7788919	30.897
0.8439561	-9.471462	2.0458453	30.947
0.8439561	-9.465476	1.9333179	31.001
0.700304	-9.568427	1.8195933	31.047
1.0690111	-9.39365	2.3247697	31.098
0.91937345	-9.386468	2.0913353	31.147
0.9900024	-9.409213	2.086547	31.197
0.9600749	-9.440337	1.8746599	31.247
0.7577648	-9.545682	1.7501614	31.297
0.7098808	-9.467871	1.9596541	31.344
0.82480246	-9.43914	2.005144	31.398
1.1097125	-9.515755	2.0614076	31.447
1.0737995	-9.495404	1.8471266	31.497
1.0450691	-9.479841	1.934515	31.547
1.0570401	-9.463082	1.922544	31.592
0.9768343	-9.504981	1.8495208	31.647
1.1025299	-9.463082	2.0003555	31.697
0.9792285	-9.510966	1.9656396	31.768
1.0582372	-9.514558	2.1164744	31.827
1.0630256	-9.478644	2.1284454	31.851
1.0714053	-9.536105	2.086547	31.897
0.9780314	-9.423578	2.1739352	31.949
0.9780314	-9.423578	2.1739352	31.949
0.93254155	-9.375694	2.2828712	32.047
0.6631939	-9.317036	2.3642743	32.097
0.80924016	-9.317036	2.5007436	32.143
0.7793127	-9.40203	2.3391352	32.198
0.7469909	-9.414001	2.3199813	32.237
0.6596026	-9.368511	2.3331497	32.292
0.7685388	-9.41041	2.0685902	32.348
0.79248077	-9.405622	2.2876596	32.397
0.81642276	-9.516952	1.8782512	32.447
0.94092125	-9.406818	2.135628	32.497
0.90141696	-9.414001	2.12246	32.549
0.9911995	-9.580399	1.9907787	32.597
1.1887212	-9.31943	2.231396	32.647
1.3311762	-9.2907	2.4899697	32.697
1.1935096	-9.197326	2.4732103	32.747
1.021127	-9.333796	2.541445	32.797
1.0630256	-9.31943	2.2637177	32.847
-0.4225766	-9.834184	1.5346833	32.898
1.8387469	-8.77834	2.8407204	32.948
1.590947	-9.360131	1.9991584	32.966
1.590947	-9.360131	1.9991584	32.966
2.055422	-9.345766	2.4672248	33.097
2.005144	-9.514558	1.9476831	33.15
1.2389994	-9.398438	2.006341	33.197
1.0869676	-9.331401	1.9680338	33.247
0.51355624	-9.579201	1.5610195	33.297
0.44532153	-9.581595	1.3958195	33.347
0.25617957	-9.615114	1.1827357	33.437
0.24420857	-9.628283	1.1599907	33.447
0.10055647	-9.714474	1.1324574	33.497
-0.1388637	-9.657013	0.8475474	33.558
-0.23582886	-9.53012	1.0570401	33.607
-0.3854665	-9.665392	0.7493851	33.647
-0.25617957	-9.716867	0.8655039	33.698
-0.22984336	-9.631873	0.8870517	33.737
-0.24899697	-9.654618	0.94331545	33.797
-0.30765492	-9.624691	0.93134445	33.847
-0.32561144	-9.651027	0.90261406	33.899
-0.34356794	-9.628283	1.0055647	33.937
-0.29448682	-9.68694	0.985214	33.967
-0.3196259	-9.674969	0.9864111	34.047
-0.20231004	-9.664195	1.033098	34.097
-0.17956513	-9.697714	0.81761986	34.157
-0.1448492	-9.587581	1.2449849	34.207
-0.18435353	-9.706094	0.91578215	34.247
-0.022744916	-9.6845455	1.1300632	34.297
-0.12928689	-9.618706	1.2006922	34.347
0.12330139	-9.618706	1.316811	34.397
0.16519992	-9.615114	1.2677298	34.447
0.16759412	-9.555259	1.471237	34.497
0.439336	-9.527725	1.7669208	34.587
0.49081135	-9.515755	1.8267759	34.599
0.58657944	-9.586384	1.8195933	34.647
0.46806642	-9.481039	2.1332338	34.697
1.0127473	-9.436746	1.8794483	34.742
1.3024458	-9.32781	2.779668	34.797
1.5179238	-8.9842415	3.0502129	34.847
1.0295067	-9.259575	2.6874914	34.877
0.50996494	-9.479841	2.160767	34.941
0.38307226	-9.452309	2.1296425	34.967
0.6871359	-9.592369	1.8962077	35.047
0.5303157	-9.518148	1.9021933	35.097
0.6835446	-9.348161	2.5450363	35.167
0.7182605	-9.309854	2.5318682	35.192
0.748188	-9.346964	2.3690627	35.247
1.13964	-9.392453	2.4420857	35.292
1.0737995	-9.460688	2.3175871	35.352
1.0019734	-9.514558	1.9895816	35.397
0.6931214	-9.398438	2.100912	35.447
0.4441244	-9.498995	1.8614918	35.528
0.45848963	-9.534908	1.7118542	35.547
0.3184288	-9.494206	1.7238252	35.597
0.47884035	-9.5971575	1.6879122	35.647
0.34237084	-9.572019	1.6555905	35.697
0.439336	-9.587581	1.5729905	35.748
0.36750996	-9.583989	1.5286977	35.796
0.33997664	-9.682152	1.4341269	35.847
0.3184288	-9.593566	1.4401124	35.897
0.31244332	-9.635465	1.4077905	35.947
0.33638534	-9.639056	1.3922282	35.957
0.2669535	-9.478644	1.6675615	36.047
0.022744916	-9.623494	1.3144168	36.093
0.17238252	-9.706094	1.3359646	36.147
0.076614454	-9.683349	1.2114661	36.197
0.09935937	-9.673772	1.283292	36.247
-0.05267244	-9.622296	1.1887212	36.297
-0.110133275	-9.589975	1.1575965	36.337
-0.01316811	-9.667787	1.1228806	36.397
-0.010773907	-9.610326	1.1815386	36.447
0.1340753	-9.690532	1.2964603	36.513
0.130484	-9.609129	1.2844892	36.54
0.093373865	-9.676167	1.1959038	36.597
0.18914193	-9.601946	1.508347	36.647
0.15083471	-9.579201	1.2641385	36.688
0.23822308	-9.648633	1.376666	36.741
0.18435353	-9.616311	1.3910311	36.797
0.32561144	-9.617508	1.4879963	36.837
0.39504328	-9.56723	1.685518	36.897
0.4369418	-9.481039	1.6759412	36.947
0.40342298	-9.519346	1.7381904	36.967
0.5530606	-9.53012	1.9931729	37.043
0.9816227	-9.419987	2.528277	37.11
1.043872	-9.337387	2.6084828	37.147
0.79607207	-9.272743	2.3319526	37.197
0.62368953	-9.289502	2.2720973	37.247
0.49440265	-9.491813	1.6998832	37.303
0.5255273	-9.7240505	1.5801731	37.347
0.34117374	-9.458294	2.3223755	37.397
0.4225766	-9.363723	2.1188686	37.447
0.7445967	-9.533711	2.043451	37.487
0.9888053	-9.579201	1.8986019	37.546
0.7326257	-9.545682	2.054225	37.597
0.59017074	-9.5385	1.8267759	37.639
0.6464345	-9.570822	1.7310078	37.697
0.46208093	-9.579201	1.6220716	37.737
0.2693477	-9.520543	1.7286136	37.797
0.35913026	-9.504981	1.769315	37.837
0.16400282	-9.633071	1.6136919	37.907
0.23343466	-9.570822	1.6292542	37.947
0.10654198	-9.557653	1.6543933	37.967
0.20231004	-9.648633	1.5358804	38.047
0.016759412	-9.5492735	1.4077905	38.097
0.0035913025	-9.637859	1.3144168	38.147
-0.15801731	-9.57561	1.2916719	38.197
-0.107739076	-9.634268	1.2078748	38.262
-0.18435353	-9.647436	1.1121067	38.307
-0.25019407	-9.707291	1.0522517	38.337
-0.30885202	-9.690532	1.0893618	38.397
-0.31364042	-9.636662	0.8846575	38.469
-0.21188685	-9.671378	1.0378864	38.497
-0.2825158	-9.604341	1.0702082	38.547
-0.19871874	-9.682152	0.9935937	38.577
-0.16879122	-9.623494	1.0893618	38.64
-0.12928689	-9.672575	1.0809821	38.697
-0.14963761	-9.662998	1.1013328	38.747
-0.1352724	-9.66659	1.055843	38.797
-0.033518825	-9.646238	1.1875241	38.847
0.0047884034	-9.671378	1.2210429	38.897
0.061052144	-9.67856	1.2473791	38.947
0.008379706	-9.7084875	1.2749124	38.967
0.08738836	-9.635465	1.3096284	39.047
0.33279404	-9.616311	1.5562311	39.097
0.25019407	-9.544485	1.6663644	39.147
0.533907	-9.487024	1.9680338	39.197
1.340753	-9.472659	2.920926	39.25
1.5586253	-8.990228	2.9855695	39.297
1.3096284	-9.139865	2.80361	39.347
0.80564886	-9.288305	2.31639	39.397
0.6584055	-9.396045	2.0530279	39.442
0.7314286	-9.564836	1.9021933	39.497
0.6835446	-9.56723	1.8662802	39.547
0.5602432	-9.531317	1.8974048	39.597
0.8403648	-9.442732	2.147599	39.647
0.93493575	-9.43076	2.2661119	39.697
0.9947908	-9.38168	2.231396	39.797
0.92176765	-9.38168	2.231396	39.797
0.9624691	-9.344569	2.36188	39.847
0.90021986	-9.43914	2.232593	39.897
0.8499416	-9.512163	2.195483	39.939
0.7457938	-9.445126	2.0219033	39.981
0.7457938	-9.441534	2.124854	40.051
0.92057055	-9.43914	2.1894975	40.09
0.91458505	-9.445126	2.1859062	40.147
0.78050977	-9.475053	2.0721815	40.187
0.6799533	-9.433155	2.2170308	40.247
0.92535895	-9.399636	2.0219033	40.297
0.9756372	-9.481039	2.2697031	40.357
0.79008657	-9.343372	2.231396	40.397
0.9648633	-9.460688	2.268506	40.447
0.80205756	-9.408015	2.1871033	40.497
0.81642276	-9.502586	2.066196	40.553
0.7146692	-9.449914	2.2170308	40.597
0.8738836	-9.3661175	2.1823149	40.647
0.93373865	-9.434352	2.0578163	40.697
0.9516952	-9.454702	2.2900538	40.747
0.8283938	-9.491813	2.2230163	40.787
0.7134721	-9.445126	2.0015526	40.847
0.8750807	-9.478644	2.066196	40.898
0.93972415	-9.466674	2.112883	40.947
1.0175357	-9.482236	2.2134395	40.981
0.94930094	-9.44752	2.0506337	41.047
0.8798691	-9.398438	2.184709	41.097
0.80684596	-9.428367	2.1021092	41.137
0.8487445	-9.445126	2.087744	41.197
0.94570965	-9.479841	2.0458453	41.247
0.92535895	-9.357738	2.1296425	41.294
0.93732995	-9.437943	2.066196	41.377
0.93373865	-9.461885	2.0494366	41.397
0.8331822	-9.44752	2.0159178	41.447
0.90381116	-9.411607	2.3092074	41.508
0.91338795	-9.5253315	2.0278888	41.567
0.8391677	-9.5253315	2.0278888	41.567
0.79846627	-9.379285	2.1655555	41.647
0.9756372	-9.504981	2.0362685	41.697
0.8631097	-9.403227	2.183512	41.747
0.89782566	-9.481039	2.0219033	41.797
0.82599956	-9.433155	2.1212628	41.847
0.82240826	-9.434352	2.1691468	41.879
0.8631097	-9.41879	2.1033063	41.939
0.81163436	-9.472659	2.0709844	41.977
0.8559271	-9.388862	2.111686	42.047
0.94690675	-9.459491	2.0614076	42.097
0.9684546	-9.481039	2.1978772	42.139
0.94930094	-9.428367	2.0362685	42.198
0.8415619	-9.448717	2.1691468	42.247
0.93732995	-9.41041	1.9213469	42.297
0.78050977	-9.48463	2.2038627	42.34
0.9744401	-9.396045	2.1033063	42.397
0.8858546	-9.48463	2.0518308	42.447
0.8882488	-9.39365	2.2613235	42.497
0.94930094	-9.43914	2.087744	42.547
0.94570965	-9.465476	2.1404164	42.594
1.0139444	-8.961497	2.2756886	42.647
0.8451532	-9.566033	2.0805612	42.697
0.91937345	-9.348161	2.0805612	42.747
0.59256494	-9.574412	1.9488802	42.817
0.7721301	-9.4774475	1.8543092	42.847
0.6667852	-9.419987	2.1212628	42.897
0.8714894	-9.537302	1.7717092	42.933
1.1049241	-9.43914	2.2457612	42.999
1.1049241	-9.43914	2.2457612	42.999
1.1228806	-9.208099	2.5917234	43.111
0.81761986	-9.433155	1.9273324	43.158
0.7146692	-9.526528	1.8674773	43.197
0.7098808	-9.580399	1.7824832	43.247
0.7218518	-9.455899	1.661576	43.297
0.8499416	-9.433155	1.7705121	43.363
0.8846575	-9.615114	1.6053122	43.427
0.8379706	-9.615114	1.6053122	43.451
0.7637503	-9.500193	1.8351556	43.497
0.8499416	-9.51336	1.6053122	43.547
0.6488287	-9.475053	1.9153614	43.597
0.8535329	-9.476251	1.99437	43.647
0.9947908	-9.514558	2.086547	43.697
0.9864111	-9.555259	1.5849615	43.739
0.8762778	-9.581595	1.673547	43.802
0.59855044	-9.442732	2.0566192	43.847
0.770933	-9.498995	1.887828	43.897
0.81881696	-9.524135	1.8339585	43.947
1.2749124	-9.604341	2.4157495	43.997
1.2749124	-9.604341	2.4157495	43.997
1.1133038	-9.629479	2.0745757	44.097
0.79008657	-9.27394	1.8231846	44.147
0.5303157	-9.379285	2.1428106	44.227
0.6919243	-9.379285	2.1428106	44.246
1.0019734	-9.425972	1.9560628	44.297
0.9828198	-9.552865	2.0949266	44.337
0.7182605	-9.458294	1.9357121	44.407
0.5566519	-9.497798	1.8447324	44.447
0.6512229	-9.471462	1.9955671	44.497
0.91937345	-9.518148	2.0290859	44.539
1.0845734	-9.5492735	1.8555063	44.601
1.0031705	-9.5253315	1.8507179	44.647
0.81163436	-9.440337	2.0949266	44.7
0.7541735	-9.44752	2.1775265	44.747
0.7469909	-9.414001	2.1320367	44.797
0.7661445	-9.437943	2.1440077	44.848
0.8451532	-9.481039	1.7753005	44.897
0.9648633	-9.411607	2.0003555	44.942
1.0151415	-9.508572	1.9680338	44.988
0.9840169	-9.526528	1.9488802	45.004
1.0187328	-9.489418	1.875857	45.098
0.7721301	-9.386468	2.0171149	45.147
0.9888053	-9.457097	2.2373815	45.197
0.6943185	-9.44752	1.8650831	45.247
0.7637503	-9.421184	1.9847932	45.297
1.4700398	-9.5732155	2.2457612	45.367
1.2042835	-9.719262	1.3132197	45.4
0.48722005	-9.604341	1.6795325	45.447
0.6727707	-9.229648	2.0111294	45.497
0.59855044	-9.5013895	2.0626047	45.547
0.7721301	-9.543288	1.8148049	45.597
1.0319009	-9.548077	2.0135236	45.647
0.8726865	-9.415198	1.7932571	45.697
0.8583213	-9.592369	1.6292542	45.743
0.9780314	-9.598354	1.5717934	45.797
0.82719666	-9.5253315	1.7381904	45.847
0.9564836	-9.454702	2.1152773	45.897
0.8810662	-9.460688	1.9764135	45.939
0.93134445	-9.451111	1.9440918	45.997
0.93134445	-9.451111	1.9440918	45.997
0.82480246	-9.543288	1.5215151	46.108
0.7410054	-9.49301	1.6747441	46.149
0.7290344	-9.545682	1.7381904	46.197
0.9888053	-9.544485	1.8734628	46.247
0.8487445	-9.524135	1.6843209	46.297
0.7086837	-9.591172	1.553837	46.337
0.90141696	-9.560047	1.7597382	46.397
0.91219085	-9.56723	1.6651673	46.447
0.8655039	-9.625888	1.5777789	46.497
0.8367735	-9.520543	1.7681179	46.57
0.82121116	-9.546879	1.6328455	46.597
0.7146692	-9.526528	1.780089	46.647
0.7110779	-9.531317	1.7489643	46.697
0.63087213	-9.485827	1.7872716	46.747
0.62368953	-9.490616	1.7836803	46.797
0.65242	-9.496601	1.8004397	46.847
0.688333	-9.497798	1.9009962	46.887
0.581791	-9.556456	1.7932571	46.947
0.6919243	-9.5253315	1.8255788	46.997
0.6919243	-9.5253315	1.8255788	46.997
0.7685388	-9.625888	1.721431	47.097
0.6943185	-9.397242	1.9752164	47.147
0.7386112	-9.5253315	1.9057846	47.197
0.5722142	-9.478644	2.0338743	47.247
0.58538234	-9.488221	1.9405005	47.297
0.5686229	-9.520543	1.8626889	47.347
0.51954174	-9.498995	1.8926164	47.397
0.5518635	-9.520543	1.9213469	47.447
0.58538234	-9.51336	1.8986019	47.517
0.545878	-9.508572	1.8818425	47.547
0.5506664	-9.497798	1.8579005	47.597
0.59855044	-9.478644	2.019509	47.637
0.60693014	-9.589975	1.8183962	47.689
0.45729253	-9.431957	2.0494366	47.737
0.59855044	-9.476251	1.9057846	47.793
0.5686229	-9.469068	1.9919758	47.847
0.5674258	-9.510966	1.9249382	47.897
0.59495914	-9.507375	1.8662802	47.947
0.58418524	-9.495404	1.8794483	47.997
0.58418524	-9.495404	1.8794483	47.997
0.6895301	-9.540894	1.9045875	48.127
0.80205756	-9.48463	1.9524715	48.147
0.85473	-9.4774475	2.0602105	48.197
0.7577648	-9.475053	1.8662802	48.247
0.59974754	-9.490616	1.9500773	48.297
0.039504327	-9.746795	1.5227122	48.347
0.93014735	-9.300277	1.4197617	48.397
0.6584055	-9.41041	2.3187842	48.467
1.0606314	-9.543288	1.7106571	48.497
1.1731589	-9.396045	2.0973208	48.547
1.1731589	-9.500193	1.8902222	48.597
0.9840169	-9.44752	1.8794483	48.647
1.2665327	-9.570822	1.6819267	48.697
1.2138603	-9.495404	1.6448165	48.747
1.483208	-9.394848	1.6184803	48.797
1.2497733	-9.346964	1.8938135	48.847
1.3192052	-9.674969	1.4616601	48.913
1.5981296	-9.634268	1.0654198	48.947
1.5825673	-9.475053	1.316811	48.997
1.508347	-9.527725	1.1707647	49.007
1.5682021	-9.416395	1.3910311	49.097
1.2186487	-9.694122	1.2689269	49.147
1.7190368	-9.448717	1.6699557	49.212
1.3706805	-9.557653	1.1264719	49.247
1.567005	-9.343372	1.6531962	49.297
1.3754689	-9.372103	1.7429788	49.347
1.352724	-9.411607	1.7130513	49.377
1.1552023	-9.471462	1.8614918	49.447
1.3227965	-9.5492735	1.2258313	49.497
1.436521	-9.613917	1.2844892	49.547
1.364695	-9.633071	1.2605472	49.611
1.1599907	-9.54209	1.520318	49.647
1.1228806	-9.712079	1.292869	49.697
1.6077064	-9.336189	1.9093759	49.747
1.6938977	-9.543288	2.5306711	49.797
0.830788	-9.3661175	1.388637	49.847
1.1767502	-9.313444	2.6719291	49.897
0.6512229	-9.244013	2.183512	49.959
0.62847793	-9.53012	2.0231004	50.036
0.4405331	-9.4535055	2.0135236	50.048
0.19153613	-9.581595	1.5107412	50.097
0.48841715	-9.572019	1.3120226	50.147
0.6655881	-9.5732155	1.4221559	50.197
0.78888947	-9.528923	1.5837644	50.247
0.8439561	-9.613917	1.4760253	50.292
0.82599956	-9.566033	1.7812861	50.347
0.7386112	-9.601946	1.2856863	50.397
0.58418524	-9.606734	1.4305356	50.447
0.641646	-9.471462	1.1971009	50.497
0.22385786	-9.848549	0.44651863	50.547
0.49440265	-9.56723	0.89902276	50.609
0.47046062	-9.68694	0.9876082	50.637
0.62129533	-9.634268	1.0043676	50.697
0.47405192	-9.655815	0.8511387	50.747
0.5351041	-9.680955	1.021127	50.787
0.34356794	-9.704897	0.4321534	50.847
0.3866636	-9.5971575	0.6368576	50.897
0.4357447	-9.619903	0.82121116	50.947
0.18794483	-9.694122	0.760159	50.997
0.18794483	-9.694122	0.760159	50.997
0.9900024	-9.576807	1.401805	51.097
1.0163386	-9.560047	1.6675615	51.147
0.89782566	-9.594764	1.1384429	51.197
0.8690952	-9.587581	1.4544775	51.247
0.78050977	-9.5253315	1.7130513	51.307
0.79966336	-9.68694	1.2677298	51.347
0.82719666	-9.545682	1.2366052	51.407
0.6380547	-9.635465	0.9504981	51.441
0.5770026	-9.624691	1.1444284	51.497
0.8774749	-9.69532	0.94930094	51.544
0.8798691	-9.578004	1.5239093	51.597
0.70509243	-9.544485	1.4053963	51.638
0.8451532	-9.609129	1.3215994	51.697
0.7649474	-9.586384	1.3922282	51.742
0.6596026	-9.625888	1.1671734	51.797
0.7074866	-9.5971575	1.2808979	51.847
0.5686229	-9.631873	0.8882488	51.897
0.878672	-9.607931	1.3443443	51.937
0.7146692	-9.665392	0.90021986	51.997
0.7146692	-9.665392	0.90021986	51.997
0.7721301	-9.540894	1.578976	52.097
0.7302315	-9.515755	1.5059528	52.147
0.7493851	-9.607931	1.5251064	52.197
0.7529764	-9.490616	1.401805	52.239
1.0223241	-9.645041	1.3814543	52.297
0.7685388	-9.57561	1.4748282	52.338
0.61052144	-9.844957	0.78050977	52.397
1.0390835	-9.629479	0.62728083	52.447
1.4101849	-9.323022	2.1823149	52.497
0.81522566	-9.80665	0.94451255	52.562
0.81402856	-9.266758	1.4748282	52.632
1.4903905	-9.150639	1.8483237	52.637
1.9369092	-9.136273	3.180697	52.697
1.2808979	-9.390059	2.2517467	52.747
1.2677298	-9.475053	2.112883	52.797
1.1336545	-9.2907	2.0937295	52.857
1.2114661	-9.294291	2.2505496	52.897
1.3742718	-9.108741	2.6671407	52.947
2.2050598	-9.069236	3.2585084	52.997
2.2050598	-9.069236	3.2585084	52.997
1.7058687	-9.187749	3.132813	53.097
1.4688427	-9.127894	3.0011318	53.144
1.3874398	-9.247604	2.919729	53.197
1.2761095	-9.157822	2.7940333	53.249
1.376666	-9.120711	3.1004913	53.297
1.7190368	-8.902839	3.2070332	53.347
1.7034745	-9.070433	3.4811692	53.397
2.1080947	-8.945934	3.0142999	53.447
1.5825673	-9.118318	2.9496565	53.497
1.7322049	-9.235633	2.7736826	53.547
1.460463	-9.210494	2.6850972	53.597
1.4185646	-9.3421755	2.5079262	53.677
1.3874398	-9.386468	2.2601264	53.697
1.3491327	-9.174581	3.0142999	53.747
1.5191209	-9.248801	2.4109612	53.807
1.5873557	-9.211691	2.930503	53.847
1.5406688	-9.15423	2.883816	53.898
1.7501614	-9.339781	2.1260512	53.957
1.376666	-9.350554	2.2601264	53.997
1.3694834	-9.3421755	2.2900538	54.007
1.5107412	-9.279925	2.4289176	54.098
1.5143325	-9.26556	2.5318682	54.147
1.448492	-9.1829605	2.7964275	54.187
1.3431472	-9.25359	2.633622	54.247
1.411382	-9.2308445	2.5677812	54.297
1.2844892	-9.284714	2.4947581	54.347
1.5466543	-9.288305	2.3295584	54.395
1.4736311	-9.285912	2.2996306	54.457
1.4784195	-9.321824	2.4432828	54.497
1.4796166	-9.376891	2.373851	54.547
1.3275849	-9.338584	2.3355439	54.587
1.2988545	-9.350554	2.373851	54.647
1.2880806	-9.2907	2.469619	54.697
1.4915876	-9.41041	2.4265234	54.743
1.1312603	-9.238028	2.1655555	54.797
1.5251064	-9.211691	2.802413	54.847
1.1971009	-9.660604	2.3762453	54.897
1.2174516	-9.358934	2.1655555	54.947
1.0570401	-9.569624	2.0027497	54.997
0.9935937	-9.500193	1.9524715	55.007
1.021127	-9.526528	1.9261353	55.087
0.9911995	-9.497798	1.7872716	55.144
1.0319009	-9.588778	2.088941	55.215
0.90859956	-9.508572	1.6436194	55.249
0.93732995	-9.190144	2.3439236	55.292
0.9959879	-9.621099	1.1420342	55.347
1.0103531	-9.603143	1.6603789	55.397
0.7661445	-9.3421755	2.2744915	55.447
0.8595184	-9.622296	1.4760253	55.497
0.94211835	-9.506178	1.9500773	55.563
1.0714053	-9.709685	1.6208745	55.607
0.724246	-9.379285	1.3156139	55.647
0.545878	-9.42238	2.1200657	55.697
0.700304	-9.586384	1.7525556	55.768
0.7386112	-9.516952	1.7226281	55.797
0.6488287	-9.566033	1.6603789	55.847
0.92895025	-9.55885	1.6316484	55.897
0.93852705	-9.706094	1.2737153	55.947
0.45010993	-9.500193	1.6208745	55.998
0.4213795	-9.568427	1.5023615	56.068
0.8595184	-9.44752	1.2593501	56.089
1.2270284	-9.293094	1.946486	56.147
1.5693992	-9.455899	3.0334535	56.197
0.85473	-9.32781	2.516306	56.247
1.6005238	-9.451111	1.9668367	56.287
1.1779473	-9.546879	1.8579005	56.37
1.3144168	-9.460688	1.9524715	56.4
1.1252748	-9.36492	1.9165585	56.444
0.7433996	-9.412804	2.207454	56.497
0.6775591	-9.539697	1.340753	56.547
0.724246	-9.5013895	1.9416976	56.597
1.091756	-9.437943	1.7860745	56.647
1.3587095	-9.472659	1.769315	56.697
1.1671734	-9.411607	2.303222	56.747
1.1109096	-9.496601	1.7788919	56.797
1.5239093	-9.390059	1.7441759	56.837
1.34195	-9.378088	2.146402	56.897
1.1384429	-9.465476	1.7561469	56.967
1.2521675	-9.448717	2.2050598	56.997
1.1444284	-9.463082	2.2517467	57.007
1.0486604	-9.378088	2.110489	57.097
1.1851299	-9.652225	0.8499416	57.14
0.80684596	-9.151836	3.1842883	57.197
1.258153	-9.5013895	1.411382	57.247
1.0809821	-9.294291	2.6755204	57.308
1.3395559	-9.405622	2.0566192	57.348
1.1013328	-9.581595	1.7118542	57.397
1.2473791	-9.320627	2.2002714	57.447
1.1540052	-9.461885	1.8507179	57.487
1.1563994	-9.436746	2.0853498	57.548
1.1348516	-9.408015	2.0578163	57.597
1.2186487	-9.41041	1.8818425	57.647
1.0103531	-9.397242	2.1284454	57.707
1.1707647	-9.502586	1.6412252	57.747
1.2485762	-9.354146	2.4277205	57.797
1.2677298	-9.348161	2.5187001	57.845
1.3718776	-9.443929	1.9081788	57.888
1.2904748	-9.409213	2.1296425	57.947
1.2437878	-9.425972	2.0590134	57.987
1.1971009	-9.423578	2.1176715	58.007
1.1480197	-9.417592	2.0590134	58.094
1.1252748	-9.414001	2.1511903	58.147
1.210269	-9.39365	2.1296425	58.197
1.1504139	-9.382876	2.1212628	58.247
1.1623849	-9.41879	2.2469583	58.297
1.2318168	-9.48463	2.0470424	58.377
1.1300632	-9.372103	2.110489	58.397
1.2030864	-9.394848	2.1871033	58.447
1.1540052	-9.379285	2.267309	58.497
1.1671734	-9.394848	2.2098482	58.542
1.0151415	-9.374496	2.1679497	58.597
1.1145009	-9.421184	2.1547816	58.637
1.2485762	-9.40203	2.0602105	58.697
1.3431472	-9.497798	2.0231004	58.744
1.2437878	-9.412804	2.27928	58.812
1.1061212	-9.3421755	2.36188	58.857
1.0821792	-9.358934	2.337938	58.897
0.9648633	-9.403227	2.1535845	58.947
1.1791444	-9.425972	1.9572599	58.997
1.1611878	-9.363723	1.9261353	59.007
1.3024458	-9.448717	2.1308396	59.098
1.3742718	-9.332599	2.3223755	59.148
1.186327	-9.408015	2.15957	59.197
1.1180922	-9.42238	2.0374656	59.247
1.1300632	-9.375694	2.1619642	59.297
1.2174516	-9.412804	2.1535845	59.337
1.2150574	-9.388862	2.184709	59.403
1.2892777	-9.313444	2.2541409	59.447
1.2976574	-9.409213	2.1583729	59.497
1.2557588	-9.400833	2.135628	59.547
1.1180922	-9.3661175	2.1631613	59.597
1.2366052	-9.404425	2.1643584	59.637
1.1767502	-9.3733	2.2613235	59.697
1.2785037	-9.386468	2.2541409	59.747
1.1827357	-9.390059	2.2397757	59.797
1.2246342	-9.398438	2.135628	59.877
1.2174516	-9.397242	2.172738	59.899
1.2425907	-9.375694	2.1918917	59.947
1.210269	-9.385271	2.220622	59.997
1.1994951	-9.398438	2.1942859	60.007
1.2078748	-9.425972	2.2290018	60.097
1.0977415	-9.275137	2.7150247	60.147
1.1935096	-9.148245	3.5063083	60.191
1.1552023	-9.235633	2.6240451	60.243
1.2689269	-9.557653	1.6292542	60.299
