0.15442601	-9.640253	1.0881647	0.151
0.20590134	-9.703699	0.8750807	0.2
0.059855044	-9.718064	0.82480246	0.25
0.11133038	-9.715671	0.8822633	0.3
-0.023942016	-9.704897	0.81283146	0.351
-0.08259996	-9.698911	0.7745243	0.4
-0.08020575	-9.722853	0.7625532	0.45
0.07182605	-9.655815	0.8690952	0.5
0.2621651	-9.662998	0.9900024	0.55
0.17118542	-9.7863	0.62009823	0.601
-0.022744916	-9.701305	0.7374141	0.65
-0.04070143	-9.730036	0.7230489	0.7
-0.06823475	-9.696517	0.70509243	0.751
-0.047884032	-9.688137	0.62967503	0.8
0.009576807	-9.714474	0.6596026	0.851
0.094570965	-9.725247	0.60094464	0.9
0.12569559	-9.7563715	0.6943185	0.95
0.031124622	-9.698911	0.6512229	1.001
0.11492168	-9.679757	0.7314286	1.05
0.03232172	-9.758766	0.6907272	1.1
-0.053869538	-9.753978	0.6919243	1.15
0.009576807	-9.633071	0.7266402	1.2
0.06464344	-9.640253	0.6332663	1.25
0.08738836	-9.768343	0.46567222	1.301
0.03232172	-9.719262	0.49679685	1.35
-0.04309563	-9.822212	0.4429273	1.4
-0.31124622	-9.581595	1.0941502	1.45
0.09696517	-9.719262	-0.061052144	1.5
-0.015562311	-9.753978	0.41180268	1.55
-0.008379706	-9.838972	0.32441434	1.6
0.21428105	-9.586384	0.16998832	1.651
0.06464344	-9.765948	0.2789245	1.701
-0.08140286	-9.767146	0.06464344	1.75
-0.17477672	-9.755175	0.1436521	1.8
-0.22146365	-9.846154	0.2657564	1.85
-0.12928689	-9.566033	0.38187516	1.901
0.45250413	-9.397242	0.51834464	1.95
0.5554548	-9.564836	0.30406362	1.97
0.51475334	-9.617508	-0.029927522	2.042
-0.17956513	-9.931149	-0.05865794	2.102
0.031124622	-9.489418	0.712275	2.142
0.46088383	-9.556456	0.34596214	2.192
0.5805939	-9.776723	-0.30526072	2.243
0.22625206	-9.528923	0.12330139	2.3
0.39863458	-9.479841	0.25617957	2.342
0.6476316	-9.673772	0.14963761	2.4
0.5255273	-9.870096	-0.035913024	2.445
0.34835634	-9.440337	0.06464344	2.492
1.3910311	-9.8677025	-0.2908955	2.551
0.5363012	-12.46182	-2.0913353	2.6
-0.50158525	-10.095152	-0.8415619	2.65
-0.2777274	-8.354567	0.011971008	2.7
1.1384429	-8.000225	2.3906105	2.74
0.82001406	-13.189657	-0.029927522	2.79
-2.574964	-10.795456	-1.7489643	2.84
-0.24420857	-8.48146	2.882619	2.9
0.7146692	-8.640674	0.6452374	2.95
0.18555063	-8.274361	0.16280572	3.0
-0.9888053	-8.583213	1.6747441	3.05
-1.5682021	-8.732851	1.1109096	3.1
-0.12808979	-9.506178	1.6244658	3.15
-1.6699557	-10.254366	0.33518824	3.2
-0.33159694	-10.739192	3.4272997	3.25
-1.9560628	-13.008895	-1.9572599	3.301
-4.0066967	-9.114726	-2.208651	3.35
-1.2030864	-6.494272	1.4568717	3.402
-1.4137762	-9.890448	-2.7090392	3.451
-3.618836	-10.602722	-1.780089	3.5
-1.6795325	-8.528147	1.3204023	3.55
-0.29688102	-8.797494	-0.08020575	3.6
-0.50637364	-9.463082	-0.31244332	3.65
-0.15322891	-9.539697	0.22026655	3.7
0.36391866	-9.215282	0.5518635	3.75
-0.08619126	-9.624691	0.320823	3.8
0.78170687	-9.101558	0.11611878	3.85
1.8914193	-10.42196	-0.48602295	3.9
0.260968	-14.369999	-2.0027497	3.95
-0.79487497	-14.820108	-2.0458453	3.971
-0.8726865	-7.451953	-2.4277205	4.04
0.47165772	-4.177882	2.0242975	4.091
2.0398598	-15.235502	7.383718	4.152
-1.4700398	-9.758766	-1.9081788	4.191
-0.712275	-8.900445	-2.007538	4.241
-0.33877954	-8.72088	3.2489316	4.29
-0.82240826	-8.833407	1.8124107	4.352
-0.4249708	-9.446322	0.4297592	4.402
-0.37588966	-9.03452	2.2709002	4.44
-0.22864626	-8.414422	2.2601264	4.491
-0.866701	-9.507375	1.4580688	4.541
0.46686932	-12.6354	1.5586253	4.6
-2.1212628	-11.33056	-2.0003555	4.651
-2.871845	-7.228095	3.6655228	4.701
-0.9935937	-8.599973	1.8842367	4.75
-2.3295584	-9.939528	-2.1212628	4.801
-0.39384618	-10.1621895	-0.557849	4.851
-0.92535895	-10.040085	0.21667525	4.901
-1.151611	-8.968679	-0.4429273	4.95
-0.107739076	-9.224859	0.59495914	4.981
0.31483752	-9.883265	0.0047884034	5.051
0.8391677	-9.277532	0.8283938	5.1
0.40581718	-9.478644	1.0139444	5.151
-0.35314476	-9.952697	0.6572084	5.2
-0.24301147	-9.387665	0.46686932	5.251
-0.093373865	-9.719262	0.8343793	5.3
-1.0534488	-12.823344	-0.47046062	5.35
-1.3036429	-11.896789	-0.2813187	5.4
1.055843	-7.7967176	0.8774749	5.45
-0.80564886	-8.878897	0.5279215	5.5
-2.2038627	-10.084377	1.5011644	5.55
-1.0139444	-10.911574	0.4237737	5.6
-1.0809821	-8.161834	1.3934253	5.65
-0.41180268	-8.238448	2.930503	5.7
-1.3455414	-9.196129	1.9213469	5.751
-1.4269443	-8.828619	3.0561984	5.801
-1.1528081	-8.5473	3.0298622	5.85
-0.91817635	-8.602366	2.552219	5.901
0.027533319	-9.416395	2.5893292	5.951
0.427365	-10.603919	2.8203697	5.98
-2.0925324	-9.271546	0.5386954	6.051
-4.441244	-8.76996	3.8498764	6.101
-2.5881321	-10.231621	-0.29448682	6.151
0.09935937	-8.785523	0.20111294	6.201
0.5710171	-9.459491	-0.044292733	6.25
-1.340753	-10.919954	-1.5346833	6.301
-1.6352397	-9.238028	0.008379706	6.351
-0.81402856	-9.202114	0.4201824	6.401
-0.1328782	-9.645041	-0.46208093	6.451
-0.055066638	-9.520543	0.08379706	6.5
0.24301147	-9.361329	0.80325466	6.551
-0.2633622	-9.829395	0.108936176	6.6
0.16280572	-9.648633	-1.1336545	6.65
0.50158525	-9.050082	0.2825158	6.7
0.7062895	-10.140641	0.9983821	6.75
0.94211835	-11.167754	-0.089782566	6.8
-0.7374141	-13.454216	-1.0019734	6.85
0.22026655	-11.244369	-2.0925324	6.9
-2.9508536	-4.9428296	-3.168726	6.95
-1.4796166	-6.692991	-0.7565677	6.98
1.5658079	-12.99453	2.3558946	7.051
-1.1935096	-8.971074	-1.8064252	7.1
-0.16519992	-9.482236	0.22146365	7.15
-0.37110126	-8.10557	2.110489	7.201
-0.9516952	-8.7292595	1.7441759	7.251
-0.10295067	-8.64666	1.9596541	7.301
-0.61171854	-9.024943	1.745373	7.351
0.45729253	-11.18571	1.1408371	7.401
-2.0506337	-9.069236	1.9548657	7.451
0.12808979	-14.425065	0.7757214	7.501
-6.196194	-10.420763	-3.1112652	7.551
-3.9121256	-7.061698	1.198298	7.601
-0.039504327	-8.635885	-0.47524905	7.651
-1.5191209	-10.563218	-3.4727895	7.701
-1.7776948	-9.704897	0.61171854	7.751
0.7110779	-8.938752	0.61530983	7.801
0.49679685	-9.193734	-0.50397944	7.85
0.04309563	-9.44752	-0.44891283	7.901
0.8798691	-9.5492735	-0.15562311	7.95
0.5518635	-9.31105	0.2705448	7.98
0.3184288	-10.014946	-0.45489833	8.051
-0.39384618	-9.911995	-1.4556746	8.1
0.89303726	-9.755175	0.095768064	8.15
-0.47285482	-10.650606	0.32202014	8.201
-0.39025488	-12.16853	0.025139118	8.251
0.90500826	-11.634624	-1.8938135	8.301
-1.1971009	-8.737639	-1.1683705	8.351
-1.9093759	-6.8462195	-1.0474633	8.401
-0.29209262	-8.525752	-0.46926352	8.451
1.2030864	-12.459426	1.0474633	8.501
-0.35075054	-10.242394	-0.581791	8.551
0.06464344	-8.354567	-0.2669535	8.601
-0.85473	-8.243237	1.5059528	8.651
-1.3371617	-9.064447	1.7717092	8.701
-0.19871874	-9.075222	0.62368953	8.751
-0.45848963	-9.214086	1.8555063	8.8
-0.1448492	-9.536105	1.4736311	8.85
-1.1935096	-10.029311	1.2485762	8.9
0.6392518	-9.919178	2.815581	8.95
1.6172832	-12.962208	1.5682021	8.98
-4.009091	-9.938332	-1.8662802	9.051
-3.1759086	-8.1163435	2.753332	9.1
-1.875857	-8.288726	-1.4628572	9.15
-0.82240826	-9.734824	-1.2318168	9.2
-1.0390835	-10.0748005	-0.08140286	9.25
-2.007538	-9.923966	0.8738836	9.3
-0.19273324	-8.834604	0.07182605	9.35
-0.61171854	-9.196129	0.007182605	9.4
0.08619126	-9.753978	-0.676362	9.45
0.5279215	-9.466674	-0.10534488	9.5
0.18674773	-9.412804	0.21906945	9.55
-0.7038953	-9.993398	-0.9840169	9.6
0.04189853	-9.817424	-0.6919243	9.651
-0.48362875	-11.014524	-1.2018893	9.7
-0.7577648	-13.459004	-1.0079589	9.75
-0.93134445	-9.82341	-2.098518	9.8
-1.0809821	-6.7851677	-1.9021933	9.85
-2.586935	-7.5549035	-1.578976	9.9
-1.7501614	-8.067263	0.45489833	9.95
-0.997185	-10.139444	2.9592333	10.012
0.94930094	-12.721591	0.7781156	10.041
-0.51235914	-9.111135	-0.9720459	10.093
-1.5047557	-8.246828	1.460463	10.143
-2.0817583	-8.665813	2.3810337	10.193
-1.3982137	-8.908825	0.94092125	10.243
-0.557849	-8.60117	1.7226281	10.295
-0.9720459	-9.186552	2.2864625	10.334
-0.260968	-9.139865	1.2198458	10.395
-1.0630256	-9.194932	0.59256494	10.434
0.92775315	-11.783064	2.9496565	10.495
-0.32680854	-13.405135	0.8355764	10.535
-3.4883518	-8.737639	-1.436521	10.595
-2.9245174	-7.8829093	3.3051953	10.634
-2.8395233	-9.417592	-0.4225766	10.695
-3.0131028	-9.609129	-1.8830396	10.735
-0.91338795	-8.41921	0.47405192	10.795
-0.2621651	-10.388441	-0.866701	10.835
-2.7617116	-10.117896	-0.6703765	10.895
-1.7058687	-9.039309	1.4341269	10.935
-0.4201824	-8.9998045	0.089782566	10.975
-0.581791	-9.5492735	0.038307227	11.042
-0.08619126	-9.812635	-0.0011971008	11.102
-0.049081136	-9.374496	0.260968	11.152
0.19632454	-9.601946	0.59495914	11.202
-0.35314476	-10.224439	-0.46806642	11.25
-0.29328972	-9.457097	0.61171854	11.3
0.36511576	-9.433155	0.5506664	11.351
-1.4496891	-10.005369	-0.33039984	11.4
-1.6352397	-11.228806	0.40462008	11.451
-0.20590134	-12.5743475	-0.5662287	11.49
-0.24899697	-9.848549	-2.6791117	11.542
-0.59495914	-8.300697	-0.51355624	11.593
-2.6839	-7.4016747	0.48722005	11.643
-1.5310919	-8.432379	0.6428431	11.693
1.8579005	-11.547235	1.9656396	11.743
-0.2681506	-10.226832	1.0666169	11.795
0.033518825	-9.622296	1.4496891	11.835
-1.4101849	-8.311471	2.3439236	11.895
-1.6304513	-8.440758	2.0123265	11.935
-0.80924016	-9.464279	1.9644425	11.975
-1.4508862	-9.677363	1.3120226	12.045
-1.1420342	-9.356541	1.2294226	12.092
-0.2633622	-9.127894	2.005144	12.142
-0.79008657	-9.536105	2.1021092	12.202
0.51834464	-9.758766	2.8335378	12.251
0.62728083	-10.8182	2.4959552	12.3
-2.4779987	-10.244789	-0.075417355	12.351
-3.0693667	-9.348161	-0.59495914	12.401
-2.822764	-8.756793	2.6515784	12.45
-2.517503	-9.646238	0.22625206	12.5
-2.3104045	-9.451111	-0.6667852	12.551
-2.7114334	-8.89805	-0.58298814	12.601
-0.8583213	-9.467871	-1.2737153	12.651
-0.055066638	-10.477027	-1.0761937	12.7
-1.7142484	-9.767146	0.023942016	12.75
-0.6835446	-9.194932	-0.09935937	12.8
-0.49081135	-9.491813	-0.31244332	12.851
0.1400608	-9.698911	-0.28491	12.901
0.9528923	-9.615114	-0.34955344	12.951
1.541866	-9.428367	-0.0047884034	12.981
0.11851298	-9.651027	-0.48123455	13.051
0.41060558	-9.78989	-0.12090719	13.1
0.2753332	-9.601946	0.11851298	13.15
-0.22385786	-9.885659	0.39504328	13.2
-0.37229836	-10.33936	0.34835634	13.251
-1.2677298	-12.893973	-0.51954174	13.301
0.2825158	-11.722012	-2.1942859	13.351
-3.1735144	-8.074445	-2.3175871	13.401
-1.3634979	-6.3482256	-1.1659763	13.451
1.2892777	-9.003395	-0.38067806	13.5
0.6943185	-11.390414	0.9888053	13.55
-0.17717093	-10.892421	-1.2198458	13.6
-0.22625206	-8.615535	0.6356605	13.65
0.055066638	-8.699332	1.9596541	13.7
-1.271321	-9.272743	0.8523358	13.75
-0.878672	-8.950723	1.2449849	13.8
-0.80804306	-8.774749	0.866701	13.85
-2.0733786	-9.070433	0.641646	13.9
-2.4349031	-9.864111	0.5434838	13.951
-2.2840683	-10.200497	0.8331822	13.98
0.6679823	-9.616311	1.4951789	14.05
1.1456255	-8.64666	2.5510218	14.1
-0.25019407	-8.377312	1.6603789	14.15
-2.3822308	-15.695189	-0.7649474	14.2
-5.5856724	-10.047267	-4.6124296	14.25
0.10654198	-6.7959414	0.7398083	14.301
-0.5793968	-7.5704656	2.0937295	14.35
-5.21098	-11.021708	-5.2648497	14.401
-1.7609353	-9.859323	-2.822764	14.45
-1.1061212	-8.791509	3.2908301	14.5
-1.7118542	-9.368511	-1.3575124	14.551
-1.0582372	-9.539697	-1.3706805	14.59
0.36391866	-9.220071	1.0259154	14.651
0.38187516	-9.483433	-0.033518825	14.69
0.4213795	-9.646238	-0.023942016	14.75
0.28491	-9.350554	0.076614454	14.801
0.24061728	-9.646238	-0.7110779	14.85
-0.557849	-9.713276	-0.4141969	14.9
0.2825158	-10.022128	0.7457938	14.95
0.8415619	-11.2312	0.89064306	14.99
-0.47884035	-12.700043	-1.5921441	15.041
-0.62608373	-9.920375	-2.5091233	15.09
-2.4241292	-6.927623	-2.2469583	15.14
0.10175357	-6.775591	-1.4664485	15.19
0.93972415	-12.952631	1.1994951	15.24
-1.4652514	-10.392033	-1.4999673	15.29
1.1228806	-9.398438	-1.6352397	15.34
-0.07182605	-9.099164	2.0147207	15.4
-0.81402856	-8.635885	0.21667525	15.45
-0.22625206	-8.445546	0.45370123	15.5
-0.5231331	-9.417592	0.9528923	15.55
-1.0857705	-8.839393	0.81642276	15.6
-0.78050977	-9.628283	1.4760253	15.65
-0.688333	-9.874885	1.0127473	15.7
0.38307226	-9.101558	0.91458505	15.75
2.2768857	-10.518925	2.4349031	15.8
-4.5621514	-14.422671	-1.5502456	15.85
-4.5561657	-8.35337	-3.2142158	15.9
-0.2753332	-6.659472	3.904943	15.95
-3.6355953	-8.091205	0.7314286	15.99
-3.0765493	-10.418368	-4.4699745	16.051
-2.718616	-9.7863	-0.029927522	16.1
-1.5753847	-8.790312	2.0482395	16.15
-1.0833763	-9.113529	-1.6053122	16.2
-0.60812724	-9.435549	-0.581791	16.25
0.8367735	-9.82341	-0.31603462	16.3
0.427365	-9.25359	-0.32321724	16.35
0.17238252	-9.448717	-0.074220255	16.4
0.45370123	-9.572019	0.32920274	16.451
-0.04309563	-9.831789	-0.31004912	16.5
-0.30885202	-9.801862	-0.3172317	16.551
0.1388637	-9.809045	-0.7098808	16.601
-0.07182605	-11.049241	0.14724341	16.651
-0.14963761	-12.11107	-0.5674258	16.701
-0.20111294	-11.245565	-1.5574282	16.75
-2.0649989	-8.395268	-1.0199299	16.801
-1.2210429	-7.9487495	-0.35553896	16.851
-1.9608512	-7.523779	-1.0139444	16.901
-3.9480386	-8.724471	0.23104046	16.951
0.48003745	-12.721591	1.3108255	16.991
-0.10055647	-11.066	-0.7673417	17.051
-0.08499416	-8.0924015	0.7158663	17.101
-0.78529817	-8.231265	2.5617957	17.15
-1.7298107	-9.810242	1.5346833	17.2
-0.93493575	-9.249998	0.32202014	17.25
-1.2976574	-8.456321	1.5191209	17.3
-1.0666169	-9.056067	2.0027497	17.35
-0.24061728	-9.244013	0.6655881	17.4
-0.14844051	-9.653421	0.22744916	17.43
2.541445	-10.426748	3.4225113	17.501
-1.0821792	-13.685257	-0.6380547	17.551
-5.5030727	-9.147048	-3.728969	17.601
-2.7246015	-7.6051817	4.3167458	17.651
-3.527856	-9.325416	1.2270284	17.7
-2.2337902	-8.884883	-3.05141	17.751
-0.59974754	-9.283517	-0.748188	17.8
-2.3427265	-10.817003	-1.3132197	17.85
-2.0326772	-9.004593	-0.23942018	17.901
-0.8535329	-8.815451	-0.010773907	17.951
-0.47644615	-9.758766	-1.0031705	17.99
0.10654198	-9.692925	-0.61770403	18.051
0.5614403	-9.317036	-0.25378537	18.1
0.37828386	-9.848549	-0.23104046	18.151
0.40940848	-9.946711	-0.6679823	18.2
0.3184288	-9.396045	-0.01436521	18.251
-0.07182605	-9.810242	-0.5327099	18.3
0.34356794	-10.126276	-0.48722005	18.351
-0.6488287	-13.2351465	-0.06344634	18.4
-0.24181437	-10.727221	-1.6112977	18.45
-1.3706805	-7.297527	-2.3582888	18.5
-1.186327	-7.451953	-0.020350715	18.55
-1.6591818	-7.6171527	0.58298814	18.601
-0.5351041	-11.33056	0.81043726	18.65
0.4249708	-11.950658	-0.4261679	18.7
-0.5686229	-9.506178	-0.6572084	18.75
-0.62488663	-8.380903	2.2613235	18.8
-1.910573	-8.919599	1.8171991	18.85
-1.0283096	-9.813833	0.92057055	18.9
-0.6787562	-9.404425	1.3982137	18.95
-1.3204023	-8.99741	1.3359646	18.99
-1.009156	-9.4774475	1.423353	19.05
-0.46806642	-9.136273	1.5131354	19.1
-0.80205756	-9.338584	1.5370775	19.15
0.12569559	-10.387244	2.4349031	19.2
-0.40462008	-9.3733	1.6807296	19.25
-0.50038815	-9.635465	2.6132712	19.3
-2.585738	-12.23078	-1.1719618	19.35
-2.743755	-8.052897	-0.6823475	19.4
-1.2318168	-7.8386164	6.489484	19.45
-3.0142999	-12.014104	-2.2182279	19.5
-3.6116533	-8.62152	-3.894169	19.551
-0.12449849	-8.268375	1.5334862	19.601
-0.8559271	-11.026496	-2.1679497	19.651
-1.4927847	-10.213664	-0.6823475	19.701
0.38187516	-8.485051	0.92416185	19.751
-0.46208093	-9.087193	-0.1364695	19.78
-0.39384618	-9.900024	-0.90740246	19.85
0.92775315	-9.6845455	-0.16400282	19.893
0.59974754	-9.251195	0.32561144	19.939
0.15322891	-9.4535055	-0.035913024	19.979
0.06943185	-9.822212	-0.93014735	20.051
0.04309563	-9.408015	0.017956512	20.1
-1.0977415	-9.898827	-0.4321534	20.151
-0.8619126	-11.382035	0.8379706	20.2
1.1204864	-12.266692	-2.0015526	20.251
-0.06943185	-11.626244	-2.7581203	20.301
-2.0326772	-7.5094137	-1.1384429	20.351
-0.22864626	-5.475539	0.21547815	20.401
0.19153613	-11.007342	1.2473791	20.45
-0.24420857	-12.2224	-0.62608373	20.5
0.5781997	-9.41879	-1.8734628	20.55
-0.4297592	-8.41921	1.3072342	20.595
-1.1994951	-9.289502	0.7410054	20.65
-0.78888947	-9.100361	0.047884032	20.7
-0.6464345	-8.585608	1.4879963	20.751
-0.6404489	-9.045294	0.59136784	20.801
-0.8295909	-9.572019	0.6619968	20.851
-0.47165772	-10.208876	0.9516952	20.9
-0.46806642	-9.627085	1.4089876	20.95
1.9895816	-10.169372	1.9393034	20.991
-1.8004397	-13.47337	-1.5873557	21.05
-4.012682	-10.125079	-0.61890113	21.101
-0.7721301	-7.577648	1.7154455	21.151
-2.7569232	-7.961918	-2.3127987	21.201
-1.6591818	-10.235212	-2.456451	21.251
-2.2110453	-9.672575	0.47644615	21.3
-1.6699557	-8.917204	1.1121067	21.35
-0.6440403	-9.214086	-0.8367735	21.4
-0.5315128	-9.2308445	-0.04070143	21.45
-0.15562311	-10.133459	-0.015562311	21.5
0.21188685	-9.093178	0.06703765	21.55
1.0474633	-9.31943	0.93254155	21.6
-0.08499416	-9.964667	-0.17956513	21.65
1.2210429	-9.352949	0.19273324	21.7
-0.93852705	-10.395624	-0.89902276	21.75
-0.051475335	-13.8480625	0.17118542	21.8
0.7098808	-12.014104	-2.1033063	21.85
-1.0666169	-6.658275	-2.574964	21.9
-1.3790601	-6.5385647	0.80564886	21.95
-0.47405192	-8.562862	1.8902222	21.99
0.62129533	-13.901932	1.8842367	22.042
-0.21906945	-9.628283	-2.1583729	22.09
-0.1592144	-7.989451	0.17597382	22.14
-1.352724	-8.248025	3.7361517	22.19
-0.7553706	-9.358934	0.7553706	22.25
-0.06584055	-8.724471	1.0019734	22.3
-0.81761986	-9.184157	1.5251064	22.35
-0.8511387	-10.0748005	0.7445967	22.4
0.04189853	-9.441534	0.9840169	22.457
0.22864626	-9.707291	2.100912	22.5
1.3634979	-10.538078	1.7968484	22.55
-1.3323733	-12.840104	-0.6895301	22.6
-2.7665	-8.900445	-0.9816227	22.65
-0.6500258	-8.182184	3.5913026	22.7
-3.8618474	-9.051279	-2.134431	22.75
-3.5853171	-9.289502	-2.4839842	22.8
-0.39983168	-9.233239	0.3854665	22.85
-2.0769699	-10.473435	-0.6404489	22.9
-2.7940333	-9.507375	0.31364042	22.95
-0.9840169	-8.6813755	0.260968	22.99
-0.82240826	-9.872491	-0.6344634	23.05
0.15682021	-9.7084875	-0.6655881	23.1
0.48003745	-9.244013	-0.05267244	23.15
-0.23582886	-9.696517	-0.2801216	23.2
-0.46208093	-9.837775	-0.62967503	23.251
-0.39743748	-9.606734	-0.23223756	23.301
-0.46088383	-9.642648	-0.25977087	23.351
0.30765492	-9.945514	-0.10295067	23.4
0.25498247	-9.900024	-0.25258827	23.451
-0.8451532	-11.034876	0.46567222	23.501
0.034715924	-11.414356	-0.2657564	23.551
-1.4544775	-10.988189	-1.9129672	23.6
-1.7417817	-9.194932	-1.9452889	23.651
-1.9309237	-6.9407907	-0.41299978	23.701
-2.2996306	-8.2037325	0.39384618	23.75
0.20470424	-12.343307	0.94092125	23.8
0.8714894	-10.437522	-0.12210429	23.85
-0.7410054	-8.980651	0.8559271	23.9
-0.81881696	-8.049306	2.5558102	23.95
-1.4951789	-8.498219	2.1416135	23.991
-1.5969325	-9.356541	1.8507179	24.051
-0.82360536	-8.725668	1.4951789	24.1
-1.2988545	-8.847773	1.9596541	24.151
-0.6859388	-9.028535	1.9728222	24.18
0.09935937	-10.128671	0.82599956	24.243
0.17597382	-9.527725	1.7836803	24.291
-0.31004912	-13.15973	0.10414778	24.351
-4.606444	-9.97185	-2.2290018	24.401
-3.0502129	-7.4735007	3.8654387	24.451
-0.9876082	-9.933543	-0.36152446	24.501
-3.0933087	-9.471462	-3.5290532	24.551
-1.6472107	-8.693346	0.7098808	24.601
-0.7374141	-9.968259	-1.3587095	24.65
-2.0123265	-10.679337	-2.3104045	24.701
-1.5921441	-9.082404	0.724246	24.75
-1.3371617	-9.270349	-0.641646	24.8
-1.2258313	-9.607931	-0.8391677	24.851
-0.10055647	-9.582792	-0.2885013	24.901
0.61650693	-9.446322	-0.45010993	24.95
0.08499416	-9.572019	-0.40222588	24.991
-0.21906945	-9.989806	-0.9756372	25.051
0.11492168	-9.636662	-0.51235914	25.1
0.15562311	-9.442732	0.9888053	25.15
0.91817635	-9.750386	-0.30526072	25.2
0.51954174	-9.872491	-0.007182605	25.251
0.40821138	-10.876859	0.8595184	25.3
0.36391866	-11.847707	0.110133275	25.35
-0.50876784	-11.129447	-1.7070658	25.401
-1.8674773	-8.615535	-1.9919758	25.451
-1.0067618	-8.304289	-0.48841715	25.501
-1.7884687	-7.693767	-0.7589619	25.55
-1.5310919	-9.39365	-0.06344634	25.6
0.9588778	-12.533646	1.1899183	25.65
-0.39264908	-9.752781	-0.050278235	25.7
-0.20231004	-8.239645	1.2174516	25.75
-1.401805	-8.728063	2.2493525	25.8
-1.0690111	-9.718064	1.6986861	25.851
-0.021547815	-9.263166	1.0594343	25.9
-0.93732995	-9.0429	1.8255788	25.95
-0.47285482	-9.064447	1.9369092	25.991
-0.46686932	-9.344569	1.5813702	26.043
-0.85473	-9.751583	2.6144683	26.1
1.2366052	-10.551247	2.9520507	26.15
-2.1739352	-13.469779	0.88944596	26.2
-4.7058034	-8.9519205	-2.0530279	26.25
-1.8866309	-7.7105265	1.5622166	26.3
-3.4476504	-8.595184	0.91458505	26.35
-2.2720973	-9.568427	-2.669535	26.4
0.8726865	-9.578004	-1.8112136	26.45
-1.7609353	-9.647436	0.08499416	26.5
-2.5198972	-9.882068	0.18076223	26.55
-1.0881647	-9.466674	-0.6967127	26.59
-0.1436521	-9.001001	0.19153613	26.645
-0.037110128	-9.80665	-0.10175357	26.693
0.6596026	-9.615114	-0.3866636	26.743
0.9911995	-9.403227	0.05626374	26.793
-0.075417355	-9.566033	0.2681506	26.843
-0.46208093	-9.676167	-0.35673606	26.895
0.23582886	-9.329007	0.3878607	26.935
-0.18195933	-10.7990465	-0.51714754	26.995
0.6955156	-13.515268	0.23223756	27.043
0.22385786	-11.821371	-2.220622	27.095
-1.5011644	-8.194156	-2.9257145	27.134
-0.9947908	-6.206968	-0.6344634	27.195
-0.12330139	-8.64666	0.22984336	27.234
-0.9911995	-12.710816	1.0043676	27.295
-1.0319009	-9.81503	-1.1623849	27.335
0.16400282	-8.371326	0.4381389	27.395
-0.29209262	-8.884883	2.682703	27.434
-0.50876784	-9.075222	1.2018893	27.495
-0.16759412	-8.663419	1.0486604	27.535
-0.50278234	-9.269152	2.042254	27.593
-0.32920274	-9.522937	0.8690952	27.643
-0.62129533	-10.229227	0.81402856	27.694
-0.19393034	-9.953894	2.4025815	27.742
1.9991584	-11.160571	2.3475149	27.801
-2.6731262	-11.639412	-0.80564886	27.85
-3.3674448	-8.713697	-0.1340753	27.9
-1.4664485	-7.6027875	2.054225	27.95
-3.1854854	-8.583213	-1.1228806	28.0
-0.6548142	-10.120291	-3.0933087	28.04
-1.7106571	-10.02572	0.25977087	28.1
-2.184709	-8.865729	1.6699557	28.15
-0.11971009	-9.270349	-0.9876082	28.201
-0.9660604	-9.229648	0.8834604	28.25
0.33758244	-9.767146	-0.31603462	28.3
0.008379706	-9.306262	0.06344634	28.35
-0.2825158	-9.743204	0.59735334	28.4
-0.24061728	-9.690532	-0.45370123	28.45
0.8714894	-9.645041	0.40462008	28.5
-0.15442601	-11.45865	0.4225766	28.55
-0.031124622	-14.759056	-0.94930094	28.6
-1.5358804	-9.151836	-3.5529952	28.65
-1.0606314	-6.7492547	-1.067814	28.7
-1.2749124	-7.1107793	1.1192893	28.75
-0.7793127	-10.7990465	2.2493525	28.8
-0.4309563	-11.555614	-0.2765303	28.851
-1.3754689	-9.232041	-1.5682021	28.89
-0.8595184	-8.1319065	2.847903	28.951
-1.4987702	-8.834604	2.779668	29.0
-0.94810385	-9.331401	0.736217	29.052
-0.4321534	-9.222465	1.5693992	29.1
-0.80564886	-9.247604	1.4820108	29.15
-0.30885202	-9.473856	1.3742718	29.2
-0.82001406	-9.238028	1.411382	29.251
0.59136784	-10.303447	1.5993267	29.301
0.5482722	-14.172477	0.10414778	29.363
-4.200627	-9.060856	-1.6891093	29.401
-1.6783354	-7.892486	2.135628	29.451
-3.4620156	-8.805874	-0.046686932	29.5
-2.7401638	-9.494206	-2.4768016	29.55
-0.20350714	-9.487024	-0.93613285	29.6
-3.0358477	-10.521319	0.2789245	29.65
-1.9189527	-9.275137	0.25977087	29.701
-0.61770403	-8.870518	0.29568392	29.75
-0.6811504	-9.76116	-0.3842694	29.8
-0.051475335	-9.779117	-0.49320555	29.851
0.24899697	-9.305065	0.19632454	29.9
0.007182605	-9.709685	-0.076614454	29.95
-0.4309563	-9.722853	-0.37229836	30.0
-0.3196259	-9.628283	0.18794483	30.05
-0.08619126	-9.582792	0.12210429	30.1
1.2617443	-9.483433	0.38307226	30.15
0.04189853	-10.901998	0.45729253	30.2
-1.496376	-12.064383	-0.10414778	30.25
-1.1025299	-11.118672	-1.5275006	30.3
-1.6950948	-9.885659	-2.6192567	30.35
-1.6903064	-8.024167	-2.5462334	30.4
-1.42455	-7.255628	-0.33758244	30.45
-1.8243817	-9.57561	0.7493851	30.5
1.0019734	-12.036849	0.93852705	30.55
-0.81163436	-8.542512	-0.7386112	30.6
-0.641646	-8.408437	1.7082629	30.65
-2.433706	-9.495404	1.6160861	30.7
-1.0785879	-10.433931	0.39743748	30.75
0.2896984	-8.807071	2.3654714	30.8
-0.50517654	-7.9691005	2.7126305	30.851
-0.24899697	-8.7532015	2.1068976	30.9
-1.4927847	-8.987833	1.9129672	30.95
1.0869676	-11.230003	2.9472623	31.0
-0.70509243	-13.214796	-0.5363012	31.051
-4.2880154	-8.9842415	-3.071761	31.101
-4.272453	-8.426393	3.0825348	31.15
-3.5470097	-9.294291	-1.352724	31.2
-1.2246342	-9.132683	-2.5797524	31.25
-0.45848963	-9.400833	0.06943185	31.3
-1.8339585	-10.231621	-1.435324	31.35
-1.1695676	-9.471462	-0.10414778	31.4
-0.142455	-9.136273	-0.1316811	31.45
-0.545878	-9.718064	-0.36990416	31.5
-0.6895301	-9.758766	-0.24540567	31.55
0.32920274	-9.61272	0.08619126	31.6
0.91817635	-9.460688	0.557849	31.65
0.39983168	-9.725247	0.130484	31.7
0.07062895	-9.635465	0.15801731	31.75
0.59495914	-9.617508	0.16400282	31.8
0.533907	-9.522937	-0.037110128	31.851
0.6835446	-9.489418	1.4437037	31.901
-0.092176765	-11.872847	0.18914193	31.951
0.65242	-12.078748	-0.8403648	32.001
-1.2366052	-10.382456	-2.3247697	32.051
0.11611878	-8.950723	-1.6484078	32.1
-0.20350714	-7.7799582	-0.25977087	32.151
-2.0159178	-8.321048	-0.16639702	32.2
0.08379706	-12.097901	0.8846575	32.25
0.008379706	-10.214862	-0.06344634	32.3
0.36391866	-8.552089	0.92775315	32.35
-0.8655039	-8.865729	1.5610195	32.4
-1.4209588	-9.515755	1.2030864	32.45
0.062249243	-9.094376	1.3072342	32.5
0.073023155	-9.010578	1.5059528	32.55
-0.14844051	-9.252393	1.460463	32.6
-0.47405192	-9.668983	1.1001357	32.65
-0.9648633	-9.903615	1.7776948	32.701
2.1559787	-13.11424	2.1188686	32.75
-4.308366	-10.793061	-2.492364	32.8
-3.7253778	-8.887277	1.4149733	32.85
-2.5605986	-6.885724	1.4089876	32.9
-2.7832594	-8.471883	-1.9033904	32.95
-2.5390508	-10.311827	-3.2213984	33.0
-1.5837644	-10.166978	-1.1300632	33.052
-0.6631939	-9.130288	0.50278234	33.1
-0.34117374	-9.153033	-0.4177882	33.151
-0.81283146	-9.570822	0.17477672	33.2
0.31603462	-9.623494	-0.23343466	33.251
0.29807812	-9.151836	0.6452374	33.301
0.56982	-9.487024	-0.020350715	33.351
0.45130703	-9.805453	-0.78888947	33.401
1.3084313	-9.087193	-0.25737667	33.451
0.24061728	-12.278664	-0.15203181	33.501
0.053869538	-13.499706	-2.2493525	33.551
-0.700304	-9.727641	-3.66672	33.6
-0.91219085	-6.8665705	-0.7781156	33.651
-0.4369418	-7.219715	0.24540567	33.701
-1.2078748	-10.897209	1.0510546	33.751
-0.9696517	-12.115858	0.02633622	33.801
-0.31364042	-8.584411	-1.9716251	33.85
-0.29807812	-8.043321	2.219425	33.9
-0.07062895	-9.244013	1.6328455	33.95
0.58418524	-9.49301	0.40940848	34.0
0.051475335	-8.836999	2.4181437	34.052
-0.01316811	-9.097966	1.1827357	34.1
0.29328972	-9.399636	1.0977415	34.15
-0.736217	-10.611102	1.0785879	34.2
0.7374141	-11.5077305	2.6072857	34.25
-1.3670892	-11.522096	-1.9812019	34.3
-4.2796354	-9.503783	-0.34237084	34.351
-2.2278047	-8.051701	2.6384103	34.393
-2.4372973	-8.117541	-1.685518	34.443
-1.4030021	-9.645041	-2.384625	34.493
-1.4030021	-10.682928	-1.4939818	34.543
-0.724246	-9.215282	1.0043676	34.596
0.11492168	-8.827422	0.5770026	34.635
-0.35194764	-9.123106	-0.40462008	34.695
0.12569559	-9.651027	-0.61171854	34.735
0.01436521	-9.665392	-0.8535329	34.795
-0.011971008	-9.193734	0.094570965	34.834
-0.093373865	-9.624691	-0.21787235	34.895
-0.39025488	-9.937134	-0.7266402	34.935
-0.46926352	-9.794679	-0.7110779	34.995
-0.39145198	-9.469068	-0.37948096	35.046
-0.7350199	-11.178528	0.029927522	35.092
1.2030864	-11.816583	-2.3762453	35.142
-0.91578215	-10.927136	-2.384625	35.192
-1.4676456	-7.7009497	0.22505496	35.251
-0.22385786	-8.983045	-0.7410054	35.3
-2.1380222	-8.560468	-1.4281414	35.35
-1.2090719	-10.765528	0.34715924	35.401
0.8607155	-11.921927	0.34955344	35.451
-1.0953473	-8.668207	0.3172317	35.501
-0.8750807	-8.360553	1.3227965	35.551
-1.0857705	-8.990228	1.8052281	35.6
-1.043872	-9.388862	1.4377182	35.65
-0.46088383	-8.672996	1.5646108	35.701
-1.2689269	-8.394072	2.042254	35.75
-0.6931214	-8.991425	1.6555905	35.8
-0.7038953	-10.075998	0.9540894	35.85
1.5107412	-14.592659	2.4384944	35.9
-4.602853	-10.251971	-2.2744915	35.95
-3.8247373	-7.4866686	0.34596214	36.0
-2.8095956	-7.690176	3.2944214	36.04
-3.714604	-9.56723	-3.58412	36.1
-1.447295	-9.621099	-4.900931	36.151
-1.614889	-9.962274	0.62967503	36.2
-2.135628	-9.15423	0.4141969	36.25
-0.94331545	-8.971074	-1.4652514	36.3
-2.0278888	-9.701305	-0.47405192	36.35
-1.043872	-9.840169	-1.7274165	36.4
-0.48841715	-9.697714	-1.3036429	36.45
0.51355624	-9.794679	-0.61171854	36.5
0.31004912	-9.745598	-0.6835446	36.55
0.47524905	-9.591172	-0.21308395	36.6
-0.0047884034	-9.64145	0.20829555	36.65
-0.44651863	-9.67856	-0.15442601	36.7
0.22744916	-9.522937	0.80684596	36.75
-2.0757728	-11.766304	-0.088585466	36.8
-1.5478514	-10.62427	-0.49440265	36.85
-1.769315	-9.844957	-2.12246	36.9
-1.5634137	-8.228871	-1.8938135	36.95
-0.045489833	-8.917204	-0.62967503	37.0
-2.4791958	-9.25359	-0.7182605	37.04
-3.41892	-8.895657	-0.9888053	37.1
0.7577648	-11.309011	0.81881696	37.15
0.3890578	-9.636662	2.292448	37.2
-0.9768343	-8.9842415	0.842759	37.25
-2.0111294	-9.2308445	0.51235914	37.3
-2.3403323	-8.950723	0.5446809	37.351
-1.3730747	-9.423578	1.697489	37.401
-1.3227965	-9.006987	1.9129672	37.451
-1.1779473	-9.314642	1.5849615	37.501
-0.92296475	-8.748413	2.2900538	37.551
-1.198298	-8.853758	0.9828198	37.6
-0.92775315	-9.937134	2.5091233	37.651
1.1935096	-12.181698	3.2956185	37.7
-4.11683	-11.121067	-0.60693014	37.751
-3.9193082	-9.375694	-0.034715924	37.801
-2.5737667	-8.000225	2.3918076	37.85
-2.4887726	-9.099164	-0.6751649	37.9
-2.7856536	-9.308656	-1.553837	37.951
-1.3742718	-9.252393	-1.5849615	38.0
-0.48243165	-9.939528	-1.1911154	38.052
-1.1097125	-9.864111	-0.2885013	38.1
-0.29568392	-9.41879	-0.22026655	38.15
-0.29927522	-9.216479	-0.62608373	38.2
-0.4237737	-9.583989	-0.2861071	38.25
-0.077811554	-9.688137	-0.10055647	38.3
0.49559975	-9.372103	-0.51235914	38.351
0.6584055	-9.680955	0.60573304	38.4
0.34596214	-9.859323	-0.35075054	38.45
0.4381389	-9.363723	-0.39504328	38.5
0.29328972	-10.061633	-0.78050977	38.55
-1.5514427	-11.951855	0.37708676	38.6
0.7158663	-12.495338	-1.7477672	38.651
-0.21906945	-11.09114	-3.0238767	38.701
-1.8375498	-7.6255326	-1.3060371	38.75
-0.60214174	-6.566098	-0.5267244	38.8
-1.3084313	-9.483433	-0.03232172	38.85
0.079008654	-12.5504055	-0.14724341	38.9
-0.4165911	-9.15423	-1.2354081	38.951
-0.5386954	-8.23366	2.054225	39.0
-1.1121067	-8.835801	1.42455	39.052
-1.1707647	-9.129091	0.18315643	39.1
-0.5686229	-8.710106	2.184709	39.151
-0.94211835	-8.789114	0.6907272	39.2
-1.5801731	-9.406818	0.82719666	39.25
-1.1815386	-10.3932295	1.1779473	39.3
0.1352724	-9.81503	1.5107412	39.35
0.9792285	-12.265495	2.3343468	39.39
-4.6040497	-11.684901	-2.078167	39.44
-1.6915035	-6.9707184	1.1061212	39.49
-1.9141643	-8.256405	0.33399114	39.55
-3.3889925	-9.522937	-4.0198646	39.6
-0.5530606	-9.636662	-3.6739025	39.651
-1.590947	-10.005369	1.6519991	39.7
-1.4030021	-9.2907	-0.0011971008	39.75
-0.08259996	-8.979453	-0.31603462	39.8
-1.2054806	-9.087193	0.008379706	39.85
0.30406362	-9.728839	-0.09935937	39.9
0.51235914	-9.566033	-0.12808979	39.95
0.47764325	-9.361329	-0.12928689	40.0
0.40940848	-9.860519	-0.5279215	40.04
-0.031124622	-9.609129	-0.8463503	40.1
0.59974754	-9.733627	-0.19752164	40.15
-0.89184016	-11.107899	-0.81402856	40.2
0.32680854	-12.320562	-1.067814	40.25
0.24779987	-10.287885	-1.7262194	40.3
-1.3491327	-8.240842	-0.8523358	40.35
-1.1935096	-7.5764513	-0.78290397	40.4
-1.650802	-7.78355	-1.3132197	40.45
-1.3263878	-11.869255	0.6751649	40.5
-0.011971008	-11.544841	-0.38307226	40.55
-0.44771573	-8.825027	-0.81043726	40.6
-0.46327803	-8.1642275	2.1404164	40.65
-0.92535895	-9.382876	0.79966336	40.7
-0.557849	-8.933964	0.93254155	40.75
-0.36631286	-8.901642	1.5035586	40.8
-0.90141696	-9.166202	0.78410107	40.85
-0.6404489	-9.740809	1.0869676	40.901
-0.1412579	-9.417592	1.2521675	40.95
0.62728083	-9.399636	2.1188686	41.0
-0.35314476	-14.713567	-0.7386112	41.052
-4.7764325	-8.944737	-2.3654714	41.1
-1.0630256	-8.511387	3.630807	41.15
-3.0945058	-8.316259	-1.970428	41.2
-2.8287494	-9.308656	-3.0933087	41.251
-0.78769237	-9.460688	-0.016759412	41.301
-2.5761611	-10.426748	-0.7086837	41.351
-2.0925324	-9.451111	0.9504981	41.401
-0.36870706	-8.588001	0.19871874	41.451
-0.80205756	-9.715671	-0.15562311	41.5
-0.91099375	-9.904813	-0.49200845	41.551
-0.2693477	-9.531317	-0.40940848	41.601
-0.51714754	-9.838972	-0.2753332	41.651
-0.077811554	-9.665392	0.077811554	41.691
-0.22984336	-9.850943	-0.25498247	41.751
-0.5291186	-9.539697	-0.010773907	41.801
0.4321534	-9.775525	-0.20111294	41.851
-0.8523358	-10.709264	-0.5279215	41.9
-0.9816227	-11.464635	-0.36511576	41.95
0.49679685	-11.204864	-1.8124107	42.001
-0.9672575	-8.694544	-1.283292	42.051
-0.19871874	-9.051279	0.14963761	42.1
-1.9788077	-9.475053	-0.50038815	42.15
-3.6355953	-8.7125	-1.1695676	42.2
-0.7098808	-8.980651	-0.17357962	42.25
3.2668881	-11.943475	3.466804	42.3
0.059855044	-9.537302	1.9237411	42.35
-1.1887212	-8.893262	0.6344634	42.4
-0.59735334	-8.495825	2.6635494	42.45
-1.0031705	-8.918402	2.2601264	42.5
-0.0011971008	-9.685743	2.232593	42.55
-0.41060558	-9.36492	2.907758	42.6
-0.31004912	-8.852561	2.0231004	42.65
-1.3383588	-9.600749	1.5514427	42.7
-1.0642227	-9.700109	2.7832594	42.75
0.077811554	-10.943896	3.084929	42.8
-2.5761611	-9.595961	0.18914193	42.85
-3.4680011	-9.692925	-0.9864111	42.9
-5.2840033	-9.149442	0.40462008	42.95
-4.050989	-9.121908	-0.93493575	43.001
-1.6244658	-8.528147	-0.61171854	43.051
-1.377863	-10.080787	-0.90859956	43.1
-1.4556746	-10.352529	-1.4089876	43.15
-0.4381389	-9.223662	-0.1604115	43.2
-0.33039984	-9.449914	-0.47046062	43.25
-0.3196259	-9.7719345	-0.5351041	43.3
0.22625206	-9.692925	-0.30406362	43.35
0.7745243	-9.489418	0.04309563	43.4
0.688333	-9.637859	0.20590134	43.45
-0.3854665	-9.837775	-0.08499416	43.5
-0.073023155	-9.449914	0.21308395	43.55
0.33039984	-9.331401	0.005985504	43.6
-0.5422867	-11.277887	-0.7206547	43.66
1.3096284	-12.703634	-0.24301147	43.7
0.37469256	-10.596737	-1.7070658	43.75
-0.6428431	-8.372523	-1.0019734	43.8
-0.521936	-7.813477	0.32680854	43.85
-1.9369092	-7.937976	-0.08499416	43.9
0.2621651	-11.768699	1.6316484	43.95
0.19871874	-10.742783	1.1468226	44.001
0.05865794	-8.88608	-0.11372458	44.051
-0.4369418	-9.058462	1.6328455	44.083
-1.1707647	-9.212888	0.80325466	44.15
-0.59855044	-8.995016	1.8938135	44.2
-0.5506664	-9.072827	1.7501614	44.25
-0.45250413	-9.119514	1.3515269	44.3
-1.3982137	-10.116699	1.2413936	44.35
-0.62967503	-10.132261	3.0298622	44.4
0.25139117	-12.188881	0.22625206	44.45
-4.284424	-10.653001	-1.447295	44.5
-2.8562827	-8.2995	0.9756372	44.551
-2.2290018	-8.200141	-1.7022774	44.6
-2.8383262	-9.399636	-2.8215668	44.65
-0.4249708	-9.783905	-0.40940848	44.701
-2.3906105	-10.13705	0.45250413	44.751
-0.47884035	-9.272743	-0.25258827	44.799
-0.58538234	-8.775947	-0.06943185	44.849
-0.521936	-9.4535055	0.142455	44.899
0.46567222	-9.818622	-0.3196259	44.949
0.52073884	-9.299079	0.14963761	44.999
0.12449849	-9.548077	0.36631286	45.049
-0.5614403	-9.957485	-0.9744401	45.098
0.25258827	-9.376891	-0.37708676	45.149
0.19273324	-9.856929	-0.36391866	45.199
-1.1168951	-11.860875	-0.25498247	45.249
0.29209262	-13.132196	-2.6431987	45.299
-1.1899183	-9.28232	-2.9053638	45.349
-0.1316811	-7.406463	-0.39624038	45.398
-0.10055647	-7.061698	-0.6895301	45.449
-2.2852654	-9.982624	-0.1412579	45.499
0.40821138	-12.418724	0.40342298	45.549
0.28491	-9.704897	-1.2090719	45.599
0.36870706	-8.491036	1.7441759	45.649
-0.8858546	-8.938752	1.0690111	45.699
-0.91697925	-9.300277	1.1025299	45.749
-0.45130703	-8.4647	1.3682863	45.798
-1.1671734	-9.109938	1.2761095	45.848
-0.9528923	-9.024943	1.0714053	45.899
-1.8363527	-10.047267	0.89543146	45.948
0.06584055	-10.605117	2.4768016	45.999
-1.0115502	-13.626599	-0.33399114	46.049
-3.5087025	-9.378088	-0.80445176	46.099
-1.6591818	-7.065289	1.1875241	46.149
-3.1675289	-8.348581	-1.6112977	46.199
-1.5598224	-10.545261	-3.8786068	46.249
-1.7238252	-9.9790325	-1.3850456	46.298
-0.9876082	-9.385271	1.0893618	46.349
0.15562311	-9.044097	-0.9947908	46.399
-0.02633622	-8.959103	-0.050278235	46.449
0.17597382	-9.821015	-0.6631939	46.499
0.12449849	-9.781511	-0.90021986	46.549
0.23463176	-9.338584	-0.0023942017	46.599
0.21428105	-9.685743	-0.7110779	46.649
-0.62608373	-10.032902	-1.0594343	46.699
-0.22026655	-9.662998	-0.34715924	46.749
-0.7565677	-9.957485	-0.7278373	46.799
-1.0905589	-12.367249	-0.4141969	46.849
-0.31483752	-11.438298	-2.0602105	46.898
-1.6172832	-8.829816	-1.9273324	46.949
-1.1528081	-7.5082164	-1.0726024	46.999
-0.8499416	-7.6949644	-0.7781156	47.045
-1.6867151	-10.198102	0.51954174	47.101
1.0582372	-12.72997	-0.05267244	47.152
-0.5410896	-9.707291	-1.8746599	47.201
-0.7422025	-8.064868	1.5310919	47.251
-1.1408371	-8.972271	1.1899183	47.293
-1.4173675	-9.269152	0.12330139	47.333
-0.866701	-8.857349	1.1911154	47.393
-0.7146692	-9.291897	0.7098808	47.433
-0.8714894	-9.576807	0.36391866	47.493
-0.90021986	-9.293094	0.91578215	47.553
0.22984336	-9.572019	1.6795325	47.593
0.59974754	-9.202114	1.0618285	47.654
-0.7302315	-12.848483	0.80325466	47.693
-3.6020765	-11.246762	-1.9788077	47.751
-2.8550856	-7.5465236	0.5255273	47.801
-1.271321	-8.9758625	0.90740246	47.851
-2.9400797	-9.266758	-3.0478187	47.9
-2.5079262	-8.755595	0.6452374	47.948
-0.9756372	-9.643845	-1.0271125	47.999
-2.908955	-10.984597	-2.5091233	48.049
-1.9273324	-9.227253	0.82240826	48.099
-0.93373865	-8.899248	-0.24181437	48.149
-0.9708488	-9.498995	-0.40462008	48.199
0.092176765	-9.737218	-0.62488663	48.249
0.3842694	-9.31105	-0.093373865	48.299
0.21787235	-9.572019	-0.23582886	48.349
0.62488663	-9.822212	-0.5781997	48.399
0.29688102	-10.044873	-0.46088383	48.449
0.4141969	-9.436746	0.41060558	48.499
1.460463	-9.382876	0.89662856	48.549
-0.24181437	-9.610326	0.6739678	48.599
-1.0259154	-11.182119	-0.094570965	48.648
-0.06823475	-11.872847	-1.2425907	48.698
-0.78769237	-10.629059	-1.9680338	48.749
-0.93613285	-8.02297	-1.5897499	48.799
-1.0869676	-7.855376	-0.8631097	48.849
-3.0478187	-7.8326306	-0.093373865	48.899
-0.18195933	-11.384429	0.89303726	48.949
0.7386112	-12.02009	0.47405192	48.999
-0.21188685	-8.798691	0.51595044	49.049
-0.29209262	-8.561666	2.1619642	49.099
-1.2473791	-8.722076	1.9632454	49.144
-1.3754689	-9.490616	1.115698	49.199
-0.59615624	-9.157822	1.3371617	49.249
-0.6871359	-9.317036	1.7657237	49.298
-0.7661445	-9.239224	0.9959879	49.349
-0.712275	-9.004593	2.2996306	49.399
0.5506664	-10.913968	1.9153614	49.449
-3.4919431	-12.751518	-0.7565677	49.499
-3.4739866	-8.553286	-0.2885013	49.549
-2.7964275	-8.552089	2.6539726	49.599
-2.9652188	-9.124303	-0.7218518	49.648
-1.7884687	-9.368511	-1.7022774	49.699
-0.6895301	-9.19134	-0.6739678	49.749
-1.4173675	-10.386047	-1.2054806	49.799
-1.6400281	-9.753978	-0.30885202	49.849
-0.700304	-9.435549	-0.61770403	49.899
-0.36750996	-9.321824	-0.7565677	49.949
0.007182605	-9.7479925	-0.63206923	49.999
0.40342298	-9.6845455	-0.51475334	50.049
1.0690111	-9.519346	0.22385786	50.099
0.4309563	-9.773131	-0.40222588	50.161
0.12808979	-9.935937	0.17597382	50.199
0.47405192	-9.557653	0.092176765	50.249
0.5566519	-10.579977	0.63087213	50.299
-0.0035913025	-12.688072	0.62249243	50.349
-0.15442601	-11.603498	-1.3730747	50.399
-2.5833437	-9.090784	-1.9057846	50.449
-2.9101522	-7.052121	-1.021127	50.499
-1.4101849	-6.531382	-1.1252748	50.549
0.016759412	-10.275913	0.050278235	50.599
-0.961272	-12.09431	1.3251907	50.649
-0.25019407	-9.765948	-0.82121116	50.699
-0.2633622	-8.275558	2.0721815	50.749
-0.81522566	-8.7951	2.3116016	50.792
-1.1444284	-9.449914	0.9804256	50.852
-0.5470751	-8.959103	1.9381063	50.901
-0.8607155	-8.920795	0.9947908	50.951
-0.94570965	-8.973468	1.127669	51.002
-1.246182	-9.405622	1.2629414	51.011
1.4772224	-10.231621	2.7102363	51.1
1.7836803	-10.327389	2.4875755	51.16
-4.9344497	-12.996924	-1.1647792	51.2
-4.531027	-8.517372	-2.3630772	51.249
-1.6256629	-7.5944076	2.8658595	51.298
-3.4751837	-9.124303	-2.337938	51.349
-0.23343466	-9.42238	-3.300407	51.399
-0.16160862	-9.692925	0.48841715	51.449
-1.9752164	-9.731233	0.2896984	51.499
-0.62608373	-9.49301	-1.0390835	51.549
-1.5993267	-9.220071	0.08499416	51.598
0.046686932	-9.470264	0.24660277	51.649
0.34955344	-9.661801	-0.36391866	51.699
0.005985504	-9.42238	0.32920274	51.749
0.16519992	-9.759963	-0.11252748	51.799
-0.5422867	-9.591172	-0.5386954	51.848
-0.05626374	-9.849746	0.009576807	51.898
-0.7182605	-12.146982	0.037110128	51.949
1.210269	-12.553997	-2.3666685	51.999
-1.0127473	-9.214086	-2.694674	52.049
-1.4987702	-7.2472486	-1.0366893	52.099
-0.20949265	-7.052121	-0.59855044	52.149
-0.36391866	-10.0903635	0.06943185	52.199
0.1412579	-12.477382	-0.0035913025	52.248
-0.46567222	-9.334992	-2.03148	52.298
-0.8511387	-8.2037325	1.2749124	52.349
-1.1168951	-8.874108	1.2473791	52.399
-0.85473	-8.9998045	0.581791	52.449
-0.7038953	-8.7125	1.1935096	52.498
-1.0582372	-9.421184	0.21667525	52.549
-0.91099375	-9.156625	1.1540052	52.599
-1.0929531	-9.27394	1.3024458	52.649
0.16759412	-10.064027	1.8064252	52.699
1.1444284	-11.968615	1.1875241	52.749
-4.4196963	-11.888409	-1.4449008	52.799
-1.4544775	-7.928399	0.93134445	52.849
-1.0235212	-7.4351935	0.41299978	52.899
-3.371036	-9.323022	-2.4827871	52.949
-0.92655605	-9.788693	-2.1152773	52.999
-2.2780828	-10.023325	-0.06464344	53.049
-2.0290859	-9.406818	0.7134721	53.099
-0.48602295	-8.669404	-0.0047884034	53.149
-0.62129533	-9.334992	0.06344634	53.199
-0.35913026	-9.969456	-1.021127	53.249
0.25139117	-9.556456	-0.029927522	53.299
0.059855044	-9.417592	0.1328782	53.348
-0.037110128	-10.000581	-0.22266077	53.398
-0.5363012	-9.516952	-0.4261679	53.449
-0.33877954	-9.975441	-0.20829555	53.499
-0.2705448	-10.42196	0.10414778	53.549
0.9816227	-12.398374	-0.2645593	53.599
-0.5315128	-10.2735195	-2.4672248	53.649
-1.3347675	-8.287529	-1.543063	53.699
-1.115698	-8.669404	-0.78050977	53.749
-2.457648	-7.6530657	-1.1791444	53.799
-0.62009823	-9.945514	1.8327614	53.849
0.5746084	-11.996147	1.2569559	53.899
-0.10295067	-9.471462	-1.5442601	53.949
-0.39624038	-8.115147	2.56419	53.999
-2.0231004	-9.244013	1.8255788	54.049
-0.5614403	-9.126697	0.700304	54.099
0.2633622	-8.981848	2.2397757	54.149
-0.70509243	-8.7771435	1.9273324	54.198
-0.7086837	-9.5732155	0.91578215	54.248
-0.30047232	-9.90601	0.78410107	54.299
0.80684596	-9.175778	2.5127146	54.349
-0.08379706	-13.0280485	2.6420016	54.399
-4.011485	-10.3692875	-1.7836803	54.448
-3.4225113	-7.9726915	-0.38187516	54.499
-2.3582888	-8.689755	2.6803088	54.549
-2.954445	-9.706094	-2.457648	54.599
-1.2605472	-9.178172	-2.4073699	54.649
-0.81642276	-9.624691	-0.724246	54.699
-3.0933087	-10.461464	-1.757344	54.749
-1.6531962	-9.181764	0.076614454	54.799
-0.8511387	-9.060856	-0.48841715	54.849
-0.93014735	-9.665392	-0.7374141	54.899
0.30406362	-9.709685	-0.4441244	54.949
0.80205756	-9.346964	0.20231004	54.999
0.8571242	-9.520543	0.08499416	55.018
-0.36990416	-9.909601	-1.412579	55.098
0.35434186	-9.1255	0.35075054	55.149
0.415394	-9.932345	-0.11971009	55.199
-0.0035913025	-9.749189	-0.32321724	55.249
-0.8595184	-10.992977	0.16759412	55.299
-0.94690675	-13.150153	-0.8487445	55.349
-0.8655039	-9.557653	-2.1380222	55.399
-1.0474633	-7.632715	-2.5594015	55.449
-0.90021986	-6.7588315	-0.50876784	55.498
-0.91099375	-9.688137	1.5693992	55.548
-0.30645782	-11.44189	1.1336545	55.599
-0.08379706	-10.052056	-1.7238252	55.649
-0.6596026	-8.661025	1.7729063	55.699
-1.3718776	-8.686164	2.566584	55.749
-0.79607207	-9.80665	0.8511387	55.799
-0.2777274	-9.346964	1.2018893	55.849
-1.0977415	-8.878897	1.7393875	55.899
-1.2054806	-9.4774475	0.82599956	55.949
-2.1080947	-9.317036	1.127669	55.999
0.055066638	-9.858126	2.4061728	56.048
0.3184288	-9.3421755	2.5713725	56.099
-0.58777654	-10.897209	2.8395233	56.149
-5.567716	-11.775881	-1.1001357	56.199
-3.2836475	-8.380903	-1.42455	56.249
-1.8435353	-7.8948803	2.742558	56.299
-3.6367924	-9.369708	-1.5837644	56.349
-1.1085154	-9.582792	-3.2788591	56.399
0.2813187	-9.548077	-0.4213795	56.449
-2.124854	-9.9550905	0.32680854	56.499
-0.7625532	-9.707291	-0.8738836	56.548
-0.9983821	-9.099164	-0.61291564	56.598
-0.06703765	-9.308656	0.23702596	56.649
0.92057055	-9.498995	-0.19991584	56.699
0.9708488	-9.448717	0.14844051	56.749
0.8846575	-9.417592	0.47046062	56.801
-0.41060558	-9.96347	-1.0426749	56.849
1.6292542	-9.7719345	-0.08619126	56.899
1.1456255	-10.903194	0.533907	56.948
-0.107739076	-13.098678	-0.9900024	56.999
-0.3854665	-10.971429	-2.2744915	57.048
-1.6591818	-8.196549	-1.9201498	57.099
-2.48159	-5.8502316	-1.8842367	57.149
-0.31124622	-8.412027	1.4532804	57.199
1.3156139	-12.601881	2.6300306	57.249
0.16639702	-9.354146	-1.9895816	57.299
0.6715736	-8.670602	1.5263035	57.349
-0.6703765	-8.544906	1.6915035	57.399
-0.47285482	-9.08001	0.8810662	57.449
-0.19752164	-8.591593	1.5382746	57.499
-0.32800564	-9.300277	1.6376339	57.549
0.17956513	-9.578004	0.8475474	57.598
-2.0039468	-10.170568	0.095768064	57.648
1.2629414	-10.09156	3.1663318	57.698
-1.1492168	-13.6409645	-0.23942018	57.749
-4.465186	-10.274716	-1.8818425	57.798
-0.8655039	-7.189788	1.0546459	57.849
-1.4329298	-7.845799	-0.7757214	57.899
-1.448492	-10.79785	-2.9472623	57.949
-1.8495208	-9.96347	-0.92296475	57.999
-0.4309563	-9.038112	1.0618285	58.049
-0.51116204	-9.175778	-0.37828386	58.099
-0.92416185	-9.194932	0.30047232	58.148
0.06464344	-9.892841	-0.7350199	58.199
0.25617957	-9.879673	-0.59735334	58.249
-0.059855044	-9.55885	-0.16639702	58.298
0.7553706	-9.524135	-0.20231004	58.349
0.5267244	-9.888053	-0.7781156	58.399
0.18315643	-10.551247	-0.2813187	58.449
-0.16400282	-11.900379	0.33518824	58.499
0.60932434	-10.158598	-0.18794483	58.548
-1.055843	-8.682572	-1.5598224	58.599
-0.7074866	-8.212111	-0.7338228	58.649
-0.7206547	-7.5812397	-0.39145198	58.699
-0.25857377	-11.32218	1.340753	58.748
-0.21308395	-12.091916	1.1336545	58.798
0.58538234	-9.072827	-1.8543092	58.849
-0.7086837	-8.591593	1.2066777	58.899
-0.6607997	-8.8884735	3.2237926	58.949
-0.34356794	-8.740033	1.3838485	58.999
-0.80564886	-8.918402	1.553837	59.049
-1.5741876	-8.643068	1.435324	59.099
-1.0007763	-9.625888	0.8559271	59.149
-1.1959038	-8.815451	1.4736311	59.199
1.4508862	-10.354922	2.9628246	59.249
-2.2050598	-14.633361	0.30526072	59.298
-6.754043	-10.794258	-2.8203697	59.349
-0.7314286	-7.5046253	2.2182279	59.398
-3.0550013	-7.6387005	0.40821138	59.449
-3.1783028	-9.999383	-2.7988217	59.499
-0.8439561	-10.196905	-3.2944214	59.549
-3.2872388	-9.409213	1.0187328	59.599
-1.2306197	-9.052477	-0.1328782	59.649
0.21428105	-9.106346	0.4369418	59.699
-0.51116204	-9.810242	-0.6631939	59.749
-0.35553896	-9.640253	-0.40821138	59.799
0.08499416	-9.494206	-0.15562311	59.852
-0.14963761	-9.742006	-0.22984336	59.902
0.11252748	-9.599552	-0.23343466	59.952
0.5422867	-9.785102	-0.16160862	60.001
