0.12210429	-9.520543	1.9309237	0.197
0.2657564	-9.512163	2.219425	0.246
0.59256494	-9.326612	2.743755	0.296
0.47046062	-9.606734	2.0733786	0.346
0.48722005	-9.417592	2.4025815	0.397
0.34596214	-9.524135	2.134431	0.447
0.320823	-9.524135	2.1547816	0.497
0.22744916	-9.55885	2.0135236	0.547
0.30406362	-9.600749	2.0278888	0.597
0.3842694	-9.543288	2.0458453	0.649
0.37948096	-9.660604	1.7848774	0.697
0.23702596	-9.560047	1.7597382	0.748
0.12449849	-9.640253	1.6496049	0.797
0.16639702	-9.593566	1.6292542	0.847
0.08499416	-9.588778	1.6783354	0.879
-0.12569559	-9.646238	1.246182	0.947
-0.12689269	-9.680955	1.352724	0.977
0.015562311	-9.605537	1.364695	1.047
-0.04189853	-9.640253	1.2988545	1.097
-0.14844051	-9.637859	1.2665327	1.145
-0.033518825	-9.78989	1.0989386	1.195
-0.34476504	-9.66659	1.0606314	1.245
0.008379706	-9.67856	1.0390835	1.295
-0.25617957	-9.543288	0.8738836	1.345
0.007182605	-9.639056	0.9756372	1.395
0.18914193	-9.2907	0.9744401	1.445
0.5494693	-9.502586	0.8726865	1.495
-0.5410896	-10.248381	0.2789245	1.545
-1.3934253	-9.894038	0.9540894	1.595
0.18195933	-9.849746	1.0941502	1.645
0.6739678	-9.556456	0.8391677	1.695
1.0235212	-9.449914	1.6795325	1.745
1.2389994	-9.586384	1.6843209	1.795
0.90620536	-9.370906	2.0961237	1.845
0.6452374	-8.99741	2.4600422	1.894
0.9684546	-8.694544	2.0733786	1.945
1.6232687	-9.011775	1.6124948	1.975
1.0342951	-14.603434	-2.6048915	2.047
-0.09816227	-10.34774	-1.520318	2.097
1.9201498	-5.374983	0.7469909	2.147
2.896984	-9.792285	5.831078	2.197
0.41060558	-11.803414	-1.99437	2.247
0.33997664	-8.276755	-0.9516952	2.297
1.3994108	-7.823054	3.3375173	2.347
-0.25737667	-8.74123	0.21667525	2.397
-1.3227965	-8.095993	2.2230163	2.447
-1.2054806	-9.38168	2.5558102	2.497
-0.5374983	-9.417592	1.2749124	2.55
-1.1851299	-6.7648168	1.7812861	2.599
-0.6727707	-19.6133	-2.1296425	2.645
-7.9248075	-6.2368956	-11.468226	2.695
-0.4249708	-9.52174	5.104438	2.745
-2.7808652	-6.896498	1.9728222	2.795
-1.4101849	-8.01459	-2.5953147	2.845
0.20590134	-5.803545	1.5610195	2.895
1.1887212	-9.216479	0.062249243	2.944
-0.079008654	-12.477382	-2.3187842	2.984
1.0031705	-12.089521	0.6560113	3.045
4.724957	-10.250774	4.9943047	3.095
-0.1400608	-12.108675	-2.8886044	3.145
-4.164714	-8.414422	-6.882133	3.195
2.492364	-15.60421	-1.2318168	3.245
1.5382746	-10.947487	1.4748282	3.295
1.2892777	-4.6710877	-2.541445	3.345
-0.61171854	-5.791574	-0.58657944	3.395
-2.2625206	-7.714118	2.3906105	3.445
-0.25857377	-8.342596	0.89184016	3.495
-2.1571758	-10.157401	1.1695676	3.545
0.2885013	-11.158177	2.6048915	3.595
-0.2873042	-10.164583	1.9033904	3.645
-7.789535	-17.894264	-4.1575313	3.695
-7.7667904	-5.5246205	-8.261193	3.745
-0.47165772	-10.512939	4.4663835	3.795
-5.637148	-6.217742	0.9816227	3.845
0.5374983	-5.6227827	-0.45968673	3.895
0.095768064	-7.8589673	1.2533646	3.95
-0.5602432	-9.233239	0.22026655	3.965
1.8543092	-9.507375	0.12090719	4.046
-1.0905589	-11.538856	1.3970166	4.096
1.6675615	-12.269087	1.8435353	4.146
2.6204538	-12.520478	-0.02633622	4.196
-2.2852654	-12.740745	-6.7839704	4.247
-3.7205894	-9.018958	-6.659472	4.296
4.6926355	-11.851298	2.2732944	4.347
-1.1971009	-6.5385647	-0.36870706	4.397
-0.92176765	-4.983531	-1.5801731	4.447
0.9900024	-7.7213006	1.328782	4.497
0.8295909	-7.074866	3.2680852	4.535
-0.92296475	-9.722853	0.9576807	4.598
-1.1049241	-12.263102	3.9073372	4.647
-5.2516813	-19.6133	-1.6915035	4.698
-12.369643	-8.009802	-4.6603136	4.747
4.262876	-6.7863646	4.0545807	4.799
-3.441665	-10.356119	-1.5119383	4.84
-3.705027	-7.005434	-0.80325466	4.9
0.35434186	-2.8778305	4.787206	4.939
-0.7290344	-5.517438	0.90261406	4.988
-0.7290344	-5.517438	0.90261406	4.988
-0.320823	-11.650186	-1.2126632	5.097
1.4137762	-15.757439	-0.48602295	5.137
6.105214	-11.953052	0.48602295	5.195
-7.302315	-6.943185	-2.4588451	5.245
-1.1623849	-14.808138	-4.5022964	5.296
-1.5215151	-12.097901	-6.054936	5.345
-0.40342298	-8.080431	-1.021127	5.395
2.0697873	-4.4304705	2.9843724	5.442
-0.34356794	-5.151125	-0.50158525	5.495
1.0869676	-9.147048	4.1240125	5.545
-2.1392193	-11.220427	-0.12928689	5.595
-2.0961237	-13.198037	3.301604	5.645
-2.5917234	-12.23437	-0.008379706	5.695
-16.943766	-7.5046253	-6.695385	5.745
-1.6484078	-9.289502	-7.499837	5.795
-3.4500446	-7.439982	7.041347	5.845
-2.8921957	-4.675876	-1.2844892	5.895
2.6910827	-3.9636009	1.9919758	5.94
0.050278235	-5.946	0.8846575	5.985
-2.1942859	-12.686874	-4.7177744	6.045
3.2728736	-12.389994	0.6859388	6.095
5.4647655	-10.8182	1.7286136	6.145
-3.0119057	-5.8598084	-0.5626374	6.194
-1.5598224	-19.6133	-6.4763155	6.245
-4.498705	-12.179304	-14.275428	6.295
-0.11372458	-7.9846625	-3.788824	6.345
5.7029886	-2.135628	11.426328	6.395
1.4891934	-0.90859956	-2.1212628	6.446
-1.2437878	-7.1347213	-2.60968	6.495
-0.5722142	-10.327389	4.4424415	6.545
-4.6818614	-13.13459	0.094570965	6.595
-3.6355953	-15.298949	2.3511062	6.645
-11.978191	-11.869255	-6.1758432	6.695
-2.147599	-6.25964	-11.309011	6.745
-4.5633483	-7.5082164	9.688137	6.795
-3.2393548	-3.9683893	-1.9632454	6.845
2.3511062	-5.434838	2.2744915	6.895
-0.9588778	-6.2740054	0.3854665	6.945
-1.3742718	-10.927136	-2.6288335	6.985
0.7517793	-12.077551	-1.9764135	7.038
0.32321724	-12.947843	2.5067291	7.103
5.009867	-10.41358	1.389834	7.143
-3.1316159	-9.390059	-5.1906295	7.203
-6.6271505	-15.076288	-10.352529	7.243
2.018312	-12.304999	-11.732785	7.285
1.4508862	-4.5980644	2.1200657	7.345
2.2732944	-3.252523	4.8362875	7.385
-1.6567876	-4.5322237	-2.2840683	7.445
-0.24899697	-7.20535	2.2613235	7.485
-0.5626374	-9.409213	1.2258313	7.545
-2.3020248	-11.417948	1.6436194	7.585
-3.3147724	-12.282255	-0.56982	7.647
-12.811374	-14.223952	-5.7604494	7.697
-6.033388	-6.1566896	-12.472593	7.739
-3.916914	-6.4487824	8.945934	7.799
-5.8023477	-2.7269957	-0.8343793	7.839
2.2661119	-5.7879825	1.4161704	7.899
0.8678981	-5.651513	1.1707647	7.939
-1.2378023	-10.409989	-2.0626047	7.98
0.3172317	-10.965444	1.6232687	8.047
3.5625722	-12.777855	3.1435869	8.097
4.554969	-11.277887	-0.2681506	8.139
-2.5893292	-10.5680065	-4.286818	8.199
-3.4225113	-15.841235	-8.091205	8.239
-0.8367735	-11.2371855	-7.2843585	8.299
1.1839328	-8.159439	-0.45848963	8.339
2.4408886	-2.4959552	4.2173862	8.399
-0.81402856	-2.8455088	-2.111686	8.439
0.2885013	-8.540117	2.633622	8.499
-1.1204864	-10.907983	1.6472107	8.545
-2.7389667	-15.55872	3.265691	8.597
-1.6292542	-14.055161	2.7760768	8.639
-14.8117285	-6.1566896	-6.8581905	8.699
2.1152773	-7.884106	-5.1475334	8.739
-5.159505	-6.4583592	3.0262709	8.799
-6.2752028	-4.6902413	-1.5837644	8.839
2.2218192	-6.149507	0.89184016	8.899
0.24660277	-6.136339	0.20111294	8.939
-0.33039984	-9.607931	-1.4101849	8.98
0.074220255	-11.020511	-0.40821138	9.047
3.526659	-13.030443	1.7489643	9.097
4.6160207	-11.774684	0.034715924	9.139
-4.3502645	-8.222886	-3.311181	9.199
-1.1504139	-18.285715	-8.295909	9.24
-2.0901382	-11.563994	-7.303512	9.299
1.3862427	-6.92044	0.16639702	9.339
2.6013002	-2.2589293	2.5689783	9.399
-0.93732995	-3.5170822	-1.9919758	9.439
0.49799395	-10.096349	2.220622	9.499
-2.1428106	-10.494983	1.3323733	9.539
-2.2505496	-15.672444	2.6360161	9.597
-0.59615624	-9.433155	0.712275	9.647
-10.854114	-16.40507	-6.716933	9.696
-11.577163	-5.0397944	-13.682862	9.739
-0.80086046	-5.681441	12.26789	9.799
-6.3302693	-2.9843724	-0.2825158	9.839
0.90859956	-6.4882865	-0.545878	9.899
1.8926164	-6.789956	-0.29328972	9.939
0.7769185	-11.352107	-1.115698	10.187
-2.2397757	-6.0525417	-1.115698	10.187
-2.2397757	-6.0525417	-1.115698	10.187
-2.2397757	-6.0525417	-1.115698	10.187
-2.2397757	-6.0525417	-1.115698	10.187
1.816002	-16.630125	-6.7923503	10.244
-4.900931	-13.281834	-10.494983	10.298
-1.3096284	-8.219295	-4.413711	10.347
5.109226	-4.7058034	9.625888	10.398
2.183512	-4.9823337	-3.1495724	10.447
-0.51235914	-6.9491706	-5.6215854	10.479
-1.5586253	-8.025364	3.1986535	10.547
-1.6651673	-10.334572	0.31364042	10.597
-1.091756	-12.7096195	-0.33877954	10.647
-11.362882	-14.950592	-5.8322754	10.697
-2.0338743	-5.1475334	-12.542026	10.748
-5.5856724	-9.609129	10.049662	10.798
-6.2608376	-5.3474493	-4.76087	10.848
0.9983821	-7.0090256	2.043451	10.898
-0.91697925	-4.8638206	1.4820108	10.948
0.5482722	-9.570822	-1.8854338	10.987
-0.7026982	-9.1590185	0.39025488	11.045
0.18315643	-12.200851	-1.0007763	11.095
4.663905	-13.3704195	0.5566519	11.145
-0.1400608	-11.799823	-3.4584243	11.195
-6.4368114	-9.309854	-3.9791632	11.245
-1.6244658	-15.642517	-4.1264067	11.295
0.23582886	-11.45027	-2.1583729	11.345
1.6567876	-4.4603977	0.3184288	11.395
2.4995465	-4.301183	2.6623523	11.445
-0.6823475	-6.7887588	-1.5334862	11.495
-1.1791444	-7.845799	0.2825158	11.545
-1.1468226	-8.992621	3.3985693	11.595
-0.0011971008	-12.218808	0.6727707	11.645
-2.0266917	-10.668563	0.11252748	11.695
-6.482301	-19.6133	-2.5342624	11.745
-9.137471	-3.2118216	-11.498154	11.796
-2.516306	-7.4746976	-0.35314476	11.845
-5.6946087	-6.0118403	4.9176903	11.895
-2.7329812	-8.300697	-5.4408236	11.945
-1.411382	-9.184157	-3.7936125	11.995
1.5837644	-9.300277	0.6715736	12.045
1.8818425	-9.866506	1.2593501	12.095
-1.2785037	-9.885659	0.1604115	12.145
1.1575965	-9.251195	-0.12090719	12.195
-3.3446999	-9.003395	-1.9165585	12.245
-3.5434184	-11.182119	0.34237084	12.295
1.1683705	-16.40507	0.4165911	12.345
0.29448682	-9.7719345	0.94690675	12.394
-2.6084828	-6.945579	1.578976	12.445
-2.6563668	-6.506243	2.5462334	12.495
-4.1503487	-8.078036	1.1001357	12.545
-3.1124623	-7.7320743	1.388637	12.595
-1.2761095	-8.118738	1.9524715	12.644
-1.7166426	-9.3661175	2.078167	12.695
-0.39743748	-11.790246	1.9069817	12.745
-2.4037786	-12.194866	4.346673	12.795
-6.3338604	-10.168175	1.7441759	12.845
-6.293159	-7.117962	-2.4744074	12.895
-2.6659436	-7.813477	-5.899313	12.945
-0.40940848	-10.84334	0.5363012	12.995
-3.0490158	-8.451532	-0.7613561	13.046
1.5035586	-8.158242	-3.8067808	13.095
2.2709002	-10.205285	0.79487497	13.145
0.47405192	-8.693346	1.1312603	13.195
1.9776106	-12.079945	1.271321	13.245
1.8650831	-11.95784	-0.074220255	13.295
0.20949265	-11.8896055	-0.8331822	13.345
-4.808754	-9.284714	-1.2198458	13.395
-4.620809	-10.6877165	-3.6296098	13.445
0.30885202	-13.089101	-1.4401124	13.495
-0.8283938	-7.8517847	0.21667525	13.545
3.2022448	-4.68665	-0.29209262	13.595
-0.06464344	-5.9400144	2.0853498	13.644
-2.0015526	-9.973047	3.83192	13.695
1.1791444	-9.124303	0.641646	13.745
-2.541445	-14.058752	2.5821466	13.795
-2.9340942	-12.287044	3.8067808	13.845
-9.726444	-12.400767	-3.0597897	13.895
-7.120356	-6.3230867	-4.9320555	13.945
1.0893618	-8.92319	3.821146	13.995
-4.727351	-6.208165	-0.6691794	14.045
-2.0254946	-6.338649	-1.7046716	14.095
-1.2785037	-6.537368	0.21188685	14.145
1.9213469	-9.153033	-0.8822633	14.195
2.327164	-11.136629	0.5805939	14.245
0.49559975	-12.876017	-0.91817635	14.295
3.8031895	-10.898406	-0.17597382	14.344
-4.8733974	-5.683835	-1.5406688	14.395
-2.2816741	-19.478027	-3.21661	14.445
-5.5018754	-16.862362	-6.7600284	14.495
1.5586253	-6.4751186	-4.4400473	14.545
3.976769	-2.4779987	7.7907324	14.594
0.78888947	-3.763685	0.36272156	14.645
-2.6886885	-7.6051817	-0.6967127	14.695
0.6787562	-10.553641	4.189853	14.745
-0.4177882	-12.571953	0.011971008	14.794
-3.4488475	-12.066776	3.5769374	14.844
-5.910087	-13.150153	-1.4891934	14.895
-13.019669	-3.70383	-9.831789	14.946
-1.8064252	-9.178172	-5.5102553	14.976
-5.3199162	-5.33907	-2.8514943	15.049
-0.7098808	-4.6279917	-0.5602432	15.096
0.5805939	-5.436035	2.5450363	15.147
-0.35314476	-7.28795	-1.127669	15.191
0.45968673	-11.700463	-0.2896984	15.244
-0.29568392	-12.75511	0.6703765	15.294
4.4005427	-12.483368	0.19393034	15.344
0.027533319	-6.4667387	0.70509243	15.394
-3.3159695	-6.2847795	-3.7720647	15.444
-4.6255975	-19.6133	-12.770672	15.494
-2.3511062	-7.1993647	-9.179369	15.544
6.1207767	-2.9137435	12.58991	15.594
5.046977	-3.4320881	-0.93134445	15.646
-2.8993783	-5.6203885	-3.9588125	15.694
0.557849	-8.412027	4.2580876	15.744
-1.174356	-8.796297	0.5291186	15.794
-1.9177556	-13.4195	1.7968484	15.844
-3.9492357	-10.287885	1.0857705	15.894
-16.139313	-13.032837	-7.9463553	15.944
-6.2261214	-6.697779	-12.030864	15.994
0.16879122	-6.167464	12.8293295	16.047
-5.673061	-4.6818614	-3.819949	16.095
1.043872	-5.5126495	0.17597382	16.144
-0.15203181	-7.7201033	0.25139117	16.194
-0.36631286	-11.405977	-2.8538885	16.244
1.0666169	-9.853337	1.2378023	16.294
2.1416135	-11.807006	0.130484	16.344
3.550601	-10.164583	-1.1372458	16.394
-5.2983685	-6.483498	-1.365892	16.444
-2.4624364	-19.6133	-5.2840033	16.494
-3.7600937	-11.273099	-12.401965	16.544
1.2785037	-5.2444987	0.89303726	16.596
6.4787097	-2.0027497	10.432734	16.644
-0.7302315	-4.152743	-2.8550856	16.695
-0.9911995	-10.376471	-0.20829555	16.744
-0.08259996	-9.556456	3.5972881	16.794
-1.1731589	-15.049952	1.282095	16.844
-2.4588451	-10.107122	0.6979098	16.894
-7.9487495	-16.6409	-5.3594203	16.944
-8.740033	-6.50744	-8.700529	16.994
3.8774097	-8.537724	11.371261	17.044
-6.3661823	-3.7205894	-1.9812019	17.094
0.4213795	-3.8786068	1.4389153	17.144
0.61411273	-6.5146227	1.5526398	17.194
-1.1647792	-13.223176	-4.3382936	17.244
0.93852705	-11.593922	1.1192893	17.294
3.5182793	-11.505336	2.292448	17.344
-0.5650316	-5.2852	-0.31364042	17.394
-0.78410107	-8.157045	-2.3810337	17.444
-2.7353754	-19.6133	-11.827356	17.494
-2.5234885	-9.434352	-10.445902	17.544
2.8407204	-3.9612067	9.030929	17.595
4.9021277	-1.1133038	-0.034715924	17.644
-3.38181	-6.7923503	-3.5230677	17.694
-1.1288661	-9.095572	3.7217865	17.744
-1.5957354	-9.579201	0.008379706	17.794
-2.3822308	-14.875175	2.0338743	17.844
-5.5389857	-16.782156	-2.743755	17.894
-7.4447703	-5.8322754	-9.93474	17.944
-1.2964603	-8.836999	6.47033	17.994
-5.4408236	-7.5788455	-3.4392707	18.045
-0.94451255	-5.482722	1.2413936	18.094
-0.90859956	-3.8989575	2.6001031	18.144
-0.25019407	-7.6614456	-0.641646	18.194
0.45250413	-10.426748	-2.5594015	18.244
1.3012487	-8.972271	1.6867151	18.294
1.6579847	-12.706028	-0.142455	18.344
3.7349546	-11.052833	0.21906945	18.394
-5.318719	-7.445967	-1.4185646	18.444
-2.9125464	-19.6133	-5.1379566	18.494
-4.830302	-15.273809	-10.784681	18.544
1.7561469	-7.0066314	-2.9867666	18.595
4.1575313	-3.50152	11.195287	18.644
0.10534488	-3.2190042	-2.6204538	18.694
-1.543063	-8.078036	0.48243165	18.744
0.8343793	-8.347384	4.1371803	18.794
-2.03148	-10.953473	-0.33518824	18.844
-3.0322564	-12.641385	4.224569	18.894
-2.991555	-16.847998	-3.3399115	18.944
-13.025655	-5.0421886	-11.890802	18.994
1.0761937	-7.9355817	5.9364233	19.045
-2.7976246	-6.8127007	1.6364368	19.095
-1.1228806	-6.4751186	1.0821792	19.144
0.9816227	-4.477157	3.0478187	19.195
-0.08738836	-9.251195	-1.7932571	19.244
-1.0869676	-9.908403	-1.5011644	19.294
2.2278047	-11.365275	3.7134068	19.344
4.280833	-12.619837	-1.3215994	19.394
-0.10295067	-11.161768	-1.1420342	19.444
-3.8367083	-11.498154	-5.7400985	19.494
-3.4272997	-13.998898	-6.9958572	19.544
1.4161704	-12.807782	-1.5131354	19.594
2.7030537	-6.327875	1.8315643	19.644
0.40940848	-2.0087352	-0.4237737	19.694
-1.5837644	-5.422867	1.3192052	19.744
2.1535845	-9.959879	0.91219085	19.794
-3.4392707	-9.701305	1.4568717	19.844
-1.0941502	-17.663223	4.9667716	19.894
-4.745308	-13.548787	-4.2820296	19.944
-16.383522	-6.5744777	-6.155493	19.994
3.882198	-7.726089	1.7860745	20.045
-5.6946087	-6.939594	-1.8004397	20.094
-4.209007	-7.156269	-1.7561469	20.145
1.2629414	-4.735731	2.6922798	20.194
-1.1599907	-8.36175	-1.1587936	20.244
0.7230489	-9.640253	-0.044292733	20.294
-0.21068975	-10.994174	-0.6739678	20.344
2.954445	-11.810597	1.067814	20.394
1.7393875	-9.184157	-0.5590461	20.444
-2.6551697	-13.336901	-6.0740895	20.494
-7.597999	-13.704411	-9.009381	20.544
2.9376855	-11.329363	-1.411382	20.594
2.9975405	-6.703765	3.3973722	20.644
1.4077905	-3.572149	-0.81402856	20.694
-1.1899183	-5.4743423	0.79966336	20.744
1.1336545	-7.550115	3.965995	20.794
-0.6464345	-9.457097	-1.0618285	20.844
-2.8455088	-12.494142	3.3913867	20.894
-2.0338743	-12.151771	2.7688942	20.944
-4.51307	-11.246762	-3.3279405	20.994
-19.272127	-2.27928	-9.785102	21.046
4.522647	-8.267179	-2.6312277	21.094
-1.9452889	-6.7265096	3.4129345	21.144
-4.0497923	-7.833828	-3.4584243	21.194
2.3654714	-4.7022123	3.1735144	21.244
-1.186327	-11.039664	-2.5031378	21.294
-1.1755531	-11.261127	-2.64679	21.344
3.5470097	-10.657789	2.789245	21.394
-0.008379706	-8.713697	-1.4508862	21.444
-1.7968484	-10.684125	-4.697424	21.494
-4.131195	-19.6133	-9.260772	21.544
-1.6208745	-13.23395	-5.6670756	21.594
4.596867	-6.0968347	5.109226	21.644
2.8550856	-2.468422	-1.0223241	21.695
-2.6431987	-4.8781857	-2.4157495	21.744
1.1671734	-7.4854717	5.0960584	21.794
-1.1097125	-7.395689	-0.11851298	21.844
-1.5047557	-14.158112	2.6563668	21.894
-1.2150574	-10.30225	1.8195933	21.944
-7.1023993	-19.372683	-4.938041	21.994
-7.9547353	-5.4922986	-11.08276	22.045
2.2062569	-9.004593	12.158954	22.088
-6.4882865	-5.5042696	-1.7513585	22.145
0.5638345	-6.205771	0.63206923	22.194
-0.7110779	-5.2804117	1.4856021	22.244
-1.2366052	-9.859323	-1.8004397	22.294
1.3634979	-10.911574	-1.922544	22.344
3.2812533	-12.987347	2.9999347	22.394
3.4344823	-12.552799	-1.2078748	22.444
-3.2441432	-7.053318	-1.638831	22.494
-3.063381	-14.798561	-4.158728	22.544
-2.1631613	-13.514071	-11.022904	22.594
1.0702082	-7.6949644	1.30484	22.644
3.4596214	-5.2600613	6.4368114	22.694
-0.110133275	-4.2999864	-3.9396589	22.744
-2.1188686	-7.7679873	0.61411273	22.794
-0.48722005	-8.133103	1.5945383	22.844
-1.7310078	-10.766725	1.9560628	22.894
-0.81043726	-12.662932	4.010288	22.944
-5.3522377	-18.762161	-5.1439424	22.994
-13.928268	-15.729905	-7.3322425	23.056
4.2305546	-8.920795	10.304645	23.094
-5.105635	-6.4870896	-2.0518308	23.144
-1.7046716	-6.411672	-1.6017209	23.194
0.2896984	-4.1144357	3.5996823	23.244
-0.2885013	-9.194932	-1.7908629	23.294
0.37229836	-11.560403	-2.718616	23.344
1.471237	-13.0041065	2.2254105	23.394
3.2836475	-12.017695	0.48961425	23.444
0.18914193	-8.536526	0.6811504	23.494
-0.7026982	-11.583148	-5.1259856	23.544
-3.7433343	-16.47929	-6.6067996	23.594
0.1400608	-10.807426	-2.135628	23.644
2.9376855	-6.123171	4.209007	23.694
3.4105403	-3.5242648	-0.1412579	23.744
-2.3008277	-5.9962783	-0.6356605	23.794
-0.80564886	-8.475474	2.4756045	23.844
-3.1830912	-9.376891	1.0175357	23.894
0.8762778	-14.900314	2.9843724	23.944
-6.623559	-17.35078	-3.6894648	23.994
-12.633005	-4.935647	-6.6271505	24.045
3.594894	-8.616732	7.6973586	24.094
-7.7320743	-8.39048	0.32321724	24.144
-0.005985504	-7.5094137	-1.2617443	24.194
2.9759927	-3.7792473	3.6631286	24.244
-1.4784195	-8.86932	-0.074220255	24.294
0.027533319	-9.087193	-1.8243817	24.344
0.33997664	-9.935937	2.778471	24.394
2.3786395	-12.78384	0.81163436	24.444
1.7226281	-9.674969	0.7733272	24.494
-4.6722846	-9.464279	-4.4460325	24.544
-6.0980315	-15.769409	-8.432379	24.594
1.7022774	-12.606669	-3.3985693	24.644
3.7062242	-5.127183	4.000711	24.694
3.8881836	-4.2916064	1.0354922	24.744
-2.110489	-5.306748	-2.5677812	24.794
-0.19273324	-6.981492	4.3993454	24.844
-0.40222588	-8.526949	1.1312603	24.894
-1.7369933	-13.925874	2.979584	24.944
-1.1731589	-13.0041065	1.4329298	24.994
-10.447099	-11.653777	-4.8722005	25.073
-8.340201	-4.092888	-9.616311	25.097
1.1767502	-8.961497	12.521675	25.147
-7.7081323	-5.6658783	-1.7872716	25.194
0.7110779	-5.0661306	3.4572272	25.244
0.23343466	-6.0477533	-0.19871874	25.294
-2.148796	-10.554838	-2.5833437	25.344
1.2904748	-9.719262	0.4225766	25.394
1.8722657	-12.891579	1.9297266	25.444
2.3056161	-12.107478	-1.1492168	25.494
-2.8754363	-9.084799	-2.9640217	25.544
-2.5103204	-14.628572	-5.947197	25.594
0.015562311	-13.807362	-8.474277	25.644
1.3431472	-6.969521	1.0366893	25.694
3.8307228	-3.5613751	3.867833	25.744
-1.1707647	-4.0880995	-1.4221559	25.795
-1.5191209	-8.062474	3.763685	25.844
-1.6053122	-8.723274	0.089782566	25.894
-0.8379706	-10.703279	3.0502129	25.944
-1.055843	-14.076709	3.0597897	25.994
-3.821146	-8.303091	-1.9393034	26.046
-17.014395	-7.7584105	-5.2397103	26.094
-1.1623849	-10.077195	-6.3697734	26.144
-2.7030537	-6.327875	4.807557	26.194
-3.3614593	-6.4380083	-2.1535845	26.244
3.1830912	-4.614824	2.148796	26.294
-0.44651863	-9.593566	-0.89303726	26.344
-0.6991069	-12.435484	-1.4975731	26.394
0.8810662	-11.955446	3.3159695	26.444
4.1012673	-10.534488	0.45130703	26.494
-3.645172	-8.042124	-2.5091233	26.544
-7.1263413	-17.07784	-5.720945	26.594
-1.1695676	-14.911088	-8.194156	26.644
1.6316484	-7.627927	-0.8331822	26.694
3.2944214	-3.0777464	5.305551	26.744
0.79008657	-4.307169	-0.03232172	26.794
-2.6324248	-8.158242	1.2366052	26.844
0.37948096	-7.6602483	4.2425256	26.894
0.110133275	-11.340137	2.3307555	26.944
-2.6910827	-10.906786	3.4332852	26.994
-3.4512417	-6.173449	1.5897499	27.046
-6.4404025	-10.383653	-6.9048777	27.094
-19.612701	-7.2604165	-16.658855	27.144
3.9576154	-10.328587	-12.051214	27.194
2.018312	-4.3658266	17.301699	27.244
-4.3382936	-8.656237	-2.396596	27.294
5.6922145	-6.4751186	-6.2763996	27.344
2.255338	-9.115923	6.196194	27.394
-0.90500826	-12.241553	-0.2621651	27.444
0.25737667	-11.484985	-1.5801731	27.494
2.232593	-7.177817	2.9113493	27.544
-5.795165	-4.6483426	-0.24061728	27.595
-5.0278234	-19.6133	-6.0046577	27.645
1.389834	-10.771513	-13.069947	27.695
2.4157495	-4.4196963	1.9393034	27.744
3.3554738	-4.844667	5.1607018	27.794
-1.8650831	-4.4304705	-3.9444473	27.845
-1.9165585	-7.0209966	0.94451255	27.894
2.6767175	-8.742428	4.602853	27.944
-3.0597897	-11.723208	-0.37229836	27.994
-1.6879122	-13.904326	4.643554	28.046
-4.2820296	-11.500547	-0.130484	28.094
-10.936713	-14.475344	-5.4324436	28.146
-9.993398	-5.4049106	-9.431957	28.194
0.5374983	-4.2940006	10.785878	28.244
-5.445612	-6.0369797	-2.1583729	28.294
-2.0171149	-9.496601	-4.334702	28.344
5.1235914	-9.999383	0.25857377	28.394
2.1751323	-8.706514	0.21547815	28.444
0.47884035	-11.414356	1.2665327	28.494
0.21188685	-11.784261	-0.32441434	28.544
4.31076	-10.939108	1.6675615	28.594
-4.224569	-9.223662	-1.6831238	28.644
-5.6982	-14.850036	-3.2932243	28.694
0.5650316	-13.206416	-7.714118	28.744
-0.47764325	-7.285556	1.4676456	28.794
0.80564886	-3.9564183	3.1998506	28.844
0.7445967	-5.213374	-0.5781997	28.894
-1.9716251	-7.047333	0.11133038	28.944
-2.9520507	-8.941146	3.05141	28.994
-0.11133038	-11.59871	1.3192052	29.045
-0.094570965	-11.742362	0.9696517	29.094
-1.0151415	-10.087969	4.9524064	29.144
-6.0800753	-16.072275	-3.940856	29.194
-18.772936	-5.1080294	-5.197812	29.244
2.1631613	-7.759608	-1.757344	29.294
-0.7445967	-5.4324436	6.43322	29.344
-4.927267	-7.4507556	-4.059369	29.395
1.8112136	-9.384073	-0.9888053	29.444
3.0597897	-9.382876	0.5770026	29.494
0.31244332	-10.534488	1.946486	29.544
-0.80325466	-12.406754	0.62608373	29.594
2.6360161	-9.991004	0.5674258	29.644
-4.7680526	-9.040505	-1.0737995	29.694
-6.0477533	-15.130157	-3.8654387	29.744
-4.033033	-12.966996	-10.023325	29.794
3.1639376	-4.787206	0.60573304	29.844
3.6164417	-4.173094	6.343437	29.894
-0.48003745	-7.0425444	-0.7422025	29.944
-3.405752	-8.625112	-1.2761095	29.994
-0.6332663	-6.0369797	5.141548	30.044
0.2657564	-11.933898	3.8295257	30.094
-2.420538	-13.966576	1.091756	30.144
-9.965864	-15.522807	-0.6979098	30.194
-8.847773	-6.7324953	-6.125565	30.244
6.4164605	-7.9104424	-7.0724716	30.294
-9.249998	-5.6419363	2.789245	30.344
-0.8607155	-7.2544312	-3.1064768	30.394
1.1611878	-6.2488666	-0.56982	30.444
-1.1528081	-8.77834	1.2198458	30.494
1.8710686	-10.251971	-1.3072342	30.544
-0.7733272	-11.224017	2.4756045	30.594
1.3072342	-12.454638	0.48961425	30.644
3.0693667	-8.890868	-0.21787235	30.694
-5.6419363	-9.382876	-3.442862	30.744
-4.5980644	-17.083826	-7.787141	30.794
2.19668	-11.720815	-7.0605006	30.844
0.2885013	-5.145139	4.1264067	30.894
4.5621514	-2.8526914	3.4476504	30.946
-0.415394	-5.321113	-2.791639	30.995
-1.8207904	-8.26239	5.603629	31.044
-0.8451532	-11.492168	1.4664485	31.095
-1.6962919	-14.680048	3.05141	31.144
-2.5210943	-8.670602	4.059369	31.194
-2.0362685	-12.194866	-5.556942	31.244
-18.277336	-2.2589293	-14.866796	31.294
4.3155484	-5.5521536	12.575544	31.344
-2.2242134	-3.1974564	-2.1643584	31.394
-5.3378725	-7.541735	-1.9009962	31.444
1.1312603	-6.9360023	-0.16759412	31.494
2.954445	-11.066	0.61650693	31.544
-2.5785553	-12.7575035	-2.504335	31.594
1.9680338	-14.18325	0.06464344	31.644
1.650802	-8.163031	1.7034745	31.694
-1.757344	-5.792771	-1.9800048	31.744
-0.2741361	-16.965313	-15.188815	31.794
-4.2305546	-8.190564	-4.710592	31.844
5.5485625	-6.26802	7.356185	31.894
3.2249897	-3.4105403	-1.2066777	31.944
-1.6579847	-7.657854	-3.0825348	31.994
0.5494693	-9.494206	5.3558292	32.044
-1.2497733	-11.959038	-3.156755	32.094
-1.5370775	-12.5264635	2.6791117	32.144
-4.735731	-6.5265937	4.0940847	32.194
-0.6584055	-13.842077	-8.756793	32.244
-19.612701	-2.7928362	-19.6133	32.294
3.3973722	-5.4982843	18.124107	32.344
-2.3702598	-5.140351	-4.3514614	32.394
-3.6727054	-8.3150625	-3.4320881	32.444
-1.9512744	-3.7600937	2.741361	32.494
-1.3479356	-10.41358	-1.946486	32.544
2.5210943	-11.895591	-1.1887212	32.594
3.0382419	-12.5982895	0.15083471	32.644
1.7489643	-8.090008	-0.17477672	32.694
1.9919758	-7.4471645	-3.654749	32.744
-8.740033	-19.6133	-13.284228	32.794
-2.0913353	-8.498219	-9.346964	32.844
3.4943373	-5.161899	11.909956	32.894
2.9831753	-2.6396074	-0.8702923	32.944
-1.2844892	-6.894104	-2.8778305	32.994
0.45968673	-6.2380924	4.2904096	33.044
-2.3427265	-11.668142	-0.2861071	33.094
-1.5514427	-14.073117	0.025139118	33.144
-5.5521536	-10.7116585	-2.0374656	33.194
-16.540342	-10.095152	-6.9012866	33.244
3.1771057	-11.043256	1.1575965	33.294
-3.8402996	-8.519767	2.789245	33.344
-2.1619642	-4.3885717	0.50517654	33.394
0.9552865	-2.6539726	2.9364884	33.444
-2.1033063	-7.3059063	-1.7657237	33.494
-0.08020575	-12.706028	-3.5793316	33.544
2.3535004	-12.040441	2.8562827	33.594
4.462792	-11.886014	0.2765303	33.644
-2.9747956	-6.3542113	-1.4580688	33.694
-3.3255463	-14.237121	-4.3394904	33.744
-4.225766	-14.665683	-11.246762	33.794
1.62686	-9.016563	-2.835932	33.845
2.6120741	-4.1695023	9.662998	33.894
2.5785553	-1.1563994	-2.7497406	33.944
-3.1016884	-7.5812397	0.6380547	33.994
0.51714754	-8.791509	4.892551	34.044
-2.4384944	-11.579556	0.17357962	34.094
-2.0925324	-17.1772	4.453215	34.144
-7.8865004	-15.966931	-4.4113164	34.194
-7.2245035	-5.011064	-7.6506715	34.244
1.4460979	-7.001843	8.407239	34.294
-6.908469	-5.9029045	-1.8854338	34.344
0.19033903	-6.637924	0.25617957	34.394
1.8100165	-4.5406036	1.7465701	34.444
-1.4149733	-8.825027	-1.3599066	34.494
-0.2825158	-11.791444	-2.255338	34.544
0.7697359	-13.259089	2.60968	34.594
6.633136	-12.203246	0.19991584	34.644
-2.0578163	-8.723274	-0.51235914	34.694
-4.3155484	-16.188395	-6.51582	34.744
-2.3343468	-11.312603	-11.188105	34.794
1.4269443	-7.763199	0.6428431	34.844
4.155137	-4.4208937	5.357026	34.894
0.6799533	-3.5098996	-2.694674	34.946
-2.160767	-6.96593	2.790442	34.995
-0.19153613	-9.23683	1.0019734	35.044
-2.529474	-15.088259	2.0386627	35.105
-2.3918076	-14.369999	2.079364	35.144
-13.6493435	-12.21402	-6.39611	35.194
-6.51582	-6.531382	-3.5230677	35.254
-0.23942018	-8.511387	5.708974	35.294
-6.6762314	-5.559336	-2.645593	35.344
1.2330139	-4.3299136	2.2301989	35.394
-0.107739076	-5.29358	-0.47524905	35.444
-2.280477	-11.167754	-2.4624364	35.494
1.7262194	-12.158954	1.2605472	35.544
4.3766007	-13.827712	0.8726865	35.594
2.385822	-9.540894	0.24779987	35.644
-2.6180596	-12.429498	-4.9679685	35.694
-3.8786068	-14.517242	-9.785102	35.744
0.15083471	-9.293094	-1.3946224	35.794
2.8299465	-5.297171	3.8307228	35.844
2.870648	-3.891775	-1.3682863	35.894
-1.6496049	-5.8215013	0.5374983	35.944
0.7589619	-8.286332	3.0346506	35.995
-0.8882488	-10.000581	-0.9840169	36.044
-2.3822308	-17.269377	4.2676644	36.094
-1.0414777	-12.557588	0.30406362	36.144
-15.112201	-9.855731	-6.896498	36.194
0.40342298	-8.926781	1.8938135	36.244
-0.4405331	-6.7480574	3.5302503	36.294
-4.2305546	-5.2923827	-1.6244658	36.344
0.4177882	-3.3889925	2.1332338	36.394
-0.39743748	-8.645462	-1.6244658	36.444
1.1719618	-13.089101	-2.7880478	36.494
0.80804306	-10.096349	3.4691982	36.544
4.537012	-13.515268	-0.7170634	36.594
-0.9935937	-9.138668	-0.6380547	36.644
-3.7900212	-14.178462	-6.740875	36.694
-5.0278234	-11.792641	-10.184934	36.744
3.0657754	-8.9124155	0.6715736	36.794
2.5510218	-4.7261543	4.0701427	36.844
0.62368953	-3.289633	-1.6484078	36.894
-1.5466543	-6.9000893	0.45489833	36.944
0.9600749	-9.768343	2.6001031	36.995
-2.6910827	-11.066	1.2605472	37.044
-2.2649148	-13.453019	3.369839	37.094
-3.762488	-15.8783455	-4.6830587	37.144
-16.312893	-2.859874	-11.134235	37.194
4.07134	-8.087613	7.716512	37.247
-4.7644615	-5.828684	-2.267309	37.297
-3.1387985	-7.017405	-2.7090392	37.347
1.4544775	-3.915717	1.8686744	37.394
-0.17956513	-9.4295635	-1.4808137	37.444
0.427365	-11.6908865	-1.6543933	37.494
0.051475335	-12.083536	2.172738	37.544
4.5525746	-12.314576	-0.37349546	37.594
-0.4405331	-7.229292	-0.2813187	37.644
-1.0019734	-17.06587	-5.0876784	37.694
-3.6260185	-15.608998	-9.894038	37.744
-0.30047232	-8.015787	-2.493561	37.794
3.8893807	-3.776853	7.7608047	37.844
1.6831238	-3.5218706	-2.574964	37.894
-2.36188	-7.493851	-1.1097125	37.944
-0.44891283	-8.759187	2.7581203	37.994
-2.6252422	-10.443508	0.557849	38.044
-1.6436194	-14.43105	4.313154	38.094
-4.5992613	-12.734758	-2.420538	38.144
-15.237897	-3.8534677	-8.182184	38.194
3.276465	-7.7440453	8.356961	38.244
-3.833117	-8.593987	-1.3826514	38.294
-1.6950948	-6.6103907	0.90261406	38.344
-0.18674773	-2.8874073	1.7681179	38.394
-1.8363527	-7.845799	-0.061052144	38.444
0.4225766	-10.888829	-2.099715	38.494
1.7860745	-12.484565	1.0881647	38.544
2.0757728	-13.272257	-0.079008654	38.594
-0.51714754	-10.129868	-2.3415294	38.644
-2.0709844	-12.990938	-5.9448028	38.694
-1.4808137	-14.013263	-7.273585	38.744
1.0414777	-9.321824	0.49799395	38.794
1.1168951	-4.3155484	-0.18794483	38.854
0.15562311	-3.1028855	0.63087213	38.894
-1.4867992	-5.8705826	1.5801731	38.944
2.1057005	-8.152257	1.7238252	38.994
-2.8993783	-12.252327	-1.7130513	39.044
-1.3215994	-14.1664915	4.617218	39.094
-2.9604304	-12.861651	-3.0669725	39.144
-17.707516	-5.4085016	-10.3214035	39.194
2.5354595	-6.227319	3.309984	39.244
-5.115212	-7.6482773	-2.681506	39.294
-5.379771	-6.0226145	-1.0067618	39.344
1.9800048	-3.977966	3.1663318	39.394
-0.06823475	-8.265982	-1.4030021	39.444
-0.35673606	-10.447099	-1.4449008	39.494
0.8319851	-11.520899	0.5662287	39.544
2.6803088	-12.368446	-1.0031705	39.594
2.267309	-7.9391727	-0.7493851	39.644
-3.2513258	-11.725603	-5.9292407	39.694
-5.0900726	-19.6133	-8.665813	39.744
0.60573304	-9.969456	-5.734113	39.794
3.4644098	-5.0721164	5.6551046	39.844
4.2054152	-2.9867666	0.92655605	39.894
-3.1651347	-7.038953	-2.7150247	39.944
-0.6715736	-8.492233	3.810372	39.994
-0.12569559	-11.09114	0.4285621	40.044
-0.9888053	-13.75828	2.2122424	40.094
-4.6806645	-13.4195	0.79607207	40.144
-18.322826	-6.585252	-8.046912	40.194
2.0697873	-7.3537903	-0.39504328	40.245
-1.7202339	-6.927623	2.9843724	40.294
-4.3526587	-6.0836663	-2.0685902	40.344
-0.076614454	-4.9200845	2.790442	40.394
-0.24181437	-8.090008	-1.4317327	40.444
0.6392518	-8.661025	-0.12808979	40.494
0.19512744	-10.600328	-1.1408371	40.544
-0.8319851	-13.554773	-0.33877954	40.594
2.3235726	-10.092757	0.89184016	40.644
0.724246	-11.948263	-5.4623713	40.694
-8.938752	-10.752359	-6.787562	40.744
4.7884035	-12.120646	-0.47405192	40.794
1.0965444	-11.282676	0.8319851	40.844
0.4429273	-5.433641	-2.552219	40.894
0.7685388	-4.4304705	0.8523358	40.944
-0.2765303	-7.3442135	0.59855044	40.994
-0.17477672	-7.229292	0.8379706	41.044
-1.5741876	-9.516952	-0.16879122	41.094
-2.054225	-13.098678	1.9835961	41.144
-0.6751649	-7.8853035	0.61890113	41.194
-2.8215668	-19.6133	-8.408437	41.244
-8.212111	-6.909666	-11.886014	41.294
1.1133038	-7.7464395	15.357607	41.344
-4.572925	-7.418434	-3.8235402	41.394
-1.6256629	-4.7620673	1.9416976	41.444
0.16280572	-5.318719	-0.25498247	41.494
0.06584055	-10.471041	-2.3511062	41.544
0.7445967	-11.255142	0.62009823	41.594
3.3734303	-12.795811	1.769315	41.646
1.6292542	-11.067198	-0.93852705	41.694
-4.187459	-7.225701	-3.6499605	41.744
0.4321534	-13.905523	-7.9822683	41.794
0.18794483	-14.889541	-1.6687586	41.844
1.4305356	-9.285912	-0.090979666	41.894
2.4432828	-4.2676644	-0.90021986	41.944
-2.4241292	-7.2628107	-3.1771057	41.994
-2.3139958	-6.7121444	2.3535004	42.044
-1.5622166	-9.301474	-0.5662287	42.094
-3.9588125	-12.433089	0.35673606	42.144
1.0702082	-9.239224	4.1491513	42.194
-4.533421	-15.842433	-6.7624226	42.244
-18.133684	-6.432023	-9.445126	42.294
2.5067291	-9.394848	10.943896	42.344
-4.012682	-7.2388687	-2.9412768	42.394
-3.2142158	-5.5497594	3.0250738	42.444
-2.3630772	-6.279991	-1.3192052	42.494
-1.8016368	-11.077971	-4.2066126	42.544
1.780089	-9.424775	2.3918076	42.594
1.8267759	-8.744822	0.260968	42.646
1.292869	-7.643489	-2.36188	42.694
-10.236409	-3.90614	-3.3387144	42.744
-3.3854012	-19.6133	2.7257986	42.794
-9.076419	-13.626599	-8.201338	42.844
1.1803415	-10.418368	3.3363202	42.894
0.58777654	-9.2907	4.510676	42.944
-6.0166287	-5.3522377	-2.0470424	42.994
-2.4983494	-6.576872	3.0813377	43.044
-2.3882163	-8.222886	1.0019734	43.094
-1.6005238	-7.249643	2.2960393	43.144
-1.816002	-9.027337	1.8555063	43.194
-7.3047094	-18.44134	-5.4767365	43.248
-6.408081	-7.2209125	-8.319851	43.289
0.10175357	-10.867282	4.4005427	43.347
-4.0198646	-8.282741	-5.282806	43.397
0.78170687	-8.267179	-3.4105403	43.447
-0.51954174	-8.955511	-0.6931214	43.499
1.9979613	-10.362105	-1.5239093	43.539
1.6819267	-8.1319065	-0.8858546	43.599
2.15957	-7.4327993	0.9792285	43.639
1.3551182	-12.248735	-1.0283096	43.699
1.2940661	-10.655395	-0.25019407	43.739
3.015497	-10.9103775	4.209007	43.799
0.2896984	-11.301829	0.5446809	43.839
-2.695871	-12.722788	-3.4009635	43.899
-5.932832	-6.6486983	-3.657143	43.939
3.8379054	-12.29662	2.4313118	43.999
3.8379054	-12.29662	2.4313118	43.999
-0.9816227	-6.779182	-1.4748282	44.096
2.7964275	-5.6922145	2.1583729	44.146
-0.29927522	-8.3150625	3.942053	44.196
0.61770403	-6.8569937	3.192668	44.244
0.088585466	-10.794258	2.8562827	44.294
-5.33907	-16.546328	3.2513258	44.344
-14.215572	-14.753071	-0.2908955	44.394
-4.417302	-3.2154129	-5.070919	44.444
-3.5613751	-6.0621185	3.477578	44.494
-6.8557963	-9.728839	-2.2278047	44.544
-1.0402806	-6.1195793	-1.7753005	44.594
-2.303222	-6.5086374	0.6691794	44.644
-0.30645782	-10.275913	-2.110489	44.694
4.2042184	-9.868899	1.6196774	44.744
-0.010773907	-12.381614	0.6607997	44.794
-0.8523358	-12.23078	2.4983494	44.844
-0.14724341	-7.493851	-1.2162545	44.894
-5.1463366	-2.4720132	-2.825158	44.944
-0.50637364	-19.6133	-5.0278234	44.994
-1.151611	-11.403583	-9.898827	45.044
1.4137762	-8.561666	1.8746599	45.094
3.7600937	-3.478775	3.5781345	45.144
2.457648	-3.9133227	-2.5067291	45.194
-0.05626374	-6.5864487	1.5693992	45.244
-1.922544	-11.604695	0.9768343	45.294
-2.7114334	-16.195578	1.0115502	45.344
-1.9476831	-10.18254	3.2788591	45.394
-1.4867992	-5.1930237	0.7661445	45.444
-9.886856	-19.6133	-11.186908	45.494
-8.9602995	-8.980651	-6.0728927	45.544
4.745308	-3.618836	10.013748	45.594
-6.7492547	-5.422867	-2.2230163	45.644
-1.9069817	-6.1519012	-1.7082629	45.695
0.82360536	-11.097125	-1.6771383	45.744
1.8315643	-12.677298	0.50038815	45.794
3.2333694	-10.427945	0.41180268	45.844
1.8602947	-6.969521	-0.7769185	45.894
-1.198298	-1.6819267	-1.4077905	45.944
-2.8874073	-19.6133	-6.7827735	45.994
-10.013748	-15.996859	-12.871228	46.044
3.8510735	-7.359776	6.576872	46.094
4.1479545	-6.4284315	4.663905	46.144
-1.0498575	-2.9652188	-6.23091	46.195
-0.7194576	-5.2648497	5.105635	46.244
1.0714053	-7.1646485	5.583278	46.289
-0.6799533	-9.630676	1.8674773	46.347
-3.1771057	-9.800665	0.48243165	46.397
-9.0081835	-19.6133	-8.546103	46.447
-4.4819455	-8.505402	-6.827066	46.497
2.834735	-9.485827	7.8326306	46.539
-7.368156	-6.5110316	1.2378023	46.599
-0.6452374	-3.98874	2.4779987	46.639
-0.8499416	-5.273229	-1.1911154	46.698
-1.3515269	-9.76116	-1.6136919	46.746
2.5941176	-11.013328	0.62009823	46.796
1.3335704	-13.306973	1.9093759	46.846
4.497508	-10.357317	-0.31364042	46.894
-5.2756233	-6.4308257	-3.4021606	46.944
-3.0011318	-19.6133	-6.1686606	46.994
-3.2010477	-13.162124	-11.493365	47.044
0.49440265	-5.875371	2.882619	47.094
6.445191	-2.753332	1.6172832	47.144
-1.4413095	-4.173094	-2.0638018	47.194
-1.4460979	-8.264784	4.655525	47.244
-1.9021933	-9.589975	-1.42455	47.294
-2.3451207	-12.169727	3.0873232	47.344
-3.690662	-13.921085	-1.0390835	47.394
-16.06629	-11.258734	-6.95755	47.444
-0.80325466	-7.1023993	-3.406949	47.494
-3.110068	-7.5441294	-0.62009823	47.544
-2.3953989	-6.8402343	0.5650316	47.594
0.688333	-3.7553053	1.9476831	47.644
-1.2294226	-6.0800753	0.4333505	47.694
-0.4165911	-9.143456	-1.0989386	47.744
0.5614403	-10.824186	0.35434186	47.794
-0.2873042	-13.241133	1.1647792	47.844
5.554548	-12.211626	0.28491	47.894
-0.11492168	-6.0728927	-0.50757074	47.944
-2.552219	-8.932767	-2.8670566	47.994
-2.2649148	-19.6133	-7.93199	48.045
-1.5777789	-10.971429	-10.626664	48.094
4.3897686	-4.080917	13.468581	48.144
4.8159366	-3.3267434	-1.7286136	48.194
-2.4947581	-6.1064115	-2.1416135	48.244
-2.111686	-7.2233067	4.220978	48.294
-1.553837	-9.677363	0.7338228	48.344
0.59974754	-11.552023	3.1842883	48.394
-0.7589619	-10.333375	1.9488802	48.444
-18.964472	-14.132973	-11.3138	48.494
-9.196129	-7.0425444	-6.728904	48.544
2.2960393	-5.195418	3.2716765	48.594
-4.2556934	-6.0226145	-1.2018893	48.644
-0.8655039	-4.3873744	3.193865	48.694
0.015562311	-7.6051817	-0.664391	48.744
0.7745243	-9.911995	-0.8379706	48.794
1.3323733	-11.343728	0.58777654	48.844
1.2066777	-13.110648	0.85473	48.894
2.8179753	-10.657789	-0.65242	48.944
-4.156334	-7.4148426	-3.9791632	48.994
-3.8379054	-19.6133	-7.2149267	49.046
0.6967127	-13.160927	-7.0209966	49.094
1.6160861	-7.1586633	2.7222073	49.144
3.2453403	-2.9005754	0.40940848	49.194
-0.6584055	-3.4500446	-1.1827357	49.244
-0.45968673	-7.7847466	3.775656	49.294
-1.6160861	-9.933543	-0.19393034	49.345
-1.8794483	-12.945449	1.7729063	49.394
-1.8842367	-14.542381	0.08020575	49.444
-13.310564	-16.158466	-7.914034	49.494
0.6895301	-5.0374002	3.5098996	49.544
-2.7820623	-9.396045	-3.0693667	49.594
-5.6826377	-6.227319	1.1073183	49.644
1.5466543	-3.1711202	2.3403323	49.694
-0.1400608	-6.537368	0.095768064	49.744
-0.6428431	-9.973047	-1.3024458	49.794
1.5286977	-11.286267	1.2018893	49.844
1.091756	-15.2570505	0.78649527	49.894
3.192668	-11.494562	-0.34596214	49.944
-4.733337	-6.82946	-4.3478703	49.994
-3.7373488	-18.049887	-6.3350577	50.046
0.29568392	-10.46745	-5.1487308	50.094
3.1950622	-8.255207	3.5302503	50.144
2.0410569	-5.1223946	-0.015562311	50.194
-0.4237737	-2.8981812	-0.1388637	50.244
0.842759	-6.38773	3.667917	50.294
-2.3678656	-10.91756	-0.80924016	50.344
-4.3035774	-14.711172	3.4105403	50.394
-0.79846627	-11.300632	4.0138793	50.444
-9.212888	-18.330008	-10.882844	50.494
-10.395624	-5.650316	-6.457162	50.544
0.58418524	-6.861782	4.584896	50.594
-5.943606	-6.4260373	0.36631286	50.644
-0.2885013	-5.469554	1.0833763	50.694
0.90021986	-4.614824	0.15562311	50.744
-1.8028339	-11.96622	-2.870648	50.794
1.4149733	-10.524911	1.7238252	50.844
4.2461166	-12.034455	-0.7781156	50.894
1.2964603	-9.674969	0.22984336	50.944
-4.52145	-5.297171	-3.8031895	50.994
-0.1388637	-19.6133	-10.4171715	51.047
-5.057751	-12.337321	-8.65025	51.094
4.474763	-4.823119	11.371261	51.144
4.630386	-2.8814218	-3.5314474	51.194
-2.9879637	-4.26527	-2.2230163	51.244
1.0235212	-7.1909847	4.331111	51.294
-1.6819267	-9.063251	0.59495914	51.344
-1.4999673	-14.121001	3.0430303	51.405
-4.935647	-19.6133	-7.111976	51.444
-16.741455	-4.84347	-7.314286	51.494
4.650737	-9.163807	12.599486	51.544
-7.339425	-7.9954367	-2.8383262	51.594
-2.56419	-4.871003	3.1675289	51.644
0.9995792	-2.1152773	1.0019734	51.694
-1.3958195	-8.453926	-1.2629414	51.744
-0.18674773	-10.845734	-2.0697873	51.794
1.6124948	-10.676943	3.1376014	51.844
3.776853	-13.096283	1.0929531	51.894
0.24899697	-9.682152	-0.8738836	51.944
-1.8686744	-11.708843	-4.751293	51.994
-3.0214825	-17.85476	-8.160637	52.048
-0.4261679	-10.892421	-0.9959879	52.094
1.9189527	-6.573281	3.2429461	52.144
2.7006595	-3.3375173	-0.7182605	52.194
-1.6567876	-6.801927	1.2150574	52.244
0.8643068	-8.312668	2.3259668	52.294
-0.61530983	-8.463503	1.4173675	52.346
-1.1575965	-15.30254	2.767697	52.394
-0.31364042	-9.346964	2.8335378	52.444
-8.328231	-19.37388	-11.235989	52.494
-9.7563715	-5.4887075	-5.3594203	52.544
1.9261353	-9.446322	2.9580362	52.594
-4.343082	-5.567716	-0.033518825	52.644
-1.9680338	-3.0825348	2.0362685	52.694
-1.3706805	-7.632715	-2.2768857	52.744
0.21188685	-11.109096	-0.81642276	52.794
1.3096284	-11.225215	0.50517654	52.844
3.2225955	-13.342886	0.17597382	52.894
7.275979	-10.159795	-0.36391866	52.944
-4.709395	-7.0581064	-3.5170822	52.994
-4.0857053	-19.6133	-7.905654	53.049
-2.3654714	-12.658144	-9.932345	53.094
0.61291564	-6.053739	6.3781533	53.144
3.8522706	-3.642778	-2.4516625	53.194
-0.11252748	-4.396951	-2.0003555	53.244
-2.432509	-8.081628	4.997896	53.294
-0.2633622	-7.728483	-1.1288661	53.344
-2.19668	-10.71525	4.4484267	53.394
-1.4820108	-13.226768	3.1124623	53.444
-4.0198646	-11.540052	-4.3143516	53.494
-15.597027	-5.746084	-7.2963295	53.544
5.1583076	-9.357738	9.55885	53.594
-5.2421045	-8.341399	-2.9005754	53.644
-2.7928362	-5.0146556	2.5605986	53.695
1.5406688	-3.6248214	0.90979666	53.744
0.50637364	-11.110293	-1.6196774	53.794
2.0015526	-10.241198	-0.50397944	53.844
0.80924016	-11.877635	1.5358804	53.894
4.2161894	-13.181277	0.49440265	53.944
-1.661576	-9.662998	-0.61411273	53.994
-4.662708	-8.614338	-2.384625	54.024
-4.9823337	-14.777013	-9.221268	54.094
1.3634979	-11.712435	-1.1647792	54.144
2.2278047	-5.175067	3.2489316	54.194
2.1416135	-3.5637693	-0.7410054	54.244
-0.12210429	-4.557363	0.6895301	54.294
0.8798691	-8.340201	3.66672	54.344
-2.7808652	-10.941502	0.2717419	54.394
-3.156755	-16.014814	4.5298295	54.444
-0.6799533	-8.488642	2.360683	54.494
-6.417658	-18.415003	-9.094376	54.544
-11.255142	-6.918046	-7.169437	54.594
2.019509	-7.2005615	3.8307228	54.644
-6.26802	-5.459977	-0.2645593	54.695
1.0426749	-4.0892963	1.8112136	54.744
1.1827357	-8.121132	-2.1404164	54.794
-1.7286136	-11.853693	-0.748188	54.844
2.6503813	-10.43034	1.8339585	54.894
2.8119898	-12.8927765	0.3890578	54.946
0.005985504	-8.832211	-0.9780314	54.994
-1.9632454	-17.574638	-6.2392898	55.064
-6.9647326	-14.682442	-8.881291	55.096
2.4480712	-10.0029745	3.964798	55.144
3.4153287	-6.50744	-1.0103531	55.194
0.94930094	-2.979584	-1.3599066	55.246
-0.90381116	-5.568913	3.1902738	55.294
1.3874398	-7.9391727	0.59256494	55.344
-2.5079262	-9.143456	1.2210429	55.394
0.038307227	-14.933833	1.1061212	55.444
-1.1025299	-10.128671	0.41060558	55.494
-15.867572	-14.839262	-7.180211	55.544
4.7201686	-9.433155	6.137536	55.594
-1.590947	-7.253234	-0.47046062	55.644
-4.3837833	-4.9643774	2.7964275	55.694
1.1360487	-2.6839	1.411382	55.744
-0.4441244	-9.668983	-2.2984335	55.794
0.6404489	-10.898406	0.07062895	55.844
2.1499932	-11.0935335	2.135628	55.894
3.240552	-13.844471	0.044292733	55.944
-0.33039984	-7.4842744	-0.94211835	55.994
-3.846285	-7.514202	-4.143166	56.024
-6.766014	-16.998833	-8.062474	56.094
2.0386627	-10.69011	-1.1504139	56.144
4.656722	-5.9412117	3.867833	56.194
1.7022774	-2.4516625	-1.8351556	56.244
-2.31639	-5.0182467	0.5363012	56.294
1.0474633	-9.045294	4.201824	56.344
-0.89423436	-9.052477	-0.40821138	56.394
-0.9684546	-17.112556	5.4779334	56.444
-2.280477	-9.618706	1.9273324	56.494
-3.1184478	-6.707356	-3.6367924	56.544
-19.612701	-5.1547165	-8.574833	56.594
7.726089	-8.991425	12.2080345	56.644
-3.7984009	-4.924873	-3.2094274	56.694
-3.6966474	-5.571307	2.707842	56.744
2.6144683	-5.619191	-1.5693992	56.794
-0.6464345	-11.871649	-2.8993783	56.844
0.9959879	-10.218452	2.3882163	56.894
2.4660277	-11.1174755	1.1971009	56.944
5.7879825	-9.3421755	2.2134395	56.994
-0.8535329	-7.69257	-1.435324	57.024
-9.248801	-19.6133	-8.159439	57.094
1.6328455	-9.333796	-11.881226	57.144
1.0941502	-1.8435353	14.894329	57.194
1.8962077	-6.9288197	-2.2146366	57.244
1.0654198	-5.2361193	-2.6168625	57.294
-0.60693014	-3.643975	5.887342	57.344
-0.34955344	-9.269152	-0.2896984	57.394
-3.9851487	-11.081563	1.1049241	57.444
-3.052607	-11.46224	4.11683	57.494
-0.40462008	-6.3123126	-1.7226281	57.544
-14.247894	-19.6133	-10.997766	57.594
-10.389638	-10.188525	-4.1000705	57.644
2.1763294	-4.5801077	3.359065	57.694
-6.987478	-4.1683054	-2.873042	57.744
0.6751649	-6.206968	-0.8870517	57.794
4.7261543	-11.984177	-1.804031	57.844
1.4341269	-12.036849	3.0466216	57.894
0.45609543	-11.063606	-0.5267244	57.944
2.183512	-7.422025	0.81163436	57.994
-0.4285621	-6.417658	-0.61890113	58.024
-6.2141504	-19.6133	-0.8451532	58.094
-3.4440591	-12.989741	-6.2620344	58.144
2.9843724	-3.4703953	6.5026517	58.194
2.7234044	-6.715736	-0.59017074	58.244
-1.2162545	-6.408081	-3.5194764	58.294
0.2885013	-7.0209966	7.1047935	58.347
2.6072857	-7.4268136	0.15322891	58.394
0.3890578	-9.375694	4.6722846	58.444
-2.27928	-12.349293	1.5358804	58.494
-11.68969	-19.6133	-7.4974427	58.544
-15.052346	-7.4711065	-9.374496	58.594
6.894104	0.9528923	14.300567	58.644
-6.063316	-5.3474493	-4.000711	58.694
-4.5154643	-12.557588	-5.720945	58.744
7.869741	-8.095993	2.883816	58.794
0.58538234	-7.705738	0.6488287	58.844
1.555034	-9.352949	1.5334862	58.894
1.2174516	-9.404425	0.7110779	58.944
-0.82121116	-12.770672	0.29807812	58.994
4.3143516	-12.174516	3.0430303	59.024
-4.960786	-14.757859	-1.4688427	59.095
-8.5700445	-7.001843	-5.3522377	59.144
5.040992	-14.434642	0.32680854	59.194
-3.8007953	-7.607576	0.8511387	59.244
1.0139444	-6.257246	-0.56982	59.294
2.767697	-6.38773	-0.04189853	59.344
-1.2964603	-7.4591355	4.307169	59.394
0.6344634	-6.8581905	2.5019407	59.444
-0.47405192	-10.929531	2.9364884	59.494
-3.6008794	-15.865177	1.9476831	59.544
-1.3132197	-9.900024	4.237737	59.594
-6.5984197	-15.788563	-6.2165446	59.644
-11.659762	-5.5389857	-5.3725886	59.694
2.7246015	-6.0118403	5.801151	59.744
-2.7868507	-7.94037	-1.246182	59.794
-3.095703	-7.3992805	0.075417355	59.844
1.8267759	-8.237251	-0.40102878	59.894
2.906561	-9.157822	1.4173675	59.944
0.7158663	-9.339781	1.1252748	59.994
-0.3866636	-12.002133	-0.011971008	60.024