0.6404489	-9.546879	0.8523358	0.197
0.8655039	-9.629479	1.2509704	0.247
0.7182605	-9.598354	1.1923125	0.297
0.93972415	-9.676167	1.5059528	0.347
0.760159	-9.662998	1.2282255	0.394
0.7110779	-9.5971575	1.3802572	0.444
0.700304	-9.646238	1.0402806	0.494
0.7230489	-9.591172	1.436521	0.544
0.6919243	-9.677363	1.4221559	0.594
0.7314286	-9.648633	1.2665327	0.644
0.59017074	-9.640253	1.043872	0.692
0.7685388	-9.627085	1.377863	0.742
0.6512229	-9.606734	1.2497733	0.792
0.7146692	-9.66659	1.3467385	0.842
0.79607207	-9.651027	1.3862427	0.893
0.80445176	-9.605537	1.4460979	0.942
0.6727707	-9.677363	1.271321	0.992
0.7697359	-9.589975	1.3611037	1.042
0.7062895	-9.688137	1.3204023	1.092
0.6584055	-9.668983	1.3563153	1.142
0.5626374	-9.643845	1.2725182	1.192
0.7769185	-9.679757	1.2449849	1.242
0.7745243	-9.660604	1.34195	1.292
0.7661445	-9.581595	1.3599066	1.342
0.82719666	-9.5732155	1.3575124	1.392
0.61291564	-9.704897	1.1097125	1.442
0.724246	-9.631873	1.2916719	1.492
0.58538234	-9.688137	1.2629414	1.542
0.7194576	-9.557653	1.4460979	1.592
0.5650316	-9.592369	1.2785037	1.642
0.51834464	-9.683349	1.0307038	1.692
0.60333884	-9.668983	0.85473	1.742
0.6332663	-9.67856	0.48722005	1.792
0.92296475	-9.64983	0.8511387	1.842
0.6560113	-9.688137	0.6811504	1.893
0.40342298	-9.659407	0.8475474	1.943
0.81522566	-9.445126	0.90620536	1.985
0.6440403	-9.633071	0.5398925	2.045
0.79367787	-9.637859	0.641646	2.095
1.1264719	-9.5253315	1.0486604	2.144
1.1839328	-9.352949	0.7565677	2.194
0.37349546	-9.764751	0.16519992	2.244
-0.8499416	-10.218452	0.062249243	2.294
0.676362	-9.568427	0.6823475	2.344
1.2018893	-9.437943	0.092176765	2.394
1.3850456	-9.099164	0.05267244	2.444
1.5717934	-9.531317	0.50278234	2.494
1.3682863	-9.8042555	0.20470424	2.544
1.3024458	-9.5013895	0.34237084	2.592
1.9764135	-8.954314	0.93373865	2.642
3.1495724	-9.860519	0.48123455	2.692
2.7461493	-14.743494	-2.303222	2.742
-1.578976	-11.188105	-2.6156654	2.792
-0.45489833	-8.129512	0.51475334	2.842
2.8933928	-8.282741	1.7058687	2.892
0.9636662	-12.35887	0.40222588	2.942
-1.2054806	-8.485051	-0.6979098	2.992
0.8631097	-7.3286514	1.8219875	3.042
0.1376666	-8.312668	1.3455414	3.092
-0.18674773	-8.740033	1.4437037	3.142
0.20470424	-8.238448	2.136825	3.192
-0.12689269	-9.455899	1.5705963	3.242
-0.33518824	-9.938332	2.2134395	3.292
-0.7074866	-11.051635	2.918532	3.342
-1.0163386	-15.277401	0.020350715	3.392
-4.4759603	-9.051279	-3.539827	3.442
-0.05626374	-8.110358	1.8207904	3.492
-3.3662477	-10.769119	-2.742558	3.542
-0.80564886	-8.793902	0.6859388	3.592
0.7433996	-8.456321	-0.055066638	3.642
-0.4381389	-8.292317	0.23223756	3.692
0.8523358	-9.120711	-0.7326257	3.742
1.8351556	-8.789114	0.051475335	3.792
2.066196	-8.968679	-0.21787235	3.842
0.92895025	-10.734404	0.4249708	3.892
1.7441759	-10.571598	-0.46686932	3.942
-1.0354922	-9.982624	-1.7561469	3.993
0.11252748	-12.064383	-4.2916064	4.038
0.11372458	-8.823831	-4.7022123	4.068
4.2904096	-14.865599	1.4760253	4.142
3.833117	-8.573636	-4.775235	4.192
0.7613561	-7.231686	-2.6168625	4.242
-0.50757074	-9.965864	-2.5079262	4.302
-0.44891283	-8.884883	-4.036624	4.342
-2.1045034	-9.006987	-1.2509704	4.392
-0.0023942017	-8.728063	-1.5969325	4.442
-3.0825348	-9.087193	-1.8555063	4.492
-2.3475149	-8.119935	3.9025488	4.543
2.7449522	-13.364434	-0.39025488	4.592
-2.2601264	-10.691308	-6.281188	4.642
-4.3047748	-10.274716	-0.37469256	4.692
-1.5155296	-9.633071	-1.6998832	4.742
0.52073884	-7.9750857	-2.1452048	4.792
-1.2557588	-7.7129207	0.39504328	4.842
1.5933412	-9.667787	-2.955642	4.892
-0.12928689	-8.475474	-2.3535004	4.949
-1.1659763	-8.725668	-1.0749966	4.989
1.3611037	-11.514913	-1.1264719	5.044
2.9771898	-10.277111	0.19153613	5.092
2.0949266	-11.277887	0.094570965	5.142
-1.9261353	-13.400347	-4.104859	5.192
-3.66672	-8.212111	-5.5126495	5.242
1.9440918	-11.180922	0.075417355	5.292
1.7298107	-11.9614315	1.9333179	5.342
-2.4732103	-7.038953	-2.554613	5.392
0.320823	-7.499837	-0.34476504	5.442
-0.40462008	-7.7213006	0.40102878	5.492
-1.7681179	-7.7344685	0.88944596	5.542
0.089782566	-8.002619	2.0111294	5.592
0.19273324	-10.626664	1.7010803	5.642
-2.2373815	-10.722432	0.31483752	5.692
1.6603789	-11.257536	4.0019083	5.742
-4.200627	-15.190013	-2.553416	5.792
-3.9336734	-6.4870896	-4.841076	5.842
-1.0307038	-10.1861315	1.614889	5.892
-4.224569	-9.916783	-3.0777464	5.944
-1.2593501	-8.392874	1.6591818	5.992
-0.1316811	-7.394492	-0.90381116	6.042
0.91338795	-8.416816	0.08738836	6.092
3.0765493	-8.069656	0.4261679	6.142
1.1599907	-10.093954	-0.82121116	6.192
0.51954174	-10.498574	-0.47884035	6.242
3.108871	-10.772711	1.2725182	6.292
-0.39624038	-12.206838	-1.377863	6.342
-1.0773908	-11.46224	-4.003105	6.392
0.9804256	-7.9571295	-3.643975	6.442
3.7588966	-14.31972	5.315128	6.492
1.8962077	-10.080787	-2.8550856	6.542
0.4369418	-8.177396	-3.1866825	6.592
0.47764325	-8.500613	2.1511903	6.642
2.2158337	-7.0593038	-2.2529438	6.692
0.79726917	-7.019799	-0.51595044	6.742
-2.5366566	-11.316195	-2.019509	6.792
-1.9919758	-12.016499	-0.90021986	6.842
0.9636662	-8.576031	3.2321723	6.892
1.553837	-14.569915	-1.8207904	6.942
-0.50637364	-6.815095	-7.8326306	6.992
-3.819949	-9.057265	2.4420857	7.042
-1.0929531	-11.057621	-3.4512417	7.092
2.7234044	-9.374496	-1.3587095	7.142
0.6356605	-8.809465	-1.5346833	7.192
1.6280571	-8.672996	-3.0107086	7.242
0.17717093	-8.210915	-2.078167	7.292
2.871845	-8.724471	-1.2126632	7.342
2.529474	-11.824963	-4.0138793	7.392
0.12689269	-7.6865845	0.41060558	7.442
1.9812019	-11.43351	-5.023035	7.492
-1.8471266	-12.510901	-3.1735144	7.542
4.961983	-12.999318	0.08020575	7.592
2.6779146	-7.2065473	-4.107253	7.642
2.2828712	-7.394492	-0.39624038	7.692
-0.7350199	-9.927557	-5.8095303	7.742
-5.8346696	-7.6015906	-3.8175547	7.792
-1.9237411	-7.699753	4.235343	7.842
0.39145198	-7.550115	-0.39025488	7.892
-1.0642227	-9.655815	-0.22744916	7.944
-1.3599066	-10.499771	1.5263035	7.992
-2.112883	-15.084668	-0.33159694	8.043
1.4772224	-9.850943	-0.8511387	8.092
-3.168726	-7.231686	-0.2813187	8.142
-6.337452	-10.8864355	-2.2577322	8.192
-0.089782566	-10.351331	-0.19632454	8.242
-0.20829555	-8.787917	-0.59136784	8.292
-2.6001031	-7.5561004	-0.5386954	8.342
0.04070143	-8.26239	-2.1978772	8.392
0.80924016	-7.836222	-0.47644615	8.442
1.22224	-8.985439	-0.011971008	8.492
-0.7517793	-11.575965	-2.1523874	8.542
2.457648	-10.254366	1.2330139	8.592
1.7489643	-13.364434	-1.2449849	8.642
-1.3634979	-12.316971	-4.2197804	8.692
-3.9636009	-7.1490865	-5.0362034	8.742
5.614403	-15.0343895	1.3694834	8.792
0.34715924	-9.119514	-0.142455	8.842
0.19632454	-6.399701	-0.40222588	8.892
1.0953473	-5.4863133	0.985214	8.945
-1.1468226	-8.043321	0.7517793	8.992
-0.81881696	-8.446744	1.3563153	9.042
0.11133038	-8.992621	1.9548657	9.092
-0.59256494	-11.671733	0.6799533	9.142
0.19033903	-11.427525	2.0494366	9.192
-2.3630772	-15.444995	-1.3742718	9.242
-0.4213795	-8.844181	-4.6495395	9.292
-0.89543146	-8.813056	0.7493851	9.342
-4.7261543	-11.177331	-3.0502129	9.392
0.90859956	-9.147048	1.103727	9.442
0.6715736	-7.65546	-0.021547815	9.492
-0.06464344	-7.9846625	0.029927522	9.542
1.2689269	-8.876503	-0.8559271	9.592
0.05746084	-8.589199	-0.59495914	9.642
0.7517793	-10.854114	-0.91937345	9.692
1.1947067	-11.950658	0.6488287	9.742
0.9911995	-9.26197	0.12090719	9.792
-4.7165775	-9.800665	-2.4037786	9.843
3.4799721	-11.496957	-3.3865983	9.892
1.2114661	-12.8209505	-0.85473	9.944
4.010288	-8.287529	-1.3263878	10.004
5.1762643	-8.034941	-2.0350714	10.042
-0.46208093	-11.060015	-3.3734303	10.092
-0.7565677	-9.7803135	-3.9803603	10.142
0.5770026	-9.030929	-1.388637	10.192
-1.8016368	-8.451532	-2.6970682	10.242
-2.9041667	-8.723274	-1.733402	10.292
-0.6548142	-7.8170686	1.3503298	10.342
0.2873042	-10.376471	0.12928689	10.392
0.59974754	-13.583504	-1.70946	10.442
-2.2469583	-8.285135	-4.6806645	10.492
-2.6312277	-6.4272346	3.0897174	10.542
-1.9596541	-14.404715	-1.8507179	10.592
1.1288661	-9.768343	-0.89543146	10.642
-0.16400282	-7.241263	0.005985504	10.692
-0.2705448	-7.7703815	-2.2469583	10.742
0.046686932	-9.352949	-3.7361517	10.792
1.8183962	-9.185355	-0.78290397	10.845
1.5275006	-10.6637745	-0.94690675	10.895
1.3132197	-11.501745	-1.6879122	10.946
3.41892	-11.228806	0.80684596	10.992
-1.1587936	-13.15973	-4.5358152	11.045
-4.158728	-6.6367273	-4.9655743	11.092
0.32800564	-9.5732155	-1.638831	11.142
1.2258313	-12.52766	0.017956512	11.192
-1.4137762	-8.678981	-1.7310078	11.242
0.32321724	-7.5584946	0.21068975	11.292
0.45729253	-6.8641763	0.5291186	11.342
-1.7345991	-7.466318	0.5650316	11.392
-0.8762778	-7.943961	1.9249382	11.442
-0.20829555	-8.878897	1.1001357	11.492
-1.8195933	-10.383653	0.34955344	11.542
0.47884035	-12.061988	2.6743233	11.592
-4.143166	-13.8480625	-2.172738	11.642
-3.9636009	-7.7428484	-3.0801406	11.692
-1.5346833	-8.580819	1.3251907	11.742
-3.9636009	-11.123461	-5.683835	11.792
-1.4951789	-8.500613	2.480393	11.842
-0.093373865	-7.6003933	-0.5805939	11.892
-0.5494693	-7.526173	0.037110128	11.943
0.91338795	-8.901642	0.010773907	11.992
2.7952304	-8.790312	-0.81881696	12.042
1.6316484	-9.528923	-0.3854665	12.092
-0.034715924	-11.225215	-0.2825158	12.142
2.112883	-10.38485	0.45010993	12.192
-1.0402806	-12.943054	-3.8391025	12.242
-2.086547	-9.17099	-5.6335564	12.292
-2.695871	-7.577648	-3.393781	12.342
5.2385135	-14.957775	3.4727895	12.392
1.520318	-8.872911	-3.1304188	12.442
1.9788077	-5.9986725	-1.590947	12.492
1.2485762	-9.16261	0.49559975	12.542
-0.050278235	-7.368156	-2.7018566	12.592
-0.46686932	-7.4351935	-0.5793968	12.642
-1.0414777	-9.703699	-2.291251	12.692
-2.9412768	-11.224017	-1.0737995	12.742
0.6907272	-9.838972	2.5378537	12.792
0.39504328	-12.575544	-4.0701427	12.842
0.05626374	-8.620323	-5.9052987	12.892
-3.5757403	-9.740809	0.62847793	12.944
-0.24061728	-9.913192	-2.397793	12.992
2.1703439	-7.6243353	0.90381116	13.042
0.7290344	-7.9846625	-2.5031378	13.092
1.3060371	-9.911995	-2.5210943	13.142
2.3690627	-8.91481	-1.934515	13.192
1.8555063	-9.234436	-1.0319009	13.242
0.7589619	-9.884461	-3.004723	13.292
-0.45489833	-11.125855	0.39983168	13.342
3.1148565	-13.437457	-5.019444	13.392
-0.34715924	-8.590396	-6.573281	13.442
0.92655605	-6.528988	1.282095	13.492
3.9109285	-15.428236	-1.4077905	13.542
-1.3096284	-8.692149	-6.92044	13.592
1.5275006	-7.69257	1.2401965	13.642
1.1731589	-9.836577	-1.1384429	13.692
-3.3267434	-7.7799582	-3.2740707	13.742
-2.2828712	-7.147889	1.6136919	13.792
-0.6356605	-8.981848	-0.029927522	13.842
-1.2773066	-8.882488	-0.08499416	13.892
-0.10654198	-10.91756	1.6915035	13.944
-0.49440265	-14.599842	-1.7764976	13.992
-2.304419	-8.161834	-1.3239936	14.043
-1.5227122	-7.8505874	-0.9947908	14.092
-4.5262384	-12.366052	-2.7102363	14.143
0.5267244	-9.832987	0.17836803	14.192
-0.82719666	-8.544906	-0.9684546	14.242
-2.1320367	-6.8402343	0.9564836	14.293
1.9333179	-8.492233	-1.0749966	14.342
1.5155296	-8.682572	-1.1767502	14.392
-0.6500258	-8.420407	-0.272939	14.443
2.9592333	-11.36767	0.7517793	14.492
5.9962783	-11.805809	1.42455	14.542
-1.887828	-13.891158	-3.132813	14.592
-6.1411276	-8.128315	-5.425261	14.643
0.7721301	-10.451887	-2.5198972	14.692
3.728969	-13.0519905	1.7788919	14.742
-0.7637503	-8.013393	-1.2689269	14.792
0.05746084	-6.066907	-0.48961425	14.842
-0.050278235	-6.7205243	1.7513585	14.892
-0.48123455	-7.8529816	1.2366052	14.944
0.44771573	-8.825027	1.0342951	15.004
-0.4213795	-10.031705	0.91338795	15.042
-2.078167	-12.384008	0.48362875	15.092
-0.12449849	-15.184027	1.1887212	15.142
-4.308366	-10.623073	-5.318719	15.192
-0.90141696	-5.9759274	2.2002714	15.242
-3.2788591	-11.560403	-3.2812533	15.293
-2.3116016	-10.530896	-0.12330139	15.342
1.1779473	-8.139089	1.3347675	15.392
0.0047884034	-7.383718	0.05746084	15.442
1.2270284	-8.899248	-0.23104046	15.492
1.4628572	-8.031349	-0.24660277	15.542
0.7625532	-8.439561	0.89902276	15.592
1.9261353	-11.87524	0.062249243	15.642
1.6579847	-10.71525	-0.35075054	15.692
-3.5170822	-12.172121	-4.2796354	15.742
-0.6955156	-8.273164	-5.044583	15.792
-0.9600749	-6.303933	-4.7896004	15.842
4.155137	-15.503654	2.4660277	15.892
4.631583	-13.883976	0.961272	15.922
1.5286977	-6.975507	-4.4963107	15.995
1.5765818	-9.691729	-0.11971009	16.045
-0.61291564	-7.7428484	-2.5797524	16.095
-1.8100165	-7.711724	-0.9600749	16.145
-1.1073183	-9.179369	-2.5019407	16.187
-1.8938135	-9.399636	-0.046686932	16.247
-0.23463176	-7.7823524	2.5737667	16.287
2.3834279	-12.816162	-2.622848	16.347
-1.4796166	-14.840459	-6.563704	16.387
-4.8865657	-6.0285997	0.019153614	16.447
-3.0825348	-10.845734	1.8902222	16.487
4.474763	-10.833763	-4.924873	16.547
-1.1731589	-8.811859	-1.7345991	16.587
0.50517654	-7.123947	-1.4101849	16.647
2.4660277	-7.311892	-2.9532478	16.687
1.4664485	-8.693346	-2.2828712	16.747
0.9959879	-9.646238	-4.462792	16.787
-1.5298948	-10.779893	-1.8219875	16.847
4.200627	-11.429919	0.7613561	16.887
4.643554	-11.127052	-1.8543092	16.907
-1.2485762	-11.5616	-4.560954	16.994
-1.9237411	-6.218939	-2.3415294	17.044
1.733402	-10.657789	0.06823475	17.09
-1.602918	-11.486182	-2.4013844	17.143
-0.272939	-7.691373	-1.555034	17.192
1.1599907	-6.944382	1.0785879	17.242
-0.93613285	-7.381324	-1.4939818	17.292
-2.1787236	-7.439982	0.80325466	17.342
-0.12449849	-8.1558485	1.532289	17.392
-0.7769185	-10.435128	0.5422867	17.443
-0.20470424	-11.543644	0.9660604	17.492
0.58657944	-17.002424	-1.1133038	17.542
-9.593566	-8.26239	-6.602011	17.592
1.7944542	-4.8099513	4.000711	17.643
-4.829105	-11.064803	-5.6658783	17.692
-6.8282633	-9.5385	-2.5929205	17.742
0.51235914	-7.2604165	2.3786395	17.792
-0.49679685	-7.4507556	-1.3215994	17.842
-0.35553896	-8.760384	-0.2705448	17.892
1.2797008	-8.748413	-0.7433996	17.922
1.352724	-9.809045	-0.2813187	17.993
0.39863458	-9.996989	-0.545878	18.042
2.9843724	-11.15698	1.7345991	18.092
0.78410107	-11.212047	-0.09935937	18.142
-0.688333	-13.360843	-5.0517654	18.192
-5.556942	-6.5230026	-5.273229	18.242
2.3175871	-10.56681	-1.6555905	18.292
4.212598	-12.23437	2.8814218	18.342
-0.1340753	-7.07726	-2.7246015	18.414
-0.03232172	-6.987478	-0.33399114	18.445
1.3718776	-7.6770077	1.0175357	18.492
-0.17956513	-6.92044	0.7146692	18.543
-1.0271125	-8.394072	1.1911154	18.592
-0.010773907	-11.61547	-0.11851298	18.642
-2.7700913	-10.381259	-0.40821138	18.692
-0.062249243	-15.030798	0.7505822	18.742
1.7741034	-11.930307	-6.0824695	18.792
-0.80325466	-4.5920787	1.4568717	18.843
-1.5646108	-11.724405	-1.8770541	18.892
-0.23223756	-10.845734	-2.7617116	18.947
0.36272156	-7.869741	1.553837	18.992
1.1085154	-7.5070195	-0.37708676	19.042
2.2709002	-8.92319	-1.7429788	19.092
1.4317327	-8.670602	-1.7262194	19.142
1.508347	-10.059238	-0.9828198	19.192
0.1352724	-11.016919	-1.9752164	19.242
0.16280572	-10.644621	0.05746084	19.292
3.2728736	-13.777433	-5.592855	19.342
-0.89064306	-4.7680526	-6.4739213	19.392
-1.2389994	-10.849325	-1.0606314	19.442
2.6850972	-12.301409	3.1280246	19.492
4.035427	-9.460688	-5.499481	19.542
-0.9864111	-10.506954	-5.4659624	19.592
-4.4903255	-8.396465	-2.327164	19.642
-1.7034745	-8.713697	-1.4377182	19.692
-3.277662	-8.669404	-1.4209588	19.742
-1.1240777	-8.239645	0.770933	19.793
-1.6795325	-8.6095495	-0.7398083	19.843
-2.2457612	-8.336611	1.8950106	19.892
1.8004397	-10.931925	1.2725182	19.948
-5.554548	-12.247539	-2.6839	19.992
-1.246182	-7.1371155	-0.79726917	20.042
-4.6459484	-11.553221	-2.552219	20.092
-3.192668	-11.063606	-0.16160862	20.144
1.0283096	-8.230068	-0.4417302	20.192
-1.8531121	-6.5337763	1.2785037	20.242
-0.46806642	-8.280347	-1.376666	20.292
1.0055647	-8.736442	-2.0590134	20.342
0.6871359	-8.280347	1.1563994	20.392
-0.6584055	-10.3932295	-0.8487445	20.442
2.907758	-11.190498	1.1348516	20.492
3.7217865	-12.494142	0.80445176	20.542
-0.9708488	-14.306552	-4.0186677	20.592
-4.4819455	-6.2129536	-5.805939	20.642
2.5210943	-10.712855	-0.90859956	20.692
3.846285	-14.268245	1.982399	20.742
-1.3275849	-8.25401	-3.027468	20.792
0.48243165	-6.715736	-0.31244332	20.842
0.7422025	-7.4148426	1.6292542	20.892
-1.8734628	-7.5764513	0.12449849	20.949
-0.05865794	-7.141904	1.9381063	20.992
-1.0055647	-10.245986	1.0570401	21.042
-1.70946	-11.15698	0.47046062	21.092
1.365892	-13.007698	2.5390508	21.142
-5.1367598	-12.235568	-4.735731	21.192
-2.4624364	-7.8769236	-2.2409728	21.242
-0.30406362	-7.845799	1.4772224	21.292
-5.4144874	-11.603498	-3.9228995	21.342
-0.58418524	-8.659827	2.6791117	21.392
0.5315128	-7.5070195	-0.2896984	21.442
-0.8535329	-8.48984	-0.5614403	21.492
0.7541735	-8.804677	-1.0366893	21.542
1.0319009	-8.8884735	-0.22266077	21.592
1.0462662	-9.607931	0.33638534	21.642
1.4341269	-10.642226	0.56982	21.692
-0.108936176	-10.730812	1.3204023	21.742
-2.621651	-11.7303915	-2.7868507	21.792
2.055422	-7.357382	-4.677073	21.842
-0.36272156	-11.890802	-2.6719291	21.892
1.0726024	-15.362395	0.700304	21.922
3.8151605	-9.0081835	-3.5793316	21.993
0.8475474	-7.8649526	0.25617957	22.042
0.25498247	-8.192958	-1.2629414	22.092
-0.29688102	-8.337808	-0.92057055	22.142
-1.0007763	-8.64666	-1.5215151	22.192
-1.6579847	-9.465476	-2.1811178	22.242
-1.2018893	-8.661025	1.8435353	22.292
0.9804256	-9.502586	1.2952632	22.342
1.5741876	-12.667721	-7.9810715	22.392
-7.351396	-7.9846625	0.02633622	22.442
-1.5981296	-10.896012	0.35314476	22.492
5.4623713	-9.96347	-3.5290532	22.542
-0.6823475	-8.707711	-3.669114	22.592
-2.124854	-6.8785415	-1.7513585	22.642
1.1563994	-8.47308	-4.8482585	22.692
1.6723499	-9.166202	-2.7940333	22.742
1.7130513	-8.9998045	-4.2760444	22.792
-0.25258827	-10.011354	-2.919729	22.842
2.1080947	-10.277111	-0.6452374	22.892
3.8031895	-9.31943	-1.8136078	22.922
-2.0219033	-11.007342	-6.6283474	22.992
-3.928885	-9.058462	-5.1930237	23.042
2.0482395	-13.545197	2.681506	23.092
-0.6967127	-12.782643	-2.0853498	23.143
-1.7717092	-9.680955	-3.7217865	23.192
0.7685388	-6.38773	1.934515	23.243
1.3215994	-6.223727	-0.39743748	23.292
-1.377863	-6.8893156	-0.51116204	23.342
-1.7705121	-7.40766	2.078167	23.392
-0.20709845	-11.064803	-0.061052144	23.453
0.47165772	-10.825383	0.5530606	23.492
1.7944542	-13.866019	1.2234371	23.543
-10.156203	-12.7096195	-3.2752678	23.592
1.3730747	-5.4791307	0.7062895	23.643
-3.9959226	-8.854955	0.5638345	23.692
-7.2711906	-9.991004	-5.019444	23.742
1.0378864	-7.631518	3.776853	23.792
-0.31244332	-6.0585275	-0.89902276	23.843
-1.1480197	-8.702923	-1.3634979	23.892
0.7769185	-9.108741	-1.543063	23.923
1.8794483	-8.62152	0.9864111	23.993
0.047884032	-10.867282	-0.63087213	24.042
2.4672248	-11.285069	0.07062895	24.093
-0.320823	-10.102334	1.5011644	24.142
0.30765492	-13.119028	-4.6399627	24.192
-3.5817258	-6.8486137	-6.8689647	24.242
2.7581203	-11.811794	1.1252748	24.292
3.228581	-11.949461	-0.47165772	24.342
0.2801216	-8.121132	-5.6766524	24.392
0.07062895	-7.553706	2.0697873	24.442
2.2828712	-7.511808	-0.22385786	24.492
0.12928689	-7.0808516	-0.9504981	24.542
-1.6699557	-8.8645315	-1.5921441	24.592
-3.0178912	-10.887632	-1.4652514	24.642
-2.1260512	-7.795521	2.8862102	24.692
7.1275387	-14.310143	-0.93972415	24.742
-2.3894134	-12.354081	-10.144233	24.792
-5.378574	-7.5549035	2.4025815	24.842
1.0390835	-11.963826	0.062249243	24.892
-1.5023615	-10.868479	-4.4448357	24.922
1.673547	-7.523779	-0.2681506	25.004
2.695871	-6.6630635	-1.8004397	25.042
0.1328782	-6.7743936	-1.1899183	25.092
1.899799	-12.204443	-3.5553896	25.142
2.0099323	-10.176555	-3.2321723	25.192
0.2681506	-9.053674	-0.58777654	25.242
3.369839	-12.455834	-3.1112652	25.292
2.3223755	-9.150639	-4.820725	25.342
-2.2876596	-6.7229185	-1.9692309	25.392
2.9652188	-14.91468	0.50637364	25.442
1.2473791	-11.9614315	-7.8410106	25.492
-3.41892	-10.828975	-6.7624226	25.542
-1.2988545	-6.453571	0.48602295	25.592
-0.20470424	-6.1902084	-2.12246	25.642
-3.5242648	-7.359776	-1.1899183	25.692
-2.4301147	-8.066066	0.12210429	25.742
-2.36188	-9.414001	0.6607997	25.792
0.46327803	-9.639056	1.5035586	25.842
-0.14604631	-14.539987	-1.2066777	25.892
-2.1787236	-14.638149	-1.9859903	25.923
-4.687847	-7.08564	-0.89662856	25.992
-6.6726403	-11.467029	-1.389834	26.042
-1.4796166	-9.792285	-1.271321	26.092
-2.3870192	-7.704541	0.6631939	26.146
-1.198298	-6.3422403	-0.93972415	26.192
0.8607155	-8.540117	-2.4839842	26.243
0.6691794	-8.173804	-0.5638345	26.292
-0.22744916	-8.719683	-0.092176765	26.342
0.6560113	-11.654974	-1.532289	26.392
2.9747956	-10.526108	1.4676456	26.442
-0.8678981	-14.028825	-2.7665	26.492
-3.681085	-9.178172	-5.4683566	26.542
2.2170308	-11.127052	-4.320337	26.592
5.2840033	-15.269021	0.7194576	26.642
-0.439336	-7.6363063	-1.3347675	26.693
1.0869676	-6.227319	0.18794483	26.742
0.3196259	-7.025785	0.034715924	26.792
-1.5107412	-7.675811	-0.08379706	26.842
0.08140286	-7.7967176	2.0638018	26.892
0.23582886	-8.933964	1.2533646	26.933
-2.658761	-12.107478	0.0011971008	26.992
-1.5286977	-16.23987	0.8283938	27.042
-0.7637503	-12.460623	-7.1826053	27.092
-0.5327099	-6.4152637	2.0207062	27.142
-4.0066967	-7.27957	-0.9600749	27.192
-1.4101849	-11.317391	-2.3535004	27.242
0.842759	-8.579621	0.78170687	27.292
0.16280572	-7.3525934	0.37110126	27.342
1.2186487	-8.346188	-0.12808979	27.392
0.7230489	-9.41041	-1.4030021	27.442
0.18315643	-9.599552	0.19393034	27.492
1.1755531	-10.603919	0.076614454	27.543
-0.7685388	-9.935937	-1.9572599	27.593
-1.483208	-9.027337	-1.0307038	27.643
1.6627731	-11.419145	-4.631583	27.692
0.1400608	-13.794193	-2.0973208	27.743
2.8263552	-11.542446	0.007182605	27.792
3.4093432	-7.9128366	-2.895787	27.842
1.0809821	-8.129512	-1.0606314	27.892
0.49559975	-10.466252	-4.325125	27.932
-0.9588778	-8.8645315	-3.539827	27.992
-2.3822308	-8.388085	-2.5917234	28.042
-2.802413	-8.349778	-2.5845408	28.092
-2.9113493	-7.171831	0.22026655	28.142
0.142455	-9.710882	0.2825158	28.192
1.9393034	-12.633005	-6.10282	28.242
-6.6187706	-7.0545154	-2.2589293	28.292
1.9716251	-12.483368	2.7569232	28.342
2.48159	-11.303026	-3.6822822	28.392
-3.9444473	-9.107543	-0.0011971008	28.442
1.2976574	-6.6762314	-1.198298	28.492
2.1547816	-7.4136457	-1.4101849	28.542
-1.9740193	-8.752005	-4.1683054	28.592
-1.0869676	-8.590396	-3.4739866	28.642
4.2999864	-11.751939	0.47405192	28.692
4.653131	-12.891579	-0.02873042	28.742
-2.0350714	-13.996503	-5.959168	28.792
-4.7417164	-7.9906483	-6.897695	28.842
1.0977415	-11.063606	-1.4257472	28.892
-0.92416185	-11.646594	2.0410569	28.932
0.05267244	-7.4004774	-1.3802572	28.992
0.5303157	-6.967127	-0.2861071	29.042
0.015562311	-6.634333	0.8583213	29.092
-1.7190368	-7.445967	0.9624691	29.142
-0.8643068	-7.7488337	1.6496049	29.196
-1.1695676	-9.97185	0.5734113	29.242
-0.6392518	-11.244369	0.6979098	29.292
0.9995792	-15.793351	0.06943185	29.342
-8.325836	-13.831304	-3.0298622	29.392
-0.35913026	-4.7429137	-0.0035913025	29.442
-3.657143	-10.447099	0.78888947	29.492
-6.8426285	-9.534908	-2.243367	29.542
1.5215151	-6.955156	1.5107412	29.592
0.15801731	-6.8067155	-0.2753332	29.642
-0.015562311	-9.299079	-0.89423436	29.692
2.873042	-8.561666	-0.20709845	29.742
2.837129	-8.36175	1.8770541	29.792
0.6739678	-11.013328	-1.0785879	29.842
0.05865794	-11.839328	-1.0342951	29.892
-1.0055647	-9.627085	1.7860745	29.932
-0.08738836	-10.266336	-5.8238955	30.004
-0.8367735	-8.22528	-6.9767036	30.042
2.754529	-13.160927	-0.8391677	30.092
3.0442274	-10.307038	0.62728083	30.142
1.8136078	-6.9826894	-2.8203697	30.192
-0.18914193	-8.222886	-0.008379706	30.242
0.760159	-8.759187	-1.7274165	30.292
-0.9672575	-6.945579	0.074220255	30.342
-0.7529764	-8.076839	-1.1312603	30.392
-1.3156139	-10.359711	-1.602918	30.442
-1.377863	-9.299079	1.6412252	30.492
3.6715083	-14.514848	-0.81881696	30.542
-0.30526072	-13.621811	-8.3821	30.592
-5.1487308	-6.2105594	0.088585466	30.642
-1.043872	-10.07121	-1.3204023	30.692
-0.023942016	-10.052056	-4.674679	30.742
1.4796166	-7.395689	0.34835634	30.792
1.2150574	-7.872135	-1.5239093	30.842
1.3000516	-9.084799	-3.6727054	30.892
-0.35194764	-9.824607	-3.3650506	30.932
0.8295909	-9.403227	-1.3874398	30.992
0.62129533	-9.320627	-2.956839	31.042
1.6292542	-11.942278	-3.5446155	31.092
2.0326772	-11.821371	-4.381389	31.145
0.6943185	-7.0066314	1.0450691	31.202
-1.1001357	-5.379771	0.06823475	31.242
3.515885	-16.27339	-4.9296613	31.294
-1.7034745	-8.728063	-6.113594	31.342
-0.2717419	-7.089231	2.3570917	31.392
-0.91219085	-9.574412	-2.89459	31.442
-4.818331	-6.955156	-3.3494883	31.492
-2.5833437	-7.0593038	3.1854854	31.542
-0.5793968	-8.92319	-0.760159	31.592
-1.2557588	-9.672575	0.46806642	31.642
0.1364695	-10.17416	1.9931729	31.692
-6.9491706	-15.415068	-3.1471782	31.742
-1.1563994	-9.156625	-4.036624	31.792
-6.435614	-9.001001	0.22385786	31.842
-5.6407394	-9.416395	0.023942016	31.892
0.7038953	-8.267179	0.36870706	31.933
-1.0965444	-5.839458	0.6548142	31.992
-0.8523358	-8.1558485	-1.5849615	32.043
0.5410896	-8.995016	-0.38307226	32.092
0.29568392	-8.495825	0.05746084	32.142
0.7326257	-11.054029	-0.52073884	32.186
2.244564	-11.791444	-0.20470424	32.243
0.06703765	-12.582727	-1.3395559	32.292
-2.2170308	-11.235989	-5.693412	32.342
-5.437232	-9.928755	-5.3235073	32.392
4.981137	-14.762648	2.4253263	32.442
1.5095441	-8.158242	1.0151415	32.492
0.12330139	-6.7348895	-0.60094464	32.542
0.92057055	-6.281188	1.1456255	32.592
-1.1312603	-6.8450227	0.80086046	32.643
-1.4041992	-7.467515	1.8830396	32.692
-0.17357962	-8.412027	0.89902276	32.742
-2.8993783	-11.992557	0.89782566	32.792
1.6747441	-9.902418	4.35625	32.842
-0.9935937	-18.351557	-2.1284454	32.892
-8.076839	-10.17416	-8.161834	32.932
2.1894975	-5.543774	3.5625722	32.992
-1.7525556	-11.74715	-4.367024	33.044
-2.111686	-10.433931	-2.5677812	33.093
-0.20590134	-8.024167	1.1288661	33.143
0.39863458	-7.183802	-0.80086046	33.192
0.7410054	-8.566454	-1.7202339	33.242
0.81402856	-8.717288	-1.3156139	33.292
0.50158525	-10.336966	-0.59735334	33.342
-0.92895025	-11.751939	-1.0869676	33.392
-0.36152446	-7.7847466	0.077811554	33.442
-0.93972415	-10.510546	-3.8391025	33.492
1.2425907	-15.197195	-4.697424	33.542
1.8674773	-12.002133	-0.45250413	33.592
3.5541923	-7.929596	-1.4065934	33.642
1.1899183	-7.73806	-2.3654714	33.692
-0.93254155	-10.5440645	-6.0728927	33.742
-2.1631613	-9.15423	-4.915296	33.792
-1.4041992	-8.913613	-0.14724341	33.842
-1.0019734	-8.366538	-2.9939492	33.892
-1.5610195	-8.213309	-2.542642	33.932
-0.19393034	-8.942344	-0.23463176	33.988
-1.9369092	-12.49055	-1.496376	34.043
-3.4859576	-12.081141	-3.4703953	34.092
-2.043451	-6.265626	-1.5981296	34.145
-4.8135424	-11.2132435	-1.6915035	34.192
-0.92655605	-11.895591	-3.8738184	34.242
-1.2054806	-8.295909	0.6464345	34.293
-1.6867151	-7.7572136	-1.6053122	34.343
-0.16519992	-7.928399	-2.2505496	34.392
0.10414778	-8.287529	-2.4516625	34.442
0.29927522	-8.872911	-1.9680338	34.492
0.82480246	-9.880871	-1.6172832	34.542
0.80924016	-11.633426	-1.6484078	34.592
3.2944214	-10.827777	-0.8798691	34.642
0.60094464	-12.437878	-4.0222588	34.692
-3.903746	-8.917204	-3.8965633	34.742
-2.0219033	-8.941146	-2.0841527	34.792
2.5019407	-13.873201	-0.61171854	34.842
-0.85473	-8.66701	-3.3925838	34.892
-0.2765303	-6.5589156	-0.4357447	34.932
1.3204023	-7.0449386	0.93014735	34.988
-2.1667526	-7.559692	-0.82240826	35.044
-0.5422867	-7.81228	1.7884687	35.095
-0.9624691	-9.431957	1.2425907	35.145
-1.328782	-9.838972	1.270124	35.187
1.3227965	-12.313379	1.555034	35.245
-5.1798553	-18.098969	-3.4332852	35.294
-1.9692309	-4.758476	-4.274847	35.344
0.9540894	-7.8793178	5.291186	35.386
-7.711724	-11.596316	-5.57849	35.446
-2.1679497	-8.938752	1.9608512	35.487
-0.20111294	-6.6642604	-0.521936	35.544
-0.79248077	-8.021772	-0.8774749	35.594
1.6962919	-8.814254	-0.6919243	35.644
2.0697873	-8.22528	-0.1328782	35.692
0.4369418	-9.8198185	-0.35553896	35.742
2.067393	-11.7303915	0.7134721	35.792
0.45370123	-10.323798	-0.6919243	35.842
-2.337938	-12.492945	-4.209007	35.892
-0.6907272	-7.5321584	-4.9799395	35.932
0.2801216	-10.178948	0.4333505	35.993
3.58412	-14.936227	-1.0007763	36.042
1.5562311	-8.440758	-4.402937	36.092
2.542642	-7.953538	0.7194576	36.142
1.5574282	-8.668207	-3.9504328	36.191
0.33758244	-7.3322425	-2.657564	36.242
-2.8299465	-8.289924	-2.1883004	36.292
-0.044292733	-10.010158	-3.3877954	36.342
-0.8702923	-8.991425	-1.2785037	36.402
-2.4181437	-8.094796	0.48841715	36.442
0.78529817	-8.573636	1.6089035	36.492
2.315193	-17.493235	-1.9369092	36.542
-5.130774	-6.18542	-12.319365	36.592
-4.9775453	-7.076063	7.524976	36.642
3.3686419	-11.055226	-3.7241807	36.692
-0.39504328	-9.012972	-2.873042	36.742
-1.7369933	-7.902063	0.14844051	36.792
0.22625206	-7.904457	-2.1571758	36.842
-0.45489833	-9.244013	-2.3199813	36.892
-1.567005	-9.139865	-2.4013844	36.942
0.92775315	-9.131485	-0.93373865	36.998
0.8367735	-11.6669445	-1.8722657	37.045
3.728969	-11.872847	-1.401805	37.095
1.614889	-12.568362	-3.4871547	37.145
-1.8064252	-11.480197	-3.4237084	37.187
0.9720459	-9.069236	-1.8818425	37.247
0.025139118	-14.411897	-2.0446482	37.287
-2.0709844	-9.775525	-3.5290532	37.347
0.79008657	-7.5094137	0.08020575	37.386
1.4939818	-7.0461354	-0.58777654	37.446
-1.364695	-7.3310456	-2.1499932	37.486
-2.719813	-6.612785	1.8483237	37.552
-0.2753332	-7.442376	2.5689783	37.592
-1.1552023	-10.726024	0.039504327	37.652
0.41180268	-11.291056	2.3666685	37.692
-2.9987376	-17.338808	-1.3718776	37.743
-2.9831753	-7.750031	-4.1683054	37.794
-2.9005754	-8.277952	0.5614403	37.844
-7.0245876	-10.231621	-5.433641	37.894
-2.005144	-8.525752	1.9237411	37.942
-0.81761986	-7.764396	-0.23942018	37.994
-0.7134721	-7.2723875	-0.08140286	38.052
1.3946224	-9.077616	-0.62608373	38.092
1.8543092	-8.4347725	-0.22864626	38.142
0.7733272	-8.9602995	0.44651863	38.192
1.2066777	-10.988189	0.039504327	38.246
2.8419175	-11.694478	0.6823475	38.292
-1.9740193	-12.703634	-1.9871874	38.342
-0.9564836	-10.891224	-3.9731777	38.392
-3.1136594	-6.859388	-4.471172	38.442
6.4128695	-16.564285	1.5921441	38.492
2.110489	-11.256339	-1.4748282	38.542
0.35673606	-7.025785	-2.5246856	38.592
0.79846627	-7.313089	1.5286977	38.642
1.2473791	-7.69257	-0.9624691	38.692
-0.80564886	-7.9726915	0.81283146	38.742
-1.1647792	-8.793902	-0.40342298	38.792
-0.7062895	-8.747216	0.6991069	38.842
-1.364695	-9.974244	2.0458453	38.892
2.5210943	-12.253524	1.5861586	38.942
-4.80636	-13.280637	-7.0569096	38.993
0.6596026	-4.689044	-0.35434186	39.052
1.6244658	-9.238028	5.3498435	39.092
-0.47884035	-11.695675	-6.0142345	39.142
-0.85473	-8.9519205	0.027533319	39.192
0.5386954	-7.3286514	0.31603462	39.242
2.2517467	-8.158242	-2.2876596	39.292
-0.1400608	-6.803124	-1.9093759	39.342
-0.50158525	-11.495759	-2.8083985	39.392
0.3172317	-11.683704	0.7697359	39.442
0.6991069	-9.866506	0.47046062	39.492
1.4520833	-10.181343	-4.975151	39.542
0.94092125	-12.372037	-0.6572084	39.592
-0.60932434	-13.8241205	0.9900024	39.642
4.068946	-9.222465	-4.4879313	39.692
1.2665327	-6.7684083	0.5351041	39.742
-1.4305356	-9.343372	-3.3782187	39.792
-5.4791307	-7.6291237	-3.3554738	39.842
-2.3630772	-7.3873096	1.9189527	39.892
-1.4760253	-8.336611	-0.11851298	39.942
-0.7086837	-10.26514	-0.08020575	39.993
0.7062895	-10.700885	2.493561	40.042
-0.9959879	-14.352042	-0.32321724	40.092
-4.8386817	-9.853337	-1.7405846	40.142
0.5746084	-7.8182654	-2.1200657	40.192
-7.553706	-9.679757	-2.5713725	40.242
-5.7389016	-9.90601	0.027533319	40.292
1.5346833	-7.759608	0.92416185	40.342
-0.91219085	-6.2165446	-0.08259996	40.392
-1.6196774	-9.041702	-2.0446482	40.442
0.11731588	-8.784326	-2.3523033	40.492
1.1971009	-8.508993	2.421735	40.542
-0.8798691	-11.810597	-0.90500826	40.592
3.8367083	-10.670957	1.3180081	40.642
2.0697873	-12.966996	-0.59136784	40.692
-2.457648	-12.806585	-5.7125654	40.742
-4.10845	-6.0704985	-4.4304705	40.792
5.9771247	-14.087482	1.9883845	40.842
1.0187328	-10.084377	-1.2988545	40.892
-1.3850456	-6.745663	-1.7932571	40.942
0.85473	-6.2345014	2.456451	40.993
-0.56982	-6.895301	0.30166942	41.042
-0.5446809	-7.529764	1.6328455	41.092
-0.12449849	-8.834604	0.35553896	41.142
-2.6479871	-11.876437	1.7010803	41.192
-1.6376339	-11.9746	2.0733786	41.242
-3.7313633	-16.870743	-4.1335893	41.292
-0.2645593	-7.169437	-4.187459	41.352
0.4417302	-7.4746976	2.767697	41.392
-5.043386	-11.398794	-4.249708	41.442
-0.08379706	-8.303091	0.62129533	41.492
0.34476504	-7.3729444	0.46447513	41.542
1.1911154	-7.917625	-0.33399114	41.592
1.0582372	-8.949526	-1.2066777	41.642
0.90620536	-8.738836	-0.5650316	41.692
-1.1348516	-10.431537	-0.91338795	41.742
-0.06823475	-10.3692875	1.4856021	41.802
-0.7781156	-9.76954	-1.0737995	41.842
-0.6655881	-10.155006	-3.807978	41.892
3.0226796	-8.859743	-4.5034933	41.942
4.3873744	-16.163256	1.7130513	41.993
3.309984	-12.185289	-1.0486604	42.042
3.4392707	-6.4164605	-2.765303	42.091
0.8295909	-9.14226	0.45130703	42.142
-0.5422867	-10.394426	-5.470751	42.192
-1.1348516	-8.234857	-2.5941176	42.242
-1.8854338	-7.309498	0.053869538	42.292
-1.5370775	-8.53054	-1.6472107	42.342
-2.3020248	-9.378088	-0.06464344	42.392
0.5363012	-9.787497	3.8139634	42.442
0.79846627	-16.836027	-2.372654	42.502
-1.7932571	-8.24204	-6.827066	42.552
-2.1691468	-5.2768207	2.8550856	42.592
-0.8367735	-12.0967045	-2.9101522	42.642
2.7880478	-10.290278	-2.6408045	42.702
-1.7525556	-6.944382	-1.6771383	42.742
-0.82719666	-7.1371155	-1.2090719	42.792
-1.1803415	-10.456676	-3.1962593	42.842
0.10414778	-9.233239	-0.80086046	42.892
0.17836803	-10.113108	-1.4389153	42.942
3.1854854	-12.324153	0.038307227	42.992
3.1292217	-11.4598465	-1.3120226	43.045
0.33877954	-12.710816	-6.4128695	43.095
-3.4272997	-7.289147	-9.269152	43.145
0.81163436	-11.207258	-0.7649474	43.195
1.1049241	-9.192537	0.33638534	43.246
-0.51355624	-6.8043213	-0.9696517	43.287
0.89902276	-8.7771435	-1.9716251	43.346
-0.9576807	-8.37013	-1.3874398	43.387
-2.1428106	-7.1945763	0.92895025	43.446
-0.08499416	-7.8422074	1.2521675	43.494
0.19393034	-10.0341	0.81402856	43.544
-1.6699557	-9.985018	0.23582886	43.594
-1.3060371	-17.126923	-1.2725182	43.644
-8.919599	-11.553221	-5.919664	43.692
1.5478514	-4.7046065	3.9336734	43.742
-3.9432502	-10.081984	-3.1184478	43.792
-6.033388	-8.579621	-2.7940333	43.842
1.3251907	-7.5920134	3.1316159	43.892
-0.37708676	-7.132327	-1.7310078	43.942
-1.0594343	-9.149442	-0.5494693	43.993
1.4161704	-8.935161	-1.0043676	44.042
1.6675615	-8.163031	0.6907272	44.092
0.5398925	-9.983821	-0.35434186	44.142
2.445677	-11.453861	0.7038953	44.192
1.1671734	-10.800244	0.11492168	44.252
-1.6915035	-11.648989	-6.8330517	44.302
-5.0493712	-6.92044	-6.3925185	44.342
2.2134395	-11.352107	0.32800564	44.392
4.0581717	-12.082339	1.8327614	44.442
0.35194764	-7.2843585	-3.9252937	44.492
-0.16280572	-6.999449	0.7445967	44.542
1.7298107	-8.423999	-0.8846575	44.592
-0.91219085	-7.007828	-0.6667852	44.642
-1.3587095	-8.0924015	0.7721301	44.692
-1.3718776	-9.734824	1.1755531	44.742
-1.0989386	-11.196485	0.62129533	44.792
2.5737667	-11.032481	2.0721815	44.842
-3.6355953	-16.774975	-4.662708	44.892
-0.89782566	-7.642292	-5.153519	44.942
-1.1013328	-8.831013	-0.16280572	45.003
-0.05267244	-11.750742	-3.7301662	45.042
0.015562311	-8.467094	-1.3192052	45.092
-0.6392518	-7.0449386	0.11133038	45.142
2.1799207	-9.11712	-2.0913353	45.192
0.6955156	-8.645462	-1.8890251	45.242
-0.9804256	-10.135853	-1.3551182	45.292
0.32202014	-10.323798	-1.9835961	45.342
0.427365	-9.77792	1.1623849	45.392
1.7884687	-11.648989	-3.264494	45.442
-1.9416976	-9.39365	-4.844667	45.492
-0.9660604	-5.6682725	0.2861071	45.542
6.2967505	-17.787722	4.19943	45.592
-1.0893618	-10.308235	-4.961983	45.642
1.1085154	-7.4256167	-3.3734303	45.692
2.4983494	-8.568848	0.6775591	45.742
-2.4396915	-8.384495	-5.0254292	45.792
-3.144784	-7.9367785	0.5805939	45.842
-1.9213469	-8.724471	-1.0498575	45.892
-2.2541409	-8.568848	0.23822308	45.942
-0.30166942	-8.932767	2.03148	45.992
-0.6811504	-14.7794075	-1.8986019	46.052
-1.1827357	-8.983045	-3.5649664	46.092
-1.7585411	-7.2951326	2.6922798	46.142
0.022744916	-13.705607	-5.351041	46.192
-0.6332663	-8.89446	0.23343466	46.242
-1.4796166	-6.615179	0.4177882	46.292
1.5658079	-8.599973	-1.9165585	46.342
0.23343466	-9.095572	-2.5809495	46.392
-0.36152446	-8.963891	-1.198298	46.442
0.5374983	-10.116699	-1.8806454	46.492
4.4484267	-12.299014	0.08499416	46.542
1.8016368	-11.7543335	-1.6938977	46.592
-2.5833437	-13.195642	-5.2157683	46.642
-5.946	-7.7093296	-5.3462524	46.702
0.24899697	-11.294646	-0.9756372	46.742
2.136825	-12.070368	0.6859388	46.792
-0.7086837	-7.667431	-2.754529	46.842
0.08140286	-6.879739	-0.12569559	46.892
0.78529817	-7.0365586	0.80325466	46.942
-0.8607155	-8.579621	0.5710171	46.994
-0.1316811	-8.42759	1.2126632	47.042
-0.90141696	-8.763975	1.3347675	47.092
-2.1380222	-12.673707	2.695871	47.142
0.2705448	-18.053478	-1.7741034	47.192
-8.259995	-8.605958	-6.8162923	47.242
2.8060043	-6.96593	5.0385976	47.292
-1.9057846	-10.365696	-5.8598084	47.343
-5.5042696	-8.917204	0.8559271	47.392
-0.15442601	-7.848193	0.8511387	47.442
0.079008654	-7.21373	-0.39743748	47.492
0.61530983	-8.525752	-0.1412579	47.542
1.1408371	-8.441956	-1.2162545	47.592
-0.2825158	-9.624691	-0.50038815	47.642
1.2617443	-11.71004	-0.29328972	47.692
2.954445	-10.737994	-0.088585466	47.742
-1.198298	-11.973403	-2.9963434	47.792
-2.4025815	-9.038112	-4.2197804	47.842
0.30765492	-10.444705	-2.5258827	47.892
5.4049106	-13.585897	2.2397757	47.942
1.5969325	-8.191761	-5.3474493	47.994
-2.256535	-8.3150625	-3.7337575	48.042
0.44532153	-7.4363904	-0.007182605	48.092
1.4748282	-7.762002	-0.16519992	48.142
-1.3814543	-8.189367	-2.2421699	48.192
-1.7645266	-7.8517847	-2.7222073	48.242
-1.9057846	-11.220427	0.9576807	48.292
2.4061728	-8.3150625	2.1751323	48.342
4.554969	-13.055582	-2.12246	48.392
-7.3669586	-8.752005	-11.149797	48.442
-3.2668881	-6.685808	1.4460979	48.492
1.7681179	-9.949105	2.9520507	48.542
-1.4532804	-9.399636	-6.8905125	48.592
-0.9923966	-7.5788455	0.61770403	48.642
1.9009962	-8.643068	-1.7741034	48.692
0.41180268	-9.129091	-2.8574798	48.742
0.5374983	-8.738836	-1.1049241	48.792
0.521936	-9.639056	-1.8842367	48.842
-0.700304	-10.123882	-1.8183962	48.891
4.2760444	-11.581951	0.3196259	48.942
0.14724341	-11.839328	-4.1455603	48.992
-2.5103204	-7.8050976	-4.1934443	49.042
2.8670566	-6.703765	-0.22984336	49.092
2.0721815	-14.865599	0.020350715	49.142
-2.8682537	-10.802638	-5.708974	49.192
-0.2717419	-8.662222	-0.8714894	49.242
1.353921	-8.431181	1.6065093	49.292
-1.2198458	-8.214506	-3.1004913	49.342
-3.5936968	-6.027403	1.1384429	49.392
-1.4065934	-7.9331875	1.9512744	49.442
0.5482722	-9.653421	-0.6979098	49.492
0.20470424	-11.496957	2.5797524	49.542
-4.39336	-16.760609	-1.8255788	49.592
-2.5019407	-8.737639	-3.2836475	49.642
-3.016694	-7.079654	0.9588778	49.692
-7.6410947	-10.33098	-3.41892	49.742
-1.151611	-9.427169	0.78290397	49.792
-0.81043726	-7.3346367	0.061052144	49.842
-1.5298948	-7.023391	0.059855044	49.892
0.06584055	-8.948329	-1.3802572	49.942
1.1121067	-8.91481	-0.6488287	50.003
0.4369418	-8.9519205	0.48841715	50.042
1.3922282	-11.759122	0.21906945	50.092
3.9097314	-10.885238	1.0953473	50.142
-0.08259996	-14.343662	-2.8898015	50.192
-7.603985	-9.284714	-6.8127007	50.242
-2.8634653	-8.349778	-4.5884876	50.292
6.9288197	-13.204022	4.152743	50.342
-0.8355764	-7.6123643	-2.0326772	50.392
-0.78290397	-7.204153	-2.1272483	50.442
0.21667525	-6.9850836	2.2098482	50.492
-0.62608373	-7.2604165	0.11731588	50.542
-0.65242	-7.6770077	0.60214174	50.592
-0.24061728	-10.159795	1.0283096	50.642
-1.0534488	-12.509704	1.0019734	50.692
-1.2413936	-13.907918	0.18076223	50.742
-1.5837644	-11.468226	-7.6722193	50.792
1.1408371	-6.1387334	-0.60333884	50.842
-2.5103204	-9.619903	-1.2378023	50.892
-1.7010803	-11.574768	-6.0345855	50.942
-0.2873042	-7.8302364	0.6332663	50.992
-0.47285482	-7.0593038	-0.8283938	51.042
0.016759412	-8.488642	-3.2190042	51.092
0.1388637	-8.625112	-0.9684546	51.142
0.6596026	-9.329007	-1.1671734	51.192
0.05626374	-12.192472	-0.545878	51.242
0.9983821	-10.19092	0.16879122	51.292
0.40102878	-9.36492	-0.91817635	51.342
1.4293385	-10.287885	-3.9935284	51.392
-0.91578215	-8.072051	-4.250905	51.442
-0.23343466	-15.713146	-0.31483752	51.492
3.0933087	-9.281123	-2.980781	51.542
2.2014685	-8.136695	-0.08499416	51.592
1.3192052	-9.755175	-2.1547816	51.642
-0.6859388	-9.082404	-4.4220905	51.692
-2.2972364	-8.244433	-0.021547815	51.742
-0.6512229	-8.91481	-2.5103204	51.792
-3.0801406	-7.290344	-1.067814	51.842
-0.94331545	-8.507795	3.0992942	51.892
-0.108936176	-13.905523	-4.2916064	51.942
-4.2676644	-7.0006456	-2.3259668	51.992
-1.1923125	-8.307879	4.368221	52.042
0.16519992	-11.787852	-4.292804	52.092
0.1436521	-8.759187	0.82001406	52.142
0.038307227	-6.9719152	-0.50158525	52.192
1.5861586	-8.352173	-2.1823149	52.242
0.92895025	-9.136273	-2.8335378	52.292
-0.20829555	-9.999383	-2.4480712	52.342
-0.6703765	-10.699687	-3.1675289	52.392
3.2477345	-10.395624	-0.2681506	52.442
3.738546	-12.516887	-2.6803088	52.492
-5.7281275	-11.409568	-3.156755	52.542
-3.1052797	-7.8039002	-2.6144683	52.592
0.5470751	-11.058818	-0.050278235	52.642
-0.094570965	-12.896367	0.92057055	52.692
-0.02633622	-7.9834657	-2.3355439	52.742
0.1328782	-6.7372837	0.60333884	52.792
-0.62608373	-7.0209966	0.5231331	52.842
-1.2940661	-8.06008	0.6500258	52.892
-0.5530606	-8.277952	1.7561469	52.942
-1.0881647	-9.522937	0.8331822	52.992
-0.81402856	-13.326127	1.7381904	53.042
-4.8614264	-17.405846	-2.1559787	53.102
-2.1559787	-5.483919	-2.9735985	53.142
-1.1085154	-9.41041	1.127669	53.202
-7.7691846	-10.520123	-5.5126495	53.242
-0.866701	-8.616732	1.9632454	53.292
-1.1827357	-6.7360864	0.48123455	53.344
-0.9720459	-6.805518	0.34476504	53.392
0.36272156	-9.220071	-1.127669	53.442
1.4556746	-8.429984	-0.142455	53.492
0.664391	-9.600749	0.15682021	53.542
0.47285482	-12.37922	-0.35793316	53.602
2.9412768	-10.275913	1.769315	53.642
-1.151611	-13.363236	-4.0737343	53.692
-4.1718965	-6.8438253	-5.2289367	53.742
0.16160862	-10.493786	-3.2309752	53.792
1.8076223	-13.018472	1.79206	53.842
1.3706805	-7.6291237	-2.9963434	53.892
1.3156139	-7.1981673	-0.79008657	53.942
0.6512229	-8.505402	-0.06943185	53.992
-0.015562311	-7.809886	-1.0845734	54.042
0.06584055	-7.9595237	-0.45130703	54.092
-1.3215994	-8.1558485	-0.2669535	54.142
-1.9967642	-10.596737	1.7274165	54.192
2.15957	-11.686098	1.3455414	54.242
-1.8722657	-13.39915	-9.601946	54.293
-1.6424223	-6.4751186	-6.645107	54.343
-1.1109096	-8.66701	4.337096	54.392
-1.816002	-10.0029745	-5.5030727	54.442
1.1085154	-8.431181	-1.1312603	54.492
1.2844892	-7.6602483	-1.5753847	54.542
1.234211	-9.148245	-2.7593174	54.592
1.3395559	-9.31943	-2.541445	54.642
-0.748188	-9.811439	-1.8327614	54.692
1.448492	-9.976639	-0.7493851	54.742
1.8842367	-10.984597	-0.47165772	54.792
1.0929531	-12.998121	-3.5302503	54.842
-3.369839	-9.113529	-7.8589673	54.892
0.8523358	-4.056975	-0.89782566	54.943
4.8733974	-16.565481	3.4763808	55.004
-2.31639	-10.484209	-4.155137	55.042
2.9400797	-7.949947	-2.7724855	55.092
1.3323733	-8.607155	1.1767502	55.142
-4.6399627	-8.89446	-3.6727054	55.192
-3.441665	-8.145074	1.0055647	55.242
-0.21906945	-8.435969	0.78290397	55.292
-0.6943185	-9.217676	-0.073023155	55.342
0.25258827	-9.147048	1.8243817	55.392
-3.0190883	-14.929045	-0.48722005	55.442
-2.621651	-8.297106	-2.2577322	55.492
-0.5363012	-7.8793178	-2.6048915	55.542
-8.512584	-10.059238	-2.2744915	55.592
-1.210269	-10.366894	-0.50637364	55.642
-0.15203181	-8.450335	-0.90261406	55.692
-2.7760768	-7.619547	0.6907272	55.742
-0.8738836	-7.645883	-1.3239936	55.792
-0.62488663	-8.7532015	-1.6065093	55.842
0.3866636	-8.913613	0.48482585	55.892
0.094570965	-9.830592	-0.18794483	55.943
2.6264393	-10.729615	0.7721301	55.992
0.5746084	-13.012486	-1.8830396	56.042
-4.134786	-12.053609	-5.1583076	56.102
-3.1232362	-8.280347	-4.7405195	56.142
3.881001	-15.58745	-0.019153614	56.192
-0.32321724	-7.839813	-1.9177556	56.242
1.1061212	-7.0341644	0.60333884	56.292
0.9600749	-6.872556	0.5626374	56.342
-1.7238252	-7.539341	-0.079008654	56.392
-0.8391677	-7.6889787	1.3587095	56.442
-0.521936	-9.368511	1.3120226	56.492
-0.81163436	-10.939108	0.6859388	56.542
-1.5442601	-11.186908	1.7405846	56.592
-3.4680011	-16.46253	-2.5929205	56.642
1.2066777	-7.8146744	-5.7736173	56.692
-1.0115502	-6.89171	3.4153287	56.742
-5.8478374	-11.019313	-4.301183	56.792
0.30885202	-9.058462	0.4225766	56.852
0.25857377	-7.4842744	0.5351041	56.892
0.061052144	-8.275558	-0.4429273	56.942
1.3922282	-8.803479	-0.60573304	56.995
1.1839328	-8.668207	-0.35793316	57.052
-2.1188686	-9.944317	-0.4369418	57.092
-0.59855044	-10.905589	-0.077811554	57.142
0.017956512	-9.925163	0.21667525	57.192
-1.6531962	-12.483368	-4.4915223	57.242
-0.34476504	-7.086837	-5.1487308	57.292
0.2693477	-10.449493	1.115698	57.342
3.870227	-12.957419	-0.075417355	57.392
2.6671407	-8.669404	-5.517438	57.442
0.7577648	-8.441956	-1.0295067	57.492
-0.32800564	-9.277532	-2.2864625	57.542
-0.095768064	-8.803479	-2.6671407	57.592
-2.2756886	-8.76996	-1.9764135	57.642
-3.204639	-8.669404	-3.1771057	57.692
-1.5622166	-7.6387005	1.5514427	57.742
3.7852328	-13.217191	-3.833117	57.792
-6.505046	-9.084799	-9.392453	57.842
-5.5282116	-9.03452	3.539827	57.892
3.3291376	-10.833763	-2.8898015	57.942
-0.2693477	-9.582792	-1.8076223	57.992
-0.22625206	-8.034941	-0.46327803	58.044
2.148796	-7.7679873	-1.7717092	58.092
0.30645782	-9.496601	-2.906561	58.142
0.94451255	-8.6299	-1.7405846	58.192
-0.48841715	-9.011775	-2.9101522	58.242
0.88944596	-9.715671	-1.5705963	58.292
5.055357	-12.430696	-3.1830912	58.342
-0.1400608	-12.334928	-3.9719806	58.392
-2.4133554	-9.919178	-2.942474	58.442
-1.1049241	-7.902063	-3.5913026	58.492
0.108936176	-12.073959	-1.0881647	58.542
-2.6408045	-10.538078	-2.136825	58.592
-0.8810662	-8.311471	-0.9995792	58.642
1.9991584	-6.7971387	0.2873042	58.692
-1.1623849	-7.231686	-0.16280572	58.742
-1.2042835	-8.169016	0.985214	58.792
-0.12928689	-8.534132	0.93972415	58.842
-1.2066777	-10.188525	1.0582372	58.892
-0.7422025	-12.0093155	1.0510546	58.942
-1.3587095	-17.166426	-1.5777789	58.992
-9.431957	-8.718486	-5.234922	59.044
1.5801731	-6.381745	3.4991257	59.102
-5.943606	-9.516952	-5.5222263	59.142
-5.461174	-8.231265	0.34835634	59.192
1.271321	-7.717709	0.075417355	59.252
-1.1683705	-7.4854717	-0.93254155	59.292
-0.7517793	-8.744822	-0.6991069	59.342
1.1587936	-8.277952	-0.91458505	59.392
0.7015011	-9.130288	0.020350715	59.442
-1.2186487	-11.280281	-1.115698	59.492
4.4520183	-10.453085	1.5622166	59.542
-0.25617957	-12.332533	-0.90261406	59.592
-2.0937295	-12.029667	-6.0525417	59.642
-5.363012	-7.1371155	-4.960786	59.692
4.060566	-13.462596	1.2940661	59.742
2.8634653	-9.119514	-1.5382746	59.792
-1.1264719	-8.087613	-2.873042	59.842
0.053869538	-8.718486	0.090979666	59.892
1.0103531	-6.823475	0.62488663	59.942
0.39384618	-6.421249	1.6531962	59.992
-1.2210429	-7.741651	-0.878672	60.042