6.2129536	0.7793127	7.7584105	0.036
6.137536	0.7266402	7.6973586	0.099
6.1686606	0.8475474	7.7823524	0.148
6.242881	0.8295909	7.7907324	0.198
6.3446345	0.5781997	7.563283	0.248
5.872977	0.9816227	7.949947	0.298
6.0621185	0.93373865	7.8793178	0.348
6.203377	0.81402856	7.8517847	0.398
6.2368956	0.63087213	7.6650367	0.448
6.293159	0.6955156	7.575254	0.5
6.2991447	0.6619968	7.5968018	0.548
6.232107	0.7517793	7.716512	0.598
6.3566055	0.700304	7.7332716	0.656
6.3542113	0.7134721	7.7189064	0.696
6.241684	0.62129533	7.666234	0.746
6.14831	0.61291564	7.6985555	0.796
6.241684	0.5722142	7.7320743	0.846
6.2883706	0.49919105	7.6853876	0.896
6.314707	0.63206923	7.6853876	0.946
6.317101	0.5566519	7.633912	0.976
6.2883706	0.5734113	7.69257	1.046
6.2847795	0.533907	7.7213006	1.096
6.277597	0.51714754	7.759608	1.146
6.247669	0.47764325	7.575254	1.196
6.3350577	0.533907	7.571663	1.246
6.337452	0.47884035	7.777564	1.296
6.30513	0.40342298	7.5692687	1.349
6.3470287	0.5267244	7.6530657	1.401
6.325481	0.51834464	7.654263	1.446
6.319495	0.49320555	7.6470804	1.496
6.283582	0.44651863	7.691373	1.546
6.326678	0.47285482	7.699753	1.596
6.301539	0.51954174	7.5944076	1.646
6.3242836	0.5422867	7.675811	1.696
6.315904	0.51595044	7.7129207	1.746
6.2979474	0.45010993	7.644686	1.796
6.26802	0.5303157	7.699753	1.846
6.3003416	0.48123455	7.6267295	1.896
6.283582	0.5722142	7.6985555	1.946
6.3350577	0.5470751	7.679402	1.98
6.2620344	0.5674258	7.752425	2.026
6.247669	0.48482585	7.6530657	2.097
6.242881	0.59495914	7.6614456	2.152
6.232107	0.51355624	7.6889787	2.201
6.217742	0.5374983	7.6746135	2.248
6.302736	0.5770026	7.6949644	2.298
6.2584434	0.61530983	7.7189064	2.348
6.2009826	0.59136784	7.7009497	2.398
6.227319	0.58538234	7.7320743	2.448
6.2368956	0.5734113	7.777564	2.498
6.218939	0.59136784	7.800309	2.56
6.1806316	0.65242	7.7703815	2.597
6.331466	0.6715736	7.687782	2.646
6.1638722	0.770933	7.7428484	2.696
6.1686606	0.6859388	7.8266454	2.746
6.2488666	0.5470751	7.753622	2.796
6.3326635	0.5674258	7.643489	2.846
6.3422403	0.6332663	7.6590514	2.896
6.339846	0.60573304	7.837419	2.946
6.2141504	0.7074866	7.8410106	2.976
5.959168	0.7529764	7.723695	3.046
5.979519	0.81642276	7.7799582	3.096
6.271611	0.62129533	7.711724	3.146
6.4248405	0.47644615	7.6387005	3.196
6.331466	0.6332663	7.5692687	3.246
6.2979474	0.6655881	7.7081323	3.296
6.155493	0.5602432	7.479486	3.346
5.590461	0.29807812	6.7360864	3.396
6.303933	0.82121116	8.052897	3.446
8.306683	0.47884035	8.516175	3.496
6.83784	-0.17597382	7.5201874	3.546
6.5625067	0.11731588	6.862979	3.596
6.793547	0.41060558	7.48188	3.646
7.0952168	-0.07062895	8.003817	3.696
6.9599442	0.6404489	8.182184	3.746
6.483498	0.2741361	7.8517847	3.796
5.141548	1.0857705	7.77517	3.846
7.27957	-0.017956512	8.523358	3.896
5.9064956	0.94211835	8.610746	3.946
4.999093	1.4568717	9.279925	3.976
4.960786	0.6703765	8.408437	4.047
1.5945383	1.271321	8.672996	4.098
2.9628246	1.270124	9.472659	4.148
1.9548657	1.2138603	9.452309	4.198
1.2856863	1.5167267	10.205285	4.248
0.6440403	1.2892777	9.995792	4.298
0.7422025	0.94331545	9.968259	4.349
-0.4357447	0.41060558	9.463082	4.398
-1.8183962	0.8882488	9.384073	4.448
-3.321955	1.009156	9.459491	4.498
-3.0370448	0.8403648	9.392453	4.548
-2.3535004	0.7206547	9.101558	4.596
-3.3913867	0.9816227	9.494206	4.646
-3.3901896	0.985214	8.717288	4.696
-4.3275194	0.81761986	8.822633	4.746
-4.783615	1.0079589	9.176975	4.796
-4.3035774	1.2689269	9.097966	4.846
-4.7297454	0.90261406	8.742428	4.896
-5.0421886	0.81761986	8.7053175	4.946
-4.8422728	0.9792285	8.801085	4.977
-4.9320555	1.1288661	8.916007	5.046
-5.7041855	0.6751649	7.827842	5.096
-7.5884223	-0.017956512	7.586028	5.146
-5.6323595	0.17956513	7.7129207	5.196
-6.56131	-0.062249243	7.398083	5.246
-6.851008	0.30166942	7.562086	5.296
-5.7269306	0.21188685	7.926005	5.346
-6.730101	0.4309563	7.6171527	5.396
-7.2029557	0.5422867	7.101202	5.446
-7.457938	-0.21068975	7.4268136	5.496
-6.4224463	-0.38187516	7.7093296	5.547
-6.039374	-0.09935937	7.8386164	5.596
-6.325481	0.10295067	7.7105265	5.646
-6.423643	0.17597382	7.6470804	5.696
-6.745663	0.016759412	7.491457	5.746
-8.042124	0.40940848	7.466318	5.796
-7.5201874	1.377863	8.171411	5.846
-6.7121444	-0.272939	5.849035	5.896
-6.7253127	-0.7517793	6.951565	5.946
-6.731298	-0.82360536	6.980295	5.986
-7.8793178	-0.33997664	7.0461354	6.046
-7.878121	-0.5602432	6.956353	6.096
-6.8809357	-0.8367735	7.1849995	6.146
-6.327875	-0.8631097	7.5788455	6.196
-5.815516	-0.8475474	7.0221934	6.246
-6.6786256	0.11611878	8.109161	6.296
-5.781997	0.29209262	8.032547	6.346
-5.4779334	-0.010773907	8.1319065	6.39
-5.366603	0.044292733	8.146272	6.446
-4.6004586	-0.093373865	8.240842	6.496
-4.1575313	0.23223756	7.9152308	6.547
-4.0306387	-0.5470751	8.687361	6.596
-2.0458453	-0.36631286	10.04607	6.646
-1.4496891	0.37110126	10.720038	6.696
-1.1695676	-0.05626374	11.131841	6.746
0.4369418	0.33159694	9.391256	6.796
1.2509704	-0.1340753	9.343372	6.846
2.1392193	0.7134721	10.127473	6.896
1.6819267	0.65242	10.133459	6.946
1.6101006	0.36870706	10.274716	6.986
2.0015526	0.29328972	10.147824	7.046
1.5047557	-0.061052144	9.185355	7.096
1.5598224	-0.44891283	9.570822	7.146
3.1136594	-0.40940848	8.437167	7.196
5.175067	0.21547815	8.277952	7.246
5.9603653	0.4249708	7.5788455	7.296
7.2448545	1.0426749	7.868544	7.346
7.5321584	1.1001357	7.338228	7.396
7.9906483	0.973243	7.217321	7.446
7.9032598	0.79726917	6.9838862	7.496
7.335834	0.46208093	6.14831	7.546
7.6255326	0.60453594	6.0944405	7.596
8.494628	0.89782566	5.409699	7.646
8.329428	0.80086046	4.531027	7.696
9.209297	1.0510546	3.667917	7.746
9.76116	1.0271125	3.0789435	7.796
9.38168	0.92057055	2.6671407	7.846
10.020931	0.7194576	2.2876596	7.896
10.196905	0.521936	1.6591818	7.946
10.016143	0.736217	1.6053122	7.986
9.755175	0.7433996	1.2425907	8.046
9.92636	0.6619968	1.2078748	8.096
9.27394	0.8403648	1.7681179	8.146
9.605537	1.2533646	2.1332338	8.196
9.210494	0.59017074	0.81881696	8.246
10.573992	1.2114661	0.9935937	8.296
10.110714	0.8439561	0.9540894	8.346
10.109517	0.89902276	1.5897499	8.396
10.26514	0.7649474	2.1332338	8.446
9.576807	0.48003745	3.2070332	8.496
8.901642	0.8319851	4.0258503	8.546
9.010578	0.973243	3.942053	8.596
8.627506	0.50158525	4.6483426	8.646
8.801085	1.1994951	5.7736173	8.696
9.313444	1.0582372	5.555745	8.746
8.605958	0.985214	6.232107	8.796
8.130709	1.4496891	6.7803793	8.846
7.4124484	0.79726917	7.1431007	8.896
5.535394	1.3910311	8.834604	8.946
5.033809	2.3020248	9.606734	8.986
3.300407	2.2601264	8.073248	9.046
0.31124622	1.7884687	8.512584	9.096
0.48602295	2.0123265	9.325416	9.146
-0.91578215	1.1575965	8.932767	9.196
-2.0147207	1.151611	9.728839	9.246
-1.769315	0.9876082	10.275913	9.296
-3.3674448	1.2856863	9.120711	9.346
-4.9763484	0.7457938	7.740454	9.396
-7.1347213	0.48722005	6.861782	9.446
-6.68102	0.736217	6.445191	9.496
-7.6961613	0.06584055	6.087258	9.546
-8.4347725	0.074220255	5.628768	9.596
-8.713697	0.5279215	5.555745	9.646
-8.312668	0.6655881	5.705383	9.696
-8.574833	0.37708676	5.3163247	9.746
-8.780735	0.47644615	5.5760956	9.796
-8.219295	0.2861071	5.9843073	9.846
-7.656657	0.4213795	6.4499793	9.896
-7.589619	0.4441244	6.7109475	9.946
-6.619968	0.24660277	7.183802	9.987
-6.030994	1.2533646	7.7009497	10.047
-4.156334	1.4784195	7.9667063	10.096
-3.6343982	1.3946224	8.06008	10.146
-3.0597897	1.7250223	8.422802	10.196
-2.753332	1.4209588	8.682572	10.246
-0.90500826	1.0259154	9.228451	10.296
0.80086046	1.4449008	10.218452	10.346
3.3435028	1.7609353	10.484209	10.398
4.355053	1.7226281	10.557233	10.449
4.260482	1.8854338	9.7719345	10.501
4.3418846	2.7485435	9.42238	10.54
5.7041855	1.377863	8.884883	10.597
5.9052987	1.1192893	10.004171	10.646
5.463568	-0.8523358	8.572439	10.696
4.2461166	-1.661576	8.457518	10.756
5.3965306	-1.1563994	8.355764	10.796
6.271611	-1.2677298	5.9807158	10.846
6.5565214	-0.9816227	6.88333	10.896
7.132327	-0.60214174	5.507861	10.946
7.550115	-0.06943185	5.159505	10.986
7.4244194	0.1376666	6.337452	11.046
8.647857	0.33758244	7.181408	11.096
8.7053175	0.2705448	6.968324	11.146
8.013393	0.1352724	7.3202715	11.196
7.351396	0.8403648	7.216124	11.246
7.451953	1.0821792	8.263587	11.296
7.1981673	1.8471266	7.502231	11.346
4.0737343	0.78050977	7.577648	11.41
4.5394063	0.7338228	10.032902	11.446
5.282806	1.2545617	10.372879	11.496
3.8007953	0.94451255	9.600749	11.546
2.4408886	0.4225766	7.726089	11.596
0.1340753	0.39504328	8.248025	11.646
0.4321534	0.80684596	9.546879	11.696
0.073023155	0.8858546	9.976639	11.746
-1.436521	1.9021933	11.665748	11.796
-1.1228806	1.4796166	10.864887	11.846
-2.2601264	1.2497733	9.779117	11.896
-1.3814543	0.878672	9.801862	11.946
-0.7314286	-0.2717419	9.301474	11.986
-2.574964	0.58538234	9.2787285	12.046
-2.779668	1.1791444	9.679757	12.096
-2.7700913	1.103727	9.976639	12.146
-2.8107927	1.5741876	9.08001	12.196
-2.9747956	1.2354081	9.226056	12.246
-4.19943	1.4628572	9.257181	12.296
-4.256891	1.2306197	8.517372	12.346
-5.436035	1.1623849	8.610746	12.396
-5.7784057	1.1013328	7.7332716	12.449
-6.989872	0.49559975	7.5453267	12.499
-8.364143	0.736217	7.1143703	12.549
-7.6482773	0.1388637	6.1076083	12.599
-7.9391727	-0.39384618	5.872977	12.651
-8.24563	0.20949265	5.519832	12.693
-7.7464395	0.51235914	5.6706667	12.751
-8.682572	0.34955344	6.1004257	12.791
-8.693346	0.35673606	5.9448028	12.851
-7.571663	0.34237084	6.432023	12.891
-6.9407907	0.6715736	7.1347213	12.951
-6.525397	0.93014735	7.371747	12.991
-4.97156	1.2665327	8.383297	13.051
-3.2920272	0.59495914	8.25401	13.098
-3.4452562	0.4357447	8.511387	13.151
-1.3670892	-0.36750996	8.823831	13.191
-1.1312603	-1.7908629	9.169792	13.251
1.1851299	-0.9600749	10.2495775	13.291
2.0721815	-0.46567222	10.945093	13.351
3.405752	-0.35553896	10.245986	13.39
5.470751	-0.2705448	9.427169	13.451
5.5126495	-0.35913026	7.5549035	13.491
0.4177882	-0.24420857	8.182184	13.533
4.426879	0.35913026	8.980651	13.591
6.0321913	0.59735334	8.854955	13.651
5.6670756	0.46208093	7.4926543	13.691
5.993884	0.31603462	6.789956	13.751
8.847773	0.61530983	5.631162	13.791
9.287108	0.6392518	4.687847	13.851
10.868479	0.46327803	3.5625722	13.891
10.229227	0.7314286	1.2042835	13.951
9.958682	0.41299978	1.1264719	13.989
10.344149	0.7062895	1.1947067	14.042
10.140641	0.20829555	1.3024458	14.099
10.0341	-0.4333505	0.2621651	14.142
9.915586	-0.35075054	0.3866636	14.197
9.76954	-0.0035913025	0.8511387	14.247
9.894038	0.04309563	0.16639702	14.297
10.33098	0.36990416	1.7322049	14.347
9.704897	0.5351041	2.2529438	14.397
9.752781	0.11492168	1.7106571	14.447
9.957485	0.35913026	2.755726	14.497
9.003395	0.5734113	3.8474822	14.548
9.0716305	0.18794483	5.4779334	14.597
8.687361	0.61650693	5.9483943	14.647
7.2711906	0.9876082	6.873753	14.697
7.843405	1.3946224	6.803124	14.747
8.300697	1.3395559	7.4447703	14.797
7.359776	1.2162545	7.502231	14.847
6.179435	1.1145009	7.347805	14.897
3.5194764	-0.78769237	8.372523	14.947
0.61530983	-0.031124622	9.184157	14.987
0.7673417	0.49559975	8.933964	15.047
-0.8415619	-0.8870517	9.728839	15.097
-0.24779987	-0.015562311	10.201694	15.147
-0.9911995	-0.03232172	10.668563	15.197
-2.207454	0.8798691	10.511743	15.247
-2.0506337	0.94690675	10.200497	15.297
-1.4137762	-0.12330139	9.41041	15.347
-0.89782566	0.038307227	9.653421	15.397
-1.1947067	0.12330139	9.221268	15.447
-2.542642	0.8834604	9.739613	15.497
-3.690662	0.33159694	8.708909	15.547
-6.7983356	1.7609353	7.6853876	15.597
-6.2105594	0.8451532	7.529764	15.647
-8.148665	0.4333505	6.4404025	15.697
-8.285135	0.50278234	6.7684083	15.747
-8.347384	0.2717419	6.1662664	15.797
-9.039309	0.025139118	5.7017913	15.847
-8.196549	0.24899697	5.2804117	15.897
-8.171411	0.06703765	5.3115363	15.947
-7.976283	0.46926352	5.6922145	15.987
-8.604761	-0.16519992	5.1439424	16.048
-7.86615	0.22266077	5.866991	16.097
-7.1287355	0.545878	7.237672	16.147
-5.659893	-0.049081136	8.093599	16.197
-4.296395	-0.2789245	8.728063	16.247
-2.7257986	-0.79607207	9.08001	16.297
-1.1959038	-0.46567222	9.063251	16.347
-1.3144168	-1.1755531	8.763975	16.397
0.05267244	-0.7625532	9.451111	16.449
1.9919758	-0.47884035	10.035296	16.497
2.4863784	-0.61890113	10.901998	16.547
3.8007953	-1.5119383	10.222044	16.597
4.3598413	-1.5346833	9.452309	16.647
4.3538556	-1.1695676	8.711303	16.697
3.7361517	-0.7745243	7.9834657	16.747
4.296395	-0.31244332	8.152257	16.797
4.1479545	-0.5494693	7.5644803	16.847
4.6662993	-0.9923966	6.8462195	16.897
6.8653736	-0.5674258	6.447585	16.947
8.571242	-0.39384618	5.7736173	16.977
11.632229	0.40462008	4.8219223	17.047
11.650186	-0.061052144	2.1823149	17.097
10.758346	-0.48123455	-0.4165911	17.147
10.005369	-0.29807812	0.34237084	17.197
10.080787	-0.076614454	0.7493851	17.247
9.583989	-0.49440265	-0.51954174	17.297
9.682152	-0.33039984	-0.37110126	17.357
9.977836	-0.14604631	0.34955344	17.397
10.155006	-0.110133275	-0.20949265	17.447
10.492589	0.088585466	1.115698	17.497
9.80665	0.11372458	2.5570073	17.547
10.036493	0.34356794	3.1675289	17.597
9.842564	0.34835634	3.6224272	17.647
9.582792	0.7062895	5.708974	17.697
8.615535	0.5722142	5.094861	17.747
8.226477	0.78529817	7.1790137	17.797
8.220491	0.6428431	6.697779	17.847
6.3063273	0.6404489	7.2723875	17.897
5.9448028	0.5614403	8.565256	17.947
5.5222263	-0.20111294	8.672996	17.997
2.0015526	0.44651863	8.653842	18.047
1.8830396	0.10414778	9.445126	18.097
0.1412579	0.39025488	9.115923	18.147
-2.802413	0.260968	8.752005	18.197
-3.560178	0.842759	8.987833	18.247
-4.8015714	0.7266402	8.608353	18.297
-4.935647	1.3706805	8.820239	18.347
-5.5246205	1.2892777	7.98586	18.397
-5.5389857	1.2198458	7.9786773	18.447
-4.8482585	0.9780314	8.054094	18.497
-4.2221746	1.8243817	9.083601	18.547
-2.5079262	0.8535329	8.653842	18.597
-1.9835961	0.92535895	9.864111	18.647
-0.62368953	0.973243	10.128671	18.697
-0.39743748	-0.31603462	9.351752	18.747
0.82360536	-0.01316811	9.903615	18.797
3.5482068	-0.7026982	9.303867	18.847
2.4863784	-0.51355624	9.409213	18.897
4.39336	-1.0342951	9.421184	18.947
5.7879825	-1.1420342	8.875306	18.997
5.0517654	-0.9600749	8.170214	19.049
4.818331	-0.7314286	7.091625	19.097
6.405687	-0.8858546	5.9759274	19.147
7.0820484	-0.3890578	5.673061	19.197
8.67539	-1.673547	5.4168816	19.247
10.243592	1.0019734	4.6459484	19.297
12.20564	0.81881696	3.228581	19.347
11.512519	0.21188685	0.7541735	19.397
10.012551	0.20590134	-0.47405192	19.448
9.837775	0.4261679	-0.046686932	19.497
9.57561	0.09935937	0.40462008	19.547
10.123882	0.027533319	0.6356605	19.597
10.086772	0.016759412	2.457648	19.647
10.268731	0.019153614	2.9484594	19.697
9.817424	0.095768064	4.1012673	19.747
8.759187	0.51714754	5.1559134	19.797
8.350976	0.33997664	5.4085016	19.847
7.4962454	0.45968673	6.331466	19.897
8.163031	0.79487497	6.5445504	19.947
7.675811	0.81043726	6.5457473	19.997
7.2268977	0.32321724	7.3466077	20.049
7.2304893	-0.21667525	8.009802	20.097
5.783194	-0.30166942	8.269572	20.147
3.7361517	0.6488287	9.387665	20.197
3.7349546	0.6835446	9.682152	20.247
1.0905589	-0.7015011	9.55047	20.297
-1.9440918	-0.17118542	10.113108	20.347
-2.3020248	-0.9720459	10.8708725	20.397
-1.1013328	-1.389834	10.135853	20.447
-0.9540894	-0.60094464	9.576807	20.497
-0.20590134	-1.2641385	8.256405	20.547
0.06823475	-0.5722142	6.1806316	20.597
2.005144	-0.07182605	6.4044895	20.647
2.789245	2.669535	8.74961	20.697
4.0186677	3.442862	6.3745623	20.747
2.4875755	2.8311436	7.7224975	20.797
4.1455603	1.8243817	9.085996	20.847
8.228871	-1.4856021	10.21127	20.897
8.631097	-3.3925838	10.45907	20.947
8.797494	-4.280833	9.696517	20.997
6.0884547	-2.0506337	9.006987	21.048
2.682703	0.095768064	8.499416	21.097
4.2760444	-1.1252748	8.504205	21.147
3.7576995	-0.3854665	7.067683	21.197
5.2875943	-1.0103531	6.4463882	21.247
6.527791	-1.7645266	5.6539073	21.297
9.313444	-1.3826514	5.032612	21.347
10.313024	-2.098518	3.347094	21.397
11.004948	-1.3060371	1.7070658	21.447
11.908759	-1.3802572	-1.3431472	21.497
9.457097	-0.93732995	-1.3706805	21.547
9.830592	-0.22864626	-1.0067618	21.597
9.890448	-0.80086046	-2.6396074	21.647
9.446322	-0.81642276	-2.9400797	21.697
10.040085	-0.37110126	-1.0450691	21.747
10.576386	-0.6727707	-0.961272	21.797
10.419566	-0.80086046	0.79726917	21.847
9.398438	-0.58897364	2.6755204	21.897
10.651803	-0.39384618	4.2880154	21.947
10.073604	-0.23822308	4.560954	21.997
7.881712	0.1340753	5.5760956	22.048
7.6829934	-0.022744916	6.525397	22.097
7.339425	-0.021547815	6.967127	22.148
7.890092	0.16998832	6.351817	22.197
7.3968863	0.005985504	6.769605	22.247
6.7947445	0.017956512	7.9116397	22.297
6.634333	-1.0031705	8.226477	22.347
3.6631286	-0.09935937	9.097966	22.397
3.4332852	-0.20590134	9.7719345	22.447
0.50757074	-0.7745243	7.964312	22.497
-0.48243165	0.11133038	9.203311	22.548
-2.5127146	0.47285482	9.354146	22.597
-4.1264067	0.12689269	9.297882	22.647
-4.0186677	0.2645593	8.661025	22.697
-3.6379895	0.5374983	8.901642	22.747
-3.3674448	0.60333884	9.151836	22.797
-2.2373815	0.79607207	9.119514	22.847
-1.5574282	0.7469909	9.502586	22.897
-0.011971008	-0.07182605	9.576807	22.947
0.7769185	-0.8690952	9.664195	22.997
1.7310078	-1.1767502	10.019734	23.048
4.098873	-1.30484	9.690532	23.097
7.3466077	-0.9708488	8.468291	23.147
4.748899	-3.074155	8.2037325	23.197
1.9273324	-1.8124107	9.119514	23.247
1.4951789	-0.5303157	7.9152308	23.297
6.2129536	-1.6053122	7.5309615	23.347
9.19134	-1.353921	5.222951	23.397
10.228029	-0.90021986	5.647922	23.447
10.18254	-0.7769185	4.3418846	23.497
10.007763	-0.7074866	2.1068976	23.547
9.628283	-0.049081136	1.0127473	23.597
10.25676	-0.047884032	-0.79487497	23.647
11.036073	-0.06943185	-0.22984336	23.697
10.998962	-0.82240826	-1.271321	23.747
9.645041	-0.8583213	-0.12808979	23.797
10.298658	-0.5554548	0.16759412	23.847
9.362526	-0.8607155	1.1779473	23.897
8.322245	-0.724246	3.2118216	23.947
9.606734	-0.25737667	5.3163247	23.997
10.254366	-0.17836803	5.529409	24.048
8.12233	0.19273324	6.2225304	24.097
8.061277	0.62249243	6.9719152	24.147
7.193379	0.33997664	7.563283	24.197
7.583634	-0.28491	7.4208283	24.247
5.1463366	-1.4999673	6.015432	24.297
4.665102	-1.2964603	7.9128366	24.347
5.2516813	-1.2880806	10.02572	24.397
5.4743423	-3.05141	10.808623	24.447
4.699818	-2.8622682	10.443508	24.497
4.59567	-0.80804306	9.952697	24.547
3.1376014	0.49919105	8.613141	24.597
1.7621324	0.8655039	8.774749	24.647
2.9987376	1.5598224	6.5804634	24.697
0.961272	3.3901896	5.140351	24.747
0.7110779	3.9348705	4.7058034	24.797
-0.21068975	2.822764	4.459201	24.847
0.6619968	1.472434	6.4308257	24.897
4.4125137	0.5686229	10.113108	24.947
5.947197	-0.08259996	14.814123	24.997
7.65546	-2.7641058	14.443022	25.048
4.7177744	-1.6915035	14.143746	25.097
3.3315318	0.50757074	10.802638	25.147
2.3175871	0.8319851	7.9691005	25.197
1.2054806	-0.30166942	6.007052	25.247
1.2677298	-0.17956513	6.0597243	25.297
2.0446482	-0.89423436	8.465898	25.347
3.345897	-1.4437037	10.192117	25.397
3.107674	-1.0857705	10.6158905	25.447
5.01705	-1.2605472	9.8042555	25.497
6.658275	-1.6136919	8.165425	25.547
7.303512	-1.484405	7.621941	25.597
7.2831616	-1.0809821	5.213374	25.647
7.93199	-1.1408371	4.5382094	25.697
8.845378	-0.6619968	3.2225955	25.747
9.515755	-0.39264908	2.5306711	25.797
10.4171715	-0.2861071	2.6264393	25.847
10.9822035	0.11133038	1.7046716	25.897
10.481815	-0.29568392	1.4987702	25.957
10.521319	0.0047884034	1.5215151	25.997
10.193314	0.39743748	2.574964	26.048
9.9550905	0.34476504	2.6144683	26.097
8.996213	-0.62009823	2.8694508	26.147
9.555259	-0.62129533	4.596867	26.197
9.214086	-0.5398925	4.9548006	26.247
8.032547	-0.8798691	4.97156	26.297
7.165846	-0.93373865	6.408081	26.347
7.691373	0.18555063	7.550115	26.397
8.4347725	-0.41299978	6.813898	26.447
7.345411	-0.7433996	6.477513	26.497
7.48188	-1.0785879	7.475895	26.547
5.3965306	-0.18195933	8.425196	26.597
3.8630445	-1.6077064	9.988609	26.647
2.777274	-2.6910827	11.704055	26.697
3.9683893	-0.37588966	9.933543	26.747
0.044292733	0.997185	9.496601	26.797
1.0570401	1.340753	8.524555	26.847
2.0745757	3.6224272	6.8869214	26.897
1.875857	3.881001	6.042965	26.947
0.6452374	2.9831753	4.8039656	26.997
0.6907272	2.9053638	4.0677485	27.048
0.7433996	1.6304513	7.2221093	27.097
2.7665	1.2198458	10.97502	27.147
5.2600613	-1.9596541	13.602657	27.197
5.116409	0.533907	15.158888	27.247
4.546589	0.31004912	13.845669	27.297
4.361038	-0.44891283	10.463859	27.347
4.021062	0.1448492	7.103596	27.397
2.8215668	-0.35553896	5.3474493	27.447
2.2709002	-1.8315643	5.5856724	27.497
3.882198	-0.9888053	8.173804	27.547
5.270835	-1.5179238	9.423578	27.599
6.530185	-1.1563994	9.433155	27.648
8.055291	-1.3850456	9.113529	27.697
7.711724	-1.0761937	7.1251445	27.747
8.329428	-1.1504139	6.4631476	27.797
7.9188223	-0.45848963	4.308366	27.847
7.3083005	-1.3060371	3.0573955	27.897
9.374496	0.19033903	1.7298107	27.947
10.226832	0.22625206	1.7082629	27.997
10.483012	0.20829555	1.6436194	28.048
11.019313	-0.029927522	0.6631939	28.097
11.004948	-0.2908955	0.46567222	28.147
10.560823	0.4177882	1.3299791	28.197
10.953473	0.8726865	2.9819782	28.247
9.294291	-1.198298	1.673547	28.297
9.4535055	-1.5275006	3.7229836	28.347
9.543288	-1.3263878	3.288436	28.397
7.7572136	-1.3275849	3.9504328	28.447
7.36217	-0.8655039	5.7987566	28.497
9.272743	-0.4141969	9.151836	28.547
10.103531	-0.260968	6.5385647	28.597
8.117541	0.12569559	6.9743094	28.647
7.315483	-0.37948096	6.927623	28.697
4.751293	-0.035913024	7.7703815	28.747
3.180697	0.10055647	8.222886	28.797
0.3878607	-0.51714754	8.702923	28.847
-1.4532804	-1.033098	9.168595	28.897
-3.027468	0.5602432	9.616311	28.947
-3.882198	-0.39504328	9.398438	28.997
-4.4699745	0.12210429	9.004593	29.047
-4.8147397	0.78649527	8.807071	29.097
-4.107253	0.4189853	8.614338	29.147
-3.1435869	0.9756372	9.113529	29.197
-1.7441759	0.50517654	9.635465	29.247
-0.6548142	0.40581718	9.859323	29.297
0.34117374	0.2837129	10.200497	29.347
0.47046062	0.33877954	10.19451	29.397
1.1923125	-0.3172317	9.613917	29.447
2.4899697	-0.93852705	9.471462	29.497
3.098097	-1.1420342	9.2547865	29.547
3.6355953	-1.1504139	9.2907	29.597
3.5733461	-1.3862427	8.99741	29.647
4.2676644	-1.5586253	8.959103	29.697
4.569334	-1.8291701	8.34499	29.747
5.2037973	-1.5526398	8.301894	29.797
7.728483	-1.2485762	7.3071036	29.847
6.8426285	-1.9692309	7.517793	29.897
5.543774	-0.07182605	4.96318	29.947
7.8302364	-0.25019407	5.6790466	29.998
9.563639	-0.6679823	5.3019595	30.048
9.42238	-0.37110126	4.3742065	30.097
9.973047	-0.7697359	2.4301147	30.147
10.928333	0.1340753	1.4137762	30.197
11.021708	0.16639702	1.5969325	30.247
10.526108	0.047884032	1.3706805	30.297
9.923966	-0.1436521	2.36188	30.347
9.603143	-0.05267244	3.1483753	30.399
9.075222	-0.1328782	4.4484267	30.447
7.831434	-0.39384618	4.80636	30.497
7.7548194	-0.074220255	6.5457473	30.549
7.3537903	0.107739076	7.1826053	30.597
7.273585	-0.039504327	7.4735007	30.647
6.9024835	0.39264908	7.583634	30.698
7.5848308	0.7649474	7.973889	30.747
7.1514807	0.58298814	7.5884223	30.797
5.2660465	-1.4772224	8.732851	30.847
0.6895301	-0.6991069	6.7708025	30.897
7.489063	0.62129533	9.090784	30.947
4.3897686	-1.0953473	9.169792	30.998
3.1495724	0.008379706	9.888053	31.047
1.8124107	0.5267244	10.557233	31.097
1.4161704	0.6715736	11.002554	31.147
1.401805	0.6368576	10.42196	31.197
0.80205756	0.20829555	9.950302	31.247
0.16879122	0.11492168	9.257181	31.297
-1.7226281	0.51355624	8.942344	31.347
-2.9963434	-0.05865794	8.331821	31.397
-4.7919946	0.0023942017	8.406042	31.447
-6.181829	0.23463176	8.129512	31.487
-5.42167	0.009576807	7.795521	31.549
-6.363788	-0.011971008	6.9288197	31.598
-8.651448	1.0043676	6.455965	31.647
-9.685743	1.1575965	7.15986	31.697
-7.043741	-0.36750996	5.315128	31.747
-8.355764	0.5746084	5.8813562	31.797
-8.639477	1.234211	6.302736	31.847
-9.194932	0.93732995	6.2584434	31.897
-8.341399	0.8678981	6.005855	31.947
-7.358579	0.89064306	6.23091	31.997
-6.281188	0.2765303	6.0800753	32.047
-6.0920463	0.8846575	6.754043	32.097
-5.471948	1.186327	7.0102224	32.147
-3.3028011	0.7374141	8.1079645	32.197
-2.0530279	0.16998832	8.9602995	32.247
-0.7266402	-0.4333505	9.753978	32.297
-0.01436521	-0.4201824	10.152613	32.347
1.496376	-0.17477672	10.802638	32.397
2.882619	0.015562311	10.723629	32.447
2.9269116	0.3866636	10.437522	32.497
3.3147724	-0.40940848	9.556456	32.547
4.5406036	-0.7374141	9.100361	32.599
4.1252093	-0.20470424	8.378509	32.647
4.0186677	-0.01436521	7.669825	32.697
2.9221232	-0.90381116	9.012972	32.747
6.1195793	-1.3000516	7.845799	32.797
8.255207	-1.4209588	6.944382	32.847
7.854179	-0.9983821	5.483919	32.897
8.957906	-0.49919105	4.5441947	32.947
10.603919	-0.70509243	3.1256304	32.997
10.16578	-0.5374983	1.5131354	33.047
10.514136	0.1376666	1.2174516	33.097
10.117896	-0.8655039	0.25977087	33.147
10.016143	-0.035913024	-0.82121116	33.197
10.277111	-0.1352724	0.24899697	33.247
10.305841	-0.4441244	-0.91458505	33.297
11.172543	-0.34835634	-0.7338228	33.347
10.086772	-0.40102878	0.81761986	33.397
9.813833	-0.49919105	1.8100165	33.447
10.04607	-0.017956512	3.9384618	33.497
9.421184	-0.4333505	3.2848446	33.547
8.713697	-0.82121116	4.9464207	33.597
7.27957	-0.6691794	5.973533	33.647
6.661866	-0.6739678	7.1263413	33.697
6.2380924	-0.6655881	7.619547	33.747
6.754043	-0.7457938	8.240842	33.797
5.5760956	-1.1839328	9.471462	33.847
4.6112323	-0.90740246	10.515334	33.889
7.687782	-1.7238252	8.987833	33.947
4.9176903	-0.110133275	7.586028	33.998
1.9608512	1.5526398	10.06283	34.044
2.0135236	1.5801731	6.384139	34.097
3.169923	4.175488	5.1810527	34.147
3.371036	2.6396074	4.023456	34.197
2.5605986	2.8215668	2.967613	34.247
3.7804444	2.1092918	4.7500963	34.297
5.3247046	0.22505496	7.195773	34.347
8.075643	2.4133554	11.692084	34.397
12.988544	1.9728222	13.579912	34.447
12.127829	0.29568392	10.633847	34.497
8.728063	-0.3184288	7.715315	34.548
7.586028	0.51355624	5.4312468	34.597
6.0621185	-0.39264908	4.0186677	34.647
5.7664347	-0.37229836	5.475539	34.697
7.2723875	0.023942016	6.975507	34.747
6.7384806	0.7278373	8.486248	34.797
6.053739	0.6584055	9.791088	34.847
5.327099	-0.21787235	8.220491	34.897
4.6950297	-0.62967503	9.587581	34.947
1.3012487	0.6607997	9.36492	34.998
0.46447513	1.0247183	9.721656	35.047
1.3359646	-0.7697359	9.227253	35.097
-0.18076223	-0.10654198	9.611523	35.147
-1.6927006	-0.59735334	9.346964	35.197
-4.4819455	-0.08379706	9.36492	35.247
-4.3059716	0.4441244	9.65821	35.297
-3.9743748	0.19273324	8.86932	35.347
-3.550601	0.24899697	8.943541	35.397
-3.5075054	0.17836803	9.069236	35.447
-1.9117701	0.44771573	8.899248	35.497
-0.7769185	0.6428431	9.813833	35.547
-0.4429273	-0.34835634	9.76954	35.597
-0.076614454	-0.688333	10.0508585	35.647
0.7565677	-0.81163436	10.283096	35.697
1.7226281	-1.270124	9.864111	35.747
2.8550856	-1.5478514	8.742428	35.797
3.1794999	-1.2389994	9.109938	35.847
5.448006	-1.0606314	8.256405	35.897
4.1814733	-1.2557588	7.8649526	35.947
5.17387	-1.5310919	6.5265937	35.997
9.078813	-0.7386112	6.314707	36.047
8.844181	-0.78410107	5.2397103	36.097
7.327454	0.58657944	5.2684407	36.148
13.244724	-1.7669208	3.0466216	36.197
11.02889	1.0654198	2.2002714	36.247
9.728839	0.2681506	2.054225	36.297
9.417592	0.47524905	0.78529817	36.347
9.704897	0.24420857	-0.01316811	36.398
10.303447	0.25857377	-0.093373865	36.447
10.569203	0.12928689	-0.2669535	36.497
10.651803	-0.15322891	0.015562311	36.547
10.304645	0.31004912	0.91578215	36.597
9.370906	0.58418524	3.1890767	36.647
9.676167	0.49559975	3.8977604	36.697
8.591593	0.06464344	4.7620673	36.747
7.7081323	-0.2885013	4.72376	36.797
8.3150625	0.08140286	5.901707	36.847
8.157045	-0.25977087	5.1786585	36.897
8.862138	-0.81881696	5.4444146	36.947
9.153033	0.039504327	6.0369797	36.997
9.358934	-0.22266077	6.221333	37.044
7.5944076	-0.4345476	6.6750345	37.097
6.715736	-0.37708676	7.955932	37.147
4.867412	-0.059855044	8.350976	37.197
3.3435028	-0.17477672	9.131485	37.247
2.8909986	-0.32202014	9.252393	37.297
1.6160861	-0.6596026	9.349358	37.347
0.5315128	-0.15322891	9.459491	37.397
1.2641385	0.7589619	9.730036	37.447
0.9864111	0.23582886	8.680179	37.497
-2.6396074	0.62368953	8.574833	37.547
-2.2613235	1.0654198	9.215282	37.598
-2.6001031	1.091756	10.113108	37.647
-2.315193	0.39264908	10.2974615	37.697
-1.6519991	0.22266077	10.053253	37.747
-0.32441434	-0.16639702	9.844957	37.797
0.7110779	-0.6943185	9.222465	37.847
1.3802572	-1.5442601	9.576807	37.897
2.540248	-0.91697925	9.952697	37.947
3.157952	0.25378537	9.773131	37.997
5.351041	0.08140286	10.036493	38.047
3.228581	-1.7441759	8.571242	38.097
4.284424	-0.92057055	8.494628	38.147
1.839944	-2.0769699	7.445967	38.197
1.3479356	-3.752911	7.029376	38.247
7.0964136	0.94930094	10.840945	38.297
11.168951	3.4165258	5.747281	38.348
7.3849154	-3.3135753	8.061277	38.397
7.7679873	-3.2668881	5.317522	38.447
10.299856	1.5406688	4.1946416	38.497
10.072407	1.6041151	4.4639893	38.547
9.603143	-2.1823149	6.823475	38.597
9.396045	-0.46327803	5.4504004	38.647
6.033388	1.0606314	5.717354	38.697
5.064934	-0.700304	7.551312	38.747
3.5853171	-3.0250738	8.228871	38.797
9.270349	-1.5442601	9.120711	38.847
4.9464207	-0.6619968	7.9343843	38.897
3.2034419	-0.8762778	7.668628	38.947
-2.8933928	-0.7589619	9.255983	38.997
0.6607997	-1.7190368	10.623073	39.047
4.745308	-1.555034	8.030152	39.097
8.208521	0.088585466	6.0621185	39.147
10.116699	-0.2717419	6.3003416	39.197
7.6494746	-2.0482395	5.0421886	39.247
8.330625	-2.336741	7.386112	39.297
10.3214035	-2.1990743	7.831434	39.347
4.8865657	0.19273324	3.1052797	39.397
7.515399	0.36870706	7.9331875	39.447
10.480618	-2.6443958	3.0011318	39.497
8.48984	-1.4939818	1.8423382	39.547
8.342596	-0.5566519	2.493561	39.597
9.502586	-0.4165911	2.4013844	39.647
11.739968	-0.58897364	2.6635494	39.697
10.6637745	-0.3866636	1.9931729	39.747
9.454702	-2.0087352	2.681506	39.797
10.971429	-1.1611878	4.1862617	39.847
10.473435	-1.2413936	3.122039	39.897
8.627506	-1.328782	4.606444	39.947
8.010999	-0.8439561	6.921637	39.997
6.8318543	-0.8678981	8.6299	40.047
7.583634	-0.47524905	7.5968018	40.097
6.409278	-0.1340753	7.8793178	40.147
5.57849	-0.053869538	8.811859	40.197
2.7449522	-0.7541735	7.723695	40.247
-2.3714569	-0.142455	8.917204	40.297
-2.2098482	0.6859388	10.556035	40.347
-1.9009962	0.38307226	8.635885	40.397
-4.1826706	0.50996494	9.002198	40.447
-3.5410242	0.38067806	9.009381	40.497
-3.4967315	0.5374983	8.821436	40.547
-2.8083985	0.36631286	8.713697	40.597
-1.3742718	0.7026982	9.150639	40.647
-0.5315128	0.24301147	9.622296	40.697
0.94810385	-1.0462662	9.944317	40.747
2.778471	-0.9768343	9.376891	40.797
3.681085	-1.2844892	8.396465	40.847
5.3725886	-1.1611878	8.605958	40.897
5.674258	-0.8583213	8.6095495	40.947
3.204639	-1.1791444	7.8625584	40.997
5.8107276	-2.2254105	7.5082164	41.047
9.283517	-2.8814218	2.2254105	41.097
11.565191	-2.0015526	4.818331	41.147
9.500193	0.56982	4.2784386	41.197
11.517307	-0.82240826	0.05865794	41.247
10.965444	0.22864626	1.2018893	41.297
9.460688	0.19632454	0.51116204	41.347
10.82658	0.14724341	-0.2885013	41.397
10.401609	-0.1400608	0.19991584	41.447
9.434352	-0.37588966	1.1707647	41.497
9.937134	-0.61650693	2.3930047	41.547
10.152613	-0.9756372	1.5969325	41.597
10.042479	-0.8714894	3.3626564	41.637
9.506178	-0.7649474	4.865018	41.697
8.5700445	-0.60333884	3.799598	41.747
8.093599	0.40821138	6.063316	41.797
9.166202	1.2366052	6.314707	41.847
7.928399	-0.019153614	5.4563856	41.897
6.7624226	-0.5267244	7.3657618	41.947
6.721721	-0.16280572	7.9236107	41.997
6.622362	0.047884032	8.495825	42.048
5.2923827	-0.5638345	9.238028	42.097
2.219425	0.029927522	8.799889	42.147
0.009576807	-0.32680854	8.896853	42.197
-1.0414777	0.6512229	9.855731	42.25
-0.79846627	0.019153614	9.297882	42.297
-0.6619968	0.51714754	9.514558	42.347
-1.8662802	0.7697359	10.590752	42.397
-1.9644425	-0.32920274	11.067198	42.447
-3.1040826	-0.20231004	11.166556	42.497
-3.513491	0.023942016	7.8206596	42.547
0.19632454	-0.20350714	4.003105	42.597
1.0450691	1.958457	6.777985	42.647
1.5035586	3.0214825	6.0441623	42.697
3.8893807	2.8562827	7.7727757	42.747
6.987478	2.303222	9.412804	42.797
10.371682	0.19871874	10.808623	42.847
10.314221	-3.3985693	9.543288	42.897
6.7839704	-2.1057005	8.74123	42.947
7.7919292	-0.049081136	7.3549876	42.997
5.0134583	-0.62009823	5.3019595	43.048
5.243302	-1.316811	6.1423244	43.097
6.859388	-0.6691794	5.175067	43.147
8.728063	-0.89064306	4.6363716	43.197
10.241198	-0.80205756	4.404134	43.247
10.511743	-0.107739076	3.8295257	43.297
11.2132435	-0.31124622	2.505532	43.358
9.690532	-0.3890578	1.2006922	43.397
9.223662	0.39863458	1.4137762	43.447
9.868899	0.29807812	0.92775315	43.497
8.643068	0.18315643	0.82240826	43.547
10.812215	0.6464345	1.5442601	43.597
11.257536	0.5793968	1.863886	43.647
10.785878	-0.9947908	0.8846575	43.697
10.160992	-1.0809821	3.1914709	43.747
8.516175	-1.0283096	4.449624	43.797
8.180987	-0.9708488	4.8123455	43.847
7.103596	-1.0989386	5.2181625	43.897
6.721721	-0.107739076	6.9407907	43.947
8.689755	0.22864626	7.4028716	43.997
7.7189064	-0.19512744	7.038953	44.047
7.563283	0.095768064	7.455544	44.097
5.8574142	-0.11372458	8.183381	44.147
4.6459484	0.5554548	9.021352	44.197
5.2648497	0.055066638	9.48463	44.247
2.645593	0.89543146	8.651448	44.297
0.4297592	0.79846627	8.695741	44.347
-0.34356794	0.044292733	9.003395	44.397
-1.0366893	0.58538234	9.202114	44.447
-2.802413	0.6607997	9.205706	44.497
-3.4105403	0.91937345	9.657013	44.547
-2.8179753	1.3754689	9.67856	44.597
-2.1751323	0.830788	9.404425	44.647
-1.8938135	0.58897364	9.4295635	44.697
-1.0666169	0.7398083	9.333796	44.747
-0.1364695	0.81043726	9.685743	44.797
0.7194576	0.62488663	9.913192	44.847
1.2234371	0.2669535	10.020931	44.897
2.9400797	-0.29568392	9.5971575	44.947
3.989937	-0.5590461	9.217676	44.997
5.1966147	-0.58897364	8.738836	45.048
5.866991	-0.44771573	8.572439	45.097
6.4499793	-0.51714754	8.671799	45.147
5.710171	-0.4297592	6.862979	45.197
6.469133	0.34356794	8.695741	45.247
5.741296	0.6356605	8.325836	45.297
5.281609	0.32920274	8.119935	45.347
4.793192	0.82599956	7.457938	45.397
5.747281	0.46447513	7.6231384	45.447
7.193379	0.9959879	7.541735	45.497
8.231265	0.8295909	6.483498	45.547
8.401254	0.7565677	5.805939	45.597
10.212467	1.3072342	5.451597	45.647
9.625888	0.47405192	4.4963107	45.697
8.823831	-0.3196259	3.560178	45.747
9.360131	-0.5422867	3.1471782	45.797
9.156625	-0.074220255	3.9432502	45.847
8.938752	-0.16998832	4.283227	45.897
8.467094	-0.093373865	6.283582	45.947
9.193734	-0.10295067	4.5860934	45.997
8.792706	0.08738836	4.7919946	46.017
8.740033	0.2645593	5.9783216	46.097
8.020576	-0.008379706	5.6419363	46.147
7.615956	0.4177882	6.968324	46.197
7.85777	0.961272	7.916428	46.247
7.117962	1.0067618	7.8589673	46.297
5.6467247	0.997185	8.149862	46.347
5.1702785	1.1300632	8.665813	46.397
4.8901567	1.4867992	9.303867	46.447
2.8694508	0.8798691	8.735245	46.497
1.3371617	1.0055647	8.848969	46.547
1.0773908	1.9309237	10.049662	46.598
0.25019407	0.9588778	9.375694	46.649
-1.7118542	0.9540894	9.85214	46.697
-2.3403323	0.89184016	9.11712	46.747
-2.9508536	0.8643068	8.804677	46.797
-3.3267434	0.9564836	8.574833	46.847
-2.9747956	1.5897499	9.1255	46.897
-2.5558102	1.5945383	8.86932	46.947
-0.8690952	1.0462662	9.702502	46.997
0.7637503	0.6368576	9.746795	47.049
2.2062569	-0.09816227	9.587581	47.097
2.7449522	-0.5662287	8.901642	47.147
4.999093	-0.094570965	9.021352	47.197
5.8825536	0.074220255	9.041702	47.247
5.403713	0.2669535	8.497022	47.297
5.237316	0.044292733	7.6590514	47.347
6.825869	0.18914193	7.789535	47.392
8.513782	-0.45250413	6.576872	47.447
8.133103	-0.59855044	5.0254292	47.497
8.783129	-0.5470751	4.711789	47.547
9.240421	-0.7074866	4.7441106	47.597
10.245986	-0.80205756	2.4744074	47.647
10.036493	-0.5758055	1.9405005	47.697
9.665392	0.1436521	2.4624364	47.747
10.811018	-0.079008654	1.1168951	47.797
11.320983	-0.48722005	1.9201498	47.85
9.586384	-0.9923966	2.4265234	47.9
9.111135	-0.9911995	3.3171666	47.95
8.773552	-0.11851298	4.5753193	48.0
8.773552	-0.11851298	4.5753193	48.013
8.4826565	-0.015562311	6.1758432	48.102
8.9519205	-0.01436521	6.117185	48.149
8.184579	0.21906945	6.2883706	48.199
7.4148426	0.5386954	6.4870896	48.249
7.4471645	0.23104046	6.518214	48.297
7.7548194	-0.044292733	7.394492	48.347
7.302315	-0.41299978	6.7480574	48.397
6.6893997	-0.22864626	7.752425	48.447
6.4727244	-0.05626374	8.192958	48.497
4.4424415	-0.5422867	8.392874	48.547
2.3906105	-0.29688102	8.793902	48.598
3.6176388	0.5398925	9.317036	48.647
1.0905589	0.33279404	9.107543	48.697
-1.9045875	0.4249708	9.032125	48.747
-3.5446155	0.4345476	9.367314	48.797
-3.5996823	0.5482722	9.209297	48.847
-2.5821466	0.90261406	10.116699	48.897
-2.1440077	0.7278373	9.700109	48.947
-0.9504981	0.5446809	9.633071	48.997
-0.02873042	0.30885202	9.672575	49.027
1.0259154	0.45130703	9.604341	49.097
1.745373	0.29927522	9.7958765	49.147
2.0326772	0.21547815	9.369708	49.197
2.7808652	-0.073023155	9.143456	49.247
3.715801	-0.2789245	7.9595237	49.297
4.775235	0.22864626	8.4587145	49.347
4.9583917	0.79846627	8.899248	49.397
6.089652	-0.35434186	9.303867	49.447
6.090849	0.10175357	8.342596	49.497
6.129156	-0.5327099	7.4495587	49.547
7.145495	-0.51834464	7.04015	49.598
8.6299	-1.0390835	5.4922986	49.648
9.012972	-0.6404489	5.3462524	49.697
8.9602995	-0.4261679	4.000711	49.747
10.108319	0.0011971008	2.8921957	49.797
9.817424	-0.0047884034	2.4636335	49.847
10.0664215	-0.16759412	2.3953989	49.897
9.923966	-0.2669535	2.4468741	49.947
9.991004	-0.2753332	2.3008277	49.997
9.964667	-0.24181437	2.4109612	50.027
8.966286	0.009576807	3.2381577	50.097
9.330204	0.18315643	4.0665517	50.147
9.363723	-0.094570965	4.298789	50.197
9.388862	-0.08140286	4.72376	50.247
9.27394	-0.2693477	4.957195	50.297
8.312668	-0.21787235	4.7321396	50.347
8.384495	-0.12090719	5.779603	50.399
8.423999	-0.0035913025	6.5265937	50.447
9.223662	0.18794483	6.8450227	50.497
7.302315	-0.25378537	7.089231	50.549
5.407305	-0.415394	7.5668745	50.598
3.8642416	-0.6871359	8.907627	50.647
2.7665	-0.6919243	9.27394	50.698
1.6843209	-1.1695676	9.507375	50.747
0.095768064	-0.4213795	9.661801	50.797
0.016759412	-0.6380547	9.582792	50.847
-0.8690952	-1.0007763	9.270349	50.897
-0.4261679	-0.4417302	9.269152	50.947
-0.1604115	-0.60333884	9.48463	50.997
-0.22625206	-0.62009823	9.277532	51.027
1.8231846	-0.05626374	9.124303	51.097
2.147599	-0.1352724	9.54209	51.147
1.7884687	-0.62009823	9.296685	51.197
2.730587	-1.5658079	9.643845	51.247
3.9875429	-1.8974048	8.6813755	51.297
4.7141833	-1.9045875	8.306683	51.347
5.449203	-1.6962919	8.47308	51.408
5.9448028	-1.8626889	7.2089415	51.447
6.5960255	-1.1228806	6.075287	51.497
8.655039	-1.0139444	5.711368	51.547
9.508572	-0.20590134	4.272453	51.598
9.53012	-1.0534488	4.5992613	51.647
10.328587	-1.1336545	2.4361002	51.697
10.14543	-0.8475474	1.009156	51.747
10.521319	-0.4249708	0.48362875	51.797
10.067618	-0.2681506	0.10414778	51.847
10.080787	-0.320823	-0.19752164	51.897
10.419566	-0.2837129	-0.91099375	51.947
9.44752	0.32680854	1.459266	51.997
10.311827	0.33399114	1.4891934	52.027
10.782288	-0.09696517	2.2421699	52.097
8.851364	-0.51235914	4.6016555	52.147
8.6299	0.17238252	5.5258174	52.197
7.9032598	-0.30885202	5.407305	52.247
7.595605	-0.19273324	6.183026	52.297
6.921637	0.19512744	7.2711906	52.347
7.157466	0.36391866	7.3897038	52.397
6.235698	-0.50876784	7.5944076	52.447
5.9687448	-0.9911995	7.8865004	52.497
6.343437	-1.2234371	8.742428	52.577
6.7025676	-0.40222588	9.985018	52.597
2.4516625	-2.778471	10.957064	52.647
3.6774938	-2.1021092	9.056067	52.697
4.7309427	-1.4879963	10.247183	52.747
-0.34596214	-0.08020575	8.615535	52.797
2.3127987	-0.9720459	8.637083	52.847
1.4269443	1.3359646	8.529344	52.897
1.9021933	3.027468	6.8103065	52.947
-0.59615624	3.3877954	5.9567738	52.997
-0.08020575	3.3806129	5.141548	53.027
-0.22266077	1.6220716	5.837064	53.097
2.5127146	0.0011971008	8.568848	53.147
4.5645456	-2.0111294	12.652159	53.197
6.8366427	-2.4468741	15.668853	53.247
7.291541	-3.0250738	13.515268	53.297
4.924873	-1.8567034	8.900445	53.347
3.642778	-0.4261679	7.074866	53.397
4.486734	-0.17956513	5.9400144	53.447
3.5781345	-0.2896984	6.325481	53.497
3.8426938	-0.9660604	7.7943234	53.547
4.9284644	-1.4760253	9.009381	53.597
6.4607534	-0.9660604	8.908825	53.647
6.2021794	-2.9532478	7.1191587	53.697
10.150218	-1.3790601	4.107253	53.747
10.286688	0.5506664	4.747702	53.797
9.303867	-0.6536171	3.1256304	53.847
8.950723	-0.1316811	1.567005	53.897
9.566033	0.5650316	1.246182	53.947
10.67814	0.47644615	-0.33638534	53.997
11.553221	0.16998832	-0.7182605	54.027
11.10311	-0.2657564	-0.11851298	54.097
10.460267	-0.19393034	0.8678981	54.147
9.846154	-0.35913026	1.436521	54.197
9.423578	-0.32441434	2.0350714	54.247
9.466674	-0.049081136	2.743755	54.297
9.396045	0.06464344	4.4125137	54.347
8.957906	-0.29328972	5.2205567	54.397
8.75799	-0.30047232	4.392163	54.447
9.441534	0.46686932	5.3845596	54.497
9.768343	-0.06584055	6.131551	54.547
9.1590185	-0.81642276	5.353435	54.597
6.314707	-1.0450691	7.4363904	54.648
4.7297454	-0.7769185	7.60997	54.697
3.2273839	0.18794483	8.953117	54.747
4.098873	0.51235914	9.68694	54.797
2.6539726	0.01316811	9.460688	54.847
0.20470424	0.23343466	9.634268	54.897
-0.12330139	-0.11611878	9.976639	54.947
-0.82360536	0.40342298	11.007342	54.997
-1.2521675	0.6476316	9.224859	55.027
-2.885013	1.1456255	8.310274	55.097
-3.8031895	0.6967127	8.259995	55.147
-5.7149596	0.260968	7.8745294	55.197
-5.7484784	0.7015011	8.22528	55.247
-4.685453	0.7793127	8.663419	55.297
-4.272453	0.9792285	8.961497	55.347
-2.9712043	1.0929531	8.831013	55.397
-1.0079589	-0.439336	9.662998	55.447
1.5526398	0.62368953	10.594342	55.497
0.7062895	1.460463	9.26556	55.547
1.2785037	1.6172832	10.242394	55.597
2.8993783	0.49679685	8.714894	55.647
3.1591492	0.7637503	8.815451	55.699
5.9005103	-0.08020575	8.279149	55.747
5.7963624	-0.17357962	9.229648	55.797
4.531027	0.25977087	9.066842	55.847
5.8023477	-0.33638534	8.796297	55.897
7.0006456	0.50517654	7.869741	55.947
7.6865845	1.4999673	5.7748146	55.997
7.9343843	1.1013328	5.8741736	56.027
9.035717	0.12569559	5.671864	56.097
8.774749	0.2633622	5.2780175	56.147
8.973468	-0.05626374	4.6902413	56.197
9.548077	-0.0011971008	3.4404678	56.247
9.016563	0.49440265	3.2836475	56.297
9.953894	0.6847417	3.6990416	56.347
9.773131	0.6991069	3.8235402	56.397
10.072407	0.4417302	3.940856	56.447
8.9519205	0.11492168	3.3770216	56.497
8.541314	0.12569559	4.629189	56.547
9.585187	0.50038815	4.8398786	56.597
8.623915	0.36391866	5.127183	56.647
8.39886	0.5279215	5.7903767	56.697
7.2101383	-0.49200845	4.7788267	56.747
7.728483	-0.005985504	7.1059904	56.797
8.645462	0.08738836	7.72968	56.847
9.345766	0.02633622	6.9360023	56.897
8.210915	-0.14724341	6.6067996	56.947
8.032547	-0.15801731	7.2807674	56.997
7.0712748	-0.6440403	7.3418193	57.027
3.6092591	-0.2753332	8.916007	57.097
1.1420342	-0.688333	9.291897	57.147
0.049081136	0.41299978	10.079589	57.197
-0.38067806	0.05865794	9.81503	57.247
-1.9321208	-1.3251907	8.018182	57.297
-5.2720323	-0.09816227	8.835801	57.347
-4.441244	-0.4165911	8.529344	57.397
-5.3282957	-0.20470424	9.144653	57.447
-4.608838	1.2617443	8.750807	57.497
-3.7110126	0.8319851	7.9104424	57.547
-3.86903	1.2449849	8.524555	57.598
-2.585738	1.0402806	8.437167	57.647
-0.12090719	0.4177882	9.39365	57.697
0.9552865	0.10534488	10.33098	57.747
1.0618285	0.5758055	10.372879	57.797
3.1495724	0.14963761	10.56681	57.847
2.566584	0.35913026	9.32781	57.897
2.9245174	0.038307227	7.8206596	57.947
5.744887	0.015562311	8.010999	57.997
6.099229	0.7697359	7.327454	58.037
6.7013707	0.49440265	6.721721	58.097
8.825027	0.49559975	7.0581064	58.147
9.3733	0.47764325	6.706159	58.197
9.25359	0.5267244	6.599617	58.247
8.726865	0.46686932	4.209007	58.297
8.261193	0.23104046	4.453215	58.347
8.920795	0.05746084	3.4584243	58.397
8.25401	0.18315643	2.1547816	58.447
9.489418	0.39264908	1.7357962	58.497
12.348095	0.7625532	-0.011971008	58.547
11.453861	0.641646	0.63087213	58.597
10.1382475	0.40940848	0.3878607	58.647
9.856929	0.23582886	1.6208745	58.697
9.721656	0.110133275	2.528277	58.747
9.871294	-0.090979666	3.5853171	58.797
9.25359	-0.31124622	4.1683054	58.847
8.7053175	-0.19871874	4.8027687	58.897
8.306683	-0.2765303	5.568913	58.947
8.603564	0.0011971008	5.9627595	58.997
8.686164	0.031124622	5.997475	59.037
8.858546	-0.2896984	7.133524	59.097
7.9116397	-0.6775591	6.9024835	59.147
5.6323595	-0.1376666	7.9152308	59.197
4.685453	-0.06823475	8.579621	59.247
4.06296	-1.2366052	8.445546	59.297
0.31483752	-0.5662287	8.881291	59.347
-1.0043676	0.12449849	9.673772	59.397
-1.0582372	-0.59017074	9.024943	59.447
-3.1004913	-0.11492168	9.1255	59.497
-3.6379895	-0.06464344	8.941146	59.547
-4.0318356	0.25977087	9.08001	59.597
-2.9472623	0.439336	9.284714	59.647
-2.7030537	0.260968	9.333796	59.697
-0.90261406	-0.023942016	9.580399	59.747
0.027533319	0.17597382	10.143036	59.797
1.0283096	-0.19871874	9.354146	59.847
1.8028339	-1.2641385	9.31943	59.897
3.6032736	-0.5554548	9.053674	59.947
5.0362034	-1.1444284	9.095572	59.997
4.6686935	-1.5969325	8.736442	60.037