2.0757728	-9.174581	2.4971523	0.036
1.9021933	-9.264363	2.3020248	0.099
1.9297266	-9.288305	2.3750482	0.147
1.9752164	-9.23683	2.44448	0.189
1.9871874	-9.234436	2.4025815	0.231
1.9620483	-9.303867	2.303222	0.289
1.9668367	-9.267955	2.4468741	0.352
1.9548657	-9.249998	2.348712	0.389
2.0087352	-9.248801	2.397793	0.447
2.006341	-9.264363	2.4349031	0.501
2.0590134	-9.252393	2.3068132	0.548
2.043451	-9.257181	2.3989902	0.601
2.0027497	-9.259575	2.4037786	0.646
2.0135236	-9.248801	2.3822308	0.696
2.007538	-9.255983	2.4289176	0.746
1.9440918	-9.26197	2.445677	0.796
2.0099323	-9.234436	2.4169466	0.846
2.0362685	-9.279925	2.4720132	0.896
1.9620483	-9.2907	2.2756886	0.946
1.9752164	-9.287108	2.36188	0.976
2.0913353	-9.214086	2.4468741	1.046
1.9788077	-9.284714	2.3594859	1.096
2.018312	-9.227253	2.4827871	1.146
2.0135236	-9.24521	2.4528596	1.195
2.0111294	-9.27394	2.3834279	1.246
2.0039468	-9.242816	2.44448	1.296
2.0578163	-9.285912	2.4540567	1.346
2.0566192	-9.259575	2.409764	1.396
2.0446482	-9.221268	2.421735	1.446
2.0123265	-9.252393	2.3798366	1.496
2.078167	-9.271546	2.3116016	1.545
2.0087352	-9.2547865	2.372654	1.596
1.9381063	-9.2787285	2.4049757	1.646
1.9333179	-9.293094	2.3702598	1.695
2.0266917	-9.27394	2.4839842	1.746
1.922544	-9.251195	2.2768857	1.796
2.112883	-9.255983	2.5809495	1.846
2.2720973	-9.266758	2.6372132	1.896
1.8363527	-9.330204	2.088941	1.945
1.8902222	-9.314642	2.336741	1.976
1.7741034	-9.489418	2.2050598	2.053
2.0841527	-9.369708	2.8335378	2.096
1.0450691	-9.235633	1.9285295	2.146
2.835932	-8.625112	3.4153287	2.196
2.9867666	-9.26556	1.804031	2.246
1.3982137	-9.922769	2.9352913	2.296
2.778471	-10.81461	2.3020248	2.346
2.4025815	-10.115502	1.970428	2.396
4.462792	-7.339425	3.6272156	2.446
2.2864625	-8.435969	3.0142999	2.496
0.7469909	-9.346964	4.831499	2.546
0.8319851	-9.288305	5.746084	2.596
-0.31124622	-8.177396	5.1355624	2.646
0.58538234	-8.008605	4.3957543	2.696
0.46327803	-8.130709	5.705383	2.746
-0.7781156	-7.5944076	5.529409	2.795
-1.3036429	-7.4603324	5.2385135	2.846
-1.7202339	-8.033744	5.8203044	2.896
-2.327164	-7.595605	5.6407394	2.946
-1.8243817	-7.8625584	5.353435	2.976
-1.8734628	-8.185776	4.653131	3.046
-1.3443443	-8.465898	4.6459484	3.096
-0.8355764	-8.258799	4.5681367	3.146
-1.174356	-8.021772	4.5441947	3.196
-0.5722142	-8.525752	4.0857053	3.246
-0.6907272	-8.305486	3.7205894	3.296
-0.50876784	-8.087613	3.8307228	3.346
0.15442601	-8.78672	4.212598	3.395
0.93134445	-10.539276	3.3051953	3.446
1.1324574	-9.277532	2.2625206	3.496
3.6463692	-9.975441	3.083732	3.546
3.3686419	-10.150218	0.088585466	3.596
1.3347675	-9.153033	-1.5957354	3.646
3.4943373	-9.576807	-0.91458505	3.696
4.3167458	-8.774749	-2.7629087	3.746
3.8714242	-9.340978	-0.30166942	3.796
3.108871	-9.510966	-1.9596541	3.846
2.6491842	-9.8198185	-2.669535	3.897
2.4037786	-9.689334	-2.268506	3.946
1.9440918	-9.557653	-2.0231004	3.976
3.5984852	-10.323798	-2.4408886	4.046
-0.50517654	-8.754398	-1.7944542	4.097
1.6819267	-8.884883	1.2545617	4.148
0.521936	-10.147824	-2.6910827	4.197
-0.7230489	-10.19092	-1.8387469	4.246
0.45250413	-10.064027	1.1264719	4.296
0.63206923	-10.930728	-0.10414778	4.346
-2.03148	-9.357738	-0.320823	4.396
-2.2816741	-8.079233	2.1260512	4.446
-0.830788	-8.755595	1.7010803	4.496
-1.5586253	-8.535329	1.9596541	4.546
-2.906561	-9.807847	4.3658266	4.596
-1.4173675	-7.9607205	4.787206	4.646
-0.5554548	-6.967127	6.256049	4.696
-1.9117701	-6.89171	6.915652	4.746
0.047884032	-7.1167645	6.9850836	4.796
-0.36511576	-7.1191587	7.0090256	4.846
-0.18674773	-8.094796	6.149507	4.896
0.5662287	-8.230068	4.414908	4.945
0.58777654	-8.148665	5.3043537	4.976
-0.79128367	-8.056489	4.272453	5.046
-0.59136784	-8.349778	3.7301662	5.096
-0.8750807	-8.722076	3.8630445	5.146
0.61171854	-9.012972	3.4093432	5.196
0.60094464	-9.25359	2.4169466	5.246
1.3275849	-9.880871	3.1830912	5.296
3.4703953	-9.986216	1.282095	5.346
2.8514943	-10.096349	0.1604115	5.396
1.7238252	-8.841787	0.34117374	5.446
2.8191724	-9.345766	-0.0035913025	5.496
2.8538885	-11.106702	-2.6048915	5.546
3.1639376	-9.949105	-1.6089035	5.596
2.4971523	-7.9702973	-1.9009962	5.646
2.1859062	-9.087193	-1.4616601	5.696
1.7992426	-9.229648	-2.2828712	5.746
1.8124107	-8.9842415	-2.1404164	5.796
1.5119383	-8.744822	-2.5067291	5.846
1.6316484	-9.622296	-2.9831753	5.896
1.3958195	-9.270349	-3.1603463	5.946
2.0326772	-9.356541	-2.409764	5.986
1.7417817	-9.26556	-2.4241292	6.046
2.184709	-9.408015	-1.8219875	6.096
2.9101522	-10.3226	-1.6089035	6.146
2.1619642	-9.495404	-0.93254155	6.195
2.292448	-9.3182335	0.22266077	6.246
2.4037786	-9.600749	0.8367735	6.296
3.5446155	-9.221268	1.7729063	6.346
3.145981	-9.31105	1.3515269	6.396
2.6803088	-9.676167	2.731784	6.446
1.8112136	-9.625888	2.6539726	6.496
0.736217	-9.272743	3.1004913	6.546
-0.009576807	-9.004593	2.7246015	6.596
-1.5286977	-9.075222	2.9388826	6.646
-2.4253263	-9.485827	1.7717092	6.696
-1.7489643	-8.476671	1.9273324	6.746
-1.186327	-9.209297	2.1092918	6.796
-3.0418332	-9.344569	1.7477672	6.846
-3.2082303	-9.263166	1.5562311	6.896
-2.4193408	-9.662998	1.5382746	6.946
-2.9508536	-9.344569	1.6340426	6.986
-1.7322049	-8.9363575	1.7202339	7.046
-1.1803415	-9.046491	1.6448165	7.095
-1.0737995	-9.435549	2.0913353	7.146
-1.1971009	-9.27394	2.3654714	7.196
-0.19752164	-9.604341	2.1092918	7.246
0.8655039	-8.725668	3.582923	7.296
0.63206923	-9.387665	3.4380736	7.346
1.5682021	-8.865729	3.0226796	7.396
1.3790601	-8.585608	2.7928362	7.446
1.5191209	-9.155427	2.0446482	7.497
2.2984335	-10.401609	1.3634979	7.557
1.5598224	-9.465476	2.7928362	7.596
1.899799	-9.965864	0.9504981	7.646
1.8746599	-9.690532	0.34596214	7.696
2.0937295	-9.15423	0.60812724	7.746
2.4648306	-9.259575	-0.5722142	7.796
3.0358477	-10.30225	-0.78170687	7.846
2.96881	-9.785102	-1.6448165	7.896
2.0841527	-8.957906	-0.31244332	7.946
0.8343793	-9.222465	-0.36272156	7.986
3.0262709	-8.986636	-0.81881696	8.046
3.643975	-9.466674	-2.504335	8.096
2.3642743	-9.247604	-2.9724014	8.145
2.658761	-9.054871	-0.9636662	8.2
2.955642	-9.093178	-1.5023615	8.236
3.7193923	-9.17099	-1.3599066	8.286
1.8435353	-9.589975	-1.5251064	8.349
1.3874398	-9.5732155	-1.246182	8.399
1.9057846	-8.237251	0.6703765	8.448
3.8714242	-8.274361	-0.91578215	8.499
3.8642416	-9.181764	-1.532289	8.55
3.0789435	-7.3645644	-0.9720459	8.59
3.4584243	-10.299856	-1.9381063	8.647
3.9624038	-8.889671	-3.4608185	8.697
4.2760444	-8.568848	-1.578976	8.748
3.3279405	-9.509769	-3.6224272	8.797
1.887828	-8.878897	-3.1974564	8.846
2.2469583	-9.218874	-2.7868507	8.896
3.2393548	-9.251195	-2.4301147	8.946
2.9532478	-9.437943	-2.2852654	8.986
4.1958385	-8.852561	-1.1911154	9.046
2.4265234	-9.235633	-1.6950948	9.096
1.174356	-9.909601	-1.2880806	9.146
0.59735334	-9.890448	-0.9900024	9.196
-1.9476831	-10.132261	0.12689269	9.245
-1.7633295	-10.107122	0.020350715	9.296
-0.9995792	-10.188525	0.29568392	9.346
2.421735	-9.572019	0.2669535	9.396
-1.970428	-8.264784	1.9536686	9.446
-0.58538234	-8.628703	2.36188	9.496
2.980781	-9.320627	4.0282445	9.546
-2.0027497	-8.763975	3.5649664	9.596
-0.10534488	-9.315839	2.4624364	9.646
-0.022744916	-8.820239	3.2968156	9.696
-0.6631939	-9.275137	3.4225113	9.746
-0.4429273	-8.736442	3.669114	9.796
0.6631939	-8.821436	3.4859576	9.846
0.15801731	-8.995016	3.5853171	9.895
-1.0474633	-8.801085	3.6272156	9.946
-1.2246342	-8.212111	3.7708676	9.986
0.08259996	-8.74123	3.4691982	10.046
-0.19273324	-9.223662	2.469619	10.095
-1.5849615	-8.937555	2.0590134	10.146
0.32800564	-9.551667	1.9740193	10.195
1.9045875	-10.028113	1.4053963	10.246
2.2709002	-9.099164	2.7760768	10.296
0.8523358	-10.842142	1.0079589	10.346
0.94211835	-10.178948	-0.7254431	10.396
1.4281414	-8.507795	-1.0139444	10.446
2.244564	-9.44752	-2.6803088	10.496
3.2788591	-9.713276	-3.4320881	10.546
2.1799207	-8.597578	-2.6372132	10.596
3.7972038	-8.432379	-2.6491842	10.646
3.4644098	-9.336189	-3.7086184	10.696
4.07134	-7.9691005	-2.8862102	10.746
4.1826706	-9.176975	-3.8893807	10.796
3.6104562	-8.835801	-3.6978445	10.846
3.4644098	-8.208521	-3.5865142	10.896
1.6950948	-9.051279	-2.6001031	10.946
2.5941176	-8.735245	-2.6120741	10.986
4.009091	-8.614338	-1.8614918	11.046
4.1946416	-8.469488	-1.1073183	11.095
5.0302176	-8.625112	-1.7609353	11.146
4.072537	-9.11712	-2.3307555	11.196
3.9025488	-9.722853	-1.7477672	11.246
3.8953662	-8.92319	-0.8283938	11.296
3.2489316	-8.796297	-2.2864625	11.346
1.650802	-9.330204	-2.4157495	11.395
1.9452889	-9.8677025	-1.638831	11.446
1.8471266	-9.412804	-1.1599907	11.496
0.32680854	-10.049662	0.19153613	11.546
-0.80325466	-11.566388	-0.31244332	11.596
-1.6208745	-9.745598	3.5745432	11.646
0.7254431	-8.062474	2.2373815	11.696
-2.0290859	-7.6351094	3.6978445	11.746
-0.78888947	-9.368511	3.003526	11.796
-1.8291701	-8.117541	3.4129345	11.846
-2.0817583	-8.628703	3.454833	11.896
-1.3802572	-8.522161	3.3734303	11.946
-1.7585411	-9.14226	2.918532	11.986
-1.0833763	-8.409634	3.7181952	12.046
-0.81043726	-8.468291	3.642778	12.095
-2.0099323	-8.678981	3.8139634	12.146
-1.3611037	-9.174581	4.003105	12.187
-1.1109096	-8.692149	3.8019924	12.237
-0.33159694	-8.701726	3.525462	12.295
0.29688102	-8.841787	2.882619	12.346
-0.35673606	-8.63828	2.8048072	12.396
1.210269	-9.180567	2.5677812	12.446
-0.45968673	-10.028113	1.7178397	12.495
-0.49440265	-8.831013	1.2725182	12.563
0.94690675	-9.276335	1.4628572	12.596
3.0214825	-11.33894	0.85473	12.646
2.1284454	-10.494983	-1.9321208	12.696
0.78410107	-8.9363575	-1.2797008	12.746
2.1152773	-8.965088	-2.6755204	12.796
2.4839842	-10.108319	-3.180697	12.846
2.3558946	-9.451111	-3.3542767	12.896
2.9724014	-9.148245	-2.7377696	12.946
4.5322237	-9.0476885	-1.9249382	12.986
1.34195	-9.569624	-3.1854854	13.045
2.3068132	-8.99741	-1.9919758	13.096
2.3247697	-9.860519	-2.2661119	13.146
0.9600749	-9.592369	-2.3319526	13.196
1.0031705	-9.607931	-2.3427265	13.246
0.6368576	-9.087193	-1.8124107	13.296
0.92176765	-8.161834	1.508347	13.346
1.910573	-10.029311	-0.37469256	13.395
2.136825	-9.437943	0.7302315	13.446
2.1320367	-9.753978	0.25617957	13.495
0.9648633	-10.09156	0.15203181	13.546
0.7290344	-8.995016	3.7122097	13.595
0.5746084	-8.835801	3.879804	13.646
-0.22864626	-9.020155	3.4512417	13.697
0.15083471	-8.119935	4.3981485	13.746
1.733402	-8.851364	4.829105	13.796
1.1492168	-8.4587145	4.1479545	13.847
1.1839328	-8.479065	4.4484267	13.896
2.0829554	-8.599973	3.9576154	13.946
2.4384944	-8.871715	4.1623197	13.985
2.9628246	-8.971074	3.3770216	14.046
4.268862	-9.123106	2.1871033	14.096
3.6990416	-9.400833	3.0669725	14.146
-0.6488287	-9.452309	2.0649989	14.201
0.5494693	-8.651448	2.717419	14.246
2.6491842	-8.65025	1.7238252	14.295
0.37588966	-9.114726	0.92296475	14.346
0.34356794	-8.752005	1.8148049	14.396
0.7769185	-9.830592	1.6184803	14.446
1.9500773	-10.989386	-0.7410054	14.496
1.1013328	-10.080787	0.107739076	14.546
1.8267759	-9.8677025	-0.40342298	14.596
1.7369933	-9.583989	-2.7820623	14.645
1.7310078	-8.3868885	-1.1611878	14.696
3.0490158	-9.072827	-1.946486	14.746
3.7684734	-8.9998045	-3.8654387	14.796
2.160767	-9.330204	-4.6459484	14.846
2.2098482	-9.849746	-1.3000516	14.896
3.003526	-9.919178	-0.82360536	14.946
2.4420857	-9.582792	-0.61171854	14.996
1.7238252	-9.65821	-0.79487497	15.046
1.8842367	-9.9550905	-0.6679823	15.096
2.292448	-9.970653	0.92895025	15.146
1.1025299	-9.6845455	1.2773066	15.196
0.033518825	-10.366894	1.3395559	15.246
-0.12210429	-8.625112	2.3211784	15.296
2.0254946	-8.6813755	1.3814543	15.345
0.62368953	-7.9607205	0.8355764	15.395
0.5351041	-9.184157	2.0506337	15.446
0.045489833	-8.808268	0.37110126	15.496
-1.8746599	-9.446322	1.8866309	15.546
0.47644615	-8.992621	2.0638018	15.595
-1.1300632	-9.512163	2.2026656	15.646
0.2645593	-10.955867	1.8243817	15.696
1.7106571	-9.03452	-1.1755531	15.745
1.4329298	-9.044097	-0.7350199	15.796
2.8682537	-10.552444	-0.90859956	15.846
3.762488	-9.305065	-0.9780314	15.896
2.2218192	-9.36492	-1.316811	15.946
3.1998506	-9.419987	-1.1659763	15.996
3.347094	-9.657013	-1.4257472	16.047
2.8694508	-9.478644	-1.067814	16.096
2.4277205	-9.503783	-2.3463178	16.146
2.0901382	-9.331401	-2.480393	16.196
2.5462334	-9.4295635	-1.4197617	16.246
0.641646	-9.451111	-1.8255788	16.296
1.7944542	-9.581595	-0.5638345	16.346
2.372654	-9.270349	1.9776106	16.396
0.9947908	-9.993398	1.2868834	16.446
0.6931214	-9.508572	1.3192052	16.496
1.3072342	-9.554062	2.03148	16.546
0.5650316	-9.072827	1.6591818	16.596
1.1204864	-8.979453	3.1555579	16.645
1.2186487	-9.621099	1.9776106	16.695
0.6428431	-9.5253315	2.232593	16.746
0.12330139	-8.428787	1.0977415	16.795
1.9093759	-9.018958	1.3144168	16.846
2.9939492	-9.059659	1.0809821	16.896
3.9013517	-9.375694	2.36188	16.945
4.7776294	-8.961497	0.9983821	16.996
5.29358	-9.25359	0.15562311	17.047
3.8786068	-9.235633	0.50876784	17.096
3.3506854	-9.003395	-1.3814543	17.146
3.9815574	-9.15423	-1.4401124	17.198
4.285621	-9.200917	-0.5303157	17.246
3.9683893	-9.546879	-1.0139444	17.295
3.4883518	-9.333796	-0.5398925	17.346
2.966416	-9.752781	-0.15322891	17.395
1.8423382	-9.609129	-0.7266402	17.446
2.7377696	-9.991004	2.5330653	17.495
2.8574798	-9.633071	1.769315	17.557
0.90740246	-8.871715	1.2856863	17.595
1.3072342	-9.688137	1.8902222	17.646
0.1592144	-9.176975	2.4600422	17.695
-0.22505496	-8.865729	4.1132383	17.745
-0.4261679	-9.060856	3.4871547	17.796
-1.0977415	-9.197326	2.9987376	17.846
-1.6519991	-7.467515	4.0641575	17.895
-1.2162545	-7.1023993	3.7098155	17.946
-1.1013328	-8.268375	4.3275194	17.996
-1.3371617	-8.723274	5.0158525	18.048
-0.22625206	-8.449138	4.0821137	18.096
0.736217	-8.834604	3.4823663	18.146
1.1623849	-8.422802	3.0334535	18.197
1.5131354	-8.910022	3.2345665	18.246
2.0039468	-9.721656	3.3854012	18.296
0.997185	-10.41358	2.0913353	18.346
2.1703439	-10.346542	1.2078748	18.4
4.0078936	-9.785102	0.9864111	18.448
3.2812533	-8.64666	-0.62728083	18.494
1.6424223	-9.168595	-1.5131354	18.555
2.8119898	-9.975441	-1.5466543	18.594
3.3159695	-9.931149	-2.6024973	18.636
3.2333694	-8.917204	-0.5590461	18.695
1.5586253	-9.809045	-2.3391352	18.75
1.3096284	-8.967483	-1.8435353	18.79
2.2122424	-9.19134	-1.4520833	18.85
1.7537527	-9.193734	-2.0326772	18.89
2.3702598	-9.545682	-1.9596541	18.95
1.8028339	-9.595961	-1.9249382	18.991
1.8028339	-9.595961	-1.9249382	18.991
1.9069817	-9.96347	-1.4772224	19.097
2.336741	-9.296685	-1.3575124	19.15
2.1428106	-9.617508	-3.0897174	19.19
2.7593174	-8.647857	-1.1791444	19.25
2.7353754	-9.25359	-0.7505822	19.29
2.1284454	-9.832987	-1.3156139	19.35
2.5617957	-9.296685	-2.4492683	19.39
1.8112136	-9.773131	-0.3184288	19.45
2.9484594	-9.27394	0.6907272	19.49
2.147599	-9.5732155	-2.1559787	19.55
2.1152773	-9.816227	-1.0426749	19.59
3.6870706	-10.681731	-0.2801216	19.65
1.033098	-9.657013	-0.62728083	19.69
-0.31364042	-9.212888	2.528277	19.752
0.36032736	-8.829816	4.039018	19.79
0.36750996	-9.419987	3.3183637	19.85
2.0925324	-8.599973	4.1826706	19.89
-1.4652514	-8.368932	-0.33279404	19.95
-2.2589293	-8.846576	0.82001406	19.99
-1.2282255	-7.5644803	3.1232362	20.048
0.4321534	-9.380483	3.3123782	20.097
1.198298	-10.352529	3.6391866	20.147
2.255338	-9.203311	2.100912	20.197
4.0426097	-10.3932295	1.4305356	20.246
2.2062569	-9.26197	-0.6979098	20.296
2.9771898	-8.882488	-0.28491	20.346
6.637924	-8.780735	-0.81283146	20.396
6.10282	-8.295909	-1.3383588	20.446
3.430891	-8.605958	-1.3060371	20.495
4.9643774	-8.797494	-1.5837644	20.546
4.7070007	-9.406818	-1.340753	20.596
3.5434184	-9.001001	-2.2613235	20.646
3.2812533	-9.151836	-1.3994108	20.695
2.3511062	-9.522937	-0.46447513	20.746
5.807136	-8.41921	-0.961272	20.795
3.4380736	-9.23683	-2.5725696	20.846
3.3315318	-9.592369	-2.087744	20.896
2.8634653	-9.108741	-1.8315643	20.946
5.475539	-8.109161	3.4129345	20.996
3.2273839	-9.408015	-2.0039468	21.047
1.3192052	-9.574412	0.7062895	21.095
3.2082303	-9.653421	0.92176765	21.146
2.6084828	-10.545261	2.0745757	21.196
0.8690952	-9.435549	1.4796166	21.246
0.7721301	-8.742428	1.6292542	21.296
0.35434186	-8.35337	1.7812861	21.346
-0.81761986	-8.516175	1.6819267	21.396
-0.9888053	-9.765948	1.9416976	21.446
-1.0630256	-9.738416	1.471237	21.496
-0.7158663	-9.639056	0.94570965	21.546
-0.5542577	-9.508572	0.31124622	21.595
-0.04189853	-9.235633	1.1312603	21.646
0.8678981	-9.075222	0.93732995	21.695
1.5502456	-9.411607	1.2114661	21.746
2.3690627	-9.799467	1.1540052	21.796
1.7705121	-9.706094	1.0821792	21.846
1.2593501	-10.332177	0.20470424	21.895
1.5490485	-10.418368	-0.81043726	21.945
4.381389	-8.258799	-0.38307226	21.996
5.4683566	-8.63828	-0.50278234	22.047
3.7840357	-9.229648	-1.0666169	22.095
3.942053	-9.238028	-1.484405	22.146
2.859874	-8.403648	1.8231846	22.195
4.5992613	-8.463503	-1.2090719	22.246
5.0625396	-9.363723	-0.7062895	22.296
5.3821654	-9.2547865	-0.6751649	22.346
4.0533834	-9.204509	-1.5646108	22.396
2.5258827	-9.580399	-2.3906105	22.446
3.5936968	-9.343372	-0.770933	22.496
2.9005754	-9.836577	-2.2230163	22.564
1.8854338	-9.0476885	-0.92416185	22.596
2.360683	-10.402806	-0.17357962	22.646
2.8419175	-9.750386	1.6017209	22.695
1.174356	-8.917204	2.967613	22.746
0.51355624	-9.556456	2.2996306	22.795
-0.11492168	-9.3733	3.882198	22.846
-0.6871359	-7.7548194	3.003526	22.896
-1.6184803	-8.040926	2.777274	22.945
-1.6112977	-8.470686	3.2609026	22.996
-1.1384429	-7.9391727	4.256891	23.047
-0.89303726	-8.000225	4.1982327	23.096
1.7956513	-9.652225	3.9336734	23.146
1.401805	-9.033323	2.5725696	23.195
2.5785553	-9.210494	2.3319526	23.246
3.1399956	-10.210073	1.6998832	23.296
2.1667526	-9.904813	-0.142455	23.346
2.7748797	-9.00579	-0.20829555	23.406
4.011485	-9.7863	-0.92655605	23.446
4.1958385	-9.657013	-1.6795325	23.496
1.508347	-9.903615	-1.721431	23.546
2.3092074	-9.703699	-0.45370123	23.596
3.9252937	-9.289502	0.7469909	23.646
0.5363012	-9.408015	-1.5239093	23.695
2.873042	-8.801085	0.34476504	23.746
2.885013	-10.230424	2.019509	23.796
0.90141696	-9.7240505	-2.5079262	23.845
1.2174516	-9.419987	0.1316811	23.896
2.4791958	-9.194932	0.39863458	23.946
0.90740246	-9.5385	-0.010773907	23.996
1.5658079	-9.49301	1.9632454	24.048
0.45370123	-9.619903	1.4317327	24.096
0.46327803	-9.958682	0.40342298	24.146
1.5107412	-9.646238	0.22146365	24.195
0.9840169	-9.676167	-0.008379706	24.246
1.2808979	-9.483433	1.2593501	24.295
1.3611037	-9.540894	1.6280571	24.345
2.2349873	-9.677363	-0.16280572	24.396
4.2640734	-9.76954	0.6811504	24.446
3.5877113	-9.8198185	-1.7753005	24.496
-1.4161704	-9.425972	0.93613285	24.546
3.0777464	-9.26197	3.788824	24.596
4.1611223	-10.882844	-0.6452374	24.646
1.5035586	-9.48463	4.583699	24.695
2.2840683	-8.990228	1.4077905	24.746
1.2174516	-8.752005	1.8722657	24.795
0.061052144	-9.514558	2.5677812	24.845
-1.0366893	-9.108741	2.1452048	24.896
-1.9405005	-9.297882	2.883816	24.946
-2.420538	-9.581595	2.7665	24.996
-2.1859062	-8.905233	2.6240451	25.047
-3.3375173	-9.352949	1.9405005	25.096
-2.790442	-9.587581	1.9620483	25.146
-1.115698	-9.4535055	2.123657	25.195
-1.8818425	-9.925163	1.7106571	25.246
-2.0638018	-9.2069025	1.8231846	25.296
-1.3108255	-8.981848	1.7657237	25.345
-2.1068976	-8.969876	1.9835961	25.396
-0.1364695	-8.930372	2.5462334	25.446
0.6823475	-8.966286	2.1894975	25.496
-0.34117374	-9.361329	2.2709002	25.546
1.4856021	-8.37372	2.1499932	25.596
0.9959879	-9.578004	2.9161377	25.646
0.21428105	-8.925584	3.347094	25.695
2.777274	-10.536881	1.8112136	25.746
2.6515784	-10.334572	0.24181437	25.795
2.4384944	-9.639056	0.2741361	25.846
2.4361002	-9.673772	-1.2425907	25.896
1.3215994	-9.811439	-1.4041992	25.946
2.6551697	-9.141062	-1.9117701	25.995
3.083732	-9.2308445	-2.231396	26.047
1.685518	-9.331401	-2.0745757	26.095
4.546589	-9.045294	-2.1140802	26.146
4.2401314	-9.088389	-1.6065093	26.196
3.8474822	-8.967483	-1.1971009	26.246
4.583699	-9.100361	-0.38307226	26.296
3.5098996	-8.926781	-0.5590461	26.345
4.1922474	-8.67539	0.2837129	26.396
4.9176903	-9.094376	-0.12689269	26.445
3.9995139	-9.205706	-0.46686932	26.495
3.9636009	-8.930372	-0.39504328	26.546
2.7952304	-9.3026705	-0.11133038	26.596
2.956839	-9.187749	0.6871359	26.646
3.4691982	-9.782708	0.1352724	26.695
3.0454245	-9.692925	-0.10055647	26.746
3.2824504	-8.706514	-0.05865794	26.796
3.819949	-8.718486	1.0726024	26.846
3.3411086	-9.2308445	2.0709844	26.895
3.0909145	-9.873688	2.2864625	26.946
3.2333694	-9.956287	2.384625	26.995
0.94211835	-8.998607	1.7729063	27.046
0.44532153	-8.62152	2.7365725	27.095
0.3854665	-9.030929	2.1930888	27.146
0.6560113	-9.14226	2.2397757	27.195
0.5542577	-8.878897	2.5115175	27.246
0.60573304	-9.118318	2.219425	27.296
-0.6584055	-10.00896	1.0869676	27.346
-1.553837	-9.725247	0.8295909	27.396
-0.7230489	-9.329007	0.8523358	27.446
-1.2030864	-9.834184	0.49919105	27.496
-1.4496891	-9.338584	0.82599956	27.546
-1.9512744	-9.427169	0.50158525	27.596
-1.8411411	-9.115923	0.59855044	27.646
-1.1312603	-8.990228	0.8595184	27.695
-0.32680854	-8.750807	0.7026982	27.747
-0.39743748	-9.622296	0.6440403	27.797
1.2449849	-9.688137	0.6536171	27.846
1.4173675	-9.7240505	0.31603462	27.896
1.8459295	-8.796297	0.6596026	27.946
1.5334862	-10.259154	-0.7290344	27.996
2.1930888	-11.121067	0.092176765	28.046
4.5082817	-8.805874	-3.5613751	28.096
3.9923313	-8.358158	-0.48841715	28.146
3.9121256	-7.976283	-2.208651	28.195
3.2237926	-9.433155	-3.1735144	28.246
2.5390508	-10.018537	-3.489549	28.296
1.7753005	-9.111135	-3.2513258	28.346
3.3734303	-8.404845	-2.5342624	28.396
2.5797524	-9.258378	-3.2620997	28.446
0.93134445	-7.989451	-5.1882353	28.496
0.50038815	-8.327033	-2.9712043	28.546
2.2158337	-8.368932	-3.8510735	28.596
2.1416135	-8.576031	-5.261258	28.645
1.5897499	-8.568848	-4.429273	28.696
2.5354595	-8.457518	-4.7321396	28.746
3.5541923	-8.220491	-3.6104562	28.796
3.655946	-8.082825	-5.1966147	28.846
3.9205053	-8.170214	-5.2744265	28.896
3.6583402	-8.177396	-4.261679	28.946
2.9317	-8.546103	-3.8486793	28.996
3.8019924	-8.870518	-3.1519666	29.046
3.6260185	-9.057265	-3.039439	29.095
2.3918076	-9.23683	-2.9029696	29.146
2.2481554	-9.568427	-2.5821466	29.196
2.087744	-8.9758625	-0.23942018	29.246
2.2158337	-9.334992	0.40222588	29.296
1.9776106	-10.681731	1.4317327	29.346
1.1587936	-10.244789	2.4768016	29.396
1.5885528	-8.443152	2.372654	29.446
0.25139117	-8.89446	2.7712884	29.495
0.21188685	-8.919599	2.148796	29.546
-1.1971009	-8.819042	1.5346833	29.595
-1.7489643	-8.554482	1.8902222	29.646
-1.8231846	-9.144653	2.480393	29.696
-2.6120741	-10.022128	2.0027497	29.745
-3.4081461	-9.127894	2.2242134	29.796
-2.3798366	-8.860941	1.9033904	29.846
-2.8898015	-9.149442	1.6292542	29.896
-2.098518	-9.085996	2.0039468	29.946
-1.6938977	-9.351752	2.2613235	29.996
-1.3670892	-9.461885	2.100912	30.046
-1.7501614	-9.31943	2.0350714	30.095
-0.79607207	-9.497798	2.5881321	30.146
-0.50757074	-9.592369	2.409764	30.195
-0.08020575	-9.394848	2.9700072	30.246
0.8475474	-8.722076	1.9871874	30.296
1.0079589	-9.242816	2.0362685	30.346
1.4065934	-9.300277	2.2337902	30.395
0.12689269	-9.5971575	1.6699557	30.446
1.0845734	-9.157822	2.5617957	30.496
-0.5746084	-9.674969	1.8471266	30.546
-0.8355764	-9.5492735	1.6783354	30.596
0.61530983	-9.555259	1.2401965	30.645
0.842759	-9.487024	0.5410896	30.696
1.353921	-9.985018	-0.6356605	30.746
1.9548657	-10.0987425	-2.4516625	30.795
2.1200657	-9.827001	-3.0478187	30.846
1.8411411	-10.552444	-2.7688942	30.896
2.504335	-8.978256	-1.982399	30.946
3.1411927	-8.476671	-1.3994108	30.996
0.93732995	-8.759187	-2.7257986	31.046
2.8407204	-9.834184	-2.8060043	31.096
3.9516299	-9.300277	-0.90740246	31.146
3.063381	-9.222465	-0.90859956	31.196
2.96881	-8.825027	-0.30166942	31.247
2.979584	-8.520964	-0.60214174	31.296
2.9616275	-9.3182335	-0.79487497	31.346
3.7193923	-8.865729	-1.4999673	31.395
4.784812	-8.37013	-0.5530606	31.446
4.9344497	-8.238448	-2.9831753	31.495
2.3247697	-9.539697	-2.504335	31.546
2.834735	-9.4295635	-1.0809821	31.595
1.1923125	-9.89763	-5.9807158	31.646
1.2425907	-8.487445	-2.9161377	31.696
2.9843724	-9.463082	-3.264494	31.746
2.3523033	-9.568427	-3.775656	31.796
3.3399115	-9.326612	-2.6503813	31.846
1.8255788	-9.43076	-2.8083985	31.895
1.9907787	-9.173384	-1.7729063	31.946
2.9245174	-9.074024	-0.52073884	31.996
2.8299465	-9.382876	-0.3184288	32.046
2.8538885	-9.466674	0.031124622	32.095
1.3730747	-9.7084875	0.35194764	32.145
0.7350199	-10.095152	1.7872716	32.196
0.7314286	-9.229648	2.6874914	32.246
2.0446482	-8.950723	2.6970682	32.296
-0.31364042	-9.054871	2.2038627	32.346
-1.5921441	-9.200917	1.4568717	32.396
-1.2689269	-8.820239	1.8674773	32.446
1.1085154	-9.434352	2.6024973	32.496
-0.4429273	-8.978256	1.3910311	32.556
-0.81881696	-9.707291	1.3503298	32.596
0.20231004	-9.44752	1.328782	32.646
1.2653356	-9.1590185	1.448492	32.696
0.5279215	-9.662998	0.7326257	32.746
-0.7206547	-10.238804	1.9381063	32.795
-0.18794483	-8.710106	1.4664485	32.846
-0.9552865	-9.707291	-0.09935937	32.895
-0.46447513	-9.78989	0.088585466	32.945
1.5897499	-9.915586	0.4201824	32.996
1.7896658	-10.99178	0.33877954	33.045
-0.6464345	-9.847352	0.6380547	33.095
-0.22744916	-10.217256	0.8858546	33.146
0.39504328	-10.328587	0.6572084	33.195
-0.025139118	-9.57561	0.4165911	33.246
-1.2737153	-9.173384	-0.16519992	33.296
0.2669535	-9.743204	1.0378864	33.346
0.44651863	-9.856929	0.8499416	33.396
0.23343466	-9.26556	3.3075895	33.446
0.51714754	-9.324219	2.373851	33.496
0.8391677	-8.462306	3.38181	33.546
0.5614403	-9.489418	2.9939492	33.596
-0.439336	-8.929175	2.5318682	33.646
-0.7386112	-8.740033	2.529474	33.697
0.06823475	-9.174581	2.5725696	33.746
0.07062895	-9.200917	2.5905263	33.796
0.2873042	-8.854955	2.172738	33.847
-0.60453594	-9.831789	1.3563153	33.896
0.79846627	-10.018537	0.9588778	33.946
2.2864625	-9.269152	2.0350714	33.997
2.64679	-9.900024	0.9923966	34.046
2.3068132	-10.007763	0.5410896	34.088
1.9321208	-9.489418	-0.748188	34.148
2.7605145	-9.531317	-1.5047557	34.194
2.585738	-9.515755	-1.5502456	34.254
1.2677298	-9.252393	-1.3826514	34.294
1.2138603	-9.169792	-1.7764976	34.334
1.8219875	-9.611523	-2.2050598	34.396
1.4257472	-9.604341	-2.6144683	34.447
1.1073183	-9.512163	-2.8981812	34.49
1.1336545	-9.076419	-3.406949	34.55
2.4408886	-8.655039	-3.383007	34.59
2.1380222	-9.498995	-4.0426097	34.65
1.8926164	-8.671799	-3.752911	34.69
1.1240777	-8.871715	-2.9879637	34.75
1.0283096	-8.896853	-3.3375173	34.79
1.055843	-9.045294	-3.6152446	34.85
1.1994951	-9.343372	-3.5913026	34.89
1.2892777	-9.160215	-3.6619315	34.95
1.9369092	-9.091981	-3.1495724	34.99
2.067393	-8.99741	-2.007538	35.051
2.9352913	-8.871715	-1.5813702	35.097
2.3475149	-9.350554	-2.1284454	35.147
1.4975731	-9.385271	-2.8742392	35.19
2.980781	-9.26197	-1.9237411	35.25
1.9536686	-9.43076	-2.3786395	35.29
1.0366893	-8.950723	-2.4863784	35.35
1.8734628	-9.892841	-1.2593501	35.39
2.1440077	-9.369708	-2.7521348	35.45
2.8048072	-9.504981	-1.3239936	35.49
3.5781345	-9.785102	-1.9931729	35.55
4.203021	-9.095572	-1.435324	35.59
1.602918	-9.306262	-0.8571242	35.65
1.2270284	-9.42238	-0.049081136	35.69
0.7398083	-10.02572	0.4309563	35.75
-0.4141969	-9.935937	4.414908	35.79
-0.49440265	-9.303867	2.5809495	35.85
-0.81761986	-9.52174	2.2756886	35.89
0.0047884034	-8.360553	1.7597382	35.95
-0.5327099	-8.67539	0.6691794	35.99
-0.89782566	-10.184934	2.348712	36.051
-0.14604631	-9.218874	1.9991584	36.097
-0.62129533	-9.428367	1.851915	36.147
0.17956513	-8.829816	2.030283	36.19
-0.06344634	-9.270349	1.661576	36.25
-0.8487445	-10.0269165	1.0414777	36.29
-0.21906945	-9.331401	1.7980455	36.35
-0.19752164	-8.438364	2.0350714	36.39
0.094570965	-9.044097	2.007538	36.45
-0.4441244	-9.965864	0.5279215	36.49
-0.055066638	-9.890448	0.60932434	36.55
1.7980455	-10.152613	0.5590461	36.59
3.5924997	-10.073604	-0.12210429	36.65
3.3770216	-9.169792	-1.4041992	36.69
1.115698	-9.752781	-0.59615624	36.75
0.06823475	-9.051279	-0.20231004	36.79
3.645172	-9.801862	-2.0027497	36.85
4.6351743	-10.199299	-2.5139117	36.89
1.6460136	-9.433155	-1.127669	36.95
1.7501614	-9.277532	-1.1288661	36.99
1.5682021	-9.677363	-1.0666169	37.014
2.4253263	-8.949526	0.21547815	37.1
1.292869	-9.307459	-0.092176765	37.147
0.1364695	-9.496601	-0.020350715	37.19
0.8774749	-9.929952	1.7298107	37.25
1.163582	-9.841366	0.4213795	37.29
0.9696517	-10.004171	0.19991584	37.35
-0.427365	-9.986216	-0.7386112	37.39
0.094570965	-10.333375	-2.0039468	37.45
1.210269	-10.05445	-0.8463503	37.49
1.1492168	-8.945934	-0.20709845	37.571
2.9352913	-8.640674	1.13964	37.59
4.3837833	-9.064447	2.112883	37.65
2.2146366	-10.193314	0.8619126	37.69
2.9987376	-8.517372	2.5234885	37.75
3.8414967	-9.272743	1.9285295	37.79
2.835932	-9.445126	2.2290018	37.85
2.3762453	-9.637859	0.6655881	37.89
2.7449522	-10.183737	1.6328455	37.95
1.3299791	-9.703699	2.0949266	37.99
1.6352397	-8.318654	2.4396915	38.01
-0.5434838	-9.8437605	1.8339585	38.097
-0.45370123	-8.775947	1.2437878	38.15
-0.5710171	-8.947132	1.5813702	38.19
-1.1623849	-8.607155	1.7513585	38.25
-1.6208745	-8.617929	2.0506337	38.29
0.34237084	-8.649054	2.4157495	38.35
2.1871033	-9.085996	2.4432828	38.39
1.4616601	-9.788693	1.1767502	38.45
0.6440403	-10.432734	0.4249708	38.49
1.6986861	-10.33098	0.4333505	38.55
2.9747956	-9.689334	0.107739076	38.59
2.2026656	-9.312247	-1.2294226	38.65
2.0649989	-9.935937	-1.411382	38.69
2.3750482	-9.921572	-2.0925324	38.75
2.0697873	-9.701305	-1.8962077	38.79
1.8459295	-8.979453	-1.1384429	38.85
2.4779987	-9.08001	-1.6843209	38.889
2.336741	-9.412804	-2.0242975	38.936
2.980781	-9.524135	-2.280477	38.995
2.2840683	-8.961497	-1.3144168	39.049
2.4600422	-8.708909	-1.0426749	39.097
2.3523033	-9.801862	-1.1180922	39.147
1.2126632	-8.972271	-3.454833	39.19
2.1152773	-9.1350765	-2.304419	39.251
4.060566	-8.910022	-0.06584055	39.29
2.1140802	-9.0716305	-1.3934253	39.35
2.858677	-9.574412	-2.3834279	39.39
3.0909145	-8.3868885	-0.25617957	39.45
2.778471	-8.497022	-1.0821792	39.49
2.4289176	-7.6889787	-1.3587095	39.55
4.51307	-9.269152	0.11372458	39.59
1.2366052	-11.153389	-3.3051953	39.65
-0.17357962	-9.018958	-3.3063924	39.69
4.3634324	-8.264784	-2.8502972	39.75
4.6926355	-8.980651	-2.3989902	39.79
3.7481227	-9.300277	-3.6355953	39.85
3.3782187	-9.239224	-2.5510218	39.898
1.70946	-8.977059	-1.4867992	39.947
3.8271315	-8.822633	-1.6292542	39.997
4.868609	-9.39365	-1.1959038	40.05
3.084929	-8.746018	-0.33638534	40.096
2.6240451	-9.315839	-2.2361844	40.147
2.7485435	-10.086772	-1.5442601	40.196
0.90381116	-9.606734	-1.0594343	40.246
1.9393034	-10.146626	4.2281604	40.296
-0.6979098	-9.564836	2.207454	40.346
-0.91578215	-9.056067	2.3439236	40.396
-1.8914193	-8.878897	2.4720132	40.446
2.043451	-9.312247	2.1775265	40.495
-0.6572084	-8.62152	0.2645593	40.546
-1.6340426	-9.988609	1.8938135	40.596
-0.59495914	-8.637083	2.8072014	40.646
0.015562311	-8.279149	3.156755	40.695
-1.9369092	-7.9391727	2.3415294	40.746
-0.2861071	-9.476251	2.480393	40.796
2.1990743	-10.212467	1.8686744	40.846
1.2054806	-10.401609	1.4975731	40.895
0.81043726	-8.986636	2.0039468	40.946
2.3558946	-9.102755	1.2042835	40.995
1.0737995	-11.056423	-0.31004912	41.045
2.3187842	-9.770737	-0.7457938	41.096
4.83509	-9.198523	1.2653356	41.146
4.369418	-9.090784	-2.5617957	41.196
3.9516299	-8.7125	1.5131354	41.246
4.4208937	-9.143456	0.039504327	41.296
3.7936125	-8.280347	1.0869676	41.346
3.7816415	-8.8777	-0.81163436	41.396
3.0011318	-9.849746	-1.7549498	41.446
3.2716765	-9.169792	-2.6910827	41.496
2.4193408	-9.362526	-1.9369092	41.545
2.1176715	-9.1829605	-2.7832594	41.596
2.220622	-9.360131	-3.0083144	41.646
0.94810385	-9.24521	-3.0478187	41.696
1.8830396	-9.066842	-1.376666	41.746
2.4109612	-9.879673	-1.922544	41.795
-0.29209262	-9.877279	-4.068946	41.846
2.7736826	-9.334992	1.3431472	41.896
3.976769	-9.460688	1.0965444	41.946
1.7190368	-10.250774	-0.8750807	41.996
0.47524905	-9.064447	0.16280572	42.045
0.25139117	-9.781511	1.5215151	42.095
-2.0685902	-10.767922	1.067814	42.145
-3.6774938	-9.55047	2.385822	42.196
-0.9756372	-8.62152	1.9093759	42.246
-1.3024458	-8.529344	1.8076223	42.295
-1.6639702	-8.99741	1.9249382	42.345
-0.17836803	-9.895236	2.4624364	42.395
-0.20829555	-8.9363575	1.9416976	42.446
0.009576807	-8.981848	2.291251	42.496
-0.6619968	-8.72088	2.9496565	42.546
-0.14604631	-8.429984	3.3255463	42.595
0.34237084	-9.184157	3.1148565	42.645
-0.19752164	-8.578424	3.0107086	42.695
0.8283938	-9.011775	2.932897	42.746
-0.7314286	-9.598354	2.2050598	42.796
0.59735334	-10.71525	2.5558102	42.846
2.6180596	-9.721656	2.1918917	42.896
2.148796	-9.08001	-0.8631097	42.946
2.9532478	-10.351331	-2.859874	42.996
3.762488	-11.361684	-3.821146	43.016
0.50637364	-8.444349	2.1643584	43.096
1.163582	-9.248801	-0.8403648	43.146
2.528277	-9.5971575	-0.16759412	43.196
2.5845408	-9.232041	-1.0127473	43.246
2.540248	-9.731233	-0.39264908	43.296
1.1528081	-9.543288	-0.6344634	43.346
2.6156654	-9.770737	-1.6304513	43.395
3.3913867	-9.88925	-0.110133275	43.446
2.5953147	-9.25359	-1.9859903	43.495
3.1364043	-9.603143	-1.6112977	43.546
2.9317	-9.799467	0.39863458	43.596
2.8491	-10.180145	0.33877954	43.646
0.7661445	-10.267534	1.115698	43.695
-0.35194764	-9.087193	1.9800048	43.746
0.6775591	-8.702923	2.3187842	43.796
-1.1456255	-8.929175	2.5486276	43.846
-0.82240826	-8.593987	2.7473464	43.895
-0.46686932	-8.644265	3.1759086	43.946
0.009576807	-8.714894	3.9133227	43.996
0.8283938	-8.558074	3.6643257	44.046
0.4369418	-8.548497	4.012682	44.095
0.6775591	-8.360553	4.128801	44.146
0.7445967	-8.634688	4.38498	44.195
1.6328455	-8.743625	4.158728	44.246
0.7182605	-9.260772	2.9101522	44.299
-0.2825158	-10.2495775	2.208651	44.346
0.78290397	-10.626664	1.447295	44.396
5.237316	-10.216059	0.142455	44.446
2.134431	-8.443152	-2.6874914	44.496
0.7230489	-9.753978	-2.7234044	44.546
2.6898856	-10.320207	-2.5881321	44.596
2.9963434	-9.53012	-1.460463	44.646
2.2457612	-9.299079	-0.35553896	44.696
3.0178912	-9.266758	-1.3587095	44.746
1.9093759	-9.228451	-1.1049241	44.795
2.9532478	-9.382876	-0.4165911	44.846
2.1511903	-9.594764	-1.602918	44.896
0.92895025	-9.320627	-0.37110126	44.946
2.3786395	-8.696938	0.62488663	44.995
2.3930047	-9.19134	0.059855044	45.048
2.1080947	-9.568427	0.4369418	45.096
1.638831	-9.475053	-0.008379706	45.146
2.1404164	-9.089587	-0.39983168	45.196
4.8662148	-8.724471	0.17956513	45.246
4.035427	-9.4774475	-1.3263878	45.296
0.688333	-10.845734	-2.2864625	45.346
-0.58897364	-9.598354	-1.3108255	45.396
2.7222073	-7.937976	-0.6691794	45.446
4.8542438	-9.715671	-1.7154455	45.496
2.397793	-9.871294	-5.5940523	45.546
0.007182605	-9.466674	-2.918532	45.595
1.4508862	-9.496601	-2.007538	45.646
3.6583402	-9.5732155	-0.842759	45.695
2.657564	-9.613917	-1.1935096	45.746
1.7262194	-9.803059	-1.3551182	45.795
1.1994951	-9.495404	0.5674258	45.845
1.7106571	-10.8229885	1.3251907	45.896
0.010773907	-9.343372	1.1420342	45.946
-1.7812861	-9.576807	2.7389667	45.996
-0.7086837	-8.730456	2.554613	46.046
-1.1528081	-9.180567	0.78170687	46.095
-1.5239093	-8.874108	3.4261026	46.146
-0.092176765	-8.65025	2.8455088	46.196
-1.875857	-9.270349	1.6172832	46.246
-0.12808979	-8.803479	2.3080103	46.296
1.2354081	-9.029732	2.1404164	46.346
0.33399114	-9.631873	2.3546975	46.396
1.1444284	-9.7479925	1.9369092	46.446
3.3770216	-8.732851	1.6831238	46.496
2.7329812	-8.9519205	0.29209262	46.546
2.4624364	-10.653001	1.2952632	46.596
4.5681367	-9.376891	-0.25737667	46.646
3.1004913	-9.184157	-0.59256494	46.695
3.5972881	-8.759187	-1.2677298	46.746
4.253299	-9.635465	-2.0266917	46.796
2.621651	-8.024167	-0.3196259	46.845
5.309142	-9.097966	-0.0047884034	46.895
3.6727054	-9.825804	-2.5833437	46.945
3.2609026	-8.644265	-0.6500258	46.996
4.691438	-9.285912	-2.6479871	47.046
1.816002	-8.568848	-3.3375173	47.096
3.5458126	-8.35337	-2.27928	47.146
4.003105	-8.91481	-2.0841527	47.195
4.0258503	-8.780735	-3.7205894	47.246
5.509058	-8.639477	0.44651863	47.296
3.7684734	-9.3661175	-2.6144683	47.346
5.4444146	-8.331821	-1.388637	47.395
4.6806645	-8.449138	-1.5275006	47.446
4.97156	-8.523358	-2.2062569	47.496
5.0637364	-7.6243353	-1.5562311	47.546
4.6698904	-8.767567	-1.2856863	47.598
3.608062	-9.021352	-2.0482395	47.648
4.1718965	-8.779537	-0.50038815	47.698
5.0242324	-9.518148	0.45968673	47.748
4.5753193	-9.248801	-0.24779987	47.79
2.9616275	-9.506178	0.21308395	47.85
1.5478514	-9.300277	-0.4261679	47.89
1.5873557	-8.677784	1.8579005	47.95
2.765303	-8.853758	2.694674	47.99
2.5270798	-9.363723	3.596091	48.013
1.364695	-8.457518	4.009091	48.099
0.79487497	-8.90643	3.5661635	48.147
1.1671734	-7.8206596	3.774459	48.197
0.8487445	-8.307879	3.5853171	48.247
1.1133038	-8.372523	4.3502645	48.296
2.980781	-8.671799	4.3514614	48.346
3.2273839	-8.74123	3.6332011	48.395
2.1930888	-7.869741	3.9360676	48.446
2.3918076	-9.396045	3.582923	48.496
1.7621324	-8.918402	3.3482912	48.545
1.7729063	-9.435549	2.8311436	48.596
1.6603789	-9.156625	2.8491	48.645
2.1212628	-8.456321	2.4708161	48.695
2.8119898	-9.42238	1.8590976	48.746
1.8207904	-9.301474	0.9888053	48.796
1.8327614	-9.606734	0.427365	48.846
3.229778	-10.113108	0.62129533	48.896
1.5825673	-9.688137	-1.4616601	48.946
-1.5885528	-9.704897	-2.4193408	48.996
1.4951789	-9.605537	-0.5482722	49.048
1.0546459	-10.02572	-2.6539726	49.095
1.0235212	-10.218452	-3.1519666	49.146
1.7824832	-8.275558	-0.89423436	49.196
2.0721815	-9.178172	-1.471237	49.246
1.638831	-9.139865	-2.3056161	49.296
1.7753005	-9.42238	-1.3192052	49.346
2.0398598	-9.64983	-1.7322049	49.396
2.1703439	-9.566033	-2.433706	49.446
1.9788077	-9.097966	-1.8435353	49.496
1.3922282	-9.046491	-1.6711528	49.546
0.7062895	-10.176555	-2.64679	49.596
1.8375498	-10.253169	-1.9440918	49.646
2.4001873	-9.409213	-0.33279404	49.695
2.456451	-9.616311	-0.16998832	49.746
1.5646108	-9.801862	-0.7697359	49.796
0.8678981	-9.965864	-0.6871359	49.846
-0.90021986	-9.299079	2.1751323	49.895
0.45010993	-9.062054	1.9021933	49.946
2.171541	-9.452309	5.602432	49.995
1.292869	-9.053674	2.80361	50.026
-0.5482722	-8.938752	4.2221746	50.095
2.1691468	-8.423999	4.0054994	50.145
2.920926	-8.0684595	3.7588966	50.195
1.1923125	-7.9224133	4.459201	50.246
2.2888567	-8.78672	3.8498764	50.296
2.2481554	-8.566454	4.923676	50.346
1.8962077	-8.916007	4.344279	50.396
1.5143325	-8.730456	3.8881836	50.446
1.9895816	-8.859743	3.309984	50.495
2.087744	-8.647857	3.1316159	50.546
2.2409728	-8.4347725	3.1603463	50.595
2.707842	-8.829816	2.7641058	50.646
2.244564	-9.215282	2.2397757	50.695
1.8255788	-9.179369	2.2960393	50.746
1.2401965	-10.184934	1.1923125	50.796
1.2198458	-10.378864	0.2801216	50.846
1.9297266	-10.718841	-0.23223756	50.895
1.6364368	-8.845378	-0.6332663	50.946
1.8567034	-9.2787285	-0.7110779	50.995
1.4401124	-9.500193	-1.8327614	51.05
1.3515269	-9.548077	-1.6579847	51.096
1.7681179	-9.448717	-3.2094274	51.146
1.4437037	-9.728839	0.039504327	51.196
0.7793127	-9.475053	-1.271321	51.245
0.32920274	-9.618706	-1.5263035	51.296
0.8295909	-9.510966	-1.4041992	51.346
0.878672	-9.526528	-1.555034	51.396
0.8714894	-9.533711	-1.7824832	51.446
1.2030864	-9.64145	-1.4101849	51.496
1.2904748	-9.554062	-0.878672	51.546
1.3060371	-9.609129	-1.1815386	51.596
1.6101006	-9.713276	-1.6484078	51.646
1.614889	-9.339781	-0.7026982	51.695
2.0027497	-9.179369	0.92057055	51.746
1.2234371	-9.595961	-0.90500826	51.796
1.5873557	-9.411607	0.7038953	51.845
3.6631286	-10.508151	1.3623008	51.896
3.1268275	-9.404425	1.2378023	51.946
2.6994624	-8.208521	3.930082	51.995
3.5326445	-9.041702	2.6910827	52.026
0.9708488	-8.911219	3.7828386	52.095
2.707842	-8.086416	3.0346506	52.146
3.4272997	-8.826224	4.0402155	52.196
2.8538885	-8.579621	4.501099	52.246
2.220622	-8.645462	3.6990416	52.295
2.480393	-8.844181	3.5877113	52.346
1.9764135	-8.717288	3.003526	52.395
2.2996306	-8.798691	3.3267434	52.446
1.9835961	-9.091981	2.6144683	52.495
1.7585411	-8.916007	3.180697	52.546
1.411382	-9.138668	2.3403323	52.596
1.0307038	-9.606734	2.1619642	52.646
1.769315	-9.129091	2.099715	52.696
1.1109096	-9.689334	2.2158337	52.746
0.90620536	-9.489418	0.8475474	52.796
0.78888947	-9.461885	0.78769237	52.846
1.0019734	-9.581595	1.0666169	52.895
0.7673417	-10.8182	0.6775591	52.946
-0.2705448	-9.67856	0.9696517	52.995
-0.20231004	-9.548077	1.2497733	53.026
1.520318	-9.229648	0.272939	53.095
0.8798691	-9.836577	-0.7230489	53.146
0.51595044	-9.742006	-1.484405	53.195
1.3000516	-9.788693	-1.590947	53.246
1.5873557	-9.653421	-1.2234371	53.296
1.5801731	-9.619903	-1.1085154	53.345
1.3251907	-9.5013895	-0.9600749	53.395
1.283292	-9.574412	-0.8511387	53.446
1.472434	-9.911995	-0.81522566	53.496
1.6400281	-9.509769	-0.45729253	53.546
1.3239936	-9.572019	-0.33997664	53.595
1.0893618	-9.685743	-0.700304	53.646
1.2437878	-9.587581	-0.08379706	53.697
1.922544	-9.730036	-0.32202014	53.746
2.694674	-9.622296	0.39983168	53.796
2.790442	-9.314642	0.30047232	53.847
1.3551182	-9.334992	0.6512229	53.896
2.837129	-8.626308	2.7712884	53.946
3.9252937	-8.871715	2.730587	53.997
3.1364043	-9.800665	3.0131028	54.05
2.4863784	-8.913613	3.0370448	54.096
2.0458453	-8.738836	3.655946	54.146
3.525462	-8.905233	3.7553053	54.196
3.016694	-8.000225	2.8909986	54.246
2.5127146	-8.165425	4.307169	54.296
2.6144683	-8.670602	4.7788267	54.346
2.858677	-9.064447	4.325125	54.395
1.9500773	-8.540117	3.916914	54.445
1.9069817	-8.7053175	3.7205894	54.496
1.8495208	-8.665813	3.7253778	54.546
2.0506337	-8.823831	3.2824504	54.595
1.2282255	-8.817844	2.8574798	54.646
1.4209588	-9.400833	3.2381577	54.696
2.3810337	-8.48146	3.525462	54.746
1.6316484	-9.17099	2.8275523	54.796
-0.2896984	-9.5385	1.638831	54.846
-0.8343793	-8.992621	1.9141643	54.896
0.19033903	-9.39365	2.4109612	54.946
2.9376855	-9.97185	1.1073183	54.996
2.8060043	-10.079589	-0.06943185	55.026
2.1679497	-9.604341	-0.11851298	55.096
2.421735	-9.583989	0.8702923	55.146
2.6240451	-9.618706	0.1364695	55.195
1.970428	-9.227253	0.50757074	55.247
1.8650831	-9.648633	0.076614454	55.296
2.0159178	-10.070012	-0.8283938	55.346
2.0290859	-9.467871	-0.5614403	55.396
2.0350714	-9.55885	-0.17956513	55.448
2.2948422	-9.464279	-0.29568392	55.498
2.256535	-9.399636	-0.05746084	55.548
2.468422	-9.543288	-0.06464344	55.598
2.3139958	-9.390059	-0.08619126	55.65
2.3523033	-9.336189	0.034715924	55.69
2.0841527	-8.911219	0.33638534	55.75
2.6886885	-9.151836	0.36032736	55.79
2.8191724	-10.723629	0.5542577	55.85
2.1164744	-10.29387	-0.5327099	55.89
2.4612393	-8.562862	2.9975405	55.95
3.7696705	-8.796297	2.4552538	55.99
2.2146366	-9.315839	2.007538	56.03
2.0949266	-8.863335	3.7421372	56.1
2.3989902	-8.416816	3.8127663	56.147
1.4161704	-8.3821	4.9320555	56.197
2.3403323	-7.3549876	5.9902925	56.247
3.6296098	-7.789535	5.2085857	56.296
2.27928	-7.6889787	5.4420204	56.346
2.1535845	-8.039729	5.139154	56.396
2.516306	-8.248025	5.2037973	56.445
2.3523033	-8.593987	4.1946416	56.495
2.1452048	-8.333019	3.9384618	56.546
2.7461493	-8.4347725	3.6140475	56.595
2.4732103	-8.321048	3.8630445	56.646
2.007538	-8.702923	3.3159695	56.696
1.5382746	-8.713697	3.490746	56.746
0.8810662	-8.634688	3.229778	56.796
1.5466543	-9.989806	3.0992942	56.846
2.0578163	-10.272323	1.4053963	56.896
1.8770541	-9.120711	0.9516952	56.946
2.421735	-10.02572	0.18076223	56.995
2.633622	-9.862914	-1.0845734	57.026
2.8909986	-9.324219	-0.34117374	57.096
1.3192052	-9.668983	-0.62009823	57.146
1.1959038	-9.855731	-1.3084313	57.195
1.1719618	-9.498995	-0.61890113	57.246
0.7134721	-9.787497	-0.9756372	57.296
0.24540567	-9.598354	-1.3467385	57.346
0.23104046	-9.774328	-0.60812724	57.395
1.0319009	-9.190144	-0.842759	57.446
1.5813702	-9.901221	-1.3814543	57.496
0.9911995	-9.667787	-0.053869538	57.546
0.8643068	-9.57561	-1.4449008	57.607
1.1887212	-9.536105	-1.3515269	57.646
2.5258827	-9.677363	-0.93732995	57.695
1.8674773	-9.915586	-0.34356794	57.746
1.8531121	-9.745598	-0.6476316	57.796
1.8423382	-9.516952	-0.15442601	57.846
1.7513585	-9.725247	0.4213795	57.896
1.1013328	-9.244013	2.2888567	57.946
1.7082629	-9.24521	3.071761	57.996
2.9149406	-9.006987	3.714604	58.026
4.39336	-9.215282	1.4676456	58.096
2.5833437	-8.856153	3.0083144	58.146
3.1842883	-8.4647	3.193865	58.195
2.1535845	-9.018958	3.3686419	58.246
1.946486	-8.714894	4.074931	58.296
1.685518	-9.132683	4.280833	58.345
2.1978772	-8.388085	4.8542438	58.396
2.0350714	-8.311471	4.938041	58.446
1.6364368	-8.209718	4.3837833	58.496
2.0147207	-8.63828	4.819528	58.546
1.3072342	-8.822633	4.757279	58.595
-0.19871874	-8.422802	4.0043025	58.646
-0.59615624	-8.759187	3.645172	58.695
-0.39384618	-8.5700445	3.7493198	58.745
-0.81163436	-8.9279785	3.678691	58.796
-1.0055647	-9.020155	3.7014358	58.846
-1.2485762	-8.63828	3.7122097	58.896
-1.1288661	-8.614338	3.7481227	58.946
-0.5351041	-8.726865	3.7481227	58.996
-0.017956512	-8.846576	3.6176388	59.026
0.2741361	-9.192537	2.942474	59.096
-0.33638534	-9.041702	2.7389667	59.146
-0.34955344	-8.695741	2.6396074	59.196
0.5363012	-9.111135	2.4552538	59.246
0.25019407	-9.959879	1.2401965	59.296
1.2449849	-11.676521	1.2138603	59.346
2.9364884	-9.581595	0.5518635	59.395
5.1942205	-8.111555	0.39504328	59.446
2.0207062	-10.255563	-2.1057005	59.496
1.1061212	-9.589975	-2.3690627	59.546
2.4636335	-9.246407	-1.4927847	59.595
2.505532	-9.376891	-1.3096284	59.646
2.96881	-9.227253	-1.0271125	59.695
3.2597055	-9.461885	-1.2892777	59.746
3.1986535	-9.41879	-0.46088383	59.795
2.0338743	-9.300277	-1.0953473	59.845
2.4037786	-9.374496	-0.81522566	59.896
2.136825	-9.532514	-1.5502456	59.946
2.8754363	-8.553286	-0.9888053	59.996
3.5529952	-9.205706	-1.5346833	60.026
2.1068976	-9.495404	0.59855044	60.1
2.9041667	-9.404425	-1.2138603	60.148
2.9819782	-8.707711	-1.0163386	60.198
3.618836	-9.035717	0.45250413	60.248
3.0310593	-9.800665	-2.2409728	60.289
3.0585926	-9.069236	-0.700304	60.35
4.1252093	-9.178172	0.2789245	60.39
3.4117374	-8.945934	-0.8571242	60.45
3.2249897	-9.730036	-1.3862427	60.49
3.7421372	-9.0476885	-0.5398925	60.55
3.8738184	-9.240421	0.6500258	60.59
3.016694	-9.339781	-0.29688102	60.65
2.2720973	-9.346964	0.8415619	60.69
2.2098482	-9.645041	-0.073023155	60.75
2.0027497	-9.423578	0.48841715	60.79
2.1200657	-10.278308	1.1288661	60.85
1.2749124	-9.961076	1.0881647	60.89
1.1384429	-9.255983	2.1655555	60.95
0.60812724	-9.546879	1.8842367	60.99
-0.14963761	-8.355764	2.243367	61.03
0.34955344	-9.855731	2.480393	61.1
0.23104046	-9.222465	2.433706	61.147
-1.2282255	-9.463082	1.2473791	61.197
-0.076614454	-9.029732	2.110489	61.247
0.22744916	-9.190144	3.2142158	61.295
-0.4249708	-9.655815	2.3116016	61.346
-0.7386112	-9.2069025	2.0530279	61.396
-1.2078748	-9.343372	1.7968484	61.446
-0.32680854	-10.289082	2.858677	61.495
-0.58657944	-9.710882	1.7597382	61.546
-1.1647792	-9.400833	1.9955671	61.596
-1.1611878	-9.603143	1.9800048	61.646
-0.7015011	-9.315839	2.2625206	61.695
-0.61052144	-9.406818	2.622848	61.746
-1.4209588	-9.749189	3.3482912	61.796
-0.36272156	-9.631873	3.1555579	61.845
-0.4249708	-8.207323	3.632004	61.896
-0.06464344	-8.535329	3.3626564	61.946
-0.11133038	-8.850166	3.8486793	61.995
-0.91219085	-8.65025	4.26527	62.026
-0.05267244	-8.64666	4.1335893	62.096
-0.5303157	-8.110358	4.226963	62.146
-0.7170634	-8.090008	5.580884	62.195
1.7082629	-10.304645	4.2066126	62.246
1.1300632	-9.314642	2.6312277	62.296
1.7202339	-7.8853035	3.1615434	62.346
1.7250223	-8.963891	3.0538042	62.396
0.2765303	-9.96347	2.183512	62.446
0.46806642	-9.92636	2.27928	62.495
1.0570401	-10.45907	1.0462662	62.558
1.6484078	-9.570822	-0.107739076	62.596
2.337938	-9.452309	0.11851298	62.648
3.2393548	-10.059238	0.4261679	62.695
2.2134395	-9.489418	-1.4137762	62.746
0.58538234	-9.188946	-1.1875241	62.795
3.145981	-9.223662	0.08259996	62.846
2.7629087	-9.1590185	-0.89543146	62.896
2.4480712	-9.242816	-0.5614403	62.946
2.1068976	-9.903615	-1.2509704	62.995
2.3463178	-10.095152	-1.1994951	63.026
2.6539726	-9.737218	-0.9648633	63.096
3.1483753	-9.544485	-1.7465701	63.145
2.4121583	-9.560047	-1.6352397	63.196
2.3307555	-9.188946	-1.2066777	63.246
1.5586253	-9.600749	-1.816002	63.296
2.2732944	-9.08001	0.34117374	63.346
3.3243492	-8.925584	2.2122424	63.396
2.456451	-10.217256	1.7633295	63.446
1.3012487	-9.630676	0.5590461	63.496
1.5514427	-9.528923	3.6475663	63.546
1.6663644	-10.042479	3.1016884	63.595
2.517503	-9.096769	3.132813	63.645
1.1145009	-8.040926	4.9667716	63.695
0.94331545	-8.1642275	4.6938324	63.746
0.18794483	-7.7308774	4.9643774	63.796
0.35913026	-7.8888946	5.1942205	63.846
-0.1376666	-8.210915	5.531803	63.896
-0.4417302	-7.848193	5.910087	63.946
-0.18195933	-7.513005	6.1183825	63.996
-0.10534488	-7.66384	6.0106435	64.026
0.019153614	-7.787141	5.90889	64.096
0.15322891	-7.799112	5.931635	64.145
0.06823475	-7.952341	5.9424086	64.195
-0.027533319	-8.032547	5.8622026	64.246
-0.06943185	-8.025364	5.884948	64.296
-0.12330139	-7.8757267	5.861006	64.346
0.021547815	-8.024167	5.887342	64.395
0.045489833	-7.902063	5.901707	64.446
-0.02633622	-7.860164	6.0226145	64.496
0.009576807	-7.8972745	5.5030727	64.546
-0.15801731	-7.6841903	6.6762314	64.598
-0.22266077	-7.8865004	6.099229	64.646
