2.7210102	-9.118318	2.6144683	0.094
2.7281928	-8.973468	2.8287494	0.145
2.4636335	-8.963891	3.0454245	0.195
2.6922798	-8.921992	2.6719291	0.245
2.585738	-8.9842415	2.7940333	0.295
2.7162218	-9.066842	2.8682537	0.345
2.6539726	-8.969876	2.834735	0.395
2.8682537	-9.063251	2.6503813	0.444
2.7868507	-9.090784	2.4313118	0.495
2.6671407	-8.965088	2.8215668	0.545
2.5845408	-8.965088	2.907758	0.595
2.469619	-9.0476885	2.7964275	0.644
2.6731262	-8.889671	2.9759927	0.692
2.815581	-8.986636	2.7724855	0.743
2.4708161	-8.996213	2.8419175	0.793
2.6036944	-8.926781	3.0621839	0.843
2.6527755	-9.01776	2.954445	0.893
2.585738	-8.977059	2.8299465	0.943
2.5677812	-8.91481	3.0238767	1.0
2.6024973	-8.948329	3.0502129	1.043
2.5629928	-8.963891	2.8862102	1.093
2.6132712	-8.9758625	2.9939492	1.143
2.60968	-8.968679	2.8407204	1.193
2.5953147	-9.016563	2.8538885	1.244
2.610877	-8.98903	2.8981812	1.292
2.5450363	-9.011775	2.7581203	1.343
2.480393	-9.033323	3.0107086	1.394
2.7389667	-8.901642	2.942474	1.443
2.767697	-8.883685	2.730587	1.493
2.2649148	-9.036914	2.930503	1.544
2.9029696	-9.030929	2.822764	1.593
2.7581203	-8.953117	2.3822308	1.643
2.5498247	-9.247604	2.5773582	1.693
2.1535845	-9.409213	2.2493525	1.742
2.2385786	-8.809465	2.657564	1.793
2.3690627	-9.074024	3.2010477	1.843
2.553416	-9.3661175	2.7162218	1.893
1.9045875	-8.935161	2.529474	1.943
1.9500773	-8.649054	3.2154129	1.973
2.4349031	-9.196129	2.6922798	2.047
1.8662802	-9.367314	2.5881321	2.094
2.0494366	-9.044097	2.8790276	2.145
3.1651347	-8.941146	3.2489316	2.195
2.4995465	-9.258378	2.3127987	2.245
1.4939818	-8.9998045	2.956839	2.295
2.4049757	-9.17099	3.429694	2.345
2.2948422	-8.878897	2.7281928	2.395
1.4413095	-8.839393	3.549404	2.445
2.2110453	-9.057265	3.5434184	2.495
2.7868507	-9.2069025	2.980781	2.545
1.70946	-8.767567	2.7030537	2.597
1.7645266	-9.075222	3.465607	2.642
2.529474	-9.188946	2.9317	2.693
2.542642	-9.376891	2.5953147	2.743
2.0039468	-8.616732	3.0573955	2.793
2.030283	-8.973468	3.7852328	2.842
2.9221232	-9.132683	3.156755	2.893
2.078167	-8.900445	2.9400797	2.943
1.6196774	-8.694544	3.3925838	2.973
2.160767	-9.210494	3.1124623	3.043
2.3989902	-9.153033	2.4301147	3.093
2.8083985	-9.196129	3.1304188	3.143
2.2409728	-8.822633	3.323152	3.193
2.2505496	-8.6813755	3.2680852	3.243
2.2529438	-9.437943	2.554613	3.293
1.7310078	-9.115923	3.2094274	3.343
2.610877	-8.833407	3.6954503	3.393
2.730587	-8.816648	2.9508536	3.443
2.2900538	-9.035717	2.5450363	3.493
1.8471266	-9.424775	2.7269957	3.543
1.8986019	-8.974665	3.6487634	3.593
3.1136594	-8.670602	3.4703953	3.643
2.421735	-9.024943	2.8981812	3.693
1.8483237	-8.90643	3.3255463	3.743
1.8986019	-9.255983	3.2968156	3.793
2.505532	-8.688558	3.3363202	3.842
2.9640217	-9.068039	3.086126	3.893
1.745373	-9.060856	2.8766334	3.943
1.6711528	-8.99741	3.1543608	3.973
2.1440077	-9.120711	3.0131028	4.044
2.9616275	-8.789114	3.2788591	4.095
2.4025815	-9.021352	3.1735144	4.145
1.7106571	-9.01776	2.8167782	4.195
2.384625	-9.161413	2.5498247	4.245
2.7126305	-9.010578	2.871845	4.295
2.4396915	-8.926781	3.3435028	4.345
1.8626889	-9.251195	2.6384103	4.395
2.12246	-8.961497	2.7030537	4.445
2.6515784	-9.14585	2.7210102	4.495
2.1691468	-9.241618	2.870648	4.545
2.5689783	-8.893262	3.180697	4.596
2.2409728	-9.179369	2.9400797	4.646
2.0602105	-8.876503	2.6252422	4.696
2.3187842	-9.331401	2.6431987	4.746
2.492364	-9.14226	2.8933928	4.798
2.2625206	-9.095572	2.4157495	4.837
2.3391352	-8.853758	2.8167782	4.897
2.6276364	-9.257181	2.360683	4.936
2.2876596	-9.442732	2.4959552	4.964
2.1667526	-8.924387	3.693056	5.034
2.349909	-8.7951	2.791639	5.095
1.7226281	-9.295488	2.7497406	5.145
1.6077064	-9.197326	2.8419175	5.193
2.304419	-9.029732	3.5194764	5.243
2.8048072	-8.88608	3.1256304	5.293
1.9213469	-9.015367	2.6156654	5.343
1.5346833	-9.428367	2.742558	5.393
1.9153614	-9.127894	3.1543608	5.443
3.3446999	-8.829816	3.2249897	5.493
1.9213469	-8.966286	2.6755204	5.543
1.4425066	-9.1829605	2.89459	5.593
1.8171991	-9.2547865	2.7808652	5.643
3.3243492	-8.9519205	3.3423057	5.693
2.542642	-8.998607	2.7329812	5.743
1.174356	-8.9279785	3.0753522	5.793
1.5215151	-9.451111	2.7940333	5.843
2.742558	-9.006987	2.9616275	5.893
3.2118216	-8.961497	3.0071173	5.943
1.7597382	-8.972271	3.0310593	5.983
1.2413936	-9.299079	2.6791117	6.043
1.9740193	-9.217676	2.8323407	6.093
3.657143	-8.850166	3.2680852	6.143
2.0015526	-8.746018	3.3482912	6.193
1.9213469	-9.018958	2.8766334	6.243
1.8770541	-9.442732	2.6898856	6.293
2.7257986	-8.945934	2.7126305	6.343
2.5270798	-8.892065	3.4488475	6.393
1.5933412	-8.962694	3.5865142	6.443
1.2964603	-9.351752	2.3642743	6.493
1.9261353	-9.331401	2.7748797	6.543
2.3810337	-9.009381	2.6443958	6.593
2.1021092	-9.127894	2.9257145	6.643
1.7357962	-9.234436	2.871845	6.693
1.5131354	-9.276335	2.4756045	6.743
1.5394717	-9.279925	2.4516625	6.793
1.6519991	-9.390059	2.5570073	6.843
1.1264719	-9.425972	2.2014685	6.893
1.0283096	-9.502586	2.2756886	6.943
1.0247183	-9.475053	2.148796	6.983
1.2018893	-9.397242	2.2529438	7.043
1.163582	-9.470264	2.1894975	7.093
1.1109096	-9.406818	2.3451207	7.142
1.151611	-9.419987	2.3810337	7.193
1.1180922	-9.403227	2.2038627	7.243
1.2773066	-9.416395	2.4049757	7.293
1.1599907	-9.459491	2.2852654	7.343
1.198298	-9.361329	2.3798366	7.393
1.3455414	-9.428367	2.3630772	7.443
1.3754689	-9.367314	2.4432828	7.493
1.3299791	-9.387665	2.4528596	7.543
1.5610195	-9.264363	2.6240451	7.593
1.9500773	-9.228451	2.6060886	7.643
1.8543092	-9.277532	2.7114334	7.693
1.9273324	-9.223662	2.681506	7.743
1.8016368	-9.194932	2.801216	7.793
1.8255788	-9.193734	2.8526914	7.843
2.0147207	-9.048885	3.0190883	7.893
2.255338	-9.13388	2.9340942	7.943
2.2373815	-9.144653	2.9628246	7.983
2.327164	-8.966286	3.0573955	8.043
2.2409728	-9.121908	2.7473464	8.093
2.1535845	-9.180567	2.7928362	8.143
2.0506337	-9.17099	2.6839	8.193
2.1308396	-9.1255	2.873042	8.243
2.2122424	-9.078813	2.9951463	8.293
1.9764135	-9.160215	2.801216	8.343
1.9991584	-9.229648	2.7042508	8.393
1.9632454	-9.101558	2.706645	8.442
2.3690627	-9.060856	2.966416	8.496
2.633622	-9.050082	3.003526	8.545
1.8986019	-9.406818	2.3906105	8.596
1.4077905	-9.032125	2.5151088	8.645
1.8195933	-9.392453	2.5701754	8.697
2.1057005	-9.24521	2.634819	8.737
2.6072857	-9.063251	2.8335378	8.797
2.610877	-9.279925	2.8455088	8.837
1.9297266	-8.822633	2.6084828	8.897
1.982399	-9.175778	2.517503	8.937
1.7956513	-9.555259	2.2625206	8.978
2.0506337	-8.848969	2.4468741	9.045
2.791639	-9.011775	3.4931402	9.095
2.3678656	-9.139865	2.9975405	9.145
1.6424223	-9.097966	2.6803088	9.195
2.3008277	-8.967483	2.8095956	9.243
2.6204538	-9.15423	3.0538042	9.292
2.1619642	-9.238028	2.7856536	9.343
2.030283	-8.925584	2.9616275	9.393
2.2589293	-9.165004	2.7090392	9.443
2.231396	-9.324219	2.3810337	9.493
2.3918076	-9.068039	3.074155	9.543
1.9740193	-9.010578	3.0657754	9.593
1.827973	-8.892065	2.907758	9.643
2.4396915	-9.362526	2.6479871	9.693
2.2134395	-9.284714	2.5605986	9.743
2.2457612	-8.787917	3.3375173	9.793
2.5079262	-9.059659	3.2692823	9.843
2.5474305	-8.856153	2.8514943	9.893
1.970428	-9.259575	2.7006595	9.943
1.9405005	-9.090784	3.1184478	9.983
2.790442	-8.887277	3.0346506	10.043
2.2110453	-9.197326	2.7581203	10.093
2.4552538	-9.027337	2.7808652	10.143
2.6779146	-9.156625	2.9029696	10.193
1.9512744	-8.972271	2.9005754	10.243
1.8579005	-9.15423	2.8898015	10.293
2.0231004	-9.143456	2.9735985	10.344
2.2397757	-9.01417	3.1148565	10.393
2.3187842	-8.882488	3.3758245	10.443
2.7928362	-8.942344	2.9831753	10.493
2.2948422	-9.094376	2.6922798	10.543
2.0805612	-8.926781	2.9161377	10.593
2.670732	-9.099164	3.180697	10.643
2.5103204	-9.121908	3.004723	10.693
2.2948422	-8.924387	2.920926	10.743
2.5905263	-9.089587	2.8538885	10.793
2.0530279	-9.324219	2.5953147	10.843
1.9321208	-8.838196	2.7150247	10.893
2.505532	-9.137471	3.3889925	10.943
2.6647465	-9.120711	3.1411927	10.983
1.9440918	-9.039309	2.8419175	11.043
1.9919758	-8.991425	3.1316159	11.093
2.6276364	-8.933964	3.0885203	11.143
2.7641058	-9.155427	2.7880478	11.193
2.5103204	-9.099164	2.80361	11.243
2.373851	-8.931569	2.6204538	11.293
1.9117701	-9.459491	2.3199813	11.343
2.0254946	-9.227253	2.565387	11.393
2.5881321	-8.892065	2.7521348	11.442
2.7281928	-9.064447	3.1962593	11.493
2.0015526	-9.123106	3.0897174	11.543
1.6986861	-9.103952	2.717419	11.593
2.2768857	-8.969876	2.778471	11.642
2.72939	-9.23683	2.8562827	11.693
2.5498247	-9.038112	2.6312277	11.743
2.2960393	-9.085996	2.3834279	11.793
1.9883845	-9.431957	2.2014685	11.843
2.3343468	-9.030929	2.621651	11.893
2.7377696	-8.991425	2.9460652	11.943
2.3546975	-9.0237465	2.883816	11.983
1.8686744	-8.9998045	3.3243492	12.043
1.8674773	-9.062054	2.742558	12.093
2.6910827	-9.066842	2.9843724	12.143
2.8335378	-9.15423	2.753332	12.193
2.4384944	-8.901642	2.5594015	12.243
2.3391352	-9.323022	2.4289176	12.293
2.4420857	-9.621099	2.421735	12.343
2.2266076	-8.802282	1.6879122	12.393
2.3259668	-8.699332	3.3135753	12.442
2.4277205	-9.132683	3.38181	12.493
1.590947	-9.148245	2.8574798	12.543
1.9608512	-9.038112	2.6132712	12.593
3.0945058	-8.9279785	2.944868	12.643
2.9963434	-9.204509	2.5785553	12.693
2.7521348	-8.962694	2.4133554	12.743
2.31639	-9.192537	2.2278047	12.793
2.220622	-9.454702	2.2649148	12.843
2.4887726	-9.0429	2.5151088	12.893
2.765303	-8.874108	3.2142158	12.943
2.8419175	-8.876503	3.4165258	12.983
1.7729063	-9.033323	3.1292217	13.043
2.1739352	-8.858546	3.027468	13.093
2.9867666	-9.131485	2.9520507	13.142
2.7377696	-8.947132	2.7724855	13.193
2.6767175	-8.723274	2.7485435	13.243
2.7126305	-9.415198	2.493561	13.293
2.4672248	-9.491813	2.0410569	13.343
2.5617957	-8.76637	2.1978772	13.393
2.956839	-8.790312	3.9240966	13.453
2.1380222	-8.985439	2.992752	13.493
1.7633295	-9.15423	2.5462334	13.543
2.3654714	-8.823831	3.3195608	13.592
2.823961	-9.153033	3.1268275	13.643
2.5091233	-8.978256	3.0669725	13.693
2.8981812	-9.062054	2.4277205	13.743
2.0207062	-9.400833	2.2457612	13.793
1.9321208	-9.264363	2.813187	13.843
2.6539726	-8.529344	3.063381	13.893
2.6252422	-9.173384	3.3650506	13.943
1.8315643	-8.884883	3.345897	13.993
2.0350714	-9.097966	3.1615434	14.047
2.3822308	-8.737639	2.9747956	14.096
2.6599581	-9.211691	3.3279405	14.145
2.657564	-8.829816	3.2549171	14.196
2.0566192	-8.959103	2.815581	14.237
1.5502456	-9.5013895	2.8323407	14.297
1.7022774	-9.11712	2.8538885	14.337
2.231396	-8.723274	3.454833	14.397
2.146402	-8.90643	3.6990416	14.437
1.7788919	-9.084799	3.4141316	14.497
1.6472107	-9.15423	2.6084828	14.537
2.7281928	-9.038112	2.7940333	14.597
3.0322564	-8.925584	2.397793	14.637
2.1284454	-9.3182335	2.088941	14.697
2.0590134	-9.270349	2.445677	14.737
2.4229321	-9.235633	2.2637177	14.797
2.8766334	-9.188946	2.0841527	14.837
2.6288335	-9.306262	1.9907787	14.897
2.2110453	-9.270349	2.195483	14.937
2.517503	-9.093178	2.469619	14.978
2.89459	-9.291897	2.171541	15.046
2.6515784	-9.097966	1.9524715	15.095
3.0119057	-8.9124155	2.1811178	15.145
2.3463178	-9.392453	1.8938135	15.193
1.9871874	-9.249998	2.0386627	15.243
2.895787	-9.106346	2.80361	15.293
2.554613	-9.113529	2.5605986	15.343
2.3343468	-8.908825	2.9053638	15.393
2.2457612	-9.42238	2.3930047	15.443
1.6663644	-9.102755	2.1033063	15.493
2.883816	-8.901642	3.5817258	15.543
3.1172507	-9.011775	2.56419	15.593
1.661576	-8.821436	2.7844565	15.643
1.567005	-9.408015	2.835932	15.693
1.5275006	-9.25359	2.5462334	15.742
2.8622682	-8.726865	3.38181	15.793
2.6443958	-9.186552	3.2010477	15.843
2.4277205	-8.586804	3.3997664	15.893
2.4744074	-9.28232	2.6240451	15.943
1.8231846	-9.630676	2.1751323	15.993
1.9800048	-8.451532	3.229778	16.044
2.6922798	-9.275137	2.9975405	16.093
2.6132712	-8.907627	2.9340942	16.143
2.3475149	-9.057265	2.7832594	16.193
2.086547	-9.153033	3.1435869	16.243
2.4277205	-9.003395	3.2213984	16.293
2.420538	-9.141062	2.2625206	16.343
2.2780828	-9.168595	2.846706	16.393
2.7497406	-8.728063	3.3506854	16.443
2.2637177	-9.221268	2.6659436	16.493
1.6053122	-9.033323	2.2744915	16.543
2.60968	-9.176975	3.1603463	16.593
2.8395233	-8.9602995	2.883816	16.643
2.586935	-9.100361	2.790442	16.693
1.6795325	-9.106346	2.9161377	16.743
2.5797524	-8.9279785	3.6140475	16.793
2.36188	-8.947132	2.7521348	16.842
1.9440918	-8.995016	2.7820623	16.893
2.1200657	-9.19972	2.9867666	16.942
2.2242134	-8.925584	2.8491	16.993
2.2218192	-9.320627	2.5091233	17.043
2.6479871	-9.130288	2.4181437	17.093
2.861071	-8.699332	2.9005754	17.143
2.3343468	-9.222465	2.621651	17.193
1.8471266	-9.55047	2.847903	17.243
2.4372973	-8.822633	3.0550013	17.293
2.148796	-9.066842	2.553416	17.343
2.7365725	-9.027337	2.8491	17.393
2.4995465	-9.25359	3.241749	17.443
1.4999673	-9.427169	2.3199813	17.493
1.6531962	-8.862138	2.574964	17.543
1.7465701	-8.954314	3.478775	17.593
2.8514943	-9.001001	2.9747956	17.643
2.2505496	-9.006987	2.8491	17.693
1.958457	-9.052477	2.6396074	17.743
2.1535845	-8.908825	2.5570073	17.793
3.3387144	-9.192537	3.1711202	17.843
1.9596541	-9.503783	2.3894134	17.892
2.7018566	-8.561666	2.7748797	17.943
2.3822308	-9.172187	2.36188	17.993
2.1057005	-9.730036	2.1859062	18.043
1.9009962	-8.954314	1.9907787	18.093
2.2050598	-9.232041	3.0705638	18.143
2.992752	-8.852561	2.9496565	18.193
2.5151088	-9.085996	2.469619	18.243
2.2062569	-9.180567	2.1619642	18.293
2.4229321	-9.194932	2.7377696	18.343
2.5486276	-8.856153	2.8263552	18.393
2.6659436	-9.127894	2.5330653	18.443
2.5139117	-9.029732	2.4313118	18.493
2.3762453	-9.340978	2.44448	18.543
1.5251064	-9.455899	1.875857	18.593
1.7046716	-9.51336	2.086547	18.643
2.5725696	-8.980651	2.992752	18.693
2.8095956	-8.996213	2.7162218	18.743
3.1471782	-8.932767	2.5761611	18.793
2.4133554	-9.174581	2.5258827	18.843
2.2385786	-8.942344	2.9652188	18.893
2.208651	-9.13388	2.980781	18.943
1.839944	-9.224859	2.9592333	18.993
2.348712	-9.186552	2.6503813	19.044
2.2026656	-8.918402	2.5725696	19.093
2.5486276	-8.8884735	3.4596214	19.143
2.8431146	-9.218874	2.9317	19.193
1.7286136	-8.798691	2.7844565	19.243
2.018312	-9.033323	3.3267434	19.293
2.4720132	-9.627085	3.2142158	19.343
1.532289	-8.664616	2.5893292	19.393
2.5965118	-8.76996	3.441665	19.443
2.3331497	-9.714474	3.3806129	19.493
1.7681179	-8.380903	3.2944214	19.543
3.1495724	-8.929175	3.3566709	19.593
2.3774424	-9.2069025	2.8215668	19.643
1.6651673	-8.956709	2.7090392	19.688
2.0123265	-9.331401	2.542642	19.741
2.3762453	-9.074024	2.955642	19.786
2.8455088	-8.793902	2.9783869	19.846
2.7234044	-8.887277	2.907758	19.896
2.3175871	-9.212888	2.802413	19.946
1.9309237	-9.331401	2.5941176	19.996
2.3546975	-9.036914	2.8335378	20.046
3.0992942	-8.947132	3.181894	20.095
2.5821466	-8.918402	2.9616275	20.145
2.2457612	-9.003395	2.896984	20.195
1.9165585	-9.156625	2.779668	20.243
2.2349873	-9.070433	2.9771898	20.293
1.946486	-9.155427	2.778471	20.344
2.1631613	-9.064447	3.0897174	20.394
2.066196	-9.1255	2.834735	20.443
1.769315	-9.137471	2.8407204	20.493
1.7262194	-9.179369	2.7126305	20.543
1.8626889	-9.232041	2.7617116	20.594
1.8710686	-9.210494	2.6180596	20.643
1.8183962	-9.054871	2.7736826	20.693
1.7549498	-9.211691	2.7617116	20.743
1.7046716	-9.294291	2.397793	20.793
1.6172832	-9.3661175	2.409764	20.843
1.7585411	-9.223662	2.3080103	20.893
1.5286977	-9.445126	2.066196	20.943
1.7022774	-9.387665	2.2290018	20.994
1.5610195	-9.433155	1.9500773	21.045
1.4341269	-9.548077	2.030283	21.093
1.7609353	-9.376891	2.088941	21.144
1.7034745	-9.399636	2.12246	21.194
1.8387469	-9.41879	2.124854	21.245
1.6747441	-9.388862	2.030283	21.294
1.8291701	-9.354146	2.1787236	21.344
1.8698715	-9.354146	2.2529438	21.395
1.8926164	-9.271546	2.4061728	21.445
2.0147207	-9.27394	2.4480712	21.493
1.99437	-9.241618	2.4983494	21.544
2.1811178	-9.112331	2.8107927	21.595
2.1823149	-9.1590185	2.7042508	21.643
2.0697873	-9.25359	2.598906	21.693
2.2481554	-9.078813	2.870648	21.743
2.3116016	-9.040505	3.0490158	21.793
2.3307555	-9.053674	2.813187	21.843
2.2601264	-9.004593	2.944868	21.893
2.195483	-9.074024	3.0178912	21.943
2.1332338	-9.015367	3.0131028	21.993
2.1452048	-9.064447	3.0693667	22.045
2.2110453	-8.991425	3.1352072	22.093
2.256535	-9.082404	3.0442274	22.143
1.9752164	-9.057265	2.8083985	22.193
2.134431	-9.114726	3.0765493	22.243
2.0530279	-8.941146	3.145981	22.293
2.0159178	-9.083601	3.0597897	22.343
2.088941	-9.01417	3.1232362	22.393
2.12246	-9.00579	3.2309752	22.443
2.1655555	-9.0476885	3.1986535	22.493
2.030283	-8.9758625	3.1495724	22.543
2.0266917	-9.035717	3.2010477	22.593
2.1990743	-9.099164	3.0921116	22.644
1.970428	-9.021352	3.0681696	22.693
1.9548657	-9.173384	2.7760768	22.743
2.3798366	-9.249998	2.7246015	22.793
2.5354595	-9.291897	2.6755204	22.843
1.6424223	-8.907627	2.8682537	22.893
2.3798366	-9.443929	1.9536686	22.943
2.4025815	-9.209297	2.9029696	22.993
2.183512	-9.339781	2.111686	23.045
1.9847932	-9.174581	2.7257986	23.094
1.7932571	-9.172187	2.5234885	23.143
1.6663644	-9.4774475	2.4887726	23.193
1.412579	-9.271546	2.6312277	23.243
1.3611037	-8.969876	2.8658595	23.294
1.3371617	-9.246407	2.6408045	23.343
1.1611878	-9.585187	2.64679	23.394
1.3575124	-9.357738	2.409764	23.443
1.1719618	-9.504981	2.6743233	23.494
1.3431472	-9.441534	2.0745757	23.544
1.2737153	-9.387665	2.4672248	23.593
1.067814	-9.153033	2.4193408	23.643
0.79846627	-9.325416	2.5881321	23.693
0.830788	-9.31105	2.6420016	23.743
0.6871359	-9.295488	2.622848	23.793
0.6667852	-9.390059	2.5306711	23.843
0.18315643	-9.323022	2.6168625	23.893
1.3204023	-9.148245	2.8502972	23.943
1.757344	-9.398438	2.432509	23.993
0.8750807	-9.330204	2.4779987	24.044
1.0151415	-9.16261	2.9879637	24.093
1.3299791	-9.416395	2.6671407	24.143
1.1133038	-9.266758	2.7700913	24.193
1.5634137	-9.337387	2.1535845	24.243
1.5143325	-9.264363	2.742558	24.293
1.7226281	-9.32781	2.5617957	24.343
2.0925324	-9.180567	2.754529	24.393
1.8794483	-9.139865	2.5713725	24.443
1.650802	-9.16261	2.480393	24.493
1.2330139	-8.878897	3.1974564	24.543
1.567005	-9.222465	3.084929	24.593
1.9644425	-9.688137	2.7473464	24.643
2.0913353	-9.312247	1.8794483	24.693
2.3558946	-8.931569	2.5330653	24.743
2.56419	-9.291897	2.1092918	24.793
2.4420857	-9.451111	1.2449849	24.843
2.3702598	-9.522937	1.8100165	24.893
2.1763294	-9.314642	2.055422	24.943
2.2589293	-9.215282	2.0853498	24.994
2.1703439	-9.299079	2.0219033	25.055
2.0254946	-9.334992	1.590947	25.093
2.0829554	-9.193734	2.3139958	25.143
2.942474	-8.907627	4.1659107	25.193
2.5785553	-9.350554	0.7541735	25.243
2.5450363	-9.295488	2.0805612	25.293
2.4408886	-9.211691	2.087744	25.343
2.328361	-9.190144	2.3295584	25.393
2.621651	-9.149442	2.4432828	25.445
2.3127987	-9.215282	2.123657	25.493
2.6060886	-9.131485	2.5965118	25.543
2.135628	-9.131485	2.5306711	25.593
2.4827871	-9.224859	2.3630772	25.643
2.3259668	-9.349358	2.111686	25.693
2.4313118	-9.194932	2.5115175	25.743
2.5222914	-9.211691	2.8311436	25.793
2.1631613	-9.285912	2.4983494	25.843
2.409764	-8.907627	3.2321723	25.893
2.1308396	-9.0081835	2.8048072	25.943
2.1619642	-9.108741	3.1507695	25.993
1.8315643	-9.016563	3.1268275	26.043
2.12246	-8.983045	3.3159695	26.093
1.6831238	-9.0237465	3.4368765	26.143
1.2401965	-8.742428	3.7110126	26.193
1.2497733	-9.100361	3.539827	26.243
1.7764976	-8.760384	3.8175547	26.293
1.6843209	-8.913613	3.359065	26.343
1.7645266	-8.987833	3.3985693	26.393
1.7681179	-9.012972	3.2944214	26.443
1.5693992	-8.978256	3.3973722	26.493
1.5263035	-9.035717	3.4524388	26.543
1.5526398	-8.996213	3.2668881	26.593
1.8459295	-9.176975	3.2513258	26.643
2.042254	-9.211691	2.9269116	26.693
1.6579847	-9.129091	2.791639	26.743
1.6903064	-9.179369	3.1950622	26.793
2.0757728	-9.054871	3.0262709	26.843
2.0566192	-9.127894	2.8538885	26.893
1.7525556	-8.92319	2.5462334	26.943
2.1284454	-9.356541	2.5222914	26.993
2.0482395	-9.190144	2.4372973	27.043
2.1990743	-9.374496	2.267309	27.093
2.1212628	-9.39365	1.7322049	27.143
2.3187842	-9.378088	1.7405846	27.193
2.457648	-9.424775	1.6292542	27.243
2.5821466	-9.281123	1.541866	27.293
2.7365725	-9.281123	1.5993267	27.343
2.5378537	-9.235633	1.7585411	27.393
2.542642	-9.314642	1.7669208	27.443
2.4732103	-9.4535055	1.3024458	27.493
2.541445	-9.404425	1.1971009	27.543
2.4349031	-9.284714	1.3706805	27.594
2.6144683	-9.334992	1.353921	27.645
2.517503	-9.309854	1.5562311	27.693
2.5222914	-9.287108	1.5286977	27.743
2.4756045	-9.297882	1.4460979	27.793
2.6120741	-9.259575	1.7872716	27.843
2.2840683	-9.248801	1.9788077	27.893
2.1535845	-9.255983	2.1380222	27.943
2.3104045	-9.174581	1.9931729	27.993
2.3403323	-9.315839	1.7034745	28.043
2.6599581	-9.246407	1.8411411	28.093
2.4349031	-9.223662	1.8447324	28.143
2.2960393	-9.2907	2.0290859	28.193
2.4001873	-9.249998	1.9548657	28.243
2.2577322	-9.379285	1.7824832	28.293
2.3894134	-9.249998	1.9416976	28.343
2.3870192	-9.202114	2.2756886	28.393
2.492364	-9.235633	2.1535845	28.444
2.9592333	-9.463082	2.1452048	28.493
2.7114334	-9.405622	1.5634137	28.543
2.2720973	-9.301474	1.8938135	28.593
2.0039468	-9.25359	2.219425	28.643
2.1691468	-9.132683	2.5510218	28.693
1.7298107	-9.181764	2.553416	28.743
1.62686	-9.209297	2.882619	28.793
1.7776948	-9.188946	3.0561984	28.843
1.614889	-9.144653	3.028665	28.893
1.6292542	-9.018958	3.0298622	28.943
1.5634137	-9.006987	3.3722332	28.994
1.6328455	-9.01776	3.7541082	29.043
1.6400281	-8.918402	3.513491	29.093
1.757344	-8.998607	3.527856	29.143
1.6639702	-9.106346	3.2932243	29.193
1.5035586	-9.048885	3.347094	29.243
1.5107412	-9.120711	3.1854854	29.293
1.3706805	-9.088389	3.3243492	29.343
1.328782	-9.050082	3.357868	29.393
1.447295	-9.147048	3.1423898	29.443
1.3982137	-9.166202	3.0238767	29.493
1.5155296	-9.111135	3.095703	29.543
1.3958195	-9.165004	2.885013	29.593
1.543063	-9.081207	3.2022448	29.643
1.5251064	-9.235633	2.9496565	29.693
1.3850456	-9.084799	3.0358477	29.743
1.6316484	-9.138668	2.9735985	29.793
1.4293385	-9.14226	2.895787	29.843
1.5071499	-9.057265	2.7832594	29.893
1.8698715	-9.190144	3.0538042	29.943
1.9895816	-9.469068	2.681506	29.993
2.0709844	-9.53012	2.123657	30.043
2.2948422	-9.272743	1.7369933	30.093
2.3511062	-9.330204	2.030283	30.143
2.12246	-9.367314	1.9440918	30.193
1.9812019	-9.288305	2.2601264	30.254
1.7621324	-9.299079	2.2720973	30.293
1.9524715	-9.299079	2.0649989	30.343
2.2122424	-9.340978	1.9572599	30.393
2.3247697	-9.27394	2.1643584	30.443
1.8626889	-9.338584	1.5622166	30.493
1.9883845	-9.515755	1.4640543	30.543
1.9716251	-9.414001	1.2653356	30.593
2.4253263	-9.382876	1.4185646	30.643
2.5366566	-9.38168	1.3467385	30.693
2.6635494	-9.270349	1.3491327	30.743
2.4983494	-9.346964	1.3922282	30.793
2.19668	-9.386468	1.42455	30.843
2.2397757	-9.459491	0.80924016	30.893
2.4001873	-9.435549	1.0582372	30.943
2.4241292	-9.416395	1.033098	30.993
2.4181437	-9.333796	1.352724	31.043
2.408567	-9.305065	1.4508862	31.093
2.3127987	-9.26197	1.2126632	31.143
2.147599	-9.344569	1.6017209	31.193
2.396596	-9.460688	1.5622166	31.243
2.433706	-9.457097	0.545878	31.293
2.7748797	-9.445126	0.60573304	31.343
2.7952304	-9.36492	0.94211835	31.393
2.6192567	-9.3661175	1.033098	31.443
2.5342624	-9.296685	1.2018893	31.493
1.7860745	-9.344569	1.5837644	31.543
2.2505496	-9.414001	1.6579847	31.593
2.2613235	-9.350554	1.7848774	31.643
1.9141643	-9.405622	1.62686	31.693
2.2493525	-9.497798	1.543063	31.743
1.9033904	-9.478644	1.4293385	31.793
2.005144	-9.5013895	2.1416135	31.843
2.3223755	-9.655815	2.360683	31.893
1.2569559	-8.908825	0.6919243	31.943
2.2469583	-9.324219	2.3391352	31.994
1.7549498	-9.536105	2.148796	32.043
1.5442601	-9.338584	2.2457612	32.093
2.4193408	-9.379285	1.970428	32.143
2.4193408	-9.51336	1.7764976	32.193
1.9895816	-9.623494	1.6340426	32.243
1.1647792	-9.2308445	1.0857705	32.293
1.8447324	-9.414001	1.4975731	32.343
2.0482395	-9.379285	2.3331497	32.393
1.4891934	-9.540894	1.5035586	32.443
1.7286136	-9.43076	1.5334862	32.493
1.484405	-9.472659	1.2090719	32.543
1.3215994	-9.610326	1.1312603	32.593
0.997185	-9.585187	1.0809821	32.643
1.0175357	-9.57561	1.1695676	32.693
1.0726024	-9.427169	1.1659763	32.743
1.174356	-9.659407	1.1001357	32.793
1.3575124	-9.600749	1.2413936	32.843
1.8231846	-9.661801	1.1444284	32.893
0.9804256	-9.527725	1.0043676	32.943
1.5167267	-9.1829605	1.2665327	32.993
1.4030021	-9.317036	1.2844892	33.044
1.377863	-9.728839	1.5586253	33.093
1.3934253	-9.585187	1.532289	33.143
1.9045875	-9.56723	1.8411411	33.193
2.005144	-9.442732	1.3347675	33.243
1.1851299	-9.0716305	1.6077064	33.293
1.4532804	-9.532514	1.3994108	33.343
1.9536686	-9.680955	1.6759412	33.393
1.8614918	-9.351752	1.484405	33.443
1.8052281	-9.263166	1.7274165	33.493
1.9201498	-9.605537	0.688333	33.543
2.231396	-9.252393	2.2505496	33.593
1.7106571	-9.400833	1.7657237	33.643
1.9201498	-9.883265	0.6859388	33.693
2.385822	-9.485827	0.91578215	33.743
2.1583729	-9.423578	1.0295067	33.793
1.7729063	-9.376891	1.6663644	33.843
2.1440077	-9.478644	0.724246	33.893
2.373851	-9.510966	0.7565677	33.943
2.372654	-9.390059	1.2557588	33.993
2.4887726	-9.367314	1.1360487	34.04
2.0925324	-9.442732	0.45130703	34.093
2.373851	-9.467871	0.6512229	34.143
2.2170308	-9.423578	0.63206923	34.193
2.195483	-9.562442	0.33159694	34.243
2.2852654	-9.564836	-0.04309563	34.293
2.1188686	-9.427169	0.41060558	34.343
2.255338	-9.41879	0.7098808	34.393
2.055422	-9.552865	0.52073884	34.443
2.2457612	-9.518148	0.39264908	34.493
2.220622	-9.500193	0.1604115	34.544
2.079364	-9.320627	0.9947908	34.593
1.8950106	-9.560047	0.7134721	34.643
2.207454	-9.494206	0.48961425	34.693
2.2170308	-9.421184	0.59017074	34.743
2.6240451	-9.350554	0.5626374	34.793
2.433706	-9.238028	1.412579	34.843
2.2768857	-9.563639	0.676362	34.893
2.3558946	-9.738416	-0.2741361	34.943
2.4301147	-9.271546	0.7745243	34.993
3.1184478	-9.473856	0.22744916	35.055
2.2361844	-9.539697	-0.088585466	35.093
1.8974048	-9.67018	0.2837129	35.143
1.8483237	-9.697714	0.5315128	35.193
1.7932571	-9.412804	1.6112977	35.243
1.7250223	-9.336189	1.541866	35.293
0.8690952	-9.317036	2.078167	35.343
1.7369933	-9.3026705	2.8083985	35.393
2.2732944	-9.947908	1.3634979	35.443
1.0702082	-9.358934	1.8866309	35.493
1.186327	-9.065644	2.5127146	35.543
1.6927006	-9.31105	1.8387469	35.593
1.5981296	-9.396045	2.195483	35.643
1.5574282	-9.428367	2.421735	35.693
1.3850456	-9.730036	2.099715	35.743
1.3838485	-9.024943	2.44448	35.793
1.5179238	-9.194932	2.717419	35.843
1.4437037	-9.576807	2.1823149	35.893
1.2916719	-9.23683	2.6850972	35.943
1.1097125	-9.059659	3.0142999	35.993
1.5071499	-9.361329	2.871845	36.043
0.8583213	-9.130288	2.7964275	36.093
0.9516952	-9.40203	2.3355439	36.143
1.1947067	-9.516952	2.4361002	36.193
1.0271125	-9.143456	2.9700072	36.243
1.1133038	-9.355343	2.457648	36.293
1.42455	-9.293094	2.633622	36.343
1.5490485	-9.288305	2.7629087	36.394
1.4856021	-9.471462	2.5198972	36.444
0.7769185	-9.087193	2.669535	36.493
0.8391677	-9.2787285	2.9580362	36.543
1.3215994	-9.281123	3.0059202	36.594
1.6867151	-9.38168	2.2110453	36.643
1.567005	-9.187749	2.8562827	36.693
0.8774749	-9.416395	2.5366566	36.743
1.1061212	-8.9279785	2.2146366	36.793
2.4193408	-9.661801	3.2632968	36.843
2.111686	-9.345766	2.043451	36.893
1.4173675	-8.919599	2.6240451	36.943
2.1308396	-9.537302	2.0362685	36.993
2.1547816	-9.269152	2.0649989	37.043
2.219425	-9.222465	2.160767	37.093
1.7956513	-9.465476	2.1787236	37.143
2.0937295	-9.32781	1.8555063	37.193
2.3451207	-9.289502	1.887828	37.243
2.408567	-9.424775	1.4879963	37.293
2.5187001	-9.276335	1.8423382	37.343
2.3906105	-9.376891	1.412579	37.394
2.2649148	-9.498995	1.1360487	37.443
2.231396	-9.3182335	1.8423382	37.493
2.1440077	-9.233239	1.6998832	37.543
1.6962919	-9.478644	1.1432313	37.593
2.303222	-9.481039	1.2389994	37.643
2.7461493	-9.406818	1.2725182	37.693
2.6850972	-9.406818	0.8451532	37.743
2.9173348	-9.299079	0.8882488	37.793
2.9460652	-9.275137	0.9995792	37.843
2.847903	-9.427169	1.0498575	37.893
2.991555	-9.306262	0.7625532	37.943
2.1523874	-9.419987	0.51714754	37.993
1.7836803	-9.459491	1.1372458	38.043
2.006341	-9.442732	1.1671734	38.093
2.1894975	-9.471462	0.7290344	38.143
2.5953147	-9.421184	0.8319851	38.193
2.7114334	-9.396045	0.6835446	38.243
3.0178912	-9.229648	1.0187328	38.293
2.918532	-9.36492	0.9576807	38.343
2.6013002	-9.387665	1.3826514	38.393
2.4839842	-9.223662	1.5310919	38.443
2.207454	-9.42238	1.3120226	38.493
2.243367	-9.44752	1.3156139	38.543
2.4301147	-9.48463	1.1061212	38.593
2.2242134	-9.459491	1.0737995	38.643
2.0003555	-9.120711	3.1711202	38.693
2.0745757	-9.464279	1.7884687	38.743
1.6879122	-9.351752	1.5370775	38.793
2.3259668	-9.473856	1.9883845	38.843
2.4313118	-9.664195	1.7393875	38.893
2.336741	-9.548077	2.0099323	38.943
1.5682021	-9.397242	2.4109612	38.993
0.7733272	-9.255983	2.1392193	39.043
0.59136784	-9.038112	2.349909	39.093
1.163582	-9.266758	2.4408886	39.143
1.4568717	-9.475053	2.6084828	39.193
1.2114661	-9.5732155	2.7473464	39.243
0.51954174	-9.174581	2.5773582	39.293
0.23822308	-9.264363	2.5570073	39.343
0.31124622	-9.435549	2.56419	39.394
0.664391	-9.126697	3.0202854	39.443
0.93852705	-9.233239	3.074155	39.493
0.664391	-9.088389	3.2704794	39.543
0.44771573	-8.968679	3.083732	39.593
-0.2813187	-9.259575	3.0992942	39.643
0.7302315	-9.0716305	3.4871547	39.693
1.3551182	-8.743625	3.2357635	39.743
1.2198458	-9.137471	3.4117374	39.793
1.2761095	-9.326612	3.0095115	39.843
1.5729905	-9.376891	2.6994624	39.893
1.496376	-9.232041	2.1068976	39.943
1.4903905	-9.275137	2.6539726	39.993
1.7106571	-9.369708	2.5270798	40.055
1.8471266	-9.288305	2.1511903	40.093
1.9213469	-9.31105	2.1799207	40.143
1.6460136	-9.661801	2.0769699	40.193
2.019509	-9.750386	1.3467385	40.243
2.1823149	-9.473856	1.5634137	40.293
2.3870192	-9.387665	1.3730747	40.343
2.0913353	-9.442732	1.2354081	40.394
2.0530279	-9.519346	1.6783354	40.443
1.8124107	-9.574412	1.7190368	40.493
1.6843209	-9.448717	1.6699557	40.545
1.934515	-9.488221	1.6112977	40.593
2.2996306	-9.259575	1.567005	40.643
1.922544	-9.475053	0.94092125	40.693
1.8495208	-9.637859	1.1013328	40.743
1.567005	-9.623494	1.270124	40.793
1.4736311	-9.605537	1.5155296	40.843
1.7477672	-9.337387	2.0374656	40.893
1.6400281	-9.285912	2.0099323	40.943
1.5179238	-9.5732155	1.7417817	40.993
1.4688427	-9.398438	1.3994108	41.043
1.673547	-9.386468	1.62686	41.093
1.5394717	-9.546879	1.1384429	41.143
1.2198458	-9.522937	1.2904748	41.194
1.6065093	-9.552865	1.472434	41.245
1.1959038	-9.629479	1.283292	41.294
1.1312603	-9.580399	1.1240777	41.343
1.5753847	-9.531317	1.5514427	41.395
1.2988545	-9.55047	1.3227965	41.444
1.3946224	-9.495404	1.9177556	41.493
1.532289	-9.534908	1.4329298	41.545
1.7729063	-9.531317	1.423353	41.593
2.1452048	-9.473856	1.6927006	41.643
0.94211835	-9.218874	1.7381904	41.693
0.93134445	-9.138668	1.4879963	41.743
2.0135236	-9.667787	2.1823149	41.793
1.7968484	-9.460688	1.0953473	41.843
2.0494366	-9.26556	1.8531121	41.893
2.207454	-9.3026705	1.8602947	41.943
1.8052281	-8.98903	1.9835961	41.993
3.015497	-9.148245	2.8790276	42.044
2.9113493	-9.454702	1.887828	42.093
2.1523874	-9.269152	1.7046716	42.143
3.0561984	-9.197326	1.7764976	42.193
2.6910827	-9.449914	1.1695676	42.244
2.7329812	-9.42238	0.60693014	42.293
2.6384103	-9.020155	1.163582	42.343
2.4468741	-9.404425	1.8004397	42.394
2.1942859	-9.408015	1.376666	42.443
2.8203697	-9.218874	1.757344	42.493
2.3343468	-9.408015	1.2761095	42.543
1.9237411	-9.487024	0.79966336	42.593
2.3343468	-9.283517	1.1947067	42.643
2.1308396	-9.507375	1.3156139	42.693
2.896984	-9.218874	0.7625532	42.743
2.6132712	-9.507375	0.15322891	42.793
2.825158	-9.28232	0.11372458	42.843
2.6731262	-9.297882	0.23942018	42.893
2.706645	-9.469068	0.2813187	42.943
2.5917234	-9.312247	0.7697359	42.993
2.1057005	-9.557653	0.7445967	43.045
2.1799207	-9.55885	0.32920274	43.093
2.2637177	-9.23683	0.6619968	43.143
2.3594859	-9.555259	0.46926352	43.193
2.2541409	-9.397242	0.4369418	43.243
2.3391352	-9.352949	0.6572084	43.293
2.267309	-9.461885	0.59376204	43.343
2.1559787	-9.355343	0.2825158	43.393
2.7353754	-9.374496	0.37349546	43.443
2.7389667	-9.473856	0.36391866	43.493
2.2373815	-9.351752	0.5638345	43.544
3.417723	-9.465476	0.58897364	43.593
3.086126	-9.350554	0.9564836	43.643
2.2002714	-9.42238	0.9528923	43.693
2.267309	-9.545682	0.6560113	43.743
2.6024973	-9.417592	0.94451255	43.793
2.4037786	-9.240421	0.4333505	43.843
1.6747441	-9.43914	1.6986861	43.893
1.4808137	-9.490616	1.4999673	43.943
1.8315643	-9.49301	1.6555905	43.993
1.471237	-9.556456	1.6053122	44.045
2.1320367	-9.332599	1.6962919	44.093
1.4664485	-9.258378	1.6184803	44.143
1.7980455	-9.417592	1.401805	44.193
2.457648	-9.424775	1.3634979	44.243
1.8567034	-9.497798	0.866701	44.293
1.8614918	-9.545682	1.4161704	44.343
1.5334862	-9.380483	1.4891934	44.393
1.4784195	-9.436746	1.8614918	44.443
1.7788919	-9.451111	2.1045034	44.493
1.6831238	-9.436746	1.8052281	44.543
1.5885528	-9.325416	1.6699557	44.593
1.2785037	-9.331401	1.6436194	44.643
0.91458505	-9.463082	1.3251907	44.693
1.4532804	-9.657013	1.508347	44.743
2.0829554	-9.270349	1.6053122	44.793
2.0733786	-9.3421755	1.4975731	44.843
1.8136078	-9.460688	1.353921	44.893
1.9883845	-9.275137	2.147599	44.943
2.0266917	-9.4535055	2.146402	44.993
1.8734628	-9.321824	1.4616601	45.055
2.1308396	-9.375694	1.8626889	45.093
2.2349873	-9.519346	1.4257472	45.143
2.3750482	-9.502586	0.6619968	45.193
2.0123265	-9.173384	2.267309	45.243
2.6527755	-9.376891	1.9620483	45.293
1.7010803	-9.476251	1.127669	45.343
1.1480197	-9.478644	1.1456255	45.393
1.5622166	-9.548077	0.46567222	45.443
1.9835961	-9.659407	-0.088585466	45.493
2.4013844	-9.572019	0.36990416	45.543
2.1655555	-9.279925	1.271321	45.593
1.7908629	-9.455899	1.447295	45.643
1.8363527	-9.494206	1.0342951	45.693
1.9309237	-9.305065	1.3455414	45.743
2.2493525	-9.433155	1.4580688	45.793
2.6479871	-9.446322	-0.7745243	45.843
2.7365725	-9.606734	-0.22864626	45.893
2.9831753	-9.8042555	-0.4213795	45.943
2.4396915	-8.874108	-1.0630256	45.993
2.0458453	-9.76954	-0.1352724	46.047
1.9081788	-9.489418	0.06464344	46.093
1.8124107	-9.269152	0.15801731	46.143
2.0925324	-9.581595	-0.23582886	46.193
2.1571758	-9.534908	-0.6572084	46.243
2.172738	-9.412804	-0.21308395	46.293
2.2864625	-9.524135	-0.142455	46.343
2.529474	-9.516952	-0.36750996	46.393
2.586935	-9.398438	-0.25019407	46.443
2.6013002	-9.469068	-0.1340753	46.493
2.4420857	-9.4535055	0.055066638	46.543
2.099715	-9.387665	-0.14604631	46.593
2.2709002	-9.5732155	-0.29927522	46.643
2.5498247	-9.297882	0.1448492	46.693
1.7118542	-9.259575	-0.6823475	46.743
1.4760253	-9.873688	1.2318168	46.793
1.8567034	-9.561244	1.6663644	46.843
1.4616601	-9.409213	1.0761937	46.893
2.44448	-9.458294	1.4329298	46.943
2.6551697	-9.556456	0.41180268	46.993
2.0853498	-9.615114	0.19991584	47.023
1.887828	-9.643845	0.33758244	47.094
1.4736311	-9.464279	1.1707647	47.143
1.7717092	-9.688137	1.3120226	47.193
1.5370775	-9.7084875	0.91458505	47.243
1.4903905	-9.509769	0.8355764	47.293
1.1420342	-9.561244	1.0726024	47.343
0.81402856	-9.48463	0.8678981	47.393
0.56982	-9.469068	0.93972415	47.443
0.2657564	-9.65821	1.1001357	47.493
0.37948096	-9.640253	0.89064306	47.543
0.33997664	-9.5385	0.80684596	47.593
0.5638345	-9.589975	0.93493575	47.643
0.7625532	-9.585187	0.8822633	47.693
0.5710171	-9.560047	0.7445967	47.743
0.7206547	-9.569624	1.0714053	47.793
0.5446809	-9.654618	0.9935937	47.843
0.8690952	-9.514558	1.4736311	47.893
1.3383588	-9.442732	0.9720459	47.943
1.6567876	-9.5013895	0.6727707	47.993
2.6072857	-9.508572	0.37469256	48.05
2.5198972	-9.379285	2.1499932	48.093
1.9859903	-9.3661175	1.1587936	48.143
2.8263552	-9.516952	0.961272	48.193
2.7820623	-9.512163	1.2210429	48.243
2.005144	-9.41879	0.49799395	48.293
1.8986019	-9.533711	0.8379706	48.343
1.9440918	-9.4535055	0.6775591	48.393
1.8507179	-9.443929	0.52073884	48.443
1.7561469	-9.935937	-0.1364695	48.493
1.6448165	-9.886856	-0.61530983	48.543
2.2026656	-9.440337	-0.20949265	48.593
2.2780828	-9.354146	-0.7182605	48.643
1.2605472	-9.585187	-1.186327	48.693
1.127669	-9.588778	-1.1025299	48.743
1.3120226	-9.563639	-1.055843	48.793
1.2198458	-9.581595	-0.81761986	48.843
1.472434	-9.57561	-1.0019734	48.893
1.5263035	-9.566033	-0.80804306	48.943
1.5693992	-9.507375	-0.90261406	48.993
1.6962919	-9.651027	-1.2066777	49.023
1.2425907	-9.5253315	-0.82240826	49.093
1.9033904	-9.489418	0.3866636	49.143
1.9608512	-9.720459	-0.34237084	49.193
1.7345991	-9.674969	-0.009576807	49.243
2.0566192	-9.386468	0.7374141	49.293
2.0446482	-9.289502	0.6943185	49.343
2.2732944	-9.539697	1.2785037	49.393
2.100912	-9.394848	1.7310078	49.443
1.9548657	-9.427169	1.7298107	49.493
2.1392193	-9.330204	1.532289	49.543
2.243367	-9.248801	1.6903064	49.593
1.8830396	-9.508572	1.2844892	49.643
1.7645266	-9.5253315	1.3060371	49.693
1.9716251	-9.28232	1.7741034	49.743
2.2134395	-9.370906	1.780089	49.793
2.03148	-9.279925	2.1080947	49.843
2.1942859	-9.2787285	2.207454	49.893
2.1571758	-9.455899	1.7226281	49.943
1.9500773	-9.271546	1.7633295	49.994
1.7956513	-9.228451	2.0973208	50.052
1.5705963	-9.536105	2.220622	50.093
1.6759412	-9.241618	2.2349873	50.143
1.7908629	-9.343372	2.2014685	50.194
2.586935	-9.331401	1.7130513	50.243
2.1655555	-9.326612	1.6196774	50.293
1.9033904	-9.552865	1.8962077	50.343
2.3630772	-9.379285	2.018312	50.393
2.0458453	-9.526528	1.6101006	50.443
1.769315	-9.325416	1.602918	50.493
1.4281414	-9.28232	2.2661119	50.543
1.8207904	-9.255983	2.9831753	50.594
1.4580688	-9.457097	2.1918917	50.643
1.5227122	-9.277532	2.3678656	50.693
1.7046716	-9.589975	1.8686744	50.743
1.0869676	-9.457097	1.2425907	50.793
1.0749966	-9.3421755	1.4077905	50.843
0.62608373	-9.583989	2.2373815	50.893
0.6859388	-9.489418	1.6867151	50.943
1.2114661	-9.51336	1.4568717	50.993
1.2892777	-9.540894	1.447295	51.023
1.6304513	-9.671378	1.4987702	51.093
1.079785	-9.636662	0.94930094	51.143
1.1001357	-9.569624	1.5813702	51.193
1.3275849	-9.495404	2.2900538	51.243
0.81163436	-9.404425	1.7046716	51.293
1.1911154	-9.339781	1.9369092	51.343
1.5861586	-9.993398	1.9261353	51.393
0.878672	-9.263166	1.2952632	51.449
0.93732995	-9.455899	1.4568717	51.493
1.1336545	-9.617508	1.5921441	51.543
1.340753	-9.605537	1.4544775	51.593
1.6184803	-9.412804	1.6915035	51.643
1.1815386	-9.379285	1.946486	51.693
0.94810385	-9.479841	1.9979613	51.743
1.2054806	-9.502586	2.0458453	51.793
1.6041151	-9.405622	2.19668	51.843
1.5729905	-9.384073	2.0386627	51.893
1.2868834	-9.239224	1.555034	51.943
1.9357121	-9.974244	2.1176715	51.993
1.79206	-10.21965	2.255338	52.023
2.054225	-9.306262	1.055843	52.093
1.8112136	-9.260772	2.4229321	52.143
2.0027497	-9.309854	3.2453403	52.193
1.2677298	-8.857349	3.667917	52.243
1.1540052	-8.836999	3.8486793	52.293
1.4808137	-8.932767	4.015076	52.343
1.6795325	-9.224859	2.822764	52.393
2.098518	-9.255983	2.2637177	52.444
2.0733786	-9.264363	2.8670566	52.494
1.2006922	-9.00579	2.1296425	52.543
1.8854338	-9.202114	3.4691982	52.594
1.5753847	-9.168595	2.6551697	52.643
1.9189527	-9.321824	2.1631613	52.694
2.3211784	-9.233239	2.8909986	52.743
2.337938	-9.089587	2.5139117	52.793
1.9452889	-9.489418	1.8854338	52.843
2.1188686	-9.424775	1.9680338	52.893
2.7940333	-9.19972	1.9321208	52.943
2.2984335	-9.257181	2.0446482	52.993
2.3463178	-9.172187	1.9237411	53.023
3.181894	-9.246407	1.1587936	53.093
2.5234885	-9.126697	1.7764976	53.143
2.4708161	-9.184157	2.5342624	53.193
2.1152773	-9.489418	1.5119383	53.243
2.303222	-9.352949	1.4341269	53.293
2.3834279	-9.266758	1.6543933	53.343
2.4732103	-9.197326	1.2976574	53.393
2.6982653	-9.394848	1.292869	53.443
2.6982653	-9.300277	1.0510546	53.493
3.0561984	-9.235633	1.4030021	53.543
2.7150247	-9.284714	0.985214	53.593
2.8311436	-9.325416	1.1647792	53.643
3.2513258	-9.451111	1.400608	53.693
2.4372973	-9.25359	1.1145009	53.743
2.3415294	-9.233239	1.328782	53.793
3.0801406	-9.339781	0.29688102	53.843
2.9735985	-9.19972	0.35673606	53.893
2.9783869	-9.325416	0.8379706	53.943
2.6084828	-9.446322	1.0295067	53.993
2.3630772	-9.54209	1.4676456	54.033
2.5713725	-9.434352	1.2318168	54.093
2.60968	-9.172187	1.6496049	54.143
2.9771898	-9.208099	2.730587	54.193
2.0614076	-9.397242	1.7717092	54.243
1.6041151	-9.346964	1.9548657	54.293
1.7884687	-8.993818	2.6120741	54.343
1.8148049	-9.129091	2.5366566	54.393
1.7884687	-9.352949	2.184709	54.443
2.3104045	-8.969876	3.1651347	54.493
2.2146366	-9.046491	2.7102363	54.543
1.9632454	-9.340978	2.267309	54.594
1.697489	-9.3661175	2.087744	54.643
2.2278047	-9.193734	2.9855695	54.693
1.910573	-9.075222	3.4847605	54.743
1.7178397	-9.129091	2.8802247	54.793
1.6352397	-9.202114	2.944868	54.843
1.532289	-9.223662	2.8119898	54.893
2.1057005	-9.242816	2.4181437	54.943
1.5717934	-9.339781	2.5330653	54.993
1.6053122	-9.524135	2.5450363	55.07
1.6639702	-9.471462	1.4293385	55.093
0.7086837	-9.16261	1.4556746	55.143
1.0737995	-9.631873	1.532289	55.193
1.4796166	-9.646238	2.3020248	55.243
1.4317327	-9.193734	2.4995465	55.293
0.9923966	-9.66659	1.5921441	55.343
1.6519991	-9.519346	1.9081788	55.393
1.4939818	-9.431957	1.353921	55.443
1.6101006	-9.904813	1.3826514	55.493
1.0845734	-9.277532	1.4269443	55.543
1.1456255	-9.714474	1.6543933	55.593
0.78410107	-9.635465	1.8674773	55.644
0.88944596	-9.586384	1.6915035	55.694
1.091756	-9.481039	1.8052281	55.743
1.009156	-9.563639	1.8195933	55.793
0.92655605	-9.488221	1.7405846	55.843
0.49440265	-9.742006	1.3108255	55.893
0.12090719	-9.312247	1.5107412	55.943
0.58538234	-9.613917	1.316811	55.993
0.5781997	-9.651027	0.9900024	56.033
0.712275	-9.551667	1.3180081	56.093
0.45729253	-9.460688	1.4520833	56.143
0.79008657	-9.531317	1.8770541	56.193
0.6464345	-9.968259	2.0961237	56.243
0.1364695	-9.388862	1.2880806	56.293
0.8487445	-9.628283	1.2533646	56.343
0.91099375	-9.742006	1.3323733	56.393
0.45370123	-9.812635	1.2246342	56.443
0.7433996	-9.728839	1.3754689	56.493
0.50757074	-9.258378	1.6041151	56.543
0.521936	-9.435549	1.8100165	56.593
0.44651863	-9.598354	1.99437	56.643
0.40821138	-9.337387	2.134431	56.693
-0.39624038	-9.368511	2.0590134	56.743
-0.5674258	-9.404425	1.1049241	56.793
1.3611037	-9.939528	0.8822633	56.843
1.5622166	-9.762358	0.34237084	56.893
1.3383588	-9.441534	0.7086837	56.943
1.8902222	-9.682152	0.49679685	56.993
1.5454572	-9.651027	0.60214174	57.033
1.5263035	-9.727641	1.1444284	57.093
0.973243	-9.989806	0.37349546	57.143
1.0235212	-9.689334	0.25498247	57.193
1.7812861	-9.570822	0.47524905	57.243
1.1563994	-9.706094	0.89782566	57.293
1.0295067	-9.466674	0.688333	57.343
1.685518	-9.733627	0.5291186	57.393
2.2002714	-9.968259	0.12090719	57.443
1.5454572	-9.281123	1.2282255	57.493
2.0745757	-9.315839	1.388637	57.543
2.110489	-9.38168	1.6424223	57.593
1.62686	-9.358934	1.2773066	57.643
0.62728083	-9.469068	2.0242975	57.693
1.4460979	-9.856929	1.364695	57.743
2.8538885	-9.397242	-0.44532153	57.793
2.384625	-9.325416	0.6500258	57.843
2.7844565	-9.355343	0.48243165	57.893
2.8000188	-9.352949	0.65242	57.943
2.3523033	-9.595961	-0.0011971008	57.993
2.3127987	-9.185355	0.6967127	58.033
3.0071173	-9.412804	1.30484	58.093
2.4253263	-9.506178	-0.79966336	58.143
2.7090392	-9.404425	0.33399114	58.193
2.6048915	-9.338584	0.059855044	58.243
2.4001873	-9.536105	-0.6500258	58.293
3.357868	-9.519346	0.48841715	58.343
2.5127146	-9.3661175	0.39384618	58.393
1.1911154	-9.506178	1.3359646	58.443
1.9009962	-9.613917	0.7469909	58.493
1.7776948	-9.551667	-0.32321724	58.543
2.6623523	-9.673772	0.89184016	58.593
2.7880478	-9.180567	0.18914193	58.644
1.5490485	-9.569624	0.33997664	58.693
1.4939818	-9.634268	1.1959038	58.743
1.6627731	-9.471462	1.5705963	58.794
1.7812861	-9.629479	0.9935937	58.843
1.7717092	-9.360131	1.520318	58.893
2.2373815	-9.967062	0.7302315	58.943
2.2649148	-9.518148	0.9684546	58.993
1.2497733	-9.578004	0.45968673	59.033
0.93134445	-9.582792	1.3515269	59.093
1.186327	-9.589975	1.5263035	59.143
0.81642276	-9.576807	1.436521	59.193
0.7254431	-9.354146	1.8303672	59.243
0.9840169	-9.622296	1.8351556	59.293
0.48482585	-9.470264	1.4293385	59.343
-0.45370123	-9.226056	1.3982137	59.393
0.021547815	-9.746795	2.2481554	59.443
0.48362875	-9.345766	2.0219033	59.493
0.78410107	-9.433155	1.3934253	59.543
0.7637503	-9.459491	1.8148049	59.593
0.7577648	-9.762358	1.4903905	59.643
0.89543146	-9.396045	1.7860745	59.693
1.4173675	-9.404425	1.411382	59.743
1.3275849	-9.303867	2.3259668	59.793
1.2904748	-9.497798	2.005144	59.843
1.1360487	-9.361329	1.7238252	59.893
1.4700398	-9.54209	1.4700398	59.943
1.8614918	-9.615114	1.4772224	59.993
2.019509	-9.471462	1.4664485	60.033
2.0697873	-9.51336	1.13964	60.093