2.8981812	-8.742428	3.2908301	0.098
2.801216	-8.760384	3.4955344	0.148
3.071761	-8.639477	3.228581	0.199
3.027468	-8.765172	3.2369606	0.249
3.095703	-8.754398	3.204639	0.298
2.9771898	-8.699332	3.2561142	0.348
2.9951463	-8.7292595	3.4560301	0.398
2.8263552	-8.717288	3.4596214	0.448
2.967613	-8.7951	3.1747115	0.498
2.992752	-8.65025	3.4727895	0.548
2.753332	-8.694544	3.7110126	0.598
3.0705638	-8.707711	3.5051112	0.648
2.837129	-8.669404	3.3842041	0.701
3.039439	-8.623915	3.5817258	0.751
3.0442274	-8.773552	3.3746274	0.801
2.9987376	-8.708909	3.359065	0.852
3.084929	-8.649054	3.4739866	0.902
3.0107086	-8.663419	3.4512417	0.951
2.9125464	-8.662222	3.5075054	0.981
2.9352913	-8.686164	3.50152	1.049
2.9245174	-8.635885	3.5757403	1.098
2.9724014	-8.664616	3.5350387	1.148
3.0071173	-8.639477	3.53863	1.198
2.9640217	-8.655039	3.4452562	1.248
3.0370448	-8.63828	3.50152	1.298
2.9376855	-8.713697	3.406949	1.348
2.9879637	-8.682572	3.4165258	1.398
2.966416	-8.620323	3.6032736	1.448
3.0442274	-8.655039	3.5913026	1.498
2.967613	-8.690952	3.4033577	1.548
2.9999347	-8.632295	3.5110967	1.598
2.9891608	-8.651448	3.515885	1.648
3.039439	-8.626308	3.5972881	1.698
3.003526	-8.64666	3.5745432	1.748
3.0573955	-8.645462	3.5625722	1.798
3.0083144	-8.662222	3.465607	1.848
2.9735985	-8.665813	3.5087025	1.898
3.0190883	-8.678981	3.4715924	1.948
2.9987376	-8.656237	3.4835634	1.981
3.0310593	-8.664616	3.5230677	2.048
3.0107086	-8.6574335	3.4943373	2.1
2.9855695	-8.605958	3.572149	2.15
2.9831753	-8.717288	3.5075054	2.2
2.992752	-8.582016	3.5122938	2.25
3.0023289	-8.726865	3.4237084	2.301
2.9975405	-8.67539	3.466804	2.351
3.0322564	-8.670602	3.442862	2.4
3.0945058	-8.768764	3.2381577	2.45
3.0142999	-8.694544	3.276465	2.5
3.0370448	-8.699332	3.3889925	2.551
3.0107086	-8.672996	3.3423057	2.588
2.9747956	-8.672996	3.4476504	2.651
3.0095115	-8.693346	3.393781	2.691
2.9879637	-8.699332	3.383007	2.751
2.9532478	-8.677784	3.41892	2.791
2.954445	-8.726865	3.3602622	2.843
2.9759927	-8.696938	3.3865983	2.883
2.9855695	-8.74123	3.3411086	2.943
2.920926	-8.779537	3.2357635	2.983
3.0190883	-8.761581	3.1124623	3.051
3.0011318	-8.773552	3.1028855	3.1
3.0119057	-8.819042	3.2585084	3.15
2.907758	-8.74123	3.1771057	3.2
2.873042	-8.738836	3.301604	3.248
2.8491	-8.735245	3.3039982	3.298
2.9113493	-8.7532015	3.1531637	3.348
2.955642	-8.838196	3.240552	3.398
2.9592333	-8.735245	3.2632968	3.448
3.052607	-8.811859	3.1040826	3.498
2.873042	-8.728063	3.430891	3.548
2.7138276	-8.74123	3.359065	3.598
2.7449522	-8.763975	3.120842	3.648
2.9364884	-8.78672	3.0945058	3.698
3.1376014	-8.748413	3.3961751	3.748
3.1316159	-8.851364	3.2848446	3.798
3.1256304	-8.84059	2.991555	3.848
2.883816	-8.780735	3.0681696	3.898
2.825158	-8.89805	3.276465	3.948
2.8203697	-8.808268	3.0909145	3.981
2.9041667	-8.746018	3.2489316	4.048
2.779668	-8.822633	3.3028011	4.098
2.6791117	-8.775947	3.1244333	4.148
3.0801406	-8.695741	3.727772	4.198
2.8802247	-8.475474	3.954024	4.248
3.1902738	-8.848969	3.1627405	4.298
2.835932	-8.899248	3.0430303	4.348
2.2457612	-8.643068	3.4452562	4.398
2.730587	-8.816648	3.4991257	4.448
2.5773582	-8.834604	3.1028855	4.498
2.8107927	-8.878897	3.240552	4.548
2.9843724	-8.708909	3.2333694	4.598
2.9963434	-8.825027	3.2429461	4.648
2.8778305	-8.744822	3.3063924	4.698
2.9269116	-8.708909	3.4129345	4.748
2.7485435	-8.783129	3.2920272	4.798
2.7377696	-8.821436	3.3267434	4.848
2.8263552	-8.884883	3.0933087	4.898
2.8682537	-8.841787	3.0585926	4.948
2.8335378	-8.859743	3.0226796	5.01
2.8562827	-8.7532015	3.3363202	5.048
2.8766334	-8.767567	3.3626564	5.098
2.8754363	-8.740033	3.323152	5.148
2.9472623	-8.760384	3.3782187	5.198
2.858677	-8.7292595	3.2968156	5.248
2.89459	-8.844181	3.2465374	5.298
2.8335378	-8.813056	3.1495724	5.348
2.8802247	-8.839393	3.110068	5.398
2.9173348	-8.7771435	3.2249897	5.448
2.9352913	-8.718486	3.3758245	5.498
2.9281087	-8.762778	3.3482912	5.548
2.8203697	-8.808268	3.1711202	5.598
2.7138276	-8.775947	3.0897174	5.648
3.0693667	-8.754398	3.4368765	5.698
2.9508536	-8.662222	3.7205894	5.748
3.0693667	-8.625112	3.3542767	5.798
2.8898015	-8.732851	3.5697548	5.848
2.858677	-8.719683	3.570952	5.898
2.8419175	-8.690952	3.4620156	5.948
2.8431146	-8.790312	3.3770216	5.978
2.847903	-8.744822	3.4320881	6.048
3.1794999	-8.447941	3.6260185	6.098
3.0238767	-8.534132	3.9193082	6.148
2.8670566	-8.479065	3.9588125	6.199
2.966416	-8.619126	3.6415808	6.248
2.9149406	-8.783129	3.3315318	6.298
2.9472623	-8.711303	3.4272997	6.348
2.918532	-8.674192	3.5218706	6.398
3.040636	-8.64666	3.5817258	6.448
2.871845	-8.62152	3.7134068	6.498
3.0430303	-8.59279	3.6403837	6.548
3.0023289	-8.622718	3.5577838	6.598
2.9616275	-8.664616	3.5422213	6.648
2.9352913	-8.603564	3.5482068	6.698
2.8107927	-8.711303	3.3925838	6.748
2.883816	-8.719683	3.288436	6.798
3.3399115	-8.664616	3.429694	6.848
3.0178912	-8.556877	3.4871547	6.898
2.9113493	-8.793902	3.4955344	6.948
3.0298622	-8.736442	3.2812533	6.978
3.0992942	-8.905233	2.9855695	7.048
2.9999347	-8.878897	2.8766334	7.098
2.8431146	-8.74961	3.3039982	7.148
2.7581203	-8.74961	3.41892	7.198
3.1830912	-8.851364	2.7868507	7.248
3.0825348	-8.9040365	2.694674	7.299
3.0765493	-8.839393	2.896984	7.349
3.063381	-8.862138	2.9963434	7.398
2.9149406	-8.902839	2.944868	7.448
3.028665	-8.9040365	3.1794999	7.498
2.873042	-8.791509	2.8538885	7.548
2.9532478	-8.929175	3.0430303	7.598
2.6479871	-8.801085	3.1232362	7.648
2.6755204	-8.805874	3.3279405	7.699
2.7581203	-8.902839	3.2668881	7.748
2.541445	-8.772355	3.2261868	7.798
2.5905263	-8.8645315	3.3135753	7.848
2.5929205	-8.881291	3.252523	7.898
2.6611552	-8.850166	3.156755	7.948
2.777274	-8.932767	3.1914709	7.988
2.5953147	-8.832211	3.027468	8.048
2.6503813	-8.884883	3.1890767	8.098
2.5246856	-8.854955	3.2034419	8.148
2.5378537	-8.829816	3.3734303	8.198
2.5510218	-8.8777	3.264494	8.248
2.717419	-8.814254	3.5122938	8.298
2.6013002	-8.901642	3.2321723	8.348
2.681506	-8.836999	3.2261868	8.398
2.6731262	-8.789114	3.3494883	8.448
2.7629087	-8.833407	3.3123782	8.498
2.6874914	-8.882488	3.3267434	8.548
2.5761611	-8.89805	3.2237926	8.598
2.5785553	-8.9279785	3.1124623	8.648
2.7126305	-8.938752	3.1268275	8.698
2.8550856	-8.822633	3.1232362	8.748
2.7940333	-8.860941	3.071761	8.798
2.7114334	-8.874108	3.2620997	8.848
2.6168625	-8.807071	3.3028011	8.898
2.4779987	-8.9758625	3.0621839	8.948
2.3894134	-8.763975	3.4009635	8.988
2.4133554	-8.716091	3.8414967	9.043
2.5091233	-8.752005	3.7181952	9.091
2.5091233	-8.752005	3.7181952	9.091
2.5091233	-8.752005	3.7181952	9.091
2.5091233	-8.752005	3.7181952	9.091
2.5091233	-8.752005	3.7181952	9.424
2.4887726	-8.699332	3.667917	9.424
2.4887726	-8.699332	3.667917	9.424
2.5462334	-8.785523	3.6104562	9.449
2.6527755	-8.796297	3.5051112	9.499
2.6922798	-8.689755	3.3423057	9.548
2.906561	-8.949526	3.2620997	9.598
2.7569232	-8.937555	2.8574798	9.648
2.835932	-8.544906	3.558981	9.698
2.813187	-8.905233	3.66672	9.748
2.5306711	-8.797494	3.7481227	9.798
2.610877	-8.687361	3.2716765	9.848
2.6659436	-8.852561	3.3554738	9.898
2.9257145	-8.819042	3.41892	9.948
2.9759927	-8.835801	3.0430303	9.998
2.9113493	-8.833407	3.0909145	10.048
3.0107086	-8.74961	3.3961751	10.098
2.846706	-8.773552	3.2872388	10.148
2.7581203	-8.762778	3.359065	10.198
2.6611552	-8.809465	3.477578	10.248
2.815581	-8.746018	3.4703953	10.323
2.9137435	-8.760384	3.3686419	10.348
2.835932	-8.762778	3.2668881	10.398
2.743755	-8.822633	3.289633	10.448
2.7581203	-8.78672	3.394978	10.498
2.9041667	-8.789114	3.21661	10.548
2.9592333	-8.775947	3.2261868	10.598
2.932897	-8.768764	3.301604	10.648
2.8431146	-8.750807	3.3530796	10.698
2.822764	-8.765172	3.406949	10.748
2.7665	-8.754398	3.3267434	10.799
2.834735	-8.743625	3.4560301	10.848
2.8395233	-8.7292595	3.4644098	10.898
2.835932	-8.750807	3.3985693	10.95
2.8491	-8.7532015	3.4500446	10.998
2.7820623	-8.765172	3.3087866	11.048
2.870648	-8.701726	3.5098996	11.1
2.8179753	-8.796297	3.2369606	11.148
2.8802247	-8.797494	3.3925838	11.198
2.861071	-8.731653	3.429694	11.25
2.7748797	-8.801085	3.2824504	11.299
2.8287494	-8.74123	3.430891	11.349
2.7569232	-8.767567	3.4799721	11.398
2.7485435	-8.796297	3.2381577	11.448
2.754529	-8.799889	3.359065	11.5
2.790442	-8.707711	3.4320881	11.548
2.825158	-8.746018	3.4452562	11.598
2.7150247	-8.814254	3.4524388	11.648
2.5797524	-8.723274	3.5194764	11.698
2.7257986	-8.765172	3.513491	11.748
2.7581203	-8.774749	3.2620997	11.798
2.8634653	-8.802282	3.3303347	11.848
2.7808652	-8.801085	3.25372	11.898
2.7365725	-8.882488	3.2860417	11.948
2.634819	-8.803479	3.0502129	11.998
2.7509377	-8.870518	3.3686419	12.048
2.6731262	-8.850166	3.2453403	12.098
2.6192567	-8.850166	3.0681696	12.148
2.6862943	-8.925584	3.1711202	12.198
2.6719291	-8.810662	3.2321723	12.248
2.8083985	-8.868123	3.0909145	12.298
2.8383262	-8.8777	3.1064768	12.35
2.693477	-8.836999	3.2094274	12.398
2.741361	-8.848969	3.1483753	12.448
2.8299465	-8.844181	3.2824504	12.5
3.0358477	-8.754398	3.4452562	12.548
2.8502972	-8.836999	3.539827	12.598
2.6276364	-8.822633	2.4995465	12.648
2.7162218	-8.838196	3.4332852	12.698
2.7114334	-8.865729	3.4213142	12.748
2.813187	-8.750807	3.122039	12.798
2.9101522	-8.730456	3.5673606	12.848
2.753332	-8.77834	3.5087025	12.898
2.789245	-8.767567	3.527856	12.948
2.6072857	-8.659827	3.289633	12.998
2.670732	-8.839393	3.5314474	13.048
2.779668	-8.826224	3.145981	13.098
3.144784	-8.881291	3.1064768	13.148
2.7641058	-8.790312	2.896984	13.198
2.9388826	-8.676587	3.9228995	13.248
2.360683	-8.65025	3.4608185	13.298
2.2960393	-8.881291	4.0533834	13.349
2.6982653	-8.690952	3.1028855	13.398
2.6276364	-8.748413	3.0597897	13.448
2.7700913	-8.860941	3.277662	13.499
2.9400797	-8.868123	3.1771057	13.548
2.858677	-8.841787	3.347094	13.598
2.60968	-8.833407	3.2692823	13.649
2.6563668	-8.752005	3.359065	13.698
2.6779146	-8.919599	3.072958	13.748
2.705448	-8.748413	3.5170822	13.798
2.681506	-8.674192	3.7110126	13.848
2.7521348	-8.780735	3.3482912	13.898
2.7222073	-8.736442	3.4859576	13.948
2.6276364	-8.651448	3.4344823	13.998
2.8898015	-8.959103	3.4644098	14.048
2.718616	-8.678981	3.120842	14.098
2.9125464	-8.8777	3.1890767	14.148
2.9640217	-8.875306	3.1052797	14.198
2.8455088	-8.686164	3.4272997	14.248
2.634819	-8.74123	3.570952	14.298
2.7090392	-8.676587	3.4392707	14.35
2.8658595	-8.775947	3.4751837	14.398
2.9137435	-8.752005	3.3375173	14.448
3.0023289	-8.790312	3.1411927	14.498
2.9233203	-8.803479	3.2369606	14.548
2.846706	-8.835801	3.4129345	14.598
2.7509377	-8.833407	3.3243492	14.648
2.835932	-8.684967	3.442862	14.698
2.837129	-8.738836	3.502717	14.748
2.8993783	-8.744822	3.4332852	14.798
2.9340942	-8.742428	3.277662	14.848
2.858677	-8.590396	3.4524388	14.898
2.9161377	-8.704121	3.809175	14.948
2.790442	-8.647857	3.5541923	14.998
2.8287494	-8.762778	3.4632127	15.048
2.6300306	-8.759187	3.2225955	15.098
2.7257986	-8.752005	3.4847605	15.148
3.0238767	-8.653842	3.7481227	15.198
3.1651347	-8.694544	3.1962593	15.248
3.0705638	-8.791509	3.2130187	15.298
2.89459	-8.760384	3.3722332	15.348
2.7760768	-8.815451	3.1747115	15.398
2.9388826	-8.755595	3.0992942	15.448
2.7018566	-8.853758	3.2549171	15.498
2.7808652	-8.698134	3.5410242	15.548
2.8179753	-8.67539	3.551798	15.598
2.885013	-8.730456	3.4763808	15.648
2.8909986	-8.692149	3.4392707	15.698
3.0011318	-8.789114	3.3602622	15.748
2.8874073	-8.701726	3.477578	15.798
2.8323407	-8.677784	3.2980127	15.848
2.8431146	-8.759187	3.4727895	15.898
2.7485435	-8.702923	3.4620156	15.948
2.7389667	-8.706514	3.525462	15.998
2.825158	-8.644265	3.8067808	16.048
2.730587	-8.686164	3.6379895	16.098
2.621651	-8.689755	3.570952	16.148
2.9364884	-8.671799	3.514688	16.198
2.9125464	-8.552089	3.5984852	16.248
3.2573113	-8.560468	3.8534677	16.298
2.7269957	-8.719683	3.6882677	16.349
2.6683378	-8.730456	3.5422213	16.398
2.5965118	-8.67539	3.5769374	16.448
2.6372132	-8.682572	3.66672	16.498
2.9269116	-8.558074	3.8139634	16.548
2.8921957	-8.622718	3.762488	16.598
2.8562827	-8.661025	3.6260185	16.648
2.813187	-8.724471	3.6092591	16.698
2.7473464	-8.662222	3.5434184	16.748
2.814384	-8.65863	3.645172	16.798
2.813187	-8.622718	3.8007953	16.848
2.7114334	-8.680179	3.8367083	16.898
2.597709	-8.64666	3.642778	16.948
2.707842	-8.607155	3.7002387	16.998
2.8670566	-8.582016	3.8139634	17.048
2.815581	-8.62152	3.8750155	17.098
2.7521348	-8.599973	3.7576995	17.148
2.610877	-8.6813755	3.7229836	17.198
2.6479871	-8.684967	3.5541923	17.248
2.755726	-8.668207	3.6762967	17.298
2.8335378	-8.631097	3.728969	17.35
2.9281087	-8.628703	3.5290532	17.398
2.883816	-8.678981	3.6044707	17.448
2.883816	-8.64666	3.6176388	17.498
2.8622682	-8.700529	3.4955344	17.548
2.837129	-8.708909	3.4021606	17.598
2.7461493	-8.821436	3.5063083	17.648
2.9029696	-8.664616	3.1184478	17.698
2.992752	-8.783129	3.371036	17.748
2.9879637	-8.684967	3.3997664	17.798
3.0083144	-8.734048	3.4320881	17.848
2.9101522	-8.76996	3.3770216	17.898
2.9053638	-8.74961	3.2609026	17.948
2.8634653	-8.696938	3.345897	17.998
2.9628246	-8.841787	3.3722332	18.048
3.0490158	-8.718486	3.2668881	18.098
3.0346506	-8.738836	3.1507695	18.148
2.9652188	-8.738836	3.2944214	18.198
2.9017725	-8.702923	3.3674448	18.248
2.8538885	-8.722076	3.3446999	18.298
2.789245	-8.747216	3.3399115	18.349
2.8778305	-8.792706	3.3123782	18.398
2.919729	-8.796297	3.2716765	18.448
2.8395233	-8.835801	3.1902738	18.498
2.918532	-8.817844	3.1471782	18.548
2.9496565	-8.792706	3.1663318	18.598
2.9963434	-8.765172	3.204639	18.648
2.9580362	-8.775947	3.2118216	18.698
2.885013	-8.845378	3.3159695	18.748
2.7808652	-8.817844	3.1004913	18.798
2.8323407	-8.902839	3.132813	18.848
2.7246015	-8.835801	3.1830912	18.898
2.7988217	-8.815451	3.1052797	18.948
3.0095115	-8.7125	3.2429461	18.998
2.920926	-8.750807	3.25372	19.048
2.8538885	-8.844181	3.2082303	19.098
2.743755	-8.866926	3.0621839	19.148
2.7257986	-8.907627	3.1663318	19.198
2.8993783	-8.748413	3.0561984	19.248
2.9616275	-8.780735	3.2956185	19.298
2.8658595	-8.738836	3.4201171	19.35
2.7988217	-8.785523	3.277662	19.398
2.7329812	-8.871715	3.1435869	19.448
2.7856536	-8.856153	2.9712043	19.498
2.8766334	-8.866926	3.1507695	19.548
2.825158	-8.917204	2.9125464	19.598
2.966416	-8.785523	3.2561142	19.648
2.861071	-8.841787	3.074155	19.698
2.9281087	-8.809465	3.1028855	19.749
2.8658595	-8.838196	3.1316159	19.798
2.8179753	-8.853758	3.0418332	19.848
2.8263552	-8.853758	3.0669725	19.898
2.8167782	-8.813056	3.1591492	19.948
2.861071	-8.781932	3.1387985	19.998
2.8790276	-8.798691	3.2237926	20.048
2.8874073	-8.790312	3.2345665	20.098
2.9029696	-8.787917	3.240552	20.148
2.8682537	-8.783129	3.25372	20.198
2.9221232	-8.768764	3.3195608	20.248
2.9017725	-8.76637	3.3171666	20.298
2.9269116	-8.742428	3.3411086	20.349
2.8898015	-8.743625	3.311181	20.398
2.918532	-8.726865	3.4093432	20.448
2.9400797	-8.698134	3.4261026	20.498
2.930503	-8.731653	3.3806129	20.548
2.944868	-8.719683	3.4009635	20.598
2.89459	-8.718486	3.3913867	20.648
2.9257145	-8.723274	3.38181	20.698
2.9317	-8.711303	3.3758245	20.748
2.955642	-8.7053175	3.4249055	20.798
2.9281087	-8.693346	3.4225113	20.848
2.9388826	-8.72088	3.4356794	20.898
2.906561	-8.7053175	3.4141316	20.948
2.943671	-8.707711	3.4452562	20.998
2.9029696	-8.723274	3.3794158	21.048
2.9939492	-8.651448	3.4572272	21.098
2.9017725	-8.759187	3.3889925	21.148
2.9460652	-8.674192	3.369839	21.198
2.944868	-8.663419	3.5482068	21.248
2.9508536	-8.690952	3.4883518	21.299
2.918532	-8.644265	3.5338416	21.349
2.9364884	-8.66701	3.537433	21.398
2.9628246	-8.696938	3.4261026	21.448
2.9580362	-8.655039	3.4991257	21.498
2.9508536	-8.717288	3.4703953	21.548
2.9376855	-8.694544	3.4392707	21.598
2.9317	-8.683769	3.490746	21.648
2.9580362	-8.644265	3.478775	21.698
2.9113493	-8.696938	3.4727895	21.748
2.955642	-8.671799	3.4871547	21.798
2.9532478	-8.67539	3.503914	21.848
2.9113493	-8.689755	3.429694	21.898
2.9496565	-8.610746	3.4967315	21.948
2.882619	-8.740033	3.4261026	21.998
2.9580362	-8.663419	3.539827	22.048
2.9879637	-8.672996	3.5218706	22.098
2.9891608	-8.701726	3.4943373	22.148
2.9460652	-8.662222	3.490746	22.198
2.9269116	-8.683769	3.5170822	22.248
2.9460652	-8.682572	3.4871547	22.298
2.96881	-8.659827	3.490746	22.348
3.0095115	-8.696938	3.4871547	22.398
2.882619	-8.689755	3.429694	22.448
2.9520507	-8.702923	3.4943373	22.498
2.9352913	-8.689755	3.454833	22.548
2.9340942	-8.689755	3.4488475	22.598
2.9484594	-8.678981	3.465607	22.648
2.9400797	-8.701726	3.4823663	22.698
2.919729	-8.700529	3.4847605	22.748
2.919729	-8.700529	3.4117374	22.798
2.9735985	-8.670602	3.5733461	22.848
2.8742392	-8.743625	3.4608185	22.898
2.96881	-8.689755	3.4249055	22.948
2.9604304	-8.616732	3.5314474	22.998
2.967613	-8.687361	3.430891	23.048
2.943671	-8.678981	3.4261026	23.098
2.9269116	-8.67539	3.4967315	23.148
2.930503	-8.706514	3.3794158	23.198
2.944868	-8.704121	3.4440591	23.248
2.9317	-8.707711	3.4272997	23.299
2.9113493	-8.718486	3.4105403	23.348
2.9173348	-8.714894	3.3865983	23.398
2.9592333	-8.750807	3.333926	23.448
2.979584	-8.77834	3.2992098	23.498
2.9029696	-8.724471	3.3195608	23.548
2.7952304	-8.683769	3.6260185	23.598
2.8191724	-8.628703	3.6020765	23.648
2.873042	-8.761581	3.3997664	23.698
2.8562827	-8.75799	3.1890767	23.748
2.942474	-8.744822	3.3303347	23.798
2.871845	-8.841787	3.098097	23.848
2.9879637	-8.880095	3.2549171	23.898
2.789245	-8.774749	3.0190883	23.948
2.96881	-8.844181	3.13401	23.998
2.9053638	-8.783129	3.2213984	24.048
2.9161377	-8.755595	3.2393548	24.098
2.870648	-8.750807	3.3267434	24.148
2.8622682	-8.748413	3.2956185	24.198
2.8694508	-8.803479	3.1890767	24.248
2.870648	-8.783129	3.2261868	24.299
2.858677	-8.775947	3.321955	24.348
2.8395233	-8.743625	3.335123	24.398
2.8862102	-8.767567	3.3123782	24.448
2.8909986	-8.765172	3.301604	24.498
2.9161377	-8.755595	3.2836475	24.548
2.9257145	-8.75799	3.3506854	24.598
2.8766334	-8.732851	3.3291376	24.648
2.9041667	-8.771158	3.4344823	24.698
2.8562827	-8.773552	3.3770216	24.748
2.9053638	-8.706514	3.3255463	24.798
2.9041667	-8.680179	3.4979286	24.848
2.9460652	-8.6813755	3.4871547	24.898
2.9113493	-8.737639	3.394978	24.948
2.9149406	-8.668207	3.4608185	24.998
2.9592333	-8.682572	3.441665	25.048
2.9340942	-8.700529	3.4680011	25.098
2.9293058	-8.682572	3.4476504	25.148
2.9400797	-8.690952	3.4476504	25.198
2.954445	-8.686164	3.5063083	25.248
2.9532478	-8.725668	3.4608185	25.298
2.9496565	-8.665813	3.4225113	25.348
2.918532	-8.711303	3.4584243	25.398
2.9412768	-8.671799	3.4632127	25.448
2.932897	-8.670602	3.489549	25.498
2.9137435	-8.687361	3.4201171	25.548
2.980781	-8.637083	3.5613751	25.598
2.871845	-8.744822	3.4608185	25.648
2.9388826	-8.689755	3.4500446	25.698
2.9352913	-8.627506	3.5338416	25.748
2.9771898	-8.695741	3.514688	25.798
2.9352913	-8.64666	3.5087025	25.848
2.9484594	-8.670602	3.525462	25.898
2.9245174	-8.661025	3.4751837	25.948
2.932897	-8.676587	3.503914	25.998
2.954445	-8.67539	3.4883518	26.048
2.9508536	-8.674192	3.4979286	26.098
2.9340942	-8.674192	3.503914	26.148
2.9496565	-8.687361	3.50152	26.198
2.9173348	-8.66701	3.5003228	26.248
2.9520507	-8.686164	3.503914	26.298
2.930503	-8.656237	3.502717	26.348
2.9496565	-8.66701	3.5087025	26.398
2.908955	-8.692149	3.4225113	26.448
2.9891608	-8.645462	3.558981	26.498
2.8682537	-8.75799	3.3770216	26.548
2.9388826	-8.700529	3.4584243	26.598
2.9257145	-8.644265	3.4751837	26.648
2.9484594	-8.74123	3.357868	26.698
2.9245174	-8.698134	3.4045548	26.748
2.908955	-8.717288	3.4344823	26.798
2.9137435	-8.7125	3.333926	26.848
2.9173348	-8.722076	3.3925838	26.898
2.8981812	-8.74123	3.3973722	26.948
2.8886044	-8.724471	3.359065	26.998
2.908955	-8.740033	3.371036	27.048
2.9161377	-8.754398	3.3087866	27.098
2.8766334	-8.748413	3.3423057	27.148
2.8874073	-8.752005	3.2848446	27.198
2.896984	-8.762778	3.2812533	27.248
2.8658595	-8.77834	3.3423057	27.299
2.8455088	-8.7951	3.2357635	27.348
2.907758	-8.72088	3.3734303	27.398
2.8538885	-8.860941	3.2561142	27.448
2.9101522	-8.723274	3.417723	27.498
2.8550856	-8.743625	3.2357635	27.548
2.9293058	-8.787917	3.2848446	27.598
2.8742392	-8.747216	3.3399115	27.648
2.8802247	-8.784326	3.3794158	27.698
2.89459	-8.746018	3.3303347	27.748
2.871845	-8.76637	3.3494883	27.798
2.9161377	-8.75799	3.300407	27.848
2.8909986	-8.740033	3.309984	27.898
2.8646624	-8.752005	3.3267434	27.948
2.919729	-8.7532015	3.3411086	27.998
2.9101522	-8.7532015	3.3315318	28.049
2.8790276	-8.726865	3.3662477	28.099
2.9125464	-8.738836	3.3854012	28.148
2.896984	-8.740033	3.3854012	28.198
2.8766334	-8.7532015	3.3961751	28.248
2.8874073	-8.72088	3.393781	28.298
2.8874073	-8.72088	3.393781	28.309
3.0023289	-8.723274	3.5697548	28.398
2.918532	-8.734048	3.405752	28.448
2.8203697	-8.7125	3.335123	28.498
3.1507695	-8.696938	3.3506854	28.548
2.5737667	-8.86932	3.4608185	28.598
2.6503813	-8.649054	3.265691	28.648
2.9149406	-8.76637	3.6056678	28.698
2.7928362	-8.626308	3.5434184	28.749
3.0202854	-8.599973	3.74094	28.798
2.861071	-8.678981	3.5613751	28.848
2.8299465	-8.771158	3.417723	28.898
2.7629087	-8.947132	3.1962593	28.948
2.6060886	-8.889671	2.6611552	28.998
3.4033577	-8.37372	4.1683054	29.048
2.8694508	-8.684967	3.7445314	29.098
2.7269957	-8.66701	3.4596214	29.148
2.5629928	-9.00579	3.003526	29.198
2.5737667	-8.972271	2.80361	29.248
2.837129	-8.738836	3.3566709	29.298
2.9412768	-8.737639	3.53863	29.349
2.8455088	-8.665813	3.549404	29.398
2.9712043	-8.717288	3.50152	29.448
2.7748797	-8.792706	3.217807	29.498
2.7748797	-8.784326	3.3315318	29.548
2.790442	-8.796297	3.3973722	29.598
2.7521348	-8.767567	3.3279405	29.648
2.822764	-8.798691	3.2620997	29.698
2.9484594	-8.859743	3.2190042	29.748
2.8215668	-8.816648	3.1555579	29.798
2.7257986	-8.844181	3.2142158	29.848
2.8107927	-8.798691	3.2992098	29.898
2.7569232	-8.798691	3.1747115	29.948
2.8658595	-8.774749	3.1902738	29.998
2.847903	-8.738836	3.5218706	30.048
2.7365725	-8.814254	3.2465374	30.098
2.8203697	-8.827422	3.1004913	30.148
2.9281087	-8.833407	3.240552	30.198
2.7162218	-8.779537	3.4811692	30.248
2.7521348	-8.740033	3.371036	30.298
2.8766334	-8.799889	3.3195608	30.349
2.8203697	-8.7125	3.3291376	30.398
2.9352913	-8.722076	3.4560301	30.448
2.8550856	-8.875306	3.4201171	30.498
2.7126305	-8.78672	2.907758	30.548
2.8407204	-8.876503	3.168726	30.598
2.7222073	-8.793902	3.2788591	30.648
2.7581203	-8.799889	3.383007	30.698
2.8287494	-8.74123	3.383007	30.748
2.835932	-8.851364	3.3303347	30.8
2.7605145	-8.792706	3.241749	30.848
2.779668	-8.871715	3.168726	30.898
2.8095956	-8.768764	3.252523	30.95
2.8191724	-8.730456	3.417723	30.998
2.7150247	-8.798691	3.3542767	31.048
2.7736826	-8.77834	3.3051953	31.1
2.6839	-8.811859	3.2740707	31.148
2.8933928	-8.797494	3.4129345	31.198
2.8263552	-8.74961	3.277662	31.25
2.8814218	-8.813056	3.2561142	31.298
2.847903	-8.754398	3.3662477	31.348
2.778471	-8.780735	3.335123	31.398
2.7952304	-8.841787	3.169923	31.448
2.7593174	-8.832211	3.2130187	31.498
2.707842	-8.7771435	3.2573113	31.548
2.694674	-8.740033	3.4500446	31.598
3.039439	-8.767567	3.394978	31.648
2.9041667	-8.7951	3.252523	31.698
2.9101522	-8.772355	3.3039982	31.748
2.8646624	-8.804677	3.229778	31.798
2.8203697	-8.807071	3.3423057	31.848
2.8060043	-8.732851	3.4440591	31.898
2.8095956	-8.710106	3.3482912	31.948
2.847903	-8.7951	3.4344823	31.998
2.8048072	-8.811859	3.2237926	32.048
2.7581203	-8.796297	3.1771057	32.098
2.778471	-8.810662	3.2513258	32.148
2.8514943	-8.752005	3.289633	32.198
2.7988217	-8.810662	3.3123782	32.248
2.8550856	-8.768764	3.301604	32.298
2.8491	-8.821436	3.2106245	32.348
2.8083985	-8.797494	3.2513258	32.398
2.7748797	-8.7771435	3.357868	32.448
2.837129	-8.768764	3.2788591	32.498
2.9149406	-8.783129	3.3255463	32.548
2.8562827	-8.825027	3.3123782	32.598
2.8179753	-8.761581	3.240552	32.648
2.908955	-8.796297	3.2357635	32.698
2.822764	-8.783129	3.2632968	32.748
2.7629087	-8.767567	3.3626564	32.798
2.8778305	-8.72088	3.2597055	32.848
2.9724014	-8.822633	3.3889925	32.898
2.741361	-8.713697	3.2992098	32.948
2.779668	-8.810662	3.3147724	32.998
2.8550856	-8.785523	3.1902738	33.048
2.8431146	-8.799889	3.2585084	33.098
2.896984	-8.814254	3.2848446	33.148
2.8502972	-8.726865	3.3446999	33.198
2.8921957	-8.810662	3.3686419	33.248
2.7605145	-8.811859	3.2321723	33.298
2.9508536	-8.708909	3.3889925	33.348
3.107674	-8.690952	3.5087025	33.398
2.8048072	-8.641871	3.3985693	33.448
2.755726	-8.820239	3.490746	33.498
2.813187	-8.815451	3.3530796	33.548
2.8395233	-8.851364	2.9724014	33.598
2.8634653	-8.832211	3.1543608	33.648
2.9137435	-8.789114	3.2513258	33.698
2.9364884	-8.78672	3.3602622	33.748
2.8060043	-8.7532015	3.1794999	33.798
2.8335378	-8.8645315	3.1998506	33.848
2.7006595	-8.785523	3.2561142	33.898
2.718616	-8.822633	3.1842883	33.948
2.8502972	-8.866926	3.2716765	33.998
2.835932	-8.78672	3.015497	34.048
2.870648	-8.908825	3.0621839	34.098
2.8060043	-8.84059	3.086126	34.148
2.7593174	-8.820239	3.1651347	34.198
2.777274	-8.942344	2.966416	34.248
2.8263552	-8.831013	3.1244333	34.298
2.7485435	-8.858546	3.1004913	34.348
2.814384	-8.848969	3.1376014	34.398
2.7569232	-8.8645315	3.071761	34.448
2.7712884	-8.881291	3.0238767	34.498
2.7988217	-8.887277	2.9269116	34.548
2.718616	-8.896853	3.0334535	34.598
2.730587	-8.883685	3.0909145	34.648
2.790442	-8.881291	2.9951463	34.698
2.7820623	-8.872911	3.05141	34.748
2.791639	-8.856153	3.1040826	34.798
2.7449522	-8.9040365	3.1004913	34.849
2.7641058	-8.8777	3.0813377	34.898
2.753332	-8.9040365	3.0597897	34.948
2.8754363	-8.831013	3.2932243	34.998
2.8694508	-8.860941	3.0466216	35.048
2.8694508	-8.822633	3.1866825	35.098
2.6779146	-8.850166	3.0561984	35.148
2.8874073	-8.921992	2.9628246	35.198
2.8107927	-8.853758	3.1148565	35.248
2.8335378	-8.76637	3.229778	35.298
2.825158	-8.86932	3.277662	35.348
2.7856536	-8.798691	3.204639	35.398
2.742558	-8.838196	3.1376014	35.448
2.7126305	-8.863335	3.0921116	35.498
2.6599581	-8.860941	3.1304188	35.548
2.7665	-8.884883	3.2034419	35.598
2.919729	-8.799889	3.1124623	35.648
2.9759927	-8.810662	3.1471782	35.698
2.7928362	-8.846576	3.2597055	35.748
2.6276364	-8.822633	3.1974564	35.798
2.7976246	-8.892065	3.1854854	35.848
2.813187	-8.797494	3.0873232	35.898
2.9017725	-8.781932	3.3494883	35.948
3.0370448	-8.7951	3.2369606	35.998
2.8167782	-8.804677	3.1735144	36.048
2.7844565	-8.819042	3.345897	36.098
2.7617116	-8.833407	3.2237926	36.148
2.778471	-8.835801	3.1771057	36.198
2.8179753	-8.805874	3.2836475	36.248
2.835932	-8.819042	3.204639	36.298
2.8802247	-8.809465	3.2130187	36.318
2.9173348	-8.850166	3.1890767	36.398
2.7593174	-8.804677	3.1423898	36.448
2.7269957	-8.815451	3.2920272	36.498
2.7940333	-8.827422	3.3028011	36.549
2.7629087	-8.827422	3.1794999	36.598
2.89459	-8.781932	3.2609026	36.648
2.7569232	-8.868123	3.0885203	36.698
2.8550856	-8.842984	3.1735144	36.748
2.8658595	-8.779537	3.1783028	36.798
2.919729	-8.762778	3.371036	36.848
2.7162218	-8.7771435	3.3973722	36.898
2.7952304	-8.7771435	3.229778	36.948
2.8419175	-8.881291	3.1280246	36.998
2.8431146	-8.823831	3.1387985	37.048
2.825158	-8.836999	3.2501287	37.098
2.837129	-8.815451	3.2597055	37.148
2.8502972	-8.78672	3.1986535	37.198
2.7964275	-8.7951	3.2393548	37.248
2.813187	-8.802282	3.2824504	37.298
2.7688942	-8.797494	3.2944214	37.319
2.8060043	-8.810662	3.3087866	37.398
2.8107927	-8.796297	3.2034419	37.451
2.9173348	-8.74961	3.2429461	37.501
2.8323407	-8.863335	3.2190042	37.541
2.8574798	-8.799889	3.1962593	37.601
2.778471	-8.756793	3.2740707	37.653
2.8574798	-8.78672	3.2824504	37.693
2.8083985	-8.815451	3.3028011	37.753
2.8083985	-8.863335	3.289633	37.8
2.873042	-8.820239	3.1040826	37.85
2.8275523	-8.835801	3.309984	37.9
2.8407204	-8.728063	3.2333694	37.95
2.754529	-8.825027	3.4009635	37.998
2.8060043	-8.756793	3.2142158	38.048
2.8419175	-8.844181	3.2692823	38.098
2.861071	-8.74123	3.2489316	38.148
2.815581	-8.820239	3.369839	38.198
2.8814218	-8.785523	3.321955	38.248
2.755726	-8.866926	3.0621839	38.298
2.7090392	-8.847773	3.1723173	38.318
2.742558	-8.902839	3.2501287	38.398
2.8742392	-8.765172	3.1783028	38.448
2.89459	-8.765172	3.4153287	38.498
2.883816	-8.746018	3.1866825	38.549
2.815581	-8.826224	3.300407	38.598
2.7736826	-8.805874	3.321955	38.648
2.754529	-8.848969	3.098097	38.698
2.7497406	-8.857349	3.1914709	38.748
2.8060043	-8.823831	3.1878796	38.798
2.7940333	-8.842984	3.205836	38.848
2.8299465	-8.814254	3.2788591	38.898
2.8299465	-8.807071	3.1735144	38.948
2.825158	-8.821436	3.1842883	38.998
2.7329812	-8.813056	3.2106245	39.048
2.814384	-8.827422	3.2668881	39.098
2.7688942	-8.842984	3.0992942	39.148
2.8119898	-8.853758	3.2668881	39.198
2.7341783	-8.8645315	3.156755	39.248
2.858677	-8.807071	3.1232362	39.298
2.8407204	-8.791509	3.2501287	39.349
2.835932	-8.761581	3.3051953	39.398
2.7964275	-8.797494	3.2249897	39.448
2.8107927	-8.826224	3.1830912	39.498
2.814384	-8.820239	3.2094274	39.549
2.7605145	-8.804677	3.1663318	39.598
2.882619	-8.839393	3.2860417	39.648
2.8431146	-8.802282	3.1986535	39.698
2.8335378	-8.793902	3.2249897	39.748
2.814384	-8.801085	3.2561142	39.798
2.8874073	-8.825027	3.2908301	39.848
2.802413	-8.799889	3.1675289	39.898
2.777274	-8.74961	3.4500446	39.948
2.8107927	-8.807071	3.3482912	39.998
2.7617116	-8.827422	3.1627405	40.048
2.802413	-8.783129	3.3135753	40.098
2.8431146	-8.852561	3.180697	40.149
2.846706	-8.78672	3.25372	40.198
2.8778305	-8.779537	3.3207579	40.248
2.8443117	-8.820239	3.229778	40.298
2.8167782	-8.744822	3.2944214	40.349
2.8491	-8.767567	3.4931402	40.398
2.8203697	-8.773552	3.192668	40.448
2.8778305	-8.803479	3.357868	40.498
2.80361	-8.797494	3.2345665	40.549
2.8778305	-8.825027	3.1376014	40.598
2.8742392	-8.768764	3.2513258	40.648
2.8119898	-8.735245	3.38181	40.698
2.8299465	-8.792706	3.3794158	40.748
2.8119898	-8.76637	3.2872388	40.798
2.837129	-8.847773	3.2094274	40.848
2.7868507	-8.802282	3.1352072	40.898
2.822764	-8.841787	3.2680852	40.948
2.8263552	-8.7951	3.2824504	40.998
2.8203697	-8.827422	3.1268275	41.048
2.8562827	-8.7771435	3.289633	41.098
2.8981812	-8.816648	3.2609026	41.148
2.755726	-8.84059	3.107674	41.198
2.742558	-8.831013	3.1603463	41.248
2.7449522	-8.813056	3.2381577	41.298
2.7389667	-8.828619	3.1902738	41.349
2.8215668	-8.854955	3.1124623	41.398
2.7964275	-8.846576	3.1615434	41.448
2.789245	-8.858546	3.1172507	41.498
2.791639	-8.870518	3.0538042	41.548
2.7569232	-8.827422	3.1316159	41.598
2.6803088	-8.916007	3.1519666	41.651
2.6898856	-8.9040365	2.944868	41.701
2.7102363	-8.962694	2.8203697	41.751
2.7521348	-8.954314	2.919729	41.801
2.7617116	-8.821436	2.8060043	41.853
2.8455088	-8.911219	3.0813377	41.893
2.6779146	-8.887277	3.0190883	41.953
2.791639	-8.860941	3.0550013	41.993
2.7688942	-8.889671	2.9317	42.053
2.7940333	-8.8645315	2.9975405	42.093
2.8275523	-8.899248	3.0454245	42.153
2.7712884	-8.883685	3.064578	42.193
2.7329812	-8.8884735	3.027468	42.253
2.7353754	-8.889671	3.0933087	42.293
2.7377696	-8.883685	3.0621839	42.313
2.755726	-8.916007	3.0418332	42.4
2.8179753	-8.900445	2.9460652	42.45
2.6276364	-8.977059	2.858677	42.5
2.6874914	-8.965088	2.791639	42.55
2.765303	-8.943541	2.834735	42.59
2.7401638	-8.872911	2.9963434	42.651
2.6156654	-8.954314	3.0142999	42.701
2.8275523	-8.910022	3.0885203	42.751
2.6491842	-8.947132	2.7210102	42.799
2.7665	-9.021352	2.8107927	42.848
2.706645	-8.957906	2.8634653	42.898
2.7461493	-8.963891	2.89459	42.948
2.7246015	-8.963891	2.8335378	42.999
2.5689783	-8.969876	2.789245	43.048
2.6240451	-8.966286	2.8311436	43.098
2.5701754	-9.0081835	2.6431987	43.148
2.7126305	-9.00579	2.7952304	43.198
2.6839	-8.947132	2.861071	43.248
2.7485435	-8.9519205	2.8574798	43.298
2.6611552	-8.9998045	2.8443117	43.328
2.693477	-8.974665	2.7281928	43.398
2.6779146	-8.910022	2.8670566	43.448
2.6731262	-9.029732	2.7868507	43.498
2.7856536	-8.91481	2.9388826	43.548
2.669535	-8.896853	2.8431146	43.6
2.72939	-8.930372	2.9029696	43.648
2.694674	-8.9124155	2.9987376	43.698
2.7641058	-8.892065	2.955642	43.748
2.7712884	-8.8645315	2.9963434	43.798
2.7748797	-8.90643	3.0083144	43.849
2.8311436	-8.881291	3.0011318	43.898
2.8419175	-8.911219	2.9233203	43.948
2.7928362	-8.926781	2.9963434	43.998
2.8502972	-8.933964	3.0478187	44.048
2.801216	-8.851364	2.920926	44.098
2.7138276	-8.842984	3.3267434	44.148
2.6719291	-8.7532015	3.4979286	44.197
2.7365725	-8.84059	3.1639376	44.237
2.9017725	-8.863335	2.8658595	44.301
2.9364884	-8.939949	2.814384	44.312
2.8993783	-8.878897	3.145981	44.398
2.942474	-8.761581	3.2788591	44.448
2.8060043	-8.732851	3.3303347	44.498
2.8299465	-8.866926	3.2225955	44.548
2.870648	-8.801085	3.1723173	44.599
2.8191724	-8.829816	3.0550013	44.648
2.8921957	-8.801085	3.1974564	44.698
2.930503	-8.831013	3.2118216	44.748
2.8981812	-8.779537	3.1794999	44.798
2.8993783	-8.807071	3.2010477	44.848
2.835932	-8.810662	3.122039	44.898
2.8862102	-8.7951	3.2249897	44.948
2.8874073	-8.810662	3.2094274	44.998
2.8191724	-8.791509	3.1555579	45.048
2.8886044	-8.7951	3.2620997	45.098
2.801216	-8.827422	3.1962593	45.148
2.8886044	-8.767567	3.2549171	45.198
2.89459	-8.738836	3.2944214	45.248
2.9484594	-8.784326	3.2620997	45.32
2.9137435	-8.765172	3.1663318	45.355
2.9496565	-8.804677	3.2213984	45.398
2.873042	-8.775947	3.145981	45.448
2.920926	-8.809465	3.264494	45.498
2.8443117	-8.772355	3.2237926	45.548
2.8981812	-8.784326	3.2513258	45.599
2.885013	-8.7771435	3.1747115	45.648
2.8921957	-8.802282	3.2429461	45.698
2.9269116	-8.805874	3.1483753	45.748
2.9137435	-8.804677	3.1890767	45.798
2.870648	-8.814254	3.181894	45.848
2.8981812	-8.811859	3.1866825	45.898
2.8335378	-8.862138	3.107674	45.948
2.8550856	-8.780735	3.1519666	45.998
2.861071	-8.896853	3.0322564	46.048
2.8862102	-8.796297	3.1495724	46.098
2.895787	-8.842984	3.063381	46.148
2.882619	-8.8645315	3.0238767	46.198
2.8514943	-8.858546	3.0945058	46.248
2.80361	-8.852561	3.0909145	46.298
2.837129	-8.878897	3.0490158	46.328
2.8443117	-8.848969	2.9951463	46.398
2.8694508	-8.919599	2.932897	46.448
2.8550856	-8.863335	2.9759927	46.498
2.8395233	-8.89446	3.0310593	46.548
2.8299465	-8.880095	2.9783869	46.598
2.8311436	-8.901642	3.0023289	46.648
2.7736826	-8.88608	2.9592333	46.698
2.8502972	-8.902839	2.9735985	46.748
2.8263552	-8.916007	2.8886044	46.798
2.8107927	-8.939949	2.992752	46.848
2.717419	-8.932767	2.8000188	46.898
2.847903	-8.808268	3.1112652	46.948
2.7844565	-8.9279785	2.9460652	46.998
2.8898015	-8.859743	2.9388826	47.048
2.8323407	-8.918402	2.966416	47.098
2.8491	-8.854955	2.9376855	47.148
2.790442	-8.881291	2.9735985	47.198
2.7964275	-8.889671	3.0250738	47.248
2.8814218	-8.8645315	3.084929	47.298
2.8634653	-8.880095	2.9819782	47.328
2.7665	-8.89805	3.063381	47.398
2.822764	-8.863335	3.0454245	47.448
2.8000188	-8.865729	3.0466216	47.498
2.8167782	-8.882488	3.0310593	47.548
2.8562827	-8.854955	3.098097	47.598
2.8395233	-8.857349	3.0945058	47.648
2.8526914	-8.859743	3.1555579	47.698
2.859874	-8.827422	3.1028855	47.748
2.846706	-8.8645315	3.122039	47.798
2.8646624	-8.789114	3.205836	47.848
2.9269116	-8.768764	3.2249897	47.898
2.858677	-8.803479	3.217807	47.948
2.885013	-8.7951	3.2381577	47.998
2.871845	-8.803479	3.2441432	48.048
2.906561	-8.817844	3.1675289	48.098
2.9125464	-8.761581	3.2549171	48.148
2.9340942	-8.813056	3.2321723	48.198
2.8814218	-8.747216	3.2225955	48.249
2.908955	-8.804677	3.241749	48.298
2.882619	-8.768764	3.2249897	48.328
2.8766334	-8.789114	3.2142158	48.398
2.873042	-8.762778	3.2573113	48.448
2.89459	-8.76996	3.2632968	48.498
2.8634653	-8.797494	3.241749	48.548
2.9221232	-8.717288	3.2980127	48.599
2.873042	-8.86932	3.21661	48.648
2.8538885	-8.784326	3.2716765	48.698
2.8862102	-8.752005	3.2728736	48.748
2.908955	-8.783129	3.2501287	48.798
2.906561	-8.74123	3.3063924	48.848
2.8694508	-8.779537	3.2908301	48.898
2.871845	-8.779537	3.2668881	48.948
2.8395233	-8.742428	3.2632968	48.998
2.8670566	-8.808268	3.2824504	49.048
2.871845	-8.747216	3.2609026	49.098
2.8670566	-8.792706	3.2824504	49.148
2.8862102	-8.768764	3.2920272	49.198
2.895787	-8.774749	3.2561142	49.248
2.8993783	-8.743625	3.2513258	49.298
2.9161377	-8.772355	3.3123782	49.328
2.8562827	-8.789114	3.2034419	49.398
2.8993783	-8.790312	3.335123	49.448
2.8407204	-8.833407	3.1998506	49.498
2.8754363	-8.815451	3.1519666	49.548
2.873042	-8.756793	3.2680852	49.599
2.8814218	-8.804677	3.1232362	49.648
2.8814218	-8.805874	3.1771057	49.698
2.859874	-8.791509	3.1986535	49.748
2.8443117	-8.829816	3.1256304	49.798
2.8634653	-8.845378	3.1531637	49.848
2.8215668	-8.826224	3.1028855	49.898
2.8538885	-8.883685	3.0873232	49.948
2.8311436	-8.828619	3.1172507	49.998
2.847903	-8.854955	3.098097	50.048
2.8443117	-8.854955	3.0897174	50.098
2.8335378	-8.866926	3.0490158	50.148
2.8622682	-8.839393	3.0885203	50.198
2.8275523	-8.872911	3.0202854	50.248
2.7665	-8.9040365	3.0071173	50.298
2.8395233	-8.841787	3.1663318	50.328
2.8119898	-8.917204	3.0298622	50.398
2.8395233	-8.847773	3.1136594	50.448
2.7964275	-8.832211	3.0059202	50.498
2.8203697	-8.925584	3.0214825	50.548
2.8048072	-8.858546	3.0190883	50.598
2.8311436	-8.882488	3.0059202	50.648
2.8407204	-8.870518	2.9879637	50.698
2.8095956	-8.878897	3.0585926	50.748
2.8072014	-8.865729	2.9987376	50.8
2.8287494	-8.868123	3.0454245	50.849
2.8491	-8.842984	3.05141	50.898
2.8574798	-8.857349	3.0681696	50.95
2.8562827	-8.836999	3.0358477	50.998
2.8634653	-8.852561	3.084929	51.048
2.8646624	-8.84059	3.1136594	51.1
2.8263552	-8.847773	3.0430303	51.148
2.8526914	-8.773552	3.1962593	51.198
2.8095956	-8.848969	3.1148565	51.25
2.8670566	-8.820239	3.1950622	51.299
2.858677	-8.7771435	3.240552	51.328
2.9029696	-8.808268	3.2034419	51.398
2.8981812	-8.779537	3.2573113	51.448
2.8802247	-8.77834	3.2740707	51.498
2.8909986	-8.787917	3.2190042	51.548
2.9281087	-8.773552	3.2429461	51.598
2.9161377	-8.771158	3.265691	51.648
2.8742392	-8.78672	3.2321723	51.698
2.906561	-8.767567	3.2980127	51.748
2.885013	-8.74123	3.3039982	51.798
2.8802247	-8.773552	3.2968156	51.848
2.907758	-8.773552	3.2956185	51.898
2.9053638	-8.76996	3.2992098	51.948
2.9017725	-8.787917	3.3363202	51.998
2.8431146	-8.775947	3.357868	52.048
2.9173348	-8.799889	3.2585084	52.098
2.8778305	-8.7125	3.3147724	52.148
2.943671	-8.801085	3.2453403	52.198
2.8526914	-8.803479	3.120842	52.248
2.9005754	-8.771158	3.3446999	52.298
2.847903	-8.802282	3.2118216	52.328
2.8670566	-8.832211	3.13401	52.398
2.8060043	-8.813056	3.1483753	52.448
2.8562827	-8.844181	3.0933087	52.498
2.871845	-8.84059	3.13401	52.548
2.920926	-8.797494	3.1399956	52.598
2.9855695	-8.826224	3.1783028	52.648
2.633622	-8.857349	3.2668881	52.698
2.7856536	-8.752005	3.122039	52.748
2.7401638	-8.910022	3.072958	52.798
2.9352913	-8.632295	3.4141316	52.848
2.8419175	-8.91481	3.2453403	52.898
2.8802247	-8.756793	3.1735144	52.948
2.789245	-8.829816	3.180697	52.998
2.8491	-8.852561	3.217807	53.048
2.8167782	-8.838196	3.120842	53.098
2.8646624	-8.846576	3.1531637	53.148
2.8694508	-8.826224	3.0897174	53.198
2.9352913	-8.799889	3.1974564	53.248
2.9245174	-8.833407	3.1519666	53.298
2.9137435	-8.822633	3.1842883	53.328
2.8670566	-8.820239	3.1771057	53.392
2.823961	-8.809465	3.1854854	53.441
2.8095956	-8.835801	3.193865	53.491
2.814384	-8.780735	3.1974564	53.541
2.8670566	-8.832211	3.2154129	53.591
2.834735	-8.822633	3.1172507	53.633
2.943671	-8.746018	3.2489316	53.693
2.8778305	-8.859743	3.1387985	53.733
2.8646624	-8.815451	3.2381577	53.793
2.7940333	-8.803479	3.157952	53.832
2.8694508	-8.820239	3.2501287	53.893
2.8395233	-8.747216	3.2118216	53.933
2.920926	-8.801085	3.2261868	53.993
2.9257145	-8.772355	3.2249897	54.033
2.9149406	-8.76637	3.21661	54.093
2.918532	-8.7771435	3.2429461	54.133
2.858677	-8.775947	3.2213984	54.193
2.835932	-8.771158	3.2836475	54.233
2.8634653	-8.775947	3.300407	54.293
2.8502972	-8.765172	3.2992098	54.333
2.9245174	-8.779537	3.2752678	54.39
2.9759927	-8.763975	3.2692823	54.45
2.8790276	-8.798691	3.2465374	54.5
2.918532	-8.768764	3.2561142	54.55
2.8658595	-8.740033	3.335123	54.598
2.932897	-8.773552	3.2920272	54.648
2.8898015	-8.759187	3.309984	54.698
2.907758	-8.747216	3.277662	54.748
2.9149406	-8.785523	3.2357635	54.798
2.9029696	-8.737639	3.2812533	54.848
2.8933928	-8.761581	3.2944214	54.898
2.907758	-8.763975	3.1962593	54.948
2.9149406	-8.781932	3.2716765	54.998
2.908955	-8.775947	3.2513258	55.048
2.9101522	-8.772355	3.2345665	55.098
2.8933928	-8.796297	3.2728736	55.148
2.8275523	-8.811859	3.1435869	55.198
2.8933928	-8.7532015	3.2381577	55.248
2.8311436	-8.874108	3.1280246	55.298
2.9041667	-8.76996	3.2752678	55.37
2.8562827	-8.789114	3.1974564	55.398
2.9029696	-8.832211	3.1244333	55.448
2.858677	-8.7951	3.2118216	55.498
2.8981812	-8.817844	3.132813	55.548
2.882619	-8.84059	3.1771057	55.598
2.8419175	-8.808268	3.1232362	55.648
2.8754363	-8.833407	3.1184478	55.678
2.8395233	-8.828619	3.0358477	55.741
2.871845	-8.858546	3.0466216	55.791
2.8550856	-8.854955	2.992752	55.851
2.846706	-8.8645315	3.0538042	55.891
2.8299465	-8.848969	3.027468	55.932
2.847903	-8.896853	2.96881	55.992
2.8203697	-8.821436	3.0071173	56.041
2.834735	-8.916007	3.05141	56.091
2.8263552	-8.846576	3.1304188	56.141
2.8981812	-8.833407	3.0095115	56.191
2.9053638	-8.850166	3.0370448	56.233
2.8634653	-8.808268	3.1759086	56.293
2.9029696	-8.86932	3.1651347	56.333
2.861071	-8.84059	3.0885203	56.391
2.801216	-8.844181	3.1004913	56.45
2.8455088	-8.836999	3.0789435	56.5
2.822764	-8.833407	3.1052797	56.54
2.8670566	-8.817844	3.1028855	56.598
2.8754363	-8.805874	3.1352072	56.648
2.8802247	-8.852561	3.1663318	56.698
2.859874	-8.816648	3.145981	56.748
2.9400797	-8.772355	3.300407	56.798
2.8191724	-8.845378	3.1723173	56.848
2.8981812	-8.7771435	3.1759086	56.898
2.8754363	-8.744822	3.2561142	56.948
2.9508536	-8.784326	3.25372	56.998
2.9221232	-8.774749	3.2956185	57.048
2.8874073	-8.7771435	3.2824504	57.098
2.9149406	-8.772355	3.2357635	57.148
2.871845	-8.765172	3.2956185	57.198
2.9340942	-8.7771435	3.3063924	57.248
2.9041667	-8.730456	3.2692823	57.298
2.9484594	-8.785523	3.288436	57.338
2.89459	-8.75799	3.2513258	57.4
2.8909986	-8.771158	3.2836475	57.448
2.9041667	-8.748413	3.2812533	57.498
2.8909986	-8.762778	3.335123	57.548
2.8682537	-8.750807	3.2800562	57.598
2.9257145	-8.774749	3.2321723	57.648
2.920926	-8.7532015	3.3423057	57.698
2.9975405	-8.767567	3.2848446	57.748
2.932897	-8.755595	3.2980127	57.798
2.9137435	-8.732851	3.3135753	57.848
2.8814218	-8.76637	3.3075895	57.898
2.882619	-8.785523	3.3363202	57.948
2.9017725	-8.74123	3.2692823	57.998
2.920926	-8.765172	3.264494	58.048
2.9400797	-8.752005	3.3063924	58.098
2.9161377	-8.78672	3.2082303	58.148
2.9293058	-8.792706	3.1627405	58.198
2.9173348	-8.808268	3.1531637	58.248
2.8431146	-8.7951	3.1376014	58.298
2.846706	-8.828619	3.1878796	58.338
2.7952304	-8.801085	3.1172507	58.398
2.8993783	-8.802282	3.2381577	58.448
2.8778305	-8.775947	3.2716765	58.498
2.919729	-8.820239	3.0071173	58.548
2.9472623	-8.839393	3.1627405	58.598
2.8754363	-8.825027	3.083732	58.648
2.861071	-8.814254	3.0777464	58.698
2.7976246	-8.820239	3.1028855	58.748
2.8083985	-8.844181	3.1268275	58.798
2.8909986	-8.836999	3.0969	58.848
2.825158	-8.872911	3.0550013	58.898
2.8191724	-8.841787	3.0466216	58.949
2.8574798	-8.853758	3.0753522	58.998
2.8766334	-8.863335	3.0705638	59.048
2.814384	-8.850166	3.0813377	59.098
2.834735	-8.907627	3.107674	59.148
2.7952304	-8.825027	2.991555	59.198
2.8538885	-8.853758	3.1483753	59.248
2.7521348	-8.88608	3.0585926	59.298
2.837129	-8.823831	3.0657754	59.338
2.8550856	-8.870518	3.110068	59.398
2.873042	-8.821436	3.083732	59.448
2.858677	-8.825027	3.1016884	59.498
2.8443117	-8.856153	3.1280246	59.548
2.822764	-8.827422	3.1016884	59.598
2.837129	-8.845378	3.1364043	59.648
2.8754363	-8.819042	3.1495724	59.698
2.8682537	-8.823831	3.1986535	59.748
2.8323407	-8.817844	3.1352072	59.798
2.9029696	-8.798691	3.1016884	59.848
2.858677	-8.841787	3.217807	59.898
2.8514943	-8.827422	3.1519666	59.948
2.8766334	-8.841787	3.193865	59.998
2.8000188	-8.718486	3.2740707	60.048