0.0	0.0	0.0	0.0
0.0	0.0	0.0	0.0
-1.0151415	-9.938332	1.0773908	0.087
-0.39624038	-9.604341	0.9684546	0.143
0.18195933	-9.8437605	0.60453594	0.201
-0.092176765	-9.466674	0.8511387	0.23
-0.33279404	-9.93474	0.79487497	0.291
-0.48841715	-9.259575	1.6591818	0.341
0.08619126	-9.194932	1.8148049	0.38
0.25498247	-9.325416	0.29448682	0.5
-0.023942016	-9.846154	0.1604115	0.5
-0.107739076	-9.803059	0.6679823	0.55
-0.021547815	-9.645041	0.5722142	0.594
-0.23582886	-9.82341	0.439336	0.646
-0.18435353	-9.835381	0.5327099	0.7
0.12928689	-9.752781	0.7505822	0.75
-0.0035913025	-9.57561	0.8439561	0.8
-0.020350715	-9.64983	0.6751649	0.871
-0.23942018	-9.662998	0.700304	0.901
-0.090979666	-9.588778	0.688333	0.901
0.025139118	-9.677363	0.7146692	1.0
-0.09696517	-9.613917	0.90261406	1.05
-0.39264908	-9.713276	0.7314286	1.1
-0.17597382	-9.677363	0.7230489	1.15
-0.16280572	-9.726444	1.0474633	1.2
0.094570965	-9.556456	0.8774749	1.25
-0.2777274	-9.911995	-0.21308395	1.3
0.12090719	-9.844957	1.1049241	1.35
-1.4197617	-9.736021	0.11133038	1.384
-4.6363716	-8.428787	2.15957	1.44
-0.22744916	-7.98586	2.3343468	1.49
1.0773908	-10.78109	3.2477345	1.557
-2.099715	-10.763134	1.13964	1.6
-0.59376204	-8.852561	0.6943185	1.65
-0.033518825	-10.159795	-0.5542577	1.722
-2.3882163	-10.3932295	0.33039984	1.75
0.8702923	-10.479421	0.50278234	1.8
2.0841527	-9.089587	0.25258827	1.84
-0.6859388	-9.17099	-0.6584055	1.903
-1.4030021	-9.258378	-0.60333884	1.903
-0.9947908	-8.925584	0.6775591	1.986
1.4030021	-9.576807	2.079364	2.039
-0.22146365	-9.746795	1.8986019	2.09
-0.48961425	-10.801441	1.3275849	2.144
-0.4321534	-10.250774	3.3375173	2.22
0.7493851	-10.890026	2.4708161	2.251
0.11851298	-13.955802	-5.1439424	2.28
-3.6846764	-7.6722193	-2.2421699	2.34
0.6691794	-12.465411	-0.7661445	2.403
0.8331822	-11.415554	-0.9540894	2.437
-1.103727	-8.293514	-0.39264908	2.501
-1.910573	-7.111976	0.45010993	2.536
-1.2114661	-7.1466923	0.439336	2.593
-1.4496891	-6.9348054	0.8882488	2.65
-0.11731588	-8.596381	2.858677	2.7
1.7788919	-8.84059	2.2637177	2.74
2.3020248	-13.140576	3.8606503	2.8
-2.421735	-18.18516	-2.4049757	2.84
-3.2872388	-7.1143703	2.574964	2.89
-1.7585411	-6.0728927	0.21308395	2.91
-6.9503675	-12.376825	-0.65242	2.997
-0.94211835	-9.291897	-0.37828386	3.05
-0.52073884	-7.100005	-0.78888947	3.1
-0.7733272	-7.6602483	-0.6655881	3.16
1.8148049	-7.9391727	0.1328782	3.2
1.7405846	-7.422025	1.9692309	3.25
2.5510218	-8.991425	1.6077064	3.3
0.47764325	-11.1653595	1.5035586	3.35
-3.7445314	-9.740809	-3.2692823	3.4
-3.357868	-11.461043	-1.352724	3.44
3.0178912	-14.326903	-1.7178397	3.5
1.5801731	-13.27106	-0.1436521	3.55
-0.34955344	-9.163807	-0.20590134	3.6
-1.2976574	-6.645107	0.090979666	3.64
0.32321724	-5.076905	1.4030021	3.69
-0.2717419	-5.645528	0.2657564	3.749
-0.320823	-5.577293	1.0163386	3.8
-0.6631939	-7.255628	2.172738	3.86
-1.6723499	-8.610746	0.35434186	3.901
-1.1528081	-7.7488337	0.51834464	3.92
-7.5213847	-7.7213006	4.727351	4.031
3.3375173	-7.7213006	4.727351	4.031
-7.3071036	-19.586964	-6.576872	4.081
-1.1947067	-7.4854717	1.3096284	4.15
0.47285482	-5.0062757	-0.022744916	4.19
0.33039984	-6.483498	-0.075417355	4.24
-0.21906945	-6.329072	-0.272939	4.3
0.06584055	-6.4583592	0.6787562	4.337
1.1097125	-7.240066	2.5187001	4.404
3.1352072	-9.720459	0.38307226	4.49
-0.48123455	-9.720459	0.38307226	4.49
-6.953959	-16.443377	-6.3985043	4.55
-3.1316159	-19.6133	2.384625	4.6
1.8543092	-12.531252	-0.18195933	4.65
0.8475474	-6.719327	-0.073023155	4.7
-0.1388637	-5.448006	-1.4556746	4.75
-1.0031705	-4.661511	-1.1145009	4.8
-2.0638018	-4.951209	1.1001357	4.85
-1.6053122	-6.932411	0.6703765	4.9
-0.7326257	-8.693346	1.9955671	4.915
-0.7326257	-8.693346	1.9955671	5.006
-5.74369	-19.6133	-6.2285156	5.05
-4.6339774	-4.2185836	-1.3072342	5.106
-1.7609353	-11.877635	-0.6895301	5.151
-8.212111	-10.02572	-2.9580362	5.2
1.6603789	-7.669825	2.0709844	5.25
-0.10295067	-6.1088057	-1.0079589	5.296
-2.4313118	-5.602432	0.09816227	5.34
1.4173675	-8.085219	-0.6967127	5.4
0.79607207	-7.6123643	0.031124622	5.45
-0.5243302	-12.173319	0.44891283	5.52
-0.2645593	-12.889185	0.6823475	5.536
3.383007	-12.692861	2.136825	5.59
-2.1272483	-11.552023	-5.567716	5.65
-6.841431	-10.159795	-2.255338	5.68
-0.35673606	-16.097416	-2.72939	5.771
0.320823	-12.310986	-0.61291564	5.785
-0.32920274	-6.8545995	-0.047884032	5.84
-0.36511576	-4.6244006	-0.2669535	5.9
-0.2621651	-4.277241	-0.31004912	5.92
-0.49559975	-5.801151	1.4149733	6.0
0.23104046	-7.5321584	1.3347675	6.05
0.18076223	-9.776723	2.372654	6.08
0.45609543	-14.520833	0.007182605	6.18
-4.1862617	-19.6133	-7.7548194	6.195
-8.571242	-10.965444	-0.24540567	6.24
1.9416976	-7.5465236	0.7158663	6.29
-5.9543796	-11.807006	-1.6687586	6.35
-3.2836475	-9.792285	0.9780314	6.39
-0.37229836	-5.755661	-0.47285482	6.45
-1.3826514	-6.409278	0.047884032	6.5
0.47764325	-8.945934	-0.92775315	6.54
2.3870192	-9.524135	1.3096284	6.659
0.4201824	-9.524135	1.3096284	6.659
0.5566519	-11.546038	1.1408371	6.7
-0.9900024	-12.206838	1.2413936	6.75
-1.2270284	-14.550761	-4.8123455	6.794
-8.477868	-14.104242	-4.656722	6.851
0.40701428	-10.326192	1.496376	6.9
1.1121067	-15.96334	-2.1092918	6.92
1.1121067	-15.96334	-2.1092918	6.92
0.1604115	-5.7389016	0.8295909	7.05
-0.6679823	-7.129933	-0.8858546	7.1
-0.7661445	-5.829881	0.6943185	7.162
0.2896984	-7.49026	0.8846575	7.21
-0.49081135	-9.441534	1.2844892	7.24
0.5626374	-10.967838	2.6755204	7.3
-0.18435353	-13.488933	-2.9257145	7.351
-8.702923	-14.196419	1.4616601	7.4
-1.435324	-6.4427967	1.0055647	7.472
-0.5793968	-8.577228	-1.1959038	7.487
-4.607641	-9.968259	0.7350199	7.55
-1.1815386	-7.8086886	-1.198298	7.601
-1.1180922	-6.7923503	0.044292733	7.65
-0.39863458	-6.8929067	-0.59136784	7.701
1.2904748	-8.762778	-0.89064306	7.751
0.2885013	-8.25401	-0.049081136	7.8
-0.4333505	-9.424775	0.37110126	7.84
-0.44651863	-11.261127	1.6699557	7.901
-0.038307227	-11.299435	2.055422	7.91
-0.038307227	-11.299435	2.055422	7.91
-3.2381577	-10.573992	-3.4979286	8.051
-3.1711202	-7.740454	1.2940661	8.101
0.7745243	-13.682862	-2.136825	8.151
0.079008654	-8.325836	0.2645593	8.19
-0.41060558	-6.896498	-0.11133038	8.246
-0.89662856	-6.8007298	0.020350715	8.31
-1.0187328	-6.907272	-0.24420857	8.337
-1.174356	-7.337031	0.16879122	8.39
-0.88944596	-8.643068	2.8898015	8.452
1.910573	-12.671312	1.7980455	8.5
0.17956513	-16.510414	0.48841715	8.55
-8.124723	-14.8117285	-0.78410107	8.6
-0.9816227	-5.0421886	-0.427365	8.652
-0.2885013	-10.78109	-2.1643584	8.7
-5.410896	-10.996569	-1.2006922	8.74
-0.15203181	-8.136695	-0.6811504	8.801
-1.3072342	-5.4863133	0.35553896	8.841
-0.049081136	-7.621941	-0.961272	8.89
0.8738836	-9.112331	-1.0510546	8.93
1.043872	-8.230068	-0.089782566	9.002
0.09816227	-9.19972	0.005985504	9.04
1.3742718	-10.577583	1.3455414	9.101
3.502717	-11.9614315	-1.910573	9.17
-1.2617443	-13.1477585	-2.7473464	9.19
-7.914034	-10.053253	-4.8865657	9.25
-4.039018	-11.370064	1.1767502	9.3
0.93732995	-13.223176	0.045489833	9.35
-1.234211	-7.5465236	1.2150574	9.4
0.5243302	-6.3566055	1.8662802	9.45
-0.20350714	-5.6359506	0.36032736	9.5
-3.4715924	-6.2584434	1.5394717	9.55
-2.6862943	-6.4643445	2.9867666	9.6
0.94930094	-9.097966	2.2972364	9.65
-0.36990416	-11.546038	1.541866	9.7
0.35793316	-8.250419	3.347094	9.751
-15.156494	-15.810111	-10.99178	9.79
1.0259154	-11.613075	-6.527791	9.85
-1.6555905	-13.055582	1.3036429	9.901
-8.899248	-14.4107	-3.6332011	9.92
-8.899248	-7.955932	0.24181437	10.031
2.0003555	-7.955932	0.24181437	10.031
-0.5327099	-7.9248075	0.17357962	10.09
3.301604	-7.4627266	1.1659763	10.15
2.9580362	-7.1466923	2.719813	10.21
1.0259154	-8.825027	3.645172	10.25
0.94092125	-9.514558	4.663905	10.3
-3.4117374	-11.358093	1.3515269	10.346
-3.4404678	-8.043321	-3.7828386	10.4
0.7553706	-8.206126	-4.1515455	10.451
0.78649527	-12.419921	5.5581393	10.5
2.741361	-13.340492	1.1695676	10.543
2.9340942	-10.931925	0.23822308	10.58
-0.8702923	-3.7565024	3.2740707	10.65
-1.9835961	-5.149928	6.611588	10.7
2.8191724	-7.4088573	2.4971523	10.75
2.4349031	-10.972627	2.753332	10.804
0.6679823	-12.310986	2.9101522	10.85
-10.705673	-17.068264	-10.146626	10.9
-16.97968	-11.6825075	3.5326445	10.93
-1.6065093	-10.43034	-4.19105	11.0
-6.3099184	-11.565191	-0.34356794	11.04
0.8619126	-7.789535	-0.46926352	11.1
-0.0035913025	-5.9531827	-0.3854665	11.15
0.07062895	-6.7588315	0.20111294	11.21
0.5722142	-7.0245876	1.4377182	11.28
0.8750807	-7.0245876	1.4377182	11.305
-0.9744401	-7.8876977	0.90381116	11.341
-1.3491327	-11.840525	1.1228806	11.391
3.2381577	-11.374852	2.967613	11.438
-4.012682	-14.246697	-3.691859	11.491
-7.7727757	-12.413936	-2.3558946	11.541
-7.1670427	-9.051279	-1.5634137	11.591
3.667917	-14.285005	0.47285482	11.641
0.51235914	-8.725668	0.8283938	11.684
-0.18195933	-6.1195793	0.6655881	11.742
-1.7405846	-4.973954	2.3199813	11.802
-3.217807	-6.1447186	1.1839328	11.841
-0.59735334	-7.1107793	2.0386627	11.892
1.6879122	-8.895657	3.5913026	11.934
1.6879122	-8.895657	3.5913026	11.934
1.5861586	-10.890026	5.112818	12.033
-6.882133	-13.255498	3.6248214	12.122
-5.040992	-8.561666	-0.8798691	12.136
-4.0761285	-9.149442	5.4887075	12.191
-3.477578	-11.200075	-3.4344823	12.251
2.0015526	-7.337031	-0.8858546	12.309
0.6536171	-5.875371	-0.5530606	12.333
0.18794483	-9.126697	-0.8583213	12.392
1.5598224	-8.449138	0.049081136	12.431
0.20231004	-8.106767	2.3139958	12.501
0.19393034	-10.195708	3.028665	12.532
1.8255788	-12.202049	2.5103204	12.592
-0.866701	-13.78701	-0.48602295	12.642
-5.4899044	-15.637729	-4.8901567	12.691
-7.825448	-5.8945246	0.16280572	12.751
4.140772	-14.409503	-1.2880806	12.792
1.423353	-10.232818	0.61411273	12.841
-3.0059202	-5.6000376	-0.533907	12.902
-1.7022774	-5.4504004	1.6005238	12.952
-1.9093759	-5.4504004	1.6005238	12.952
-1.6065093	-5.9412117	1.0115502	13.042
0.2657564	-7.431602	3.5577838	13.091
0.6488287	-10.072407	1.7908629	13.141
-0.60214174	-11.750742	2.8886044	13.181
-1.3371617	-14.05157	-3.071761	13.241
-11.567586	-17.372328	-5.2899885	13.291
2.468422	-7.880515	-1.0414777	13.341
-5.5868697	-12.455834	0.91338795	13.392
-4.5034933	-11.197681	-1.6759412	13.464
1.447295	-7.189788	-0.60693014	13.508
-0.16280572	-4.71538	0.7625532	13.542
-0.7769185	-7.763199	-1.7082629	13.615
-0.62129533	-7.9092455	0.05746084	13.652
0.1376666	-9.004593	0.9876082	13.701
0.34476504	-9.284714	2.0805612	13.751
0.6607997	-12.956223	0.94451255	13.812
0.1388637	-13.084312	1.2916719	13.845
-3.157952	-13.183672	-3.669114	13.902
-3.6655228	-10.961852	-2.349909	13.951
-5.294777	-10.961852	-2.349909	13.951
2.1631613	-12.901155	-1.697489	14.044
-0.2896984	-5.9627595	0.2621651	14.092
-1.5239093	-5.628768	0.15562311	14.142
-1.210269	-6.375759	-0.4345476	14.202
-1.5574282	-6.6415157	1.3563153	14.242
-0.22984336	-7.192182	2.8083985	14.302
1.2318168	-8.831013	3.028665	14.341
-0.545878	-10.593145	3.333926	14.402
0.8295909	-10.654198	3.1160536	14.441
-10.575189	-19.6133	-12.510901	14.491
-3.9743748	-5.8717794	-1.0402806	14.541
-1.4065934	-9.029732	-1.6711528	14.622
-5.5617304	-8.24204	-2.7964275	14.646
-0.6631939	-6.0501475	0.015562311	14.701
0.32441434	-7.8039002	-0.8858546	14.751
0.46926352	-8.949526	-0.1604115	14.802
1.7190368	-10.084377	0.39264908	14.851
0.20231004	-9.5385	1.7142484	14.881
-0.24181437	-10.287885	1.4820108	14.941
0.19991584	-10.796653	1.5382746	14.951
1.3180081	-10.06283	1.673547	15.052
-5.485116	-12.609063	-5.1846437	15.094
-4.7644615	-16.04594	-5.1259856	15.141
-2.767697	-10.729615	1.436521	15.201
2.540248	-5.675455	0.82719666	15.251
1.520318	-7.86615	0.1604115	15.292
-2.112883	-6.59004	1.4867992	15.353
-3.0430303	-7.089231	1.1552023	15.401
0.12689269	-6.8210807	2.89459	15.451
0.17118542	-9.221268	1.8447324	15.506
0.2705448	-11.688493	2.1739352	15.542
-1.3599066	-12.352883	0.36391866	15.591
-10.03769	-18.416199	-1.353921	15.641
-1.3215994	-6.8318543	1.6136919	15.704
-2.7856536	-10.092757	-3.0346506	15.741
-4.380192	-9.589975	0.9840169	15.791
-0.14724341	-8.295909	-1.411382	15.831
-0.6584055	-6.6654577	-0.5554548	15.918
-0.78290397	-8.619126	-0.2896984	15.952
-0.78290397	-8.619126	-0.2896984	15.952
-0.78290397	-8.619126	-0.2896984	15.952
-0.29448682	-8.935161	1.0402806	16.091
1.5011644	-11.121067	1.3982137	16.141
2.706645	-10.08318	2.1799207	16.202
-4.441244	-12.514492	-4.582502	16.241
-8.870518	-11.456255	-0.7517793	16.312
-4.847061	-12.58153	-0.7278373	16.374
3.5314474	-12.534843	0.09816227	16.397
1.316811	-7.8709383	-0.25378537	16.452
-1.3239936	-7.079654	0.6679823	16.481
-0.6428431	-6.8557963	0.78769237	16.541
-1.3982137	-6.733692	0.6727707	16.591
0.17118542	-7.465121	1.5394717	16.642
-1.4520833	-8.950723	0.89303726	16.691
0.59376204	-12.215217	1.3120226	16.741
0.6835446	-9.586384	3.8738184	16.792
-0.19033903	-14.44781	-3.6463692	16.842
-10.996569	-12.2224	-3.2261868	16.9
0.62129533	-6.191406	1.067814	16.936
0.62129533	-6.191406	1.067814	16.936
-0.7733272	-9.224859	-1.9476831	17.043
0.5650316	-7.0102224	-0.25857377	17.092
-0.3866636	-8.4108305	-0.35194764	17.152
0.6404489	-9.510966	-0.25977087	17.191
0.47644615	-8.870518	1.3910311	17.275
0.50397944	-9.428367	1.4688427	17.292
1.0881647	-9.264363	1.638831	17.341
0.36631286	-12.483368	1.70946	17.405
-0.36750996	-11.279084	2.2744915	17.472
-0.20829555	-12.2559185	0.1448492	17.492
-2.5031378	-12.088325	-5.7185507	17.541
-4.9763484	-10.415975	-0.62608373	17.591
2.292448	-9.731233	-1.9357121	17.631
0.017956512	-8.647857	-0.022744916	17.692
-2.3630772	-7.499837	-0.5758055	17.742
-1.4736311	-6.9623384	-0.49440265	17.791
-1.0366893	-7.807492	0.05626374	17.841
0.8738836	-8.5473	0.05626374	17.891
0.21906945	-9.011775	-0.8283938	17.942
-0.108936176	-8.5700445	-0.7194576	17.953
-0.01436521	-8.133103	1.6675615	18.073
-0.35913026	-10.796653	2.1164744	18.123
-0.9768343	-11.081563	2.6982653	18.135
-4.1814733	-19.6133	-8.09719	18.183
-1.7549498	-6.009446	3.1890767	18.241
4.5657425	-3.8486793	2.349909	18.287
-4.6806645	-12.70124	-3.1124623	18.341
-1.9081788	-8.88608	-0.7685388	18.402
-0.18195933	-8.158242	0.16639702	18.439
0.23582886	-8.647857	-0.973243	18.491
0.17238252	-8.517372	-1.0127473	18.583
-0.06344634	-8.517372	-1.0127473	18.583
0.80804306	-8.948329	-0.49200845	18.641
1.2282255	-7.72968	-0.272939	18.692
1.1240777	-9.935937	-1.0223241	18.752
1.6591818	-9.662998	-0.36511576	18.792
-2.3870192	-6.537368	-0.79607207	18.842
-8.374918	-13.323732	-3.1519666	18.896
0.14724341	-18.598158	-2.8670566	18.953
0.14724341	-18.598158	-2.8670566	18.953
1.4532804	-9.169792	1.6256629	19.052
2.1799207	-9.222465	-1.8471266	19.092
-0.5626374	-7.419631	-1.5885528	19.142
-3.1914709	-7.431602	-1.3910311	19.191
-0.30047232	-7.439982	0.59495914	19.233
-0.47285482	-7.1586633	0.3196259	19.291
-2.6527755	-10.030508	-2.5031378	19.341
-0.5351041	-10.398018	4.280833	19.392
2.4061728	-8.567651	2.6036944	19.452
2.7844565	-19.6133	-0.78410107	19.492
-9.88925	-13.961787	-7.0700774	19.532
2.3535004	-3.0178912	4.132392	19.581
-3.1268275	-10.848128	-2.7030537	19.643
-2.705448	-7.615956	-0.37828386	19.702
0.21547815	-8.833407	-1.091756	19.784
0.25617957	-9.033323	-1.1192893	19.8
0.49320555	-9.452309	-1.2665327	19.841
0.22026655	-8.834604	-1.055843	19.892
-0.48841715	-8.74123	-0.35673606	19.941
-0.70509243	-8.469488	-0.19991584	19.952
1.3599066	-13.929465	0.8487445	20.052
1.9165585	-13.888764	-0.47884035	20.092
1.6759412	-12.658144	-1.1659763	20.141
-4.914099	-5.932832	-3.7900212	20.192
-1.0749966	-8.596381	1.460463	20.242
1.0474633	-11.663354	-3.3554738	20.301
-1.0354922	-8.613141	-0.6380547	20.332
-1.0247183	-7.4016747	0.02633622	20.402
-0.19033903	-9.888053	-1.3263878	20.452
-0.65242	-8.25401	-0.5566519	20.491
-0.36391866	-7.195773	0.6967127	20.564
0.6440403	-8.678981	0.5602432	20.612
0.05865794	-8.780735	0.4189853	20.629
-0.82240826	-11.540052	0.5279215	20.691
0.32561144	-11.878832	1.0031705	20.742
-0.32680854	-19.209877	-3.2094274	20.789
-0.59136784	-5.1846437	0.5374983	20.852
-1.3383588	-7.941567	-1.4293385	20.902
-3.857059	-11.768699	-0.8355764	20.952
-1.4616601	-10.268731	-1.6891093	20.961
-0.08020575	-7.799112	-0.59974754	21.043
0.12689269	-9.129091	-1.4329298	21.102
0.24660277	-8.895657	-1.5358804	21.141
-0.19033903	-8.494628	-0.80804306	21.202
-0.19991584	-9.0476885	-1.0546459	21.251
-0.12569559	-11.019313	-1.0486604	21.291
0.92655605	-13.994109	0.110133275	21.351
0.32920274	-13.499706	-2.7724855	21.392
1.6160861	-11.960235	-0.8882488	21.44
-4.8494554	-7.4723034	-3.2333694	21.491
-1.769315	-8.823831	-0.61411273	21.541
1.8614918	-9.908403	-2.1416135	21.591
-0.5506664	-8.523358	-2.4253263	21.641
-3.2920272	-8.263587	-0.4297592	21.702
-0.21667525	-9.375694	-1.0785879	21.752
-0.6823475	-8.402451	-1.3455414	21.791
-1.3599066	-7.147889	0.93134445	21.852
0.81522566	-7.9463553	1.3587095	21.892
-0.61411273	-10.603919	-0.18914193	21.943
-1.0414777	-10.392033	0.01436521	21.956
3.1304188	-15.886725	-2.3008277	22.083
-4.4196963	-18.375498	-3.0921116	22.093
-6.35062	-5.8801594	-1.0642227	22.141
0.11372458	-7.505822	0.6464345	22.191
-6.4523735	-9.734824	-0.4309563	22.242
-2.633622	-8.200141	-1.1145009	22.291
0.02633622	-6.5601125	-0.46686932	22.341
0.19033903	-8.60117	-1.1683705	22.392
1.0354922	-9.557653	-0.5686229	22.44
0.521936	-8.856153	0.533907	22.491
-0.70509243	-8.889671	1.3215994	22.541
0.7398083	-10.691308	1.4939818	22.592
3.0621839	-11.015722	2.1212628	22.634
-3.4021606	-13.22557	0.427365	22.683
-3.2920272	-14.53041	-5.12838	22.732
-6.1327477	-8.9842415	-3.1902738	22.782
1.0773908	-11.050438	-1.1540052	22.841
0.8655039	-9.075222	0.4357447	22.891
-1.9309237	-7.693767	0.1592144	22.941
-2.3678656	-7.3178773	0.6727707	22.962
-1.1180922	-7.727286	0.8571242	23.053
-0.6775591	-7.406463	1.4317327	23.092
0.16639702	-7.896077	2.2888567	23.141
-0.4237737	-10.769119	1.1456255	23.204
1.1432313	-12.799402	3.8367083	23.241
-1.1504139	-17.58182	-3.9097314	23.291
-11.234792	-15.777789	-3.8845923	23.341
-1.887828	-2.7700913	3.2573113	23.381
-4.146757	-10.1143055	-2.2493525	23.46
-6.5565214	-8.535329	-1.9907787	23.522
-1.6484078	-8.535329	-1.9907787	23.522
0.022744916	-7.666234	-0.7338228	23.591
0.022744916	-9.051279	-0.50278234	23.631
1.7753005	-9.090784	0.415394	23.692
1.4532804	-8.073248	1.9812019	23.741
0.1376666	-8.549694	1.6172832	23.791
0.2789245	-9.41041	1.5586253	23.837
0.30166942	-11.777079	2.1823149	23.885
1.151611	-10.348937	2.1703439	23.941
-0.89662856	-12.187684	-2.919729	23.963
-6.7803793	-10.857705	-2.1140802	24.042
2.718616	-10.333375	1.0163386	24.1
4.643554	-10.418368	-3.110068	24.152
-1.5107412	-8.232463	0.89303726	24.191
-2.4468741	-7.9906483	-0.5374983	24.242
-0.58897364	-8.593987	0.31244332	24.302
0.11851298	-7.1586633	0.61052144	24.346
-0.25617957	-7.7201033	0.51116204	24.402
-1.1707647	-9.211691	1.0761937	24.441
0.1436521	-9.911995	2.480393	24.502
0.8475474	-13.15135	2.3415294	24.543
-6.3182983	-19.6133	-5.985504	24.591
2.3199813	-3.3842041	1.5765818	24.652
0.62608373	-10.821792	-2.0961237	24.691
-5.2852	-11.437101	-1.6292542	24.752
-0.3878607	-7.967903	0.78050977	24.792
-0.44651863	-7.6291237	-0.16759412	24.852
-1.0953473	-7.9427643	-0.15682021	24.902
-0.017956512	-8.552089	-1.0726024	24.941
-0.22625206	-8.426393	-0.7433996	24.962
0.6452374	-7.7081323	-0.12928689	25.052
-1.103727	-9.719262	-0.029927522	25.091
1.1228806	-11.803414	1.2366052	25.152
1.3838485	-12.704831	-3.6762967	25.205
-3.8414967	-13.636176	-5.171476	25.242
-6.9048777	-9.911995	-0.36750996	25.282
3.1878796	-12.652159	-2.7485435	25.341
1.8375498	-8.301894	0.022744916	25.418
-2.3762453	-6.7719994	-0.5686229	25.454
-1.1348516	-7.9846625	0.047884032	25.482
-0.8762778	-7.8649526	-0.20111294	25.542
-0.9744401	-7.620744	1.2521675	25.59
0.2777274	-7.3909006	1.5837644	25.64
-0.8523358	-9.384073	1.5035586	25.691
1.377863	-10.679337	3.1316159	25.741
-1.3263878	-17.690756	-4.9559975	25.792
-8.610746	-12.067974	1.1587936	25.841
-1.7022774	-4.4580035	0.39025488	25.881
-3.8642416	-11.7543335	-3.2249897	25.952
-7.1873937	-11.647791	-1.9273324	25.961
-0.9744401	-7.2113357	-0.24181437	26.073
0.49919105	-7.005434	0.3890578	26.089
0.8415619	-9.325416	-0.272939	26.142
1.055843	-8.094796	0.7278373	26.191
-0.7445967	-8.465898	0.50517654	26.241
-2.1416135	-9.083601	1.127669	26.289
1.4808137	-10.472239	2.7665	26.341
3.891775	-11.803414	3.369839	26.402
-3.7445314	-12.625823	-1.0402806	26.442
-4.984728	-12.848483	-6.1123967	26.491
-5.080496	-8.541314	-0.47764325	26.541
1.1599907	-10.141838	0.51235914	26.591
0.35673606	-9.284714	0.2741361	26.641
-1.0366893	-8.069656	1.0534488	26.702
-1.2689269	-7.5561004	1.5310919	26.741
-1.5358804	-6.8438253	1.2330139	26.791
-0.16400282	-6.4607534	2.5127146	26.86
0.21906945	-8.965088	2.219425	26.926
-0.65242	-9.776723	1.8579005	26.936
0.58418524	-12.721591	1.8016368	26.962
-6.206968	-19.6133	-6.8869214	27.044
-2.742558	-0.6847417	0.29927522	27.102
1.174356	-6.757634	1.8830396	27.141
-9.61272	-14.696807	-2.1859062	27.191
-0.08619126	-9.137471	-0.2896984	27.241
2.4672248	-6.1076083	0.49679685	27.311
-0.9840169	-9.950302	-1.4269443	27.341
-0.41180268	-9.294291	-0.37110126	27.392
0.664391	-8.012196	1.1420342	27.451
0.9816227	-9.697714	1.769315	27.506
0.37349546	-9.143456	1.5155296	27.554
-0.81522566	-8.817844	1.9357121	27.588
0.073023155	-11.168951	2.5833437	27.652
-5.7640405	-12.659342	-3.7792473	27.701
-4.4963107	-12.028469	-4.6519337	27.752
-1.1192893	-7.854179	1.6986861	27.802
2.2301989	-11.228806	-0.23463176	27.841
0.045489833	-10.723629	1.4760253	27.901
-0.92775315	-7.607576	2.2744915	27.952
-1.1264719	-7.680599	2.2026656	27.961
-0.91697925	-8.226477	2.27928	28.051
0.7350199	-6.8127007	4.295198	28.102
0.6464345	-6.859388	2.420538	28.152
0.5805939	-13.020866	2.1667526	28.222
-2.3558946	-15.061923	-3.5901055	28.242
-9.876082	-14.824897	1.3623008	28.291
-0.24301147	-6.3242836	-1.614889	28.341
-5.919664	-9.709685	-2.6910827	28.393
-5.2923827	-10.8385515	-1.3826514	28.441
-0.2801216	-7.765593	-2.4863784	28.491
-1.4496891	-8.640674	-1.459266	28.547
-2.2517467	-9.92636	-1.8076223	28.592
-1.4281414	-9.051279	-1.079785	28.635
1.4161704	-9.868899	-0.21428105	28.699
1.0199299	-9.153033	0.8331822	28.741
-0.46926352	-8.688558	1.9979613	28.791
0.5781997	-8.900445	1.2138603	28.861
-2.1416135	-11.593922	0.8523358	28.896
-6.825869	-11.002554	-1.8866309	28.951
-5.723339	-9.998186	-5.21936	28.971
1.5251064	-10.304645	-1.0187328	29.072
-0.93613285	-10.605117	-0.075417355	29.095
-1.5442601	-9.794679	-0.30166942	29.142
-0.48961425	-9.965864	1.7070658	29.192
-0.6392518	-8.152257	2.0949266	29.252
-0.4297592	-6.980295	3.25372	29.292
0.39025488	-5.8705826	3.9863458	29.341
-0.059855044	-7.1287355	3.3770216	29.391
-2.6431987	-8.634688	1.1851299	29.442
0.09816227	-16.136919	-4.4879313	29.504
-8.042124	-19.196709	1.1827357	29.542
1.0115502	-6.1159883	-4.2700586	29.595
-8.024167	-9.458294	0.62249243	29.641
-4.9308586	-13.467384	-1.0618285	29.681
3.693056	-8.143877	-0.91099375	29.741
-1.1647792	-5.133168	1.234211	29.791
-2.4349031	-10.065224	-0.94211835	29.852
-1.1875241	-9.296685	-0.17717093	29.908
-1.0342951	-8.309077	1.2150574	29.952
-1.2449849	-9.139865	1.447295	29.973
-0.70509243	-8.99741	0.89902276	30.054
0.6991069	-10.673351	1.4760253	30.103
0.48841715	-10.973824	1.8387469	30.141
-4.9344497	-10.776301	-2.9257145	30.202
-3.8307228	-13.438654	-5.2421045	30.242
-2.4791958	-10.399215	2.9999347	30.293
1.1216835	-9.524135	0.6404489	30.341
1.4401124	-9.291897	1.2545617	30.372
-1.7908629	-6.9228344	1.9692309	30.442
-2.100912	-6.849811	1.7202339	30.484
-1.7465701	-7.177817	2.043451	30.552
0.36511576	-6.6546836	3.040636	30.602
-0.6931214	-11.751939	3.4943373	30.672
0.6679823	-13.844471	0.8571242	30.729
-3.989937	-17.26459	-3.9097314	30.752
-10.96305	-16.6816	-0.46686932	30.802
2.373851	-4.6244006	1.0247183	30.851
-5.21936	-12.087128	-1.1563994	30.891
-3.0621839	-9.02614	-0.41060558	30.941
-0.6979098	-7.7608047	-1.0426749	30.971
-0.91338795	-9.449914	-1.4053963	31.053
-0.12569559	-8.874108	-0.2669535	31.104
1.033098	-8.323442	-0.14724341	31.136
-0.6536171	-9.639056	0.7565677	31.201
0.32680854	-9.317036	1.5741876	31.252
0.7182605	-9.94312	1.1671734	31.302
2.4420857	-11.880029	1.8351556	31.352
0.6859388	-9.866506	2.0231004	31.391
-6.181829	-11.733982	-6.3422403	31.441
-5.511452	-11.581951	-0.7781156	31.491
0.17836803	-8.931569	-1.6711528	31.552
-1.5933412	-6.542156	1.8375498	31.6
-1.7310078	-8.380903	0.89662856	31.641
-1.067814	-9.151836	0.40222588	31.702
-0.16759412	-8.98903	1.5717934	31.752
-0.16400282	-7.48188	2.1918917	31.791
-0.5279215	-6.7731967	2.6671407	31.841
-0.62249243	-6.906075	2.328361	31.872
-4.7500963	-9.313444	1.6017209	31.946
-3.4392707	-9.449914	3.1519666	31.964
1.2533646	-9.892841	3.606865	32.044
-2.1643584	-16.86356	-3.7098155	32.094
-8.1319065	-10.66976	-3.3267434	32.152
1.3790601	-8.731653	-0.1316811	32.191
-6.3925185	-9.824607	-0.46208093	32.251
-3.0657754	-10.340557	-1.282095	32.291
-1.6136919	-6.991069	0.05865794	32.363
-1.6543933	-8.469488	-0.45489833	32.413
-0.21787235	-9.187749	-0.07062895	32.441
0.7134721	-7.4854717	0.60094464	32.492
-0.039504327	-8.620323	1.5023615	32.541
-1.0630256	-9.394848	0.5638345	32.591
1.9835961	-10.700885	1.8231846	32.641
2.2984335	-10.3214035	2.779668	32.691
-0.62967503	-10.551247	-4.441244	32.742
-6.5385647	-12.885593	-3.2932243	32.792
-4.985925	-13.563152	-0.5566519	32.841
-1.2677298	-7.0365586	0.90261406	32.891
0.6955156	-8.319851	1.1959038	32.951
0.6631939	-8.196549	0.91338795	32.969
-0.20709845	-6.7851677	3.3291376	33.051
-1.3503298	-8.256405	3.383007	33.101
0.35913026	-5.9519854	4.8374844	33.131
0.39264908	-9.556456	1.5693992	33.191
2.3678656	-10.380061	1.13964	33.282
0.2813187	-10.380061	1.13964	33.301
0.47405192	-11.264719	-1.282095	33.351
-12.397177	-12.002133	1.6543933	33.413
-1.5275006	-10.128671	-2.5115175	33.463
-0.053869538	-8.917204	0.45609543	33.501
-2.1547816	-10.74398	0.14844051	33.552
0.6404489	-8.433576	-1.8231846	33.594
-0.8499416	-6.421249	0.2621651	33.652
-2.554613	-9.850943	-1.2162545	33.692
-1.3587095	-9.560047	-0.7398083	33.732
-0.02633622	-8.413225	-0.05746084	33.801
-1.5801731	-8.809465	1.292869	33.85
-0.6859388	-8.406042	1.0007763	33.891
-0.92535895	-9.671378	0.50876784	33.952
-0.23343466	-10.040085	0.91937345	33.962
-3.4488475	-15.446193	-4.1683054	34.051
-5.327099	-13.686454	-4.3981485	34.095
-4.522647	-3.0933087	-1.5275006	34.133
2.4791958	-12.206838	0.23343466	34.191
-2.9580362	-11.295844	-1.377863	34.241
-1.4496891	-5.8143187	1.9752164	34.292
-0.5243302	-8.197746	1.9692309	34.342
-1.5251064	-7.502231	2.1499932	34.402
-0.7565677	-7.1347213	2.2517467	34.422
0.58897364	-7.764396	3.8295257	34.492
0.37110126	-11.292253	1.9835961	34.541
0.18794483	-12.124237	4.298789	34.581
-7.8769236	-16.90905	2.4959552	34.641
-1.8411411	-4.459201	0.4213795	34.691
-0.60573304	-7.4962454	1.2569559	34.731
-4.8422728	-11.399991	-1.0989386	34.791
0.6775591	-7.1706343	-0.18914193	34.857
-1.1456255	-8.219295	-0.4405331	34.912
-1.946486	-8.785523	-0.58418524	34.939
-0.45010993	-9.358934	-0.49200845	34.972
0.016759412	-7.929596	1.5095441	35.063
-0.31483752	-9.011775	1.2018893	35.113
0.80564886	-10.911574	1.0953473	35.142
1.6915035	-11.256339	2.195483	35.191
0.50876784	-11.814188	2.6156654	35.232
-2.0721815	-13.514071	-3.855862	35.293
-6.6427126	-10.348937	-2.8993783	35.341
-4.0617633	-10.977415	-0.15562311	35.413
2.5929205	-8.821436	0.7086837	35.452
-1.0079589	-7.2951326	0.037110128	35.502
-2.3942018	-6.817489	1.4341269	35.542
-1.3682863	-6.943185	1.5490485	35.581
-0.8702923	-6.393716	1.7525556	35.641
0.038307227	-8.738836	2.1930888	35.724
-1.365892	-9.988609	2.0961237	35.743
-0.35434186	-12.264298	2.621651	35.791
0.78170687	-12.198458	2.5629928	35.844
-5.74369	-16.472107	-1.0450691	35.891
-2.9855695	-4.879383	-0.88944596	35.941
0.40222588	-8.902839	1.0115502	35.972
0.40222588	-8.902839	1.0115502	35.972
0.24301147	-7.4148426	-0.36391866	36.102
-0.9708488	-5.459977	0.022744916	36.142
-0.59615624	-8.310274	-0.40940848	36.192
0.7015011	-9.029732	-0.25737667	36.241
0.8451532	-7.705738	0.58897364	36.282
-0.50996494	-8.918402	0.44651863	36.332
-0.7350199	-10.357317	0.973243	36.392
0.22984336	-11.281479	-0.2717419	36.442
-4.5872903	-13.821727	-2.777274	36.491
-0.46088383	-9.157822	-4.429273	36.572
-4.298789	-10.105926	-1.1204864	36.594
0.25617957	-13.785813	1.6747441	36.641
-0.19273324	-9.208099	0.11611878	36.681
-1.7812861	-7.4244194	0.2837129	36.742
-2.0973208	-7.643489	1.2677298	36.781
-0.34237084	-6.315904	2.349909	36.841
-1.436521	-7.2245035	1.4341269	36.892
0.35314476	-4.617218	0.47524905	36.942
1.079785	-5.7736173	1.7621324	36.972
0.5746084	-15.913061	1.8124107	37.041
-2.9293058	-19.6133	-6.7708025	37.092
-7.9571295	-9.832987	1.3108255	37.142
1.0666169	-7.4866686	-1.4041992	37.191
-4.3873744	-10.447099	-1.6053122	37.243
-1.650802	-8.48984	-0.08379706	37.291
-0.11252748	-6.293159	-0.94930094	37.35
-0.61530983	-7.835025	-0.50876784	37.405
-0.5650316	-8.433576	-0.48961425	37.441
-0.20829555	-8.115147	-0.007182605	37.491
-0.11731588	-8.287529	1.0594343	37.541
0.44651863	-8.736442	0.8523358	37.601
-0.46447513	-10.077195	1.8243817	37.641
1.5095441	-11.408371	2.6671407	37.681
-2.3942018	-11.273099	0.59735334	37.732
-1.1145009	-13.826515	-5.7185507	37.8
-4.7764325	-13.119028	1.8495208	37.841
2.8682537	-9.969456	-1.4317327	37.891
2.9831753	-7.2340803	1.4820108	37.941
0.7589619	-6.752846	0.7134721	37.969
-1.7741034	-6.8929067	0.89303726	38.042
-1.0857705	-6.5026517	1.1599907	38.091
0.23822308	-7.8062944	1.3551182	38.141
-0.5602432	-9.713276	2.6503813	38.19
1.3754689	-13.358448	3.205836	38.242
-2.100912	-19.178753	-4.2102036	38.283
-6.221333	-10.38485	0.11611878	38.341
1.1971009	-10.69011	-0.17597382	38.412
-1.7681179	-11.662156	-1.3982137	38.44
-3.582923	-8.9998045	0.32680854	38.501
-0.5374983	-6.4487824	-0.39743748	38.544
-0.7015011	-7.2592196	-0.2645593	38.592
0.59017074	-8.713697	-0.7457938	38.652
1.0414777	-7.536947	1.0690111	38.691
-0.29927522	-8.708909	-0.18555063	38.742
-0.81642276	-10.298658	0.94211835	38.792
2.741361	-11.3138	2.3331497	38.841
1.7417817	-9.909601	2.0709844	38.902
-3.2800562	-13.087904	-8.408437	38.952
-5.5341973	-15.740679	-7.5213847	38.962
3.0753522	-9.700109	-1.6555905	39.042
2.5258827	-8.706514	0.29328972	39.102
-1.6184803	-7.2472486	-0.79966336	39.151
-1.8100165	-7.0664864	-0.6560113	39.201
-0.7625532	-7.941567	-0.093373865	39.242
-0.80086046	-7.4495587	0.81163436	39.291
0.17477672	-7.5429325	1.5011644	39.36
-0.82121116	-10.205285	2.5617957	39.432
0.08379706	-11.575965	3.6870706	39.45
1.4293385	-11.552023	3.1771057	39.482
-1.3108255	-14.94341	-0.997185	39.531
-6.9838862	-8.610746	-5.865794	39.591
-1.388637	-8.708909	1.5346833	39.641
-4.9655743	-8.469488	0.5231331	39.691
-0.61530983	-8.89805	-1.9237411	39.731
0.9792285	-6.1650696	-0.49440265	39.781
0.91578215	-8.605958	0.50278234	39.882
1.508347	-8.605958	0.50278234	39.882
0.6488287	-9.193734	0.7254431	39.952
-0.58538234	-9.928755	0.39384618	39.971
-0.58538234	-9.928755	0.39384618	39.971
2.8814218	-11.7064495	2.1284454	40.082
-4.9320555	-11.783064	-2.4636335	40.142
-3.6727054	-11.75553	-2.9161377	40.191
-4.4723687	-13.666103	-1.8507179	40.262
1.6663644	-10.277111	0.22505496	40.291
1.8207904	-6.871359	0.9911995	40.352
-1.0893618	-6.5002575	-0.050278235	40.392
-2.1380222	-7.3178773	0.760159	40.448
-1.5753847	-7.406463	0.92895025	40.491
0.10175357	-7.067683	1.9536686	40.538
-0.49200845	-9.332599	0.78769237	40.601
0.6368576	-12.807782	3.098097	40.642
1.1133038	-10.623073	3.2956185	40.7
-7.824251	-19.073408	-3.4739866	40.741
-6.093243	-7.8912888	-2.9293058	40.791
-0.8379706	-8.094796	-0.8595184	40.841
-7.380127	-9.870096	0.29568392	40.891
-0.22385786	-9.165004	-1.4137762	40.941
1.1312603	-7.019799	-0.21547815	40.971
0.17956513	-9.495404	-0.5303157	41.072
0.61890113	-9.352949	-0.18555063	41.089
-0.18076223	-8.872911	0.8714894	41.141
-0.60214174	-8.661025	1.9153614	41.191
1.5119383	-9.568427	1.472434	41.241
-0.5231331	-9.520543	1.2785037	41.291
-8.34499	-10.839748	-1.8531121	41.341
-5.3725886	-14.561535	-4.213795	41.391
-2.4516625	-12.573151	-1.2150574	41.441
-2.0003555	-9.187749	0.59017074	41.499
1.5167267	-8.892065	0.16519992	41.542
0.2633622	-5.8598084	1.174356	41.591
-1.6962919	-6.4152637	1.4568717	41.64
-2.4779987	-7.603985	2.7473464	41.73
-0.56982	-7.603985	2.7473464	41.73
1.614889	-9.7084875	4.322731	41.802
0.11372458	-10.260351	3.453636	41.858
1.0366893	-11.015722	3.4799721	41.892
-12.61864	-19.6133	-4.301183	41.941
-7.714118	-5.070919	-0.3842694	41.972
-0.61770403	-7.9475527	3.3315318	42.043
-7.323863	-12.392388	-2.3594859	42.1
0.16160862	-7.8039002	-2.1679497	42.141
-2.0506337	-7.4495587	-1.3383588	42.191
-1.7992426	-9.949105	-2.8431146	42.241
1.2988545	-9.884461	-0.92655605	42.289
2.9831753	-8.645462	0.36870706	42.342
0.8738836	-8.36175	1.650802	42.401
-0.016759412	-8.158242	0.770933	42.441
-2.2756886	-10.8229885	1.22224	42.491
0.93254155	-11.585542	2.3810337	42.541
0.9600749	-11.060015	3.1878796	42.589
-3.2668881	-12.454638	-4.8722005	42.631
-4.3837833	-9.5732155	-0.7505822	42.739
-3.9073372	-9.5732155	-0.7505822	42.739
1.6292542	-9.372103	0.29448682	42.801
-1.0079589	-7.524976	0.33877954	42.85
-2.019509	-6.8641763	1.1875241	42.902
-1.5921441	-7.1849995	1.5801731	42.951
-1.4987702	-7.2245035	2.4349031	42.982
0.91219085	-10.372879	3.892972	43.051
0.91338795	-11.422736	2.5941176	43.102
0.32920274	-12.253524	3.867833	43.151
-6.467936	-14.146141	0.48602295	43.206
-7.04015	-10.278308	-3.9360676	43.245
-1.3682863	-9.380483	-1.5298948	43.301
-6.0082493	-8.672996	-1.0474633	43.341
-1.9907787	-8.75799	0.50637364	43.392
0.25498247	-7.9571295	-2.0530279	43.441
-1.7477672	-7.074866	-0.03232172	43.491
-2.1811178	-8.5473	-0.38187516	43.542
-0.6667852	-9.167398	0.095768064	43.582
1.2114661	-9.313444	1.1300632	43.642
0.24899697	-8.826224	2.469619	43.691
0.108936176	-9.97185	1.9716251	43.753
-0.2657564	-11.623849	1.174356	43.791
0.8523358	-12.607866	-4.675876	43.841
-1.0893618	-11.349713	-4.9164934	43.883
-2.6001031	-8.718486	0.59855044	43.966
1.4987702	-8.477868	-0.09696517	44.042
0.10414778	-8.477868	-0.09696517	44.042
-3.2309752	-7.2951326	-0.2681506	44.091
-1.685518	-8.15106	0.427365	44.151
-1.7310078	-7.2819643	0.23104046	44.201
-0.2681506	-9.763555	0.19991584	44.241
2.0841527	-9.998186	2.4301147	44.291
3.4943373	-9.194932	2.6312277	44.352
2.1655555	-13.567941	-9.051279	44.402
-10.320207	-17.96609	-4.413711	44.442
-3.1172507	-8.4587145	-5.1343656	44.491
-6.647501	-8.817844	0.56982	44.551
-2.7126305	-9.85214	-0.60932434	44.601
-0.533907	-7.6614456	-1.0354922	44.651
-2.9005754	-6.9371996	-0.10534488	44.702
-1.685518	-6.482301	0.7015011	44.741
-0.5662287	-8.099585	-1.0402806	44.801
-1.0821792	-9.036914	-0.35793316	44.842
0.48841715	-8.340201	0.5734113	44.901
0.89184016	-8.623915	-0.19273324	44.931
0.29448682	-9.719262	-0.12569559	44.981
0.6955156	-12.334928	1.9991584	45.064
1.2892777	-11.95784	-0.878672	45.123
0.12928689	-11.716026	0.0047884034	45.151
-3.5362358	-9.083601	-4.1718965	45.191
-5.2061915	-6.6726403	0.3184288	45.231
2.80361	-11.408371	-1.697489	45.291
0.46208093	-12.172121	-1.5873557	45.332
-2.255338	-9.040505	0.34835634	45.391
-0.62847793	-8.755595	-0.23702596	45.452
0.20470424	-7.3968863	0.24061728	45.522
-0.34476504	-7.249643	0.2873042	45.542
0.0047884034	-7.5405383	-0.008379706	45.602
-0.36990416	-9.161413	1.1240777	45.631
1.2749124	-10.821792	3.3399115	45.702
1.5634137	-11.258734	1.3682863	45.742
-0.3184288	-18.84476	0.027533319	45.796
-1.9117701	-8.347384	-1.1791444	45.841
-0.8295909	-3.7433343	1.8171991	45.901
-3.2094274	-10.201694	-2.2828712	45.941
-4.262876	-11.869255	-1.7070658	45.983
-0.8798691	-7.627927	1.4616601	46.049
0.055066638	-8.078036	-0.19991584	46.091
-0.7326257	-8.977059	-0.19871874	46.182
0.4429273	-8.977059	-0.16400282	46.201
0.47285482	-9.40203	-0.22026655	46.252
-0.11731588	-8.64666	0.18914193	46.302
-1.4341269	-11.200075	0.6775591	46.341
3.490746	-12.26789	1.6915035	46.402
-0.9600749	-12.872425	-0.9576807	46.441
-0.17717093	-12.073959	-3.1124623	46.502
-6.7121444	-6.6882024	-1.4736311	46.551
-3.0382419	-8.265982	1.2677298	46.588
1.2785037	-12.650962	-1.8351556	46.642
-0.33399114	-8.619126	0.50757074	46.691
-1.4089876	-7.881712	0.40222588	46.751
-0.5434838	-7.9451585	0.46208093	46.795
-0.30645782	-7.6734166	1.1384429	46.852
-0.16400282	-7.7679873	1.352724	46.902
0.7445967	-9.040505	2.0949266	46.941
-0.09816227	-8.987833	0.6991069	46.974
-0.09816227	-8.987833	0.6991069	46.974
-0.09816227	-16.361975	-2.3080103	47.101
1.946486	-5.403713	3.5350387	47.152
2.373851	-7.380127	-3.4404678	47.202
-5.305551	-10.807426	-2.5007436	47.234
-3.2549171	-8.747216	0.89543146	47.291
0.8762778	-7.773973	-0.045489833	47.341
-0.35913026	-8.061277	-0.20709845	47.402
-0.49081135	-9.865308	-1.0426749	47.459
-0.39384618	-8.935161	1.0354922	47.522
0.08738836	-8.586804	1.316811	47.542
2.895787	-8.401254	0.62608373	47.582
-0.30166942	-11.180922	0.7673417	47.641
-1.0259154	-11.112687	1.9967642	47.691
1.1707647	-11.688493	-2.1212628	47.741
-1.0965444	-10.012551	-4.9548006	47.791
-5.519832	-6.7324953	-0.81642276	47.839
1.7286136	-12.357672	-1.6950948	47.892
1.021127	-9.877279	-1.2473791	47.941
-1.8148049	-8.863335	-0.50996494	47.991
-0.5566519	-8.817844	-0.6392518	48.045
-0.47764325	-7.797915	-0.92655605	48.101
-1.3623008	-8.049306	-0.5781997	48.136
-0.7781156	-8.099585	0.20470424	48.191
0.21906945	-9.246407	-0.11372458	48.232
0.93014735	-10.655395	-1.2282255	48.313
2.007538	-9.1590185	-1.2282255	48.383
-6.147113	-17.18558	-5.9029045	48.383
-8.858546	-6.7923503	-2.445677	48.452
-3.357868	-11.383232	-0.015562311	48.511
-3.1376014	-11.717223	-2.7138276	48.554
-0.49679685	-9.745598	-2.1021092	48.602
-3.4320881	-8.135497	-3.015497	48.651
-3.50152	-8.761581	-3.107674	48.693
-0.9504981	-8.477868	-2.991555	48.742
0.7793127	-9.198523	-1.340753	48.799
0.11252748	-10.198102	-1.7310078	48.851
0.16400282	-9.624691	0.9672575	48.915
0.59256494	-9.068039	1.2916719	48.952
0.92176765	-8.444349	0.5770026	48.993
-0.21547815	-10.809821	-0.7350199	49.051
-5.1918263	-8.42759	-0.5614403	49.101
0.2717419	-10.765528	-3.0897174	49.151
0.38187516	-10.736797	1.0247183	49.201
-0.688333	-10.357317	0.89184016	49.272
0.89543146	-10.787076	0.5554548	49.286
-0.033518825	-8.333019	2.955642	49.351
-0.724246	-7.5453267	2.7700913	49.401
-0.7206547	-7.904457	3.0550013	49.452
-0.79607207	-7.836222	2.9712043	49.502
0.36391866	-8.771158	4.462792	49.552
1.1683705	-9.551667	4.232949	49.602
-2.4109612	-13.7367325	1.271321	49.642
-6.160281	-11.47062	-1.3000516	49.691
-2.8886044	-8.303091	-1.6101006	49.731
-2.8754363	-10.212467	-0.94331545	49.791
0.0047884034	-9.385271	-1.0271125	49.851
-1.1049241	-7.559692	0.23104046	49.891
0.108936176	-8.380903	-0.1388637	49.951
0.1328782	-10.08318	-0.9540894	49.991
0.1328782	-10.08318	-0.9540894	49.991
1.2246342	-8.809465	1.6328455	50.092
1.2725182	-8.801085	1.5969325	50.153
0.19153613	-9.348161	1.8734628	50.191
0.016759412	-10.605117	2.505532	50.249
0.8475474	-11.9374895	2.3906105	50.292
-1.4664485	-13.627796	-4.759673	50.341
-7.1993647	-10.0987425	-3.0322564	50.391
-0.8343793	-8.465898	2.4983494	50.437
3.3255463	-13.055582	-1.6304513	50.484
-1.4688427	-7.753622	0.62847793	50.541
-0.45729253	-7.6267295	1.2868834	50.609
-0.61890113	-7.0221934	1.3120226	50.662
-1.4867992	-6.8162923	1.520318	50.698
0.61411273	-7.0569096	2.7976246	50.751
-1.2425907	-9.701305	0.8439561	50.791
-0.7553706	-11.056423	2.5510218	50.832
1.3874398	-10.9822035	2.814384	50.884
-2.0159178	-19.376274	-5.5461683	50.941
-1.5107412	-4.394557	1.532289	50.991
-1.9428947	-10.807426	-3.217807	51.051
-4.146757	-10.964247	-0.36272156	51.091
-0.37469256	-8.832211	0.1364695	51.141
0.18914193	-8.117541	0.9756372	51.181
-0.0023942017	-8.710106	0.8643068	51.253
-0.35673606	-8.881291	0.91937345	51.292
0.2669535	-8.4587145	1.3192052	51.338
-0.039504327	-8.98903	1.6220716	51.391
1.2126632	-9.002198	2.098518	51.441
0.094570965	-9.916783	1.5370775	51.489
0.47405192	-12.849681	2.292448	51.551
-0.9864111	-12.389994	0.33518824	51.601
-3.1783028	-7.644686	-2.7940333	51.641
-2.1200657	-11.253945	1.7489643	51.711
2.6084828	-12.716803	-0.2645593	51.778
-1.0929531	-11.376049	-0.7637503	51.801
-1.62686	-8.589199	1.1599907	51.841
-0.2621651	-8.1558485	1.1575965	51.874
-1.2366052	-6.7013707	2.0494366	51.952
0.03232172	-6.9982514	2.9317	51.98
0.03232172	-6.9982514	2.9317	51.98
-0.37828386	-10.807426	2.3403323	52.107
-0.61052144	-12.817359	0.6835446	52.152
-0.5446809	-17.60217	0.44651863	52.191
-2.5617957	-7.538144	3.478775	52.251
1.6639702	-6.362591	1.6519991	52.29
-4.961983	-10.439917	-0.93972415	52.342
-3.0466216	-10.605117	0.18195933	52.383
-1.0390835	-8.596381	-0.10055647	52.452
0.22744916	-7.109582	1.2773066	52.483
0.15442601	-8.878897	0.37349546	52.548
-0.7086837	-9.212888	0.62249243	52.592
-1.2318168	-10.178948	0.6500258	52.641
-0.82599956	-9.012972	1.4748282	52.701
1.2569559	-9.244013	1.0522517	52.731
-1.697489	-13.488933	-2.2529438	52.802
-5.7041855	-12.395979	-2.005144	52.852
-0.61291564	-6.766014	0.1316811	52.891
2.7760768	-11.152191	0.6560113	52.991
-2.3930047	-11.152191	0.6560113	52.991
-2.3930047	-11.152191	0.6560113	52.991
-0.79248077	-8.3390045	1.5275006	53.091
-1.9668367	-7.2508397	1.1456255	53.152
-1.6196774	-7.386112	2.1583729	53.201
-0.16759412	-7.5094137	1.508347	53.241
0.7038953	-9.435549	-0.62967503	53.301
-1.0307038	-9.709685	-0.6572084	53.331
0.33039984	-14.158112	-2.694674	53.401
-4.425682	-9.657013	-0.4213795	53.442
-1.5945383	-11.253945	0.46208093	53.491
-0.48482585	-10.431537	-1.1204864	53.541
-0.9660604	-8.783129	-0.60453594	53.602
-0.81642276	-9.55885	-0.90021986	53.641
-0.20111294	-9.570822	-0.78170687	53.691
0.08499416	-9.23683	0.38307226	53.751
0.6919243	-9.998186	-0.51475334	53.822
0.7038953	-9.526528	0.21428105	53.842
0.16879122	-9.472659	0.7302315	53.891
0.2908955	-9.483433	1.7022774	53.961
0.5566519	-9.099164	1.8698715	53.991
0.5566519	-9.099164	1.8698715	53.991
-1.2497733	-9.427169	2.3056161	54.091
0.20829555	-9.758766	3.5984852	54.15
-1.733402	-12.988544	-2.3391352	54.191
-6.6654577	-11.283873	-1.1899183	54.242
0.09935937	-7.657854	-2.6922798	54.283
0.81402856	-8.853758	2.2505496	54.332
-0.48243165	-10.93791	0.63087213	54.391
-0.3854665	-8.637083	2.5330653	54.452
-0.11492168	-8.700529	2.5953147	54.491
-0.17717093	-8.2516165	3.347094	54.541
0.24899697	-8.243237	3.9707835	54.6
-0.46088383	-7.823054	3.7924154	54.646
-0.58538234	-7.7332716	2.9580362	54.701
-1.7477672	-8.9602995	2.754529	54.751
-0.81881696	-9.119514	3.693056	54.802
0.8870517	-8.379706	5.2624555	54.831
-0.93972415	-13.019669	3.0753522	54.901
-1.2210429	-8.926781	0.7398083	54.941
-1.8028339	-9.454702	1.2270284	54.991
-2.6396074	-9.600749	2.8443117	55.052
-0.80325466	-8.599973	1.2665327	55.122
-2.7401638	-7.807492	1.6364368	55.152
-0.12330139	-7.529764	1.1707647	55.202
-0.29568392	-8.1797905	0.40462008	55.265
-1.2138603	-9.483433	0.3866636	55.324
-1.2916719	-9.487024	0.7326257	55.338
-0.17597382	-9.56723	1.3563153	55.392
0.4369418	-11.610682	2.4624364	55.449
-1.1994951	-14.259866	-1.8435353	55.495
-5.2887917	-11.88362	-1.9141643	55.551
-1.1192893	-7.3083005	4.735731	55.601
-0.82001406	-8.76637	1.7812861	55.638
-3.0442274	-9.309854	0.60214174	55.701
-1.6448165	-9.390059	1.0247183	55.741
-0.79008657	-7.961918	1.8818425	55.801
-1.3970166	-7.60997	1.4664485	55.851
-1.5753847	-7.4723034	1.555034	55.897
-1.009156	-8.026561	1.6424223	55.952
1.472434	-9.5971575	1.6531962	55.991
1.472434	-9.5971575	1.6531962	55.991
-1.2665327	-12.398374	-0.5386954	56.091
-4.5166616	-14.671668	0.21068975	56.151
-5.9041014	-7.6231384	-1.9416976	56.202
-3.2788591	-10.169372	0.3866636	56.251
-1.9716251	-11.410766	-2.5306711	56.301
-1.448492	-7.699753	-1.8435353	56.342
-1.186327	-8.9124155	-1.1432313	56.402
1.2497733	-10.309433	0.031124622	56.441
0.5734113	-9.1829605	0.8738836	56.491
1.2378023	-9.709685	2.019509	56.551
1.471237	-8.289924	3.098097	56.601
0.4201824	-9.160215	2.7964275	56.651
0.29448682	-9.498995	2.5354595	56.701
-3.3279405	-12.309788	-0.91578215	56.741
-6.503849	-9.709685	-3.750517	56.822
0.16400282	-8.683769	0.1328782	56.841
2.2900538	-11.274296	2.0817583	56.891
-1.8112136	-10.589554	1.2174516	56.952
-1.459266	-8.589199	1.7669208	56.992
-1.459266	-8.589199	1.7669208	56.992
-0.8690952	-6.803124	2.2337902	57.102
-0.712275	-7.177817	3.276465	57.16
-0.7577648	-8.779537	3.2489316	57.222
0.5674258	-9.23683	2.3439236	57.238
0.4261679	-11.579556	-0.6835446	57.301
-2.7269957	-17.070658	-2.3127987	57.346
-3.2202013	-7.8912888	-0.9840169	57.404
-1.7812861	-9.937134	1.4281414	57.451
-1.9716251	-10.539276	0.94570965	57.501
-1.2976574	-9.4535055	0.4261679	57.551
-0.08738836	-8.354567	0.997185	57.591
-0.62728083	-9.43076	0.37948096	57.665
-0.8391677	-8.979453	0.7469909	57.692
-0.32202014	-9.131485	1.6448165	57.741
-0.92296475	-9.409213	1.234211	57.781
0.18794483	-9.169792	1.6196774	57.841
-0.35314476	-10.545261	1.0510546	57.891
-1.0079589	-10.405201	1.9141643	57.941
-1.6771383	-11.95784	-0.10414778	57.987
-2.5605986	-9.957485	-3.0023289	58.042
0.89543146	-7.7967176	4.7189717	58.091
0.18914193	-9.721656	1.520318	58.141
-1.1923125	-10.210073	1.9357121	58.201
-0.88944596	-8.796297	2.4540567	58.241
-0.5662287	-8.372523	2.552219	58.291
-0.9876082	-8.3150625	3.1483753	58.341
-1.5849615	-8.291121	3.122039	58.391
-1.1192893	-8.127118	3.4452562	58.453
-0.8678981	-9.163807	2.4025815	58.528
-0.62967503	-9.163807	2.4025815	58.528
1.2940661	-9.657013	3.7469256	58.591
3.1376014	-10.344149	3.6607344	58.662
-2.7856536	-14.093469	-0.29807812	58.692
-5.483919	-9.925163	0.12330139	58.741
-2.5222914	-8.139089	0.4249708	58.801
-2.8491	-9.883265	1.021127	58.852
-1.4951789	-10.527305	0.6823475	58.882
-0.095768064	-8.731653	0.48243165	58.942
0.6679823	-8.321048	1.922544	58.982
0.6679823	-9.48463	1.5490485	59.074
-0.02873042	-9.363723	1.8052281	59.098
0.5746084	-8.908825	2.2349873	59.151
0.260968	-8.866926	2.172738	59.202
-0.25617957	-9.504981	2.066196	59.25
-0.23223756	-9.793482	1.1456255	59.292
0.63087213	-10.395624	2.3235726	59.345
-1.3479356	-12.873623	-0.48362875	59.402
-4.8398786	-10.368091	-3.9013517	59.441
1.2904748	-7.9116397	2.134431	59.491
0.4405331	-8.743625	2.5701754	59.541
-1.7537527	-11.318588	0.9816227	59.602
-1.1779473	-9.909601	1.4065934	59.652
-0.9564836	-7.4351935	2.7581203	59.692
-2.0039468	-8.558074	2.6060886	59.731
-1.3096284	-7.5968018	3.7732618	59.791
-0.82480246	-8.495825	3.5757403	59.841
-0.8810662	-10.260351	3.5924997	59.891
-1.5945383	-12.480973	2.2840683	59.932
-1.2868834	-9.461885	1.7166426	59.991
-1.2868834	-9.461885	1.7166426	59.991
