0.0	0.0	0.0	0.0
0.0	0.0	0.0	0.0
-1.4209588	-9.398438	1.5801731	0.089
-1.638831	-9.854534	0.7230489	0.153
-1.4508862	-9.507375	1.3850456	0.231
-1.2126632	-9.507375	1.3850456	0.231
-1.2330139	-9.459491	1.4676456	0.301
-1.3204023	-9.5253315	1.4030021	0.351
-1.3575124	-9.540894	1.4317327	0.389
-1.3515269	-9.552865	1.4401124	0.44
-1.3335704	-9.522937	1.3587095	0.5
-1.376666	-9.533711	1.377863	0.539
-1.4329298	-9.445126	1.389834	0.589
-1.2246342	-9.600749	1.2174516	0.639
-1.2389994	-9.64983	1.2366052	0.699
-1.1085154	-9.552865	1.3299791	0.74
-1.0390835	-9.498995	1.4688427	0.789
-1.2509704	-9.502586	1.3335704	0.849
-1.4772224	-9.491813	1.282095	0.919
-1.4939818	-9.43914	1.2617443	0.938
-1.4520833	-9.583989	1.1348516	0.952
-1.0115502	-9.600749	1.2150574	1.049
-0.6356605	-9.672575	1.389834	1.099
-0.48961425	-9.458294	1.364695	1.147
-0.5566519	-9.652225	1.2785037	1.199
-0.5482722	-9.516952	1.3742718	1.249
-0.50397944	-9.713276	1.1001357	1.31
-0.92895025	-10.212467	0.94930094	1.35
-1.5011644	-10.018537	1.6124948	1.399
-1.2198458	-10.159795	1.3251907	1.449
-1.9321208	-8.579621	1.2437878	1.499
-0.4429273	-7.098808	3.8486793	1.538
2.719813	-10.286688	3.8031895	1.579
-1.1336545	-8.252813	2.7808652	1.649
-1.1061212	-8.847773	3.2549171	1.699
-1.0067618	-9.112331	2.9963434	1.749
-0.7410054	-8.992621	3.25372	1.809
0.46686932	-9.121908	3.642778	1.849
0.7565677	-9.076419	3.2154129	1.915
0.23343466	-12.058397	1.9393034	1.93
-2.7748797	-8.966286	4.5082817	1.988
-2.7748797	-8.966286	4.5082817	1.988
-1.5646108	-8.696938	-0.04189853	2.1
-1.578976	-10.030508	-1.8986019	2.149
-2.7808652	-10.375273	-0.58538234	2.2
-0.04309563	-9.259575	-0.521936	2.249
-0.06703765	-9.14585	0.055066638	2.299
-0.20231004	-9.4774475	0.2777274	2.349
0.39624038	-9.809045	0.5363012	2.399
0.15801731	-9.862914	0.06584055	2.435
0.50876784	-8.835801	0.40940848	2.52
0.7278373	-8.835801	0.415394	2.551
-0.6560113	-10.011354	0.8283938	2.601
0.47165772	-9.520543	2.1751323	2.659
1.2210429	-9.865308	2.7353754	2.69
-1.7154455	-12.059594	2.1332338	2.729
-2.0362685	-13.156138	-2.6874914	2.799
-6.789956	-8.009802	-4.110844	2.849
-5.9064956	-6.135142	-0.521936	2.909
1.198298	-10.201694	-1.3611037	2.949
-0.688333	-10.850522	0.36391866	2.989
-0.688333	-8.707711	0.51235914	3.065
-1.103727	-9.204509	1.7657237	3.137
-1.79206	-8.781932	1.8447324	3.151
-1.1599907	-8.932767	2.360683	3.199
0.80684596	-8.4347725	3.0909145	3.249
1.3718776	-7.5429325	3.2261868	3.299
0.37708676	-9.260772	2.517503	3.349
-0.034715924	-11.3964	2.657564	3.379
0.35434186	-10.472239	3.822343	3.449
-3.2620997	-16.233885	-1.7250223	3.489
-2.6001031	-5.6778493	3.1148565	3.549
1.3012487	-6.9707184	0.6799533	3.599
-4.972757	-11.850101	-2.3259668	3.649
-5.374983	-8.833407	-0.15442601	3.702
-0.6332663	-8.412027	-0.34955344	3.76
0.2693477	-8.24563	-0.110133275	3.782
0.7290344	-9.921572	0.11492168	3.849
0.9564836	-10.261548	0.05267244	3.899
0.4381389	-8.694544	1.6424223	3.949
0.8774749	-8.406042	1.7046716	3.979
-1.0043676	-9.838972	0.0047884034	4.049
-1.8567034	-10.104729	0.48123455	4.091
-0.9935937	-10.231621	0.7433996	4.14
1.1887212	-10.59554	3.2094274	4.21
1.6160861	-10.957064	-0.557849	4.279
-0.94211835	-10.957064	-0.557849	4.279
-4.691438	-7.0952168	-1.4975731	4.349
-1.1683705	-8.8884735	0.20231004	4.399
1.9177556	-12.619837	0.49081135	4.441
-0.2669535	-10.226832	1.661576	4.5
-1.4496891	-7.6746135	1.186327	4.549
-1.1061212	-8.2516165	1.3826514	4.599
-1.9967642	-8.372523	1.7357962	4.663
-1.0845734	-8.725668	1.1599907	4.71
-0.92176765	-8.725668	1.1599907	4.738
-0.24899697	-8.799889	0.91458505	4.799
-0.017956512	-9.083601	1.365892	4.844
1.9680338	-10.259154	1.1085154	4.889
1.4676456	-10.171766	0.02873042	4.949
-3.0825348	-14.560338	-2.5366566	4.99
-6.4272346	-8.544906	-0.1604115	5.049
-2.220622	-7.9810715	0.45010993	5.099
-3.7732618	-8.317456	-1.091756	5.195
-0.7565677	-8.317456	-1.091756	5.195
-0.51235914	-8.540117	-0.4141969	5.249
-2.6551697	-9.403227	-1.7345991	5.299
-2.2493525	-9.544485	-1.7753005	5.349
-0.8858546	-10.224439	-1.757344	5.399
-0.415394	-10.43872	-0.6500258	5.439
0.6392518	-10.226832	-0.8858546	5.506
-0.2885013	-9.214086	0.8379706	5.55
0.736217	-9.210494	0.8535329	5.596
0.7158663	-7.9355817	2.5929205	5.64
-0.5303157	-9.736021	1.3479356	5.691
-1.376666	-9.336189	2.9724014	5.749
-0.80804306	-11.68131	0.19153613	5.799
-3.7816415	-13.619416	-2.160767	5.849
-3.0753522	-7.0425444	-5.1607018	5.899
1.2605472	-7.9583263	0.78769237	5.949
2.219425	-9.045294	0.09696517	5.971
2.219425	-9.045294	0.09696517	5.971
-0.94331545	-8.688558	1.0498575	6.099
-0.6560113	-9.773131	0.842759	6.153
-0.8858546	-8.635885	2.597709	6.21
-0.82001406	-8.183381	2.8000188	6.24
-0.15801731	-8.738836	2.0087352	6.299
-1.7058687	-8.531737	1.4293385	6.345
-2.847903	-9.856929	2.1176715	6.389
-2.098518	-9.451111	3.8762126	6.449
-3.2465374	-14.701595	-0.81642276	6.499
-4.608838	-12.181698	-0.6488287	6.551
-0.7625532	-10.184934	2.8562827	6.579
-0.4213795	-9.109938	-2.9628246	6.659
-1.8818425	-7.831434	-2.585738	6.699
-0.7266402	-9.317036	-1.292869	6.749
1.3227965	-9.534908	-0.3890578	6.8
1.0354922	-9.137471	-0.49320555	6.849
-0.9828198	-9.105149	0.037110128	6.899
-0.724246	-9.744401	0.18435353	6.949
-0.20231004	-9.293094	0.1592144	6.99
-0.20231004	-9.293094	0.1592144	6.99
-0.2873042	-9.764751	-0.0047884034	7.099
-0.5686229	-9.552865	0.35793316	7.149
0.9648633	-10.724827	0.2801216	7.195
-0.7230489	-13.323732	-0.59376204	7.264
-1.555034	-13.645753	-1.9452889	7.299
-5.8442464	-7.739257	-3.9372647	7.349
-2.5462334	-4.9799395	0.33279404	7.399
2.3199813	-11.739968	0.94211835	7.449
-0.7445967	-8.948329	1.3072342	7.499
-0.8343793	-8.457518	1.2473791	7.549
-0.94570965	-8.892065	1.6771383	7.599
-1.5143325	-8.763975	1.6448165	7.649
-1.0223241	-8.625112	1.6124948	7.699
0.17717093	-8.005013	1.8124107	7.75
-1.5921441	-8.177396	1.0522517	7.799
-1.3455414	-9.330204	0.5662287	7.849
0.94451255	-10.46745	0.9624691	7.891
2.0733786	-13.456611	-0.31244332	7.944
-2.3570917	-18.377892	-1.4053963	7.981
-2.3570917	-18.377892	-1.4053963	7.981
-2.4983494	-7.639898	0.4261679	8.092
-2.9340942	-12.637794	-1.8195933	8.159
-0.79726917	-8.195353	-0.712275	8.199
-1.0378864	-8.139089	-0.4165911	8.259
-1.7872716	-8.902839	-0.7577648	8.287
-0.2645593	-9.759963	-1.1336545	8.348
0.5554548	-10.001778	-0.6572084	8.399
0.32680854	-9.625888	0.61291564	8.449
0.19153613	-9.734824	0.24061728	8.499
-1.2653356	-9.745598	0.7098808	8.549
-0.62967503	-9.491813	1.4137762	8.629
-1.0151415	-9.221268	1.9309237	8.649
-0.8331822	-9.212888	2.695871	8.699
-1.7286136	-13.36204	-1.6627731	8.739
-3.2680852	-11.0695915	-4.867412	8.799
-3.681085	-5.7377043	-2.6252422	8.85
-0.2621651	-8.045714	-0.7589619	8.899
0.095768064	-10.06283	-0.6823475	8.945
-0.36032736	-10.485406	-0.51235914	8.954
-2.348712	-10.556035	-0.24899697	9.003
-0.9911995	-9.581595	1.508347	9.089
-1.3299791	-8.433576	2.3068132	9.149
-0.8415619	-7.4723034	2.6755204	9.199
-0.47524905	-7.3992805	2.3570917	9.249
-1.8207904	-8.850166	1.0714053	9.299
-0.48123455	-11.555614	2.006341	9.349
1.4903905	-10.605117	3.775656	9.399
-3.7900212	-16.53316	0.22146365	9.449
-5.580884	-10.512939	-0.59495914	9.489
-2.219425	-2.8455088	1.9369092	9.54
-0.7398083	-10.133459	-1.2090719	9.599
-2.7748797	-12.49893	-1.8171991	9.64
-2.9520507	-8.991425	-0.5638345	9.696
-1.6579847	-8.620323	0.2837129	9.749
-0.40222588	-8.974665	-0.49679685	9.799
-0.415394	-9.844957	-0.30166942	9.827
0.92176765	-9.737218	0.58538234	9.894
0.33638534	-8.925584	1.3275849	9.949
-1.1121067	-9.617508	0.29448682	9.999
-1.3395559	-10.316615	0.6476316	10.072
0.49919105	-10.371682	0.973243	10.1
-0.9684546	-12.045229	2.0482395	10.14
-0.6835446	-13.426683	0.06823475	10.19
-3.6332011	-7.368156	-1.5777789	10.249
-2.1823149	-5.8226986	-1.033098	10.299
-0.023942016	-9.514558	2.1679497	10.329
-2.372654	-11.050438	0.09696517	10.399
-1.0702082	-9.223662	1.8171991	10.449
-0.557849	-9.313444	2.4145525	10.491
-1.4496891	-8.544906	2.7940333	10.549
-1.8614918	-7.9607205	3.0418332	10.589
-0.40940848	-7.4806833	3.309984	10.641
-0.6691794	-7.6482773	2.420538	10.679
-1.4508862	-10.638636	2.1799207	10.749
-0.062249243	-9.947908	4.1623197	10.799
-1.0139444	-17.882292	0.14844051	10.849
-4.211401	-8.034941	1.3455414	10.899
-1.851915	-4.783615	1.887828	10.939
-1.2114661	-9.210494	-1.5753847	10.999
-2.6647465	-11.371261	-2.4672248	11.021
-3.4332852	-9.921572	-0.8319851	11.079
0.12210429	-8.700529	-0.62967503	11.149
-0.2837129	-9.039309	-0.17717093	11.185
-0.8870517	-10.260351	-0.7314286	11.249
0.33159694	-9.576807	0.50278234	11.313
0.7469909	-9.078813	1.021127	11.379
-0.46327803	-8.664616	0.9720459	11.399
-0.6404489	-9.229648	0.5434838	11.449
-1.3359646	-10.536881	0.8367735	11.504
1.2054806	-10.348937	2.767697	11.57
-3.1555579	-12.430696	1.9165585	11.599
-2.1284454	-13.206416	-1.6819267	11.649
-4.739322	-8.8645315	-4.582502	11.7
-5.3007627	-6.341043	-2.469619	11.72
0.05626374	-8.051701	1.30484	11.774
-2.433706	-10.085575	0.81642276	11.849
-2.2098482	-8.74961	1.4425066	11.899
-1.2378023	-8.949526	1.7022774	11.939
-1.7142484	-8.525752	2.3582888	12.023
-1.910573	-8.438364	2.3953989	12.038
-1.6196774	-7.884106	2.823961	12.099
-0.9708488	-8.149862	1.8112136	12.149
-0.79966336	-9.939528	1.0390835	12.199
1.7741034	-8.483853	3.5996823	12.249
0.17477672	-14.226347	0.6703765	12.299
-6.0321913	-17.302896	-0.30047232	12.349
-3.8498764	-3.9971197	1.7489643	12.442
0.48961425	-3.9971197	1.7489643	12.442
-3.0214825	-11.046846	-1.6448165	12.499
-4.5681367	-12.539632	-1.1085154	12.541
0.37588966	-9.24521	-0.4177882	12.59
-0.997185	-8.519767	0.4213795	12.649
-1.6986861	-8.665813	-0.78290397	12.699
-0.9947908	-9.568427	-0.6392518	12.741
-0.22744916	-9.892841	1.4281414	12.83
0.18914193	-9.030929	1.3192052	12.88
-0.47644615	-9.030929	1.3192052	12.88
-1.3000516	-10.120291	1.2042835	12.949
0.37469256	-10.879252	2.3810337	12.999
-1.352724	-12.059594	1.6412252	13.029
-1.352724	-12.059594	1.6412252	13.029
-4.1838675	-6.1530986	-3.0178912	13.141
-2.6803088	-6.331466	-0.08259996	13.19
0.1328782	-10.720038	1.7130513	13.249
-1.6759412	-11.591528	0.5542577	13.299
-2.3798366	-8.237251	1.8614918	13.349
-1.6005238	-8.5700445	1.6340426	13.39
-1.6927006	-8.827422	1.9740193	13.451
-1.5454572	-8.513782	2.385822	13.489
-1.5143325	-7.9870567	2.6910827	13.539
-1.8231846	-7.789535	2.0901382	13.599
-1.246182	-8.791509	2.2122424	13.639
0.17717093	-10.928333	0.997185	13.698
2.7126305	-10.329783	3.4883518	13.749
-1.8866309	-15.491682	-0.3184288	13.799
-5.117606	-9.11712	1.3910311	13.849
-0.8870517	-4.333505	0.7158663	13.899
-3.2333694	-11.176133	-1.5239093	13.949
-4.7405195	-10.038888	-1.0618285	14.002
-0.7302315	-8.439561	-0.24660277	14.039
-0.7302315	-8.439561	-0.24660277	14.039
-0.5638345	-9.414001	-0.11611878	14.149
0.1352724	-10.409989	-0.16998832	14.199
0.2825158	-8.944737	0.6512229	14.249
0.40342298	-9.31105	0.46686932	14.299
0.59017074	-9.539697	0.22026655	14.349
0.055066638	-9.703699	-0.04189853	14.399
-0.11252748	-9.791088	0.93732995	14.449
1.3215994	-10.155006	1.6112977	14.499
-1.009156	-11.461043	2.0350714	14.549
-0.2837129	-13.320141	-0.7158663	14.599
-2.9604304	-10.529699	-2.0123265	14.65
-4.3742065	-5.4504004	-1.6819267	14.699
-2.8455088	-7.5453267	0.6907272	14.75
-0.7422025	-11.0695915	-0.1376666	14.799
-1.8183962	-9.836577	1.1683705	14.879
-2.396596	-8.495825	1.1683705	14.879
-1.459266	-9.084799	1.7381904	14.949
-1.8782512	-8.8777	2.1942859	14.999
-1.6867151	-8.5700445	2.2756886	15.039
-1.6867151	-8.5700445	2.2756886	15.039
-0.16998832	-8.437167	1.9488802	15.14
-1.3263878	-9.200917	1.6352397	15.199
-1.4137762	-9.951499	1.4628572	15.242
-0.37229836	-14.599842	-0.4261679	15.301
-3.7840357	-14.549563	-1.2725182	15.353
-1.7537527	-3.1555579	3.3039982	15.399
0.25617957	-6.6367273	0.90141696	15.459
-1.1599907	-11.593922	-2.1811178	15.489
-2.6898856	-10.005369	0.22026655	15.549
-1.1599907	-8.707711	0.50757074	15.6
-0.90620536	-8.444349	-0.19033903	15.649
-1.4664485	-8.292317	-0.6967127	15.686
-1.9548657	-10.132261	-0.58657944	15.742
-0.21428105	-10.048465	0.34596214	15.799
-0.91219085	-9.446322	0.91697925	15.849
-1.8028339	-9.805453	0.31364042	15.899
0.08499416	-10.247183	0.44532153	15.949
1.2401965	-10.712855	1.9285295	15.999
0.045489833	-11.230003	1.7585411	16.041
0.045489833	-12.963405	-2.2134395	16.101
-5.2061915	-6.5110316	-3.3446999	16.149
-4.8733974	-5.434838	-1.2282255	16.2
1.1240777	-9.791088	1.5837644	16.248
0.90500826	-12.880805	0.90261406	16.299
-2.055422	-8.834604	1.5298948	16.349
-1.9620483	-7.678205	2.1918917	16.391
-1.6089035	-8.887277	2.054225	16.43
-0.6452374	-7.8050976	3.393781	16.491
-1.0833763	-7.5932107	2.9376855	16.549
-1.6328455	-7.9966335	2.1080947	16.605
-0.4297592	-11.325771	2.5354595	16.649
1.6567876	-10.043676	4.247314	16.699
0.41299978	-16.703148	-0.11372458	16.76
-5.4504004	-11.215638	-0.14724341	16.799
-2.5833437	-3.9576154	0.23223756	16.849
-0.39145198	-6.6271505	-0.7589619	16.899
-3.3279405	-13.166912	-1.5574282	16.949
-1.8543092	-8.6574335	-0.46327803	16.999
-0.9923966	-8.734048	-0.60573304	17.051
-0.25737667	-9.01776	-0.107739076	17.063
-0.46567222	-10.481815	-0.6859388	17.149
-0.11971009	-10.3932295	0.7194576	17.199
1.0366893	-8.8645315	1.4556746	17.249
0.033518825	-8.9363575	1.352724	17.299
-0.4177882	-10.03769	0.6931214	17.349
-0.7374141	-11.274296	0.5746084	17.387
-0.11851298	-9.837775	2.2577322	17.439
-1.2497733	-12.659342	0.34476504	17.499
-2.7700913	-10.529699	-3.6260185	17.549
-3.4368765	-5.5737014	-1.6783354	17.599
-1.3754689	-8.672996	0.50637364	17.649
0.41299978	-11.48738	0.59735334	17.694
-1.9093759	-10.69849	0.80924016	17.749
-1.9476831	-7.9391727	1.2629414	17.789
-1.1168951	-8.664616	1.2413936	17.846
-1.5897499	-8.040926	1.910573	17.9
-1.4879963	-7.9870567	2.3810337	17.929
-0.089782566	-8.573636	2.859874	17.999
-0.5422867	-9.340978	1.5227122	18.048
-0.82360536	-11.895591	1.7705121	18.11
0.16879122	-16.774975	-1.2066777	18.149
-5.816713	-14.681245	-1.5490485	18.189
-1.1456255	-2.7748797	2.1200657	18.25
-0.33159694	-5.531803	-0.21188685	18.289
-4.1252093	-13.183672	-2.1068976	18.349
-0.031124622	-8.811859	0.09935937	18.39
-0.34835634	-9.19134	-0.47046062	18.47
-1.4808137	-9.19134	-0.47046062	18.47
-0.32920274	-9.55047	-0.19153613	18.54
0.415394	-9.609129	0.36631286	18.591
0.44891283	-9.094376	1.1480197	18.649
0.48841715	-9.222465	-0.6859388	18.699
-1.9632454	-10.527305	0.130484	18.75
-1.8495208	-9.82341	1.0067618	18.799
-0.9648633	-11.633426	1.3838485	18.849
-1.1779473	-13.312959	0.32321724	18.899
-1.3922282	-9.8677025	-2.12246	18.949
-2.4253263	-6.2728086	-2.1679497	18.999
-2.5306711	-7.357382	-0.031124622	19.049
-1.7609353	-8.565256	0.6955156	19.059
-0.6739678	-10.490194	1.62686	19.147
-2.079364	-7.687782	1.3000516	19.199
-1.0845734	-8.9842415	1.79206	19.239
-1.4556746	-9.36492	2.2709002	19.299
-1.0546459	-8.318654	2.7629087	19.349
-0.074220255	-8.146272	2.6767175	19.399
-0.33877954	-8.310274	1.899799	19.449
0.45010993	-10.498574	2.5462334	19.499
2.1535845	-10.8229885	2.9340942	19.534
-0.760159	-15.759832	1.6950948	19.589
-4.770447	-6.613982	1.2318168	19.649
-1.4305356	-3.1160536	1.5442601	19.689
-1.7142484	-12.301409	-1.508347	19.791
-3.551798	-12.301409	-1.508347	19.791
-0.11611878	-8.7125	1.1216835	19.839
0.40821138	-9.288305	0.4297592	19.909
-0.4357447	-9.398438	0.7673417	19.96
0.59735334	-9.973047	0.6751649	19.999
1.3826514	-9.212888	1.9859903	20.049
1.0654198	-9.13388	2.03148	20.059
0.5255273	-9.276335	0.7350199	20.17
0.46447513	-10.767922	-0.25258827	20.209
-0.89662856	-12.12304	0.90381116	20.249
-0.31603462	-12.856863	-1.3144168	20.299
-3.6248214	-9.114726	-1.9261353	20.349
-3.2034419	-6.2512608	0.18674773	20.401
1.1145009	-9.621099	3.2034419	20.449
-0.80205756	-12.245145	0.029927522	20.489
-1.2868834	-8.908825	1.9620483	20.549
-0.5398925	-8.441956	2.4516625	20.599
-1.3970166	-8.463503	2.2888567	20.649
-1.0845734	-7.735666	2.3451207	20.699
-0.94092125	-8.215703	1.946486	20.749
-0.7278373	-11.905168	2.5139117	20.849
0.985214	-11.905168	2.5139117	20.849
-1.9680338	-19.182344	0.7062895	20.899
-3.1040826	-5.2480903	3.0478187	20.949
-0.48482585	-3.0897174	3.4284968	20.999
-1.7310078	-8.486248	-1.2054806	21.039
-3.4404678	-12.768278	-2.256535	21.069
-1.1384429	-8.052897	1.8291701	21.151
-2.0638018	-9.752781	-0.5781997	21.199
-3.0585926	-9.849746	0.10654198	21.251
-0.80804306	-9.749189	0.770933	21.299
1.2126632	-9.297882	1.1707647	21.34
-0.90141696	-9.166202	1.5933412	21.399
-1.9117701	-9.343372	1.103727	21.447
-0.36870706	-10.0269165	1.1563994	21.49
1.1312603	-12.263102	0.38067806	21.549
-1.0642227	-12.534843	2.079364	21.599
-3.0382419	-7.9188223	-1.7513585	21.649
-3.4129345	-6.2728086	-1.198298	21.7
-1.6699557	-7.9942393	1.4389153	21.743
-0.24301147	-11.6430025	0.38187516	21.808
-1.0486604	-9.314642	1.34195	21.859
-1.1611878	-8.392874	2.3702598	21.9
-0.90979666	-8.892065	3.098097	21.949
-1.1001357	-8.365341	2.9831753	21.989
-1.1599907	-8.061277	2.8072014	22.049
-0.5506664	-9.5385	1.816002	22.141
-2.542642	-9.5385	1.816002	22.141
0.79367787	-9.7563715	2.100912	22.199
3.4476504	-12.09431	2.4744074	22.249
-4.8578353	-15.783774	0.022744916	22.299
-1.8902222	-4.1922474	0.973243	22.349
0.9576807	-7.5333557	0.641646	22.399
-4.697424	-12.199655	-2.4887726	22.45
-1.7477672	-8.772355	1.3742718	22.5
0.48003745	-8.7125	0.6787562	22.549
-0.21188685	-9.221268	0.61650693	22.599
0.18435353	-10.180145	-0.010773907	22.649
-0.59495914	-9.625888	0.59974754	22.699
-1.0187328	-9.089587	1.0235212	22.74
-0.39504328	-9.755175	0.21906945	22.799
0.17357962	-9.406818	0.973243	22.839
-0.89662856	-10.147824	0.37229836	22.902
0.25977087	-10.803835	1.7812861	22.97
-0.6607997	-11.608287	1.6938977	22.994
-1.0749966	-12.917915	-0.5746084	23.049
-1.6112977	-12.695254	-1.1575965	23.059
-3.027468	-5.257667	-0.17238252	23.179
-2.4277205	-6.319495	0.47046062	23.197
-0.93014735	-11.244369	0.050278235	23.249
-1.0247183	-10.87207	0.21547815	23.304
-1.6867151	-8.160637	0.94451255	23.349
-0.39264908	-9.222465	1.1575965	23.399
-0.961272	-8.678981	1.6903064	23.449
-1.0402806	-8.364143	2.2361844	23.49
-0.5410896	-8.067263	2.0410569	23.546
-1.1121067	-7.905654	1.3503298	23.599
-0.3196259	-10.593145	1.9165585	23.64
2.3415294	-12.0727625	0.7218518	23.699
-0.053869538	-13.826515	1.8986019	23.749
-4.140772	-15.503654	0.90021986	23.78
-3.6272156	-4.525041	1.4520833	23.849
-0.020350715	-5.4288526	1.9967642	23.89
-2.2661119	-12.644977	-2.5330653	23.949
-1.5466543	-8.084022	1.3730747	23.999
-1.7369933	-7.559692	-0.8619126	24.049
-3.0502129	-9.592369	-1.3311762	24.069
-2.6072857	-10.011354	-0.092176765	24.179
0.8403648	-9.801862	-0.055066638	24.191
-0.7170634	-9.041702	0.3878607	24.249
-0.24420857	-9.167398	1.0905589	24.299
-0.017956512	-9.323022	1.0594343	24.349
1.9189527	-10.457873	2.208651	24.399
-2.5737667	-13.763068	-0.41180268	24.449
-2.755726	-11.34253	-0.2813187	24.499
-3.843891	-7.349002	-2.2625206	24.549
-4.068946	-6.50744	-2.1296425	24.592
-1.1911154	-8.827422	2.2960393	24.65
-0.11851298	-12.939463	0.08140286	24.699
-1.7286136	-8.755595	1.4915876	24.749
-1.4508862	-8.591593	1.922544	24.794
-1.5478514	-8.615535	2.4037786	24.849
-1.7118542	-7.763199	2.267309	24.891
-0.6787562	-7.6003933	2.396596	24.945
-0.40581718	-7.28795	2.8000188	24.991
-1.328782	-8.317456	2.4408886	25.029
1.3479356	-11.457452	2.8502972	25.069
-2.6862943	-19.440918	-0.15562311	25.14
-3.645172	-2.822764	2.5821466	25.219
-0.7302315	-2.1499932	3.0693667	25.238
-2.135628	-12.071565	-1.8662802	25.299
-5.2265425	-11.550826	-1.0402806	25.349
0.11372458	-7.8972745	1.9752164	25.399
-0.8331822	-8.856153	-1.0785879	25.443
-3.6332011	-8.201338	-0.92296475	25.504
-2.469619	-9.743204	-0.6380547	25.539
0.6691794	-9.969456	1.4700398	25.599
-0.59495914	-9.54209	1.697489	25.641
-1.8531121	-9.297882	1.1288661	25.7
0.6871359	-10.3692875	0.89543146	25.749
-1.0031705	-11.972205	0.6392518	25.817
-2.4959552	-10.904391	-1.8447324	25.88
-4.0342298	-8.051701	-2.492364	25.898
-4.8877625	-5.011064	-2.2900538	25.939
0.8750807	-9.7958765	2.7976246	25.999
0.40701428	-11.818976	1.198298	26.039
-1.1133038	-11.3880205	1.4197617	26.066
-1.1133038	-11.3880205	2.088941	26.151
-1.7633295	-8.532935	2.1631613	26.189
-1.127669	-7.445967	2.8060043	26.249
-0.7086837	-7.8182654	2.03148	26.349
-1.448492	-8.294712	2.03148	26.349
-2.373851	-11.089942	2.5797524	26.399
2.6479871	-9.744401	3.4320881	26.449
0.32920274	-15.10023	2.6300306	26.49
-6.353014	-11.283873	-0.2765303	26.549
-0.7230489	-3.3614593	0.9588778	26.599
0.25737667	-9.782708	-1.4185646	26.665
-4.0545807	-11.871649	-0.5542577	26.71
-2.5558102	-9.291897	0.8487445	26.739
-1.5622166	-8.969876	-0.22864626	26.801
-1.1911154	-8.925584	-0.062249243	26.841
-0.007182605	-9.417592	-0.142455	26.889
-0.05865794	-10.435128	0.36870706	26.951
0.11851298	-9.130288	1.3251907	26.999
0.089782566	-9.506178	0.09696517	27.049
-0.60693014	-9.460688	0.039504327	27.069
-2.5210943	-10.104729	2.066196	27.179
1.1384429	-10.383653	2.195483	27.192
-1.70946	-12.119449	1.0618285	27.249
-2.0913353	-12.567164	-2.148796	27.299
-3.6511576	-9.190144	-3.892972	27.339
-3.3135753	-6.1926026	-0.30406362	27.399
0.34117374	-9.903615	1.3311762	27.449
0.5422867	-12.181698	0.80564886	27.5
-1.5849615	-8.300697	1.6927006	27.55
-1.0833763	-8.693346	2.3523033	27.599
-1.827973	-8.535329	2.4756045	27.649
-1.7549498	-7.914034	2.6252422	27.699
-0.6332663	-7.491457	2.8874073	27.749
-1.3754689	-8.101978	2.2290018	27.799
-0.89902276	-9.508572	2.693477	27.849
2.7138276	-10.755951	2.56419	27.891
-3.2453403	-19.6133	1.0702082	27.949
-7.33344	-14.15452	-0.5482722	28.049
0.1316811	-2.5761611	2.3630772	28.049
0.81163436	-3.4859576	3.1387985	28.072
0.81163436	-3.4859576	3.1387985	28.072
-0.4249708	-8.512584	1.0450691	28.194
0.2873042	-8.767567	0.7086837	28.246
-1.8267759	-9.488221	0.2908955	28.299
-0.4357447	-10.694899	-0.20111294	28.349
-0.35194764	-8.91481	1.2521675	28.399
-1.186327	-8.993818	0.6584055	28.439
-0.8655039	-9.305065	0.6979098	28.499
-0.48482585	-11.318588	0.48841715	28.55
-0.49200845	-11.852495	2.0769699	28.599
-0.4297592	-12.540829	0.7565677	28.64
-2.789245	-7.606379	3.25372	28.699
-0.051475335	-8.977059	3.9444473	28.748
-3.9743748	-7.7488337	-4.260482	28.799
-1.3922282	-8.966286	2.6168625	28.845
0.074220255	-11.605893	1.8507179	28.899
-1.6843209	-9.434352	1.5993267	28.937
-1.1192893	-8.746018	2.4277205	28.989
-1.0307038	-8.552089	2.8167782	29.049
-1.2940661	-8.219295	2.8682537	29.076
-0.50996494	-7.7548194	3.1998506	29.149
-1.3826514	-7.9068513	2.445677	29.189
-2.2230163	-10.245986	2.4229321	29.261
2.6372132	-9.78989	2.7581203	29.326
1.8363527	-11.632229	2.9987376	29.349
-4.289212	-16.098612	-0.52073884	29.399
-5.1379566	-7.3549876	0.81761986	29.439
-0.33039984	-5.133168	1.6304513	29.499
-3.0202854	-12.556391	-1.5346833	29.549
-2.6360161	-10.584765	0.6907272	29.599
0.89184016	-8.74961	-0.39743748	29.649
-0.9528923	-8.384495	0.6823475	29.699
-1.0342951	-11.274296	-0.82001406	29.783
-1.2174516	-11.274296	-0.82001406	29.803
-0.05626374	-9.141062	0.78529817	29.849
0.6943185	-9.016563	1.2030864	29.903
1.8590976	-10.084377	0.60812724	29.949
-0.33877954	-9.639056	2.730587	29.999
-0.2789245	-10.534488	2.1320367	30.049
-1.9393034	-12.194866	0.19393034	30.079
-2.920926	-7.603985	-3.0969	30.149
-2.3211784	-5.6790466	-0.37349546	30.199
0.61530983	-11.303026	1.0031705	30.249
0.50278234	-10.87207	1.0450691	30.31
-0.20709845	-10.87207	1.0450691	30.344
-2.1045034	-8.050503	2.2637177	30.399
-1.3215994	-9.275137	1.5394717	30.449
-0.7661445	-7.86615	2.621651	30.499
-0.05746084	-8.119935	3.371036	30.549
-0.017956512	-7.679402	2.717419	30.59
-0.36631286	-9.578004	1.532289	30.64
1.7082629	-10.965444	2.4851813	30.699
-0.700304	-14.577097	0.30526072	30.749
-5.3402667	-11.544841	0.5674258	30.799
-1.6543933	-4.35625	2.4528596	30.839
-3.4979286	-10.605117	-1.364695	30.911
-6.3661823	-11.208455	-0.06464344	30.959
1.7609353	-8.407239	0.51834464	30.999
1.389834	-8.77834	0.10175357	31.04
-2.1176715	-7.988254	0.81881696	31.079
-2.1176715	-7.988254	0.81881696	31.079
0.22984336	-9.691729	1.3311762	31.199
0.7206547	-9.458294	1.6220716	31.249
-1.7381904	-9.123106	1.0630256	31.359
0.3854665	-9.989806	1.0630256	31.359
0.22984336	-10.55843	1.4413095	31.39
0.19632454	-11.887212	1.4437037	31.454
-1.2413936	-12.579136	0.62129533	31.489
-3.1399956	-9.090784	-2.219425	31.549
-3.8534677	-7.1431007	0.21068975	31.63
0.10295067	-9.36492	0.973243	31.645
0.31483752	-12.812571	0.5267244	31.699
-1.3551182	-9.615114	1.7597382	31.749
-1.5873557	-8.228871	2.043451	31.79
-1.3706805	-8.941146	1.5825673	31.849
-1.3922282	-7.9128366	2.0745757	31.9
-0.15083471	-7.751228	2.6408045	31.95
0.4321534	-7.739257	3.1052797	31.99
-0.5506664	-9.149442	1.7190368	32.049
-0.32202014	-11.245565	1.5574282	32.08
2.172738	-10.515334	2.6839	32.149
-2.030283	-13.986926	1.9428947	32.199
-6.087258	-8.983045	1.6292542	32.259
-2.8778305	-4.997896	1.1659763	32.299
-1.0307038	-7.053318	-1.0953473	32.351
-5.081693	-11.366472	-0.10654198	32.399
-0.8846575	-8.617929	0.094570965	32.449
1.5634137	-9.333796	0.9947908	32.499
-1.2114661	-9.844957	0.2765303	32.549
-1.340753	-10.259154	0.020350715	32.596
-0.23463176	-9.516952	0.34117374	32.649
0.008379706	-9.5013895	1.8507179	32.699
1.7154455	-9.470264	0.017956512	32.749
-1.7932571	-9.536105	1.163582	32.799
-0.2705448	-8.639477	2.4349031	32.849
-1.5275006	-11.146206	1.7477672	32.899
-1.934515	-12.702437	0.19393034	32.949
-1.7405846	-9.781511	-1.7393875	32.999
-2.5450363	-6.505046	-1.483208	33.049
-2.1392193	-7.00304	-0.45370123	33.079
-1.0175357	-9.90601	0.80564886	33.123
-1.0283096	-10.158598	1.8459295	33.199
-1.0007763	-8.78672	1.804031	33.24
-0.93134445	-7.979874	2.5103204	33.323
-1.471237	-7.902063	2.6431987	33.339
-1.4413095	-8.0924015	2.5270798	33.399
-1.328782	-7.291541	3.1615434	33.449
-1.958457	-8.294712	2.1200657	33.479
1.009156	-10.629059	2.966416	33.549
2.4744074	-10.263943	3.4763808	33.599
-3.8869865	-15.5754795	2.0685902	33.679
-3.83192	-7.7919292	0.16759412	33.699
-0.9552865	-4.1659107	1.4317327	33.749
-2.8167782	-10.134656	-1.2557588	33.799
-2.919729	-11.684901	0.007182605	33.849
0.60573304	-10.769119	0.6943185	33.895
0.095768064	-8.9519205	0.4141969	33.939
-0.21308395	-8.614338	1.0510546	33.999
0.79607207	-9.880871	0.19871874	34.049
0.12808979	-8.962694	1.8782512	34.099
0.12928689	-8.808268	1.9871874	34.116
-1.411382	-9.248801	0.7290344	34.189
0.46208093	-10.407595	0.29568392	34.249
-0.7146692	-10.656591	3.1304188	34.299
-1.1611878	-11.852495	1.5502456	34.33
-1.7860745	-12.0488205	-1.459266	34.399
-3.180697	-7.8948803	-1.9608512	34.449
-2.7473464	-5.645528	0.050278235	34.499
1.1839328	-11.113884	2.2158337	34.549
-0.2633622	-11.9853735	1.1887212	34.599
-1.7848774	-8.865729	1.839944	34.649
-0.48243165	-8.860941	2.183512	34.699
-1.2126632	-8.850166	1.9979613	34.748
-1.8112136	-7.9391727	2.2469583	34.799
-0.9768343	-8.109161	3.0142999	34.839
-1.1049241	-8.401254	2.1428106	34.902
-1.8004397	-10.164583	1.7980455	34.946
1.400608	-9.90601	2.7461493	35.0
1.70946	-11.122264	1.9728222	35.039
-5.7305217	-15.361198	-0.48841715	35.099
-4.35625	-11.036073	0.16160862	35.119
0.16998832	-6.325481	1.7836803	35.209
-2.7401638	-11.780669	-1.0235212	35.24
-1.2306197	-10.8708725	0.088585466	35.299
0.46447513	-8.572439	0.22026655	35.349
-0.79008657	-8.143877	0.62009823	35.404
-0.94451255	-8.919599	-0.047884032	35.44
0.34596214	-10.419566	0.16998832	35.499
0.44532153	-9.701305	0.50996494	35.54
-0.11133038	-9.539697	0.736217	35.569
-0.39624038	-10.283096	0.22146365	35.649
-0.5255273	-10.25676	1.271321	35.699
0.21787235	-9.913192	1.6699557	35.749
-1.3587095	-9.853337	2.8072014	35.799
-3.1651347	-13.285425	-2.682703	35.849
-3.1316159	-9.818622	-4.7081976	35.899
-1.6280571	-7.121553	-1.6017209	35.949
-0.02873042	-9.151836	-0.7697359	35.99
-1.0654198	-11.049241	0.12210429	36.053
-2.3762453	-9.737218	0.89782566	36.089
-1.103727	-8.772355	0.79367787	36.119
-1.0079589	-8.224083	1.6196774	36.199
-1.6101006	-8.082825	2.337938	36.249
-0.4177882	-7.890092	2.1416135	36.299
0.08259996	-9.151836	1.3826514	36.369
1.0845734	-10.492589	0.8774749	36.399
1.5275006	-10.705673	1.5921441	36.419
2.956839	-9.817424	2.634819	36.5
-3.107674	-13.53562	-0.18195933	36.539
-7.5668745	-12.7575035	-0.50757074	36.599
-2.0901382	-4.5034933	1.4305356	36.643
-2.6803088	-8.236053	0.30645782	36.699
-3.5482068	-11.288661	-3.05141	36.749
-1.8722657	-9.056067	-0.6919243	36.799
-1.4520833	-9.548077	-0.36391866	36.849
-1.5598224	-9.057265	-0.36990416	36.903
-0.533907	-9.755175	-0.21428105	36.949
1.6208745	-9.689334	1.2030864	36.999
1.7681179	-9.051279	1.447295	37.055
0.7649474	-8.634688	2.172738	37.099
0.35913026	-9.181764	1.6112977	37.119
0.50757074	-11.495759	1.5729905	37.199
-5.5964465	-10.110714	0.23223756	37.249
-2.5258827	-9.585187	-1.4065934	37.299
-0.21188685	-8.755595	0.21428105	37.37
-2.2864625	-8.336611	0.521936	37.393
-0.51954174	-10.83496	1.3227965	37.449
-1.3742718	-8.987833	1.6915035	37.499
-1.4425066	-8.771158	2.054225	37.549
-0.8690952	-8.92319	2.5318682	37.599
-0.94211835	-8.295909	2.9400797	37.649
-1.2964603	-7.669825	2.8550856	37.7
-0.90979666	-7.7081323	2.9041667	37.747
-1.0893618	-9.112331	2.7856536	37.799
0.8738836	-9.886856	2.3427265	37.849
3.2728736	-10.967838	2.291251	37.891
-5.149928	-15.988479	1.4305356	37.949
-4.3646297	-8.218098	0.5470751	37.999
-0.04070143	-4.55856	1.6879122	38.049
-3.775656	-12.771869	-2.4827871	38.099
-4.856638	-13.377602	-3.0178912	38.119
-0.5374983	-8.340201	-0.5303157	38.201
-0.5279215	-8.01459	0.36391866	38.249
-1.567005	-9.563639	-0.09816227	38.299
-0.8678981	-10.192117	0.62847793	38.34
0.24420857	-9.503783	0.8822633	38.379
-1.1300632	-9.908403	1.0342951	38.449
-1.7561469	-9.744401	0.81163436	38.499
-1.1815386	-11.224017	1.5382746	38.549
-0.62728083	-11.853693	-0.23104046	38.596
-1.8207904	-8.265982	-1.1935096	38.649
-2.8622682	-6.25964	-1.4496891	38.705
-1.7669208	-10.061633	2.5689783	38.76
-0.6907272	-11.292253	0.19512744	38.799
-1.4688427	-10.840945	1.6160861	38.839
-0.9780314	-9.120711	2.255338	38.899
-1.4556746	-8.145074	2.0135236	38.964
-1.2186487	-7.1969705	2.861071	39.021
-0.48003745	-7.3047094	3.0561984	39.039
-2.1320367	-8.160637	1.4664485	39.099
-1.9919758	-8.677784	2.2649148	39.119
-0.18435353	-14.628572	0.49200845	39.201
-2.8000188	-14.204799	1.8195933	39.239
-1.5382746	-6.3362546	3.156755	39.299
0.29568392	-6.457162	1.6089035	39.349
-2.718616	-11.323377	-1.8136078	39.398
-3.7229836	-10.386047	0.035913024	39.449
-0.61052144	-9.095572	0.7529764	39.499
0.073023155	-9.546879	0.17717093	39.549
-1.021127	-8.452729	0.47285482	39.589
-0.7254431	-10.3453455	-0.36750996	39.649
-1.3551182	-8.846576	1.3467385	39.699
-0.095768064	-8.865729	1.757344	39.739
-0.15801731	-9.362526	1.1288661	39.801
-0.9576807	-9.7563715	1.3563153	39.85
-1.9405005	-10.681731	1.4820108	39.886
-1.1252748	-10.782288	-0.01436521	39.949
-1.13964	-8.313866	-2.0506337	39.997
-3.1064768	-6.667852	-0.81283146	40.04
-0.8607155	-9.40203	0.5291186	40.099
-0.30286652	-11.173739	0.6691794	40.129
-1.9512744	-9.601946	1.3814543	40.201
-2.5246856	-9.202114	2.0362685	40.259
-1.8339585	-8.828619	2.1033063	40.299
-1.9716251	-8.324639	2.0362685	40.341
-1.4700398	-7.4483614	2.2349873	40.391
-1.1300632	-7.037756	2.4049757	40.429
-1.7262194	-9.600749	1.8890251	40.499
-0.05865794	-10.284293	3.3997664	40.54
4.83509	-10.013748	4.5298295	40.599
1.6364368	-18.304869	-0.8607155	40.653
-7.5561004	-9.108741	0.11133038	40.699
-1.3682863	-3.144784	2.5809495	40.749
-3.1352072	-11.292253	-2.669535	40.799
-5.448006	-12.607866	-2.1535845	40.849
0.39384618	-8.608353	-0.29209262	40.899
1.7417817	-8.554482	0.2825158	40.949
0.47644615	-10.277111	-0.09696517	40.999
1.7872716	-9.075222	1.5885528	41.069
2.0769699	-9.095572	1.6831238	41.09
0.47884035	-8.407239	1.2378023	41.129
-0.9600749	-11.014524	0.17597382	41.199
-1.1420342	-11.823765	1.0259154	41.239
1.7022774	-11.911154	2.6324248	41.299
-0.2801216	-11.959038	0.58657944	41.339
-2.2876596	-11.398794	-3.9085343	41.399
-3.5697548	-4.6818614	-1.1145009	41.449
1.2844892	-10.382456	0.49081135	41.5
1.3694834	-13.192051	-0.48482585	41.548
-1.0079589	-8.944737	1.0378864	41.59
-0.6428431	-7.8876977	1.3515269	41.649
-0.5650316	-8.377312	1.5610195	41.699
-0.7529764	-8.00621	2.2122424	41.749
0.5398925	-7.3442135	2.907758	41.8
-1.6891093	-9.3421755	1.7034745	41.87
-1.198298	-11.906365	3.0142999	41.928
0.19991584	-14.478935	1.8626889	41.94
-2.9508536	-15.242685	0.9660604	41.999
-1.1204864	-3.7672763	2.2828712	42.052
-0.62368953	-7.7213006	0.93852705	42.102
-3.7792473	-10.456676	-2.8407204	42.131
-3.7792473	-10.456676	-2.8407204	42.131
0.60333884	-8.774749	0.7433996	42.249
0.47644615	-8.65025	0.9660604	42.291
-0.007182605	-9.241618	0.1376666	42.349
0.37708676	-9.417592	0.35793316	42.393
-1.1025299	-9.900024	0.12808979	42.449
0.007182605	-9.572019	1.435324	42.499
1.3742718	-11.331757	1.1001357	42.549
-2.1894975	-14.300567	-0.29448682	42.599
-0.7398083	-10.292673	-2.2577322	42.649
-2.3415294	-4.856638	0.35075054	42.701
2.2014685	-11.11149	1.7681179	42.75
0.061052144	-12.824541	0.49081135	42.799
-1.5358804	-7.7572136	1.7298107	42.849
-0.5722142	-8.619126	1.5011644	42.899
-0.79607207	-8.774749	1.8088194	42.949
-1.151611	-8.72088	2.0446482	42.999
0.12210429	-8.031349	2.7629087	43.049
0.61890113	-9.872491	1.4269443	43.099
-0.02633622	-9.057265	2.3750482	43.129
0.02633622	-14.237121	1.7477672	43.2
-1.5586253	-16.389507	2.9604304	43.24
-1.30484	-4.614824	1.5849615	43.299
-0.49081135	-7.5070195	1.5059528	43.349
-3.3291376	-11.871649	-1.0833763	43.399
-1.3275849	-8.971074	2.6168625	43.449
0.93134445	-8.432379	2.4552538	43.491
0.031124622	-8.920795	1.0474633	43.55
-0.61052144	-9.662998	0.6344634	43.599
-0.05746084	-9.625888	0.8295909	43.649
0.110133275	-8.938752	2.1703439	43.69
0.32680854	-8.169016	2.3008277	43.73
0.6811504	-7.8182654	2.1380222	43.799
-0.1352724	-8.238448	1.5406688	43.849
-2.018312	-8.054094	-0.51714754	43.899
-2.4349031	-9.384073	-1.8602947	43.95
-1.7357962	-13.463793	-1.6160861	44.0
-2.6623523	-17.125725	-0.9828198	44.049
-0.8714894	-10.478224	1.4784195	44.099
0.38067806	-7.7189064	1.0845734	44.129
0.3196259	-8.224083	0.8439561	44.199
-1.0749966	-8.617929	0.07182605	44.249
-2.3882163	-8.930372	-0.7302315	44.289
-1.8363527	-8.9124155	1.0881647	44.329
-0.7074866	-9.0237465	0.9624691	44.391
1.3587095	-8.519767	4.6363716	44.449
2.2505496	-7.9966335	3.0226796	44.499
2.5594015	-15.127764	-0.22385786	44.549
-4.083311	-16.919823	-4.1395745	44.589
-2.1799207	-5.4623713	1.6124948	44.649
-0.78050977	-7.678205	-0.60812724	44.699
-1.6747441	-11.129447	-1.483208	44.749
-1.0690111	-9.239224	0.34356794	44.84
0.35194764	-9.239224	0.34356794	44.84
0.10654198	-8.890868	0.10534488	44.899
0.12090719	-8.06008	0.15801731	44.949
0.25378537	-9.0476885	-0.2717419	44.999
-0.34835634	-9.526528	-0.2765303	45.049
0.10534488	-10.314221	0.16519992	45.099
-0.581791	-11.100717	0.4357447	45.15
-0.581791	-11.100717	0.4357447	45.15
2.7485435	-13.661315	-2.9747956	45.245
-3.2333694	-7.429208	-1.8447324	45.299
-3.6607344	-5.127183	1.7537527	45.36
1.9321208	-11.244369	0.81642276	45.39
0.16879122	-11.15698	-0.89782566	45.439
0.12569559	-8.525752	1.1875241	45.499
-0.20231004	-8.930372	1.0342951	45.559
-0.08379706	-7.8984714	1.8674773	45.62
-0.1400608	-7.7213006	1.9476831	45.651
0.39384618	-7.6051817	2.432509	45.7
0.25617957	-8.503007	0.5398925	45.749
-0.05865794	-10.332177	2.136825	45.799
-0.9660604	-8.209718	3.7493198	45.849
-1.3491327	-17.170017	-2.3415294	45.899
-9.445126	-10.751163	-6.003461	45.951
6.3338604	-4.050989	1.3575124	45.999
-6.30513	-11.791444	-0.58298814	46.049
-3.0789435	-10.66976	-1.7764976	46.099
0.91219085	-7.073669	0.4297592	46.149
0.91219085	-7.073669	0.4297592	46.149
-0.9528923	-8.488642	-0.60214174	46.249
-0.39384618	-9.386468	-0.62967503	46.299
-0.19273324	-9.585187	0.18674773	46.349
-0.52073884	-8.841787	0.6871359	46.399
0.25019407	-12.697649	-0.62368953	46.456
0.11252748	-14.4107	0.61770403	46.499
2.7988217	-13.851654	0.6799533	46.549
-2.682703	-10.9834	-3.064578	46.599
-5.663484	-4.189853	0.5434838	46.649
1.1839328	-10.077195	0.7098808	46.696
-1.6687586	-9.779117	0.63206923	46.749
-2.0685902	-8.032547	0.38187516	46.799
-1.2557588	-8.166622	1.4317327	46.84
-1.0402806	-8.817844	0.89543146	46.89
-1.4640543	-8.037335	1.4269443	46.943
0.34476504	-7.8302364	2.397793	46.999
0.051475335	-8.763975	1.697489	47.065
-0.7685388	-8.637083	2.4588451	47.109
0.39983168	-10.095152	3.1268275	47.149
0.39983168	-10.095152	3.1268275	47.149
-5.705383	-18.654423	-2.2613235	47.246
-0.8499416	-5.425261	5.663484	47.301
1.0714053	-8.792706	-1.3204023	47.37
-1.9165585	-10.41358	-2.7102363	47.379
-2.9221232	-8.926781	0.2896984	47.449
-0.79607207	-8.084022	0.78290397	47.499
-0.7086837	-8.708909	0.44891283	47.54
-0.11851298	-8.919599	0.10295067	47.589
-0.12330139	-9.149442	-0.053869538	47.649
0.10534488	-8.98903	0.6847417	47.691
-0.16519992	-9.339781	0.7302315	47.742
-0.005985504	-8.622718	0.8619126	47.799
-0.533907	-9.546879	0.8571242	47.84
-1.5873557	-10.796653	1.4580688	47.899
-1.0773908	-14.799758	-1.5490485	47.94
-3.4237084	-10.375273	-3.2249897	47.999
-4.1659107	-5.0637364	0.18794483	48.049
1.0785879	-11.426328	0.09816227	48.089
-2.3104045	-10.109517	-1.5837644	48.152
-2.9257145	-9.326612	-1.2964603	48.152
-2.9257145	-9.326612	-1.2964603	48.152
-1.5023615	-9.060856	-1.1168951	48.299
-1.9141643	-7.7703815	-0.48602295	48.34
0.18914193	-8.328231	0.34596214	48.41
-0.62129533	-9.129091	-2.0290859	48.44
-2.5629928	-11.617864	-2.2780828	48.489
-1.8626889	-7.2460513	-2.0290859	48.542
2.1823149	-9.898827	-2.0458453	48.589
-1.0151415	-9.923966	-2.4492683	48.649
0.39863458	-11.190498	-3.028665	48.699
-0.61770403	-8.887277	-1.532289	48.76
-1.6292542	-8.718486	-1.4101849	48.789
0.02633622	-9.151836	-1.8136078	48.849
0.7290344	-9.431957	-1.8914193	48.899
0.91458505	-9.339781	-3.064578	48.949
1.4544775	-9.147048	-2.2373815	48.99
3.9205053	-8.117541	-2.6767175	49.047
2.5893292	-7.8493905	-3.2992098	49.099
-1.2892777	-9.536105	-4.0043025	49.149
-1.2892777	-9.536105	-4.0043025	49.149
-5.2205567	-11.914744	-1.5921441	49.249
-1.8507179	-11.932701	1.0402806	49.299
0.21068975	-9.520543	-1.3994108	49.339
-3.7457285	-7.073669	0.6464345	49.42
-2.7521348	-7.5441294	0.30166942	49.439
-1.6639702	-9.357738	-0.4285621	49.499
-0.5781997	-9.5385	1.0247183	49.549
0.5470751	-8.63828	1.3503298	49.599
0.45848963	-7.7344685	1.4784195	49.649
-0.17118542	-9.127894	0.676362	49.699
-0.20949265	-10.169372	1.6591818	49.749
1.0869676	-11.385626	3.5924997	49.813
-2.4181437	-16.941372	-2.6120741	49.89
-6.8893156	-13.96059	0.7194576	49.9
0.19632454	-6.337452	0.1340753	49.939
-3.5877113	-9.944317	-2.2601264	50.012
-7.651869	-10.1621895	-1.769315	50.049
-1.9895816	-7.8027034	-0.09935937	50.09
-1.6460136	-6.5469446	-1.0402806	50.149
-1.8483237	-6.6056023	-0.9552865	50.159
-0.33877954	-8.626308	-0.7338228	50.245
0.2741361	-8.89805	-0.10414778	50.29
0.17956513	-9.1255	0.9576807	50.349
0.1592144	-8.950723	1.7274165	50.389
0.533907	-10.244789	1.4185646	50.43
0.7134721	-11.177331	2.3295584	50.493
-4.010288	-11.980585	-3.7660792	50.549
-4.675876	-11.676521	-3.5290532	50.599
-0.9959879	-10.907983	2.0518308	50.649
2.1535845	-9.368511	1.2617443	50.699
0.8738836	-7.633912	1.365892	50.739
-0.9900024	-6.611588	1.6843209	50.799
-1.7417817	-7.6829934	1.816002	50.849
-2.124854	-7.8410106	2.1883004	50.899
0.16519992	-8.34499	3.2082303	50.939
0.33279404	-11.2132435	3.4799721	50.999
-1.6472107	-13.013683	1.4101849	51.049
-4.805163	-16.224308	2.1942859	51.1
1.0271125	-8.11395	1.3467385	51.139
1.2425907	-5.1966147	0.8331822	51.154
-5.1475334	-10.693702	-1.5981296	51.249
-1.8267759	-8.312668	0.36870706	51.299
-0.20231004	-8.268375	-0.1328782	51.349
-0.63087213	-8.322245	0.142455	51.4
-0.70509243	-8.341399	-0.08140286	51.449
-0.16759412	-8.822633	0.90620536	51.479
0.79487497	-9.059659	2.8670566	51.55
1.2282255	-7.37055	0.28491	51.589
-7.1347213	-15.20797	-0.92176765	51.649
-4.497508	-12.905944	-0.6452374	51.694
2.256535	-7.704541	-1.9560628	51.741
1.0235212	-8.224083	3.4943373	51.789
-1.520318	-10.651803	0.89902276	51.849
-1.2485762	-9.317036	1.816002	51.883
-0.35913026	-7.9128366	1.5310919	51.94
-1.4257472	-8.356961	2.2397757	51.989
-0.7733272	-8.333019	2.111686	52.049
-0.7278373	-8.292317	2.8167782	52.11
0.4441244	-8.449138	3.1004913	52.149
0.59136784	-8.783129	3.2549171	52.159
0.06464344	-8.866926	3.1735144	52.249
-0.59256494	-10.939108	1.9069817	52.299
-9.85214	-18.756176	-2.148796	52.35
-0.6404489	-9.062054	-0.4333505	52.403
-0.7350199	-6.4068837	0.8295909	52.449
-7.751228	-11.717223	-4.450821	52.499
-0.03232172	-11.196485	-0.39264908	52.549
1.4532804	-8.907627	1.2509704	52.599
-0.80564886	-9.676167	0.22266077	52.649
-1.0737995	-10.315418	1.0821792	52.707
-0.23822308	-6.233304	4.1156325	52.775
1.8567034	-9.180567	-2.244564	52.798
-1.34195	-14.271836	-0.8619126	52.849
-3.9707835	-9.696517	-0.736217	52.889
-0.9636662	-10.472239	0.10055647	52.949
-0.32800564	-8.848969	1.1372458	52.999
-0.7062895	-9.0476885	0.46926352	53.049
0.34715924	-8.930372	0.21787235	53.099
0.8798691	-8.756793	0.78050977	53.139
0.8798691	-9.303867	4.486734	53.251
0.31124622	-9.303867	4.486734	53.251
2.7605145	-12.236765	-0.4321534	53.299
-4.140772	-14.790181	-4.8338933	53.339
-2.2301989	-10.721235	-0.79846627	53.401
-1.3239936	-11.097125	-1.0007763	53.449
-0.61530983	-8.221688	-0.1376666	53.499
-0.5662287	-7.277176	-0.088585466	53.544
-1.4077905	-6.740875	-0.29927522	53.59
-1.0486604	-7.926005	0.46686932	53.649
-0.077811554	-8.512584	1.3623008	53.699
-0.30885202	-8.231265	1.5179238	53.749
0.2693477	-7.469909	2.4899697	53.8
0.18435353	-8.868123	1.2761095	53.841
-1.2665327	-10.827777	1.9979613	53.899
-0.5315128	-14.111424	-0.1316811	53.949
-1.5813702	-17.053898	-0.7098808	53.994
-2.837129	-6.8749504	2.7617116	54.041
1.5921441	-6.2883706	0.2896984	54.099
-1.5370775	-10.874464	-5.5605335	54.15
-4.6579194	-11.8022175	-6.479907	54.161
-0.06823475	-8.078036	0.6667852	54.249
0.16400282	-9.324219	-0.6572084	54.29
-0.8295909	-9.259575	-0.31364042	54.351
0.1436521	-9.465476	0.08020575	54.377
0.24540567	-9.403227	0.22385786	54.447
0.090979666	-8.754398	0.6476316	54.499
-0.17836803	-8.588001	0.62967503	54.549
0.12330139	-10.225636	-0.25139117	54.591
-1.1599907	-11.973403	-0.36272156	54.649
1.2533646	-14.056358	0.11851298	54.699
-2.705448	-11.133038	-1.7549498	54.749
-1.7525556	-7.0006456	-0.36272156	54.799
-0.58657944	-7.2089415	0.40342298	54.852
-0.6536171	-10.2495775	1.2270284	54.897
-1.8626889	-8.815451	0.9636662	54.949
-0.260968	-8.684967	1.4891934	54.999
-0.37110126	-8.92319	1.7298107	55.042
-0.62847793	-8.568848	2.0614076	55.1
-0.8714894	-8.474277	2.4839842	55.16
-0.24181437	-8.27077	2.6779146	55.169
-0.33159694	-8.826224	1.5586253	55.247
0.02633622	-10.888829	0.89662856	55.31
0.7697359	-9.890448	2.6013002	55.339
-0.51714754	-14.818912	1.5346833	55.399
-3.4883518	-13.789405	-0.17118542	55.45
-2.5821466	-7.315483	1.5382746	55.492
-1.1001357	-7.249643	0.6332663	55.549
-3.1004913	-10.728417	-1.9057846	55.599
-3.4452562	-9.619903	-0.81881696	55.64
-1.5442601	-9.388862	0.32800564	55.713
-0.19393034	-8.919599	0.21667525	55.78
-0.6476316	-8.919599	0.08259996	55.801
-0.019153614	-10.251971	0.45729253	55.849
1.0654198	-9.719262	1.174356	55.891
-0.18076223	-9.618706	1.1683705	55.949
0.93134445	-8.889671	1.8746599	55.999
-1.2318168	-9.944317	0.997185	56.04
-5.2385135	-9.989806	-0.025139118	56.091
-1.0115502	-10.109517	0.5410896	56.149
0.8487445	-10.928333	0.24301147	56.169
-2.2266076	-8.500613	0.8487445	56.251
-0.1604115	-9.616311	2.4037786	56.299
0.12808979	-10.248381	2.1164744	56.359
-0.961272	-9.214086	1.7357962	56.399
-0.5626374	-8.573636	2.255338	56.441
-1.1671734	-8.001422	1.816002	56.509
-1.3802572	-9.526528	1.5885528	56.549
-1.9524715	-11.927913	-0.8619126	56.599
-1.1216835	-10.072407	1.1384429	56.649
0.37110126	-8.821436	1.7896658	56.699
0.005985504	-9.469068	0.78410107	56.749
-0.80086046	-10.139444	0.320823	56.83
-1.1659763	-10.178948	0.20231004	56.849
-0.6703765	-9.356541	0.93254155	56.899
-0.6380547	-9.279925	0.90979666	56.95
-1.0378864	-10.103531	0.272939	57.008
-0.5686229	-10.102334	0.21188685	57.049
-0.9744401	-9.613917	0.78649527	57.099
-0.7793127	-9.679757	0.80564886	57.147
-1.3347675	-9.582792	0.48841715	57.192
-1.3347675	-9.582792	0.48841715	57.192
-1.8303672	-9.700109	-0.15322891	57.299
-1.6160861	-9.828198	-0.3878607	57.35
-1.7034745	-9.459491	-0.31244332	57.397
-0.6703765	-9.0081835	0.4213795	57.45
-1.2545617	-9.688137	-0.2825158	57.489
-2.2876596	-10.405201	-0.46926352	57.549
-4.84347	-10.231621	0.93254155	57.599
-2.6060886	-11.68969	-0.58777654	57.639
0.23343466	-10.004171	0.1340753	57.699
0.6392518	-7.487866	3.6607344	57.749
0.6464345	-8.258799	4.571728	57.79
0.092176765	-7.9032598	4.5262384	57.83
-0.89064306	-8.249222	4.485537	57.899
-2.03148	-7.702147	3.8786068	57.949
-1.6136919	-7.9583263	3.916914	57.999
-0.6440403	-8.51019	3.4356794	58.046
-1.8794483	-8.78672	4.841076	58.091
-1.7717092	-9.091981	4.3035774	58.149
0.1388637	-12.594698	2.0027497	58.199
0.1388637	-12.594698	2.0027497	58.199
-3.0178912	-4.699818	1.5693992	58.306
-3.369839	-7.349002	0.4309563	58.349
-4.0294414	-11.11149	-2.7234044	58.399
0.8535329	-10.320207	-1.8375498	58.449
1.1731589	-9.02614	-1.2677298	58.492
0.015562311	-9.763555	-0.93134445	58.549
-0.33638534	-9.592369	-0.8655039	58.599
-0.12689269	-9.864111	-0.59615624	58.649
-0.022744916	-9.767146	-0.61291564	58.699
-0.31004912	-9.844957	-0.19871874	58.739
1.0809821	-9.615114	0.055066638	58.799
2.3690627	-9.131485	1.4987702	58.859
1.4185646	-9.721656	1.804031	58.899
0.80564886	-10.45907	1.8698715	58.949
0.36750996	-10.128671	1.6160861	58.999
-1.6184803	-13.035232	-2.4911668	59.049
-2.4396915	-12.330139	-4.3993454	59.099
-4.7297454	-8.354567	-2.9293058	59.129
2.0099323	-9.406818	1.1923125	59.193
2.0099323	-9.406818	1.1923125	59.193
-2.754529	-7.5572977	-0.6619968	59.299
-1.7298107	-8.033744	0.46567222	59.349
-0.31364042	-8.6095495	0.36272156	59.399
0.18435353	-7.575254	1.151611	59.449
0.9888053	-7.265205	1.1480197	59.499
-1.2605472	-10.830172	0.22625206	59.569
-0.4141969	-12.202049	-1.1324574	59.593
-2.3870192	-18.96088	-4.522647	59.649
-3.2202013	-4.665102	3.705027	59.699
1.1707647	-5.547365	0.8702923	59.749
-1.7884687	-10.702082	-3.3399115	59.799
-5.7149596	-10.424355	-0.15203181	59.849
0.36511576	-8.662222	-0.36631286	59.899
-0.02873042	-10.380061	-0.20350714	59.949
-2.6599581	-9.534908	-0.8726865	60.039
-0.724246	-9.534908	-0.8726865	60.039
0.23702596	-10.092757	-0.91458505	60.09
-0.2885013	-9.862914	0.29807812	60.149
0.1364695	-9.739613	0.82001406	60.199
0.1364695	-9.739613	0.82001406	60.199
-4.1012673	-10.609905	2.0242975	60.299
-4.378995	-9.126697	2.6300306	60.349
-2.3116016	-10.443508	1.0307038	60.409
-3.1794999	-9.169792	1.055843	60.449
-3.1052797	-9.075222	0.7493851	60.489
-1.3922282	-9.698911	1.3587095	60.554
-1.1791444	-9.222465	1.780089	60.589
-2.4193408	-8.407239	2.0626047	60.649
-2.6384103	-9.488221	2.054225	60.689
-2.1140802	-8.859743	1.8028339	60.739
-2.088941	-8.756793	2.0590134	60.779
-1.2653356	-8.435969	1.6759412	60.859
-0.9923966	-8.75799	1.3263878	60.901
-0.48841715	-10.232818	0.9540894	60.949
-1.4149733	-11.347319	-0.81642276	60.999
-0.5374983	-9.336189	0.8822633	61.049
0.45489833	-9.81503	1.6543933	61.099
0.36272156	-9.876082	1.7381904	61.149
-2.4408886	-9.306262	0.4321534	61.199
-2.4636335	-9.352949	0.39264908	61.209
-2.4636335	-9.352949	0.39264908	61.209
-2.078167	-9.546879	0.59495914	61.342
-1.3455414	-9.618706	0.5710171	61.399
-1.3024458	-9.392453	0.5231331	61.449
-1.2473791	-9.5492735	0.6428431	61.49
-0.37588966	-10.722432	0.11611878	61.54
-0.41180268	-9.070433	2.054225	61.599
-1.1480197	-9.412804	2.847903	61.649
-0.48243165	-10.508151	-1.7944542	61.696
-0.21906945	-9.828198	2.3187842	61.709
-0.21906945	-9.828198	2.3187842	61.709
