0.0	0.0	0.0	0.0
0.0	0.0	0.0	0.0
0.0	0.0	0.0	0.0
6.2464724	0.89184016	7.455544	0.148
6.283582	0.9576807	7.477092	0.198
6.283582	0.89423436	7.4483614	0.237
6.235698	0.91458505	7.4735007	0.298
6.337452	1.021127	7.445967	0.348
6.2979474	0.94570965	7.457938	0.398
6.3099184	0.94570965	7.4687123	0.441
6.265626	0.93852705	7.4711065	0.488
6.564901	1.043872	7.6650367	0.548
6.254852	0.91697925	7.5201874	0.588
6.145916	1.0761937	7.587225	0.648
6.3913217	1.0247183	7.5668745	0.697
5.734113	1.0390835	7.428011	0.747
6.6295447	0.7613561	7.565677	0.797
6.2249246	0.80564886	7.479486	0.848
6.491878	0.997185	7.5285673	0.888
6.167464	0.90381116	7.4256167	0.947
6.4344172	0.82240826	7.40766	0.967
6.4344172	0.9780314	7.797915	1.051
6.221333	-0.21068975	6.781576	1.097
5.997475	1.1911154	7.5309615	1.147
6.623559	0.6356605	7.6626425	1.197
6.2740054	1.42455	7.7344685	1.247
6.123171	1.0031705	7.4950485	1.297
6.3482256	0.25977087	7.111976	1.349
6.245275	0.8583213	7.5225816	1.387
6.063316	0.7697359	7.633912	1.447
5.663484	1.2641385	7.1431007	1.497
6.349423	1.5885528	8.106767	1.547
6.135142	1.2641385	6.481104	1.597
6.245275	1.448492	7.5944076	1.647
6.1866174	1.2425907	7.4962454	1.701
6.194997	1.2605472	7.491457	1.748
6.18542	1.2880806	7.53575	1.797
6.2261214	1.1959038	7.536947	1.848
6.0884547	1.1971009	7.526173	1.897
6.2392898	1.3227965	7.5201874	1.947
6.223727	1.2761095	7.515399	1.967
6.223727	1.2761095	7.515399	1.967
6.1530986	1.2066777	7.502231	2.098
6.1938	1.2162545	7.5189905	2.147
6.1866174	1.2282255	7.514202	2.199
6.2009826	1.2018893	7.511808	2.267
6.1890116	1.1755531	7.5082164	2.298
6.2105594	1.1683705	7.499837	2.347
6.2524576	1.151611	7.5165963	2.397
6.278794	1.1504139	7.5189905	2.487
6.169858	1.1504139	7.4842744	2.498
6.253655	1.1839328	7.53575	2.547
6.2752028	1.1803415	7.523779	2.597
6.2763996	1.1133038	7.583634	2.648
6.217742	1.1133038	7.5201874	2.695
6.3422403	1.1288661	7.559692	2.747
6.1890116	1.1013328	7.526173	2.787
6.105214	1.0905589	7.6590514	2.851
6.039374	1.0690111	7.5884223	2.897
6.0285997	1.0582372	7.66384	2.947
6.0621185	1.0785879	7.6171527	2.977
6.045359	1.1204864	7.687782	3.059
5.8801594	1.163582	7.657854	3.138
5.93762	1.1755531	7.7332716	3.15
6.1303535	1.1851299	7.751228	3.197
5.90889	1.1109096	7.7069354	3.247
5.8681884	1.1779473	7.7608047	3.297
5.8693852	1.1971009	7.78355	3.338
5.853823	1.1360487	7.8158712	3.397
5.81791	1.1899183	7.8050976	3.447
5.8933277	1.2761095	7.7799582	3.497
5.8562174	1.2485762	7.7787614	3.547
5.8717794	1.2689269	7.819463	3.597
5.7748146	1.2940661	7.8086886	3.647
5.840655	1.2306197	7.813477	3.697
5.792771	1.271321	7.8302364	3.747
5.7496753	1.30484	7.8493905	3.797
5.791574	1.3455414	7.835025	3.847
5.671864	1.3227965	7.833828	3.897
5.675455	1.3108255	7.845799	3.977
5.6682725	1.3108255	7.845799	3.977
5.6682725	1.3108255	7.845799	3.977
5.723339	1.3718776	7.789535	4.098
5.5725045	1.4449008	7.8709383	4.145
5.746084	1.3263878	7.845799	4.198
5.650316	1.3934253	7.8865004	4.249
5.753267	1.4580688	7.8505874	4.298
5.746084	1.4664485	7.860164	4.349
5.765238	1.447295	7.8505874	4.407
5.6826377	1.4748282	7.8613615	4.447
5.756858	1.4209588	7.8446016	4.497
5.723339	1.4425066	7.8290396	4.547
5.7628436	1.4425066	7.799112	4.598
5.831078	1.436521	7.7967176	4.649
5.8215013	1.435324	7.7811556	4.697
5.7628436	1.3922282	7.7679873	4.747
5.8143187	1.4077905	7.7943234	4.797
5.877765	1.3479356	7.7691846	4.842
5.8741736	1.3850456	7.6722193	4.897
5.866991	1.3970166	7.728483	4.947
5.919664	1.292869	7.752425	4.977
5.919664	1.3359646	7.680599	5.067
5.9531827	1.3623008	7.6734166	5.097
6.0202203	1.3096284	7.657854	5.147
6.0082493	1.2677298	7.6614456	5.197
6.0525417	1.2904748	7.6746135	5.247
6.0561333	1.2174516	7.6482773	5.298
5.993884	1.2413936	7.606379	5.347
5.9998693	1.2138603	7.6111674	5.397
6.1195793	1.2186487	7.6231384	5.448
6.205771	1.1611878	7.5788455	5.497
6.05733	1.1947067	7.5213847	5.547
6.2129536	1.186327	7.529764	5.597
6.2165446	1.1755531	7.503428	5.647
6.1662664	1.1947067	7.5285673	5.7
6.293159	1.1121067	7.5046253	5.747
6.1519012	1.1731589	7.4974427	5.797
6.2249246	1.2306197	7.491457	5.847
6.25964	1.2030864	7.463924	5.897
6.2368956	1.1899183	7.4806833	5.947
6.281188	1.2318168	7.487866	5.977
6.281188	1.2318168	7.487866	5.977
6.179435	1.1552023	7.4351935	6.098
6.2632318	1.13964	7.4268136	6.147
6.2740054	1.115698	7.431602	6.197
6.367379	1.1468226	7.445967	6.247
6.317101	1.1348516	7.3765354	6.317
6.3901243	1.1264719	7.37055	6.348
6.399701	1.1492168	7.406463	6.397
6.4104753	1.1899183	7.359776	6.447
6.420052	1.2497733	7.4208283	6.497
6.3829417	1.079785	7.285556	6.557
6.271611	1.1587936	7.3525934	6.597
6.4631476	1.1911154	7.351396	6.639
6.481104	1.1959038	7.37055	6.697
6.3206925	1.1456255	7.2927384	6.747
6.467936	1.1815386	7.3346367	6.797
6.443994	1.1994951	7.3226657	6.847
6.429629	1.1815386	7.3430166	6.897
6.4966664	1.1731589	7.3669586	6.947
6.5086374	1.1731589	7.3286514	6.977
6.3350577	1.2557588	7.351396	7.047
6.351817	1.1887212	7.4028716	7.097
6.325481	1.1959038	7.382521	7.147
6.2608376	1.283292	7.393295	7.197
6.3601966	1.2761095	7.4495587	7.247
6.3350577	1.3024458	7.4567413	7.297
6.3003416	1.1803415	7.392098	7.348
6.206968	1.270124	7.499837	7.397
6.2632318	1.2976574	7.4232225	7.447
6.2261214	1.3060371	7.48188	7.497
6.266823	1.3060371	7.5692687	7.568
6.1782374	1.2988545	7.5285673	7.597
6.0968347	1.2677298	7.565677	7.657
6.113594	1.2725182	7.5824366	7.697
6.0764837	1.3227965	7.632715	7.748
6.1243677	1.3144168	7.6351094	7.797
6.0405707	1.3623008	7.6949644	7.86
6.0405707	1.3204023	7.687782	7.937
5.807136	1.3263878	7.7548194	7.947
5.793968	1.3874398	7.8649526	7.978
5.793968	1.3874398	7.8649526	7.978
5.843049	1.3072342	7.9068513	8.097
5.5365915	1.2186487	7.93199	8.143
5.5629277	1.2473791	8.02297	8.198
5.3725886	1.4065934	7.955932	8.247
5.357026	1.3192052	8.048109	8.297
5.424064	1.1827357	8.051701	8.347
5.2648497	1.1204864	8.003817	8.397
5.613206	1.2904748	8.072051	8.447
5.459977	1.3934253	7.9786773	8.497
5.5497594	1.377863	7.9307933	8.547
5.6096144	1.3838485	8.003817	8.598
5.803545	1.42455	7.979874	8.658
5.710171	1.401805	7.9248075	8.697
5.6335564	1.2138603	7.868544	8.748
5.547365	1.5263035	7.9331875	8.798
5.5018754	1.3275849	7.9607205	8.844
5.3761797	1.389834	7.9870567	8.897
5.595249	1.4544775	7.991845	8.947
5.390545	1.4041992	7.9571295	8.968
5.390545	1.4041992	7.9571295	8.968
5.816713	1.352724	7.9595237	9.097
5.9962783	1.1001357	7.8027034	9.138
5.303157	1.2856863	7.6853876	9.198
5.8346696	1.6364368	7.9906483	9.239
5.943606	1.5717934	7.9810715	9.297
5.9531827	1.0893618	7.644686	9.347
5.5844755	1.2773066	7.7464395	9.436
5.828684	1.3790601	7.8386164	9.451
5.9424086	1.4496891	7.7488337	9.488
5.732916	1.3934253	7.7129207	9.547
6.0345855	1.5239093	7.9032598	9.597
5.791574	1.246182	7.747637	9.647
5.613206	1.4341269	7.8853035	9.697
5.746084	1.400608	7.848193	9.768
5.7520695	1.3850456	7.7823524	9.807
5.647922	1.4532804	7.8517847	9.847
5.9160724	1.4053963	7.824251	9.897
5.5485625	1.3251907	7.7440453	9.947
5.5282116	1.3503298	7.9714947	9.977
5.5282116	1.3503298	7.9714947	9.977
5.8346696	1.423353	7.8493905	10.098
5.841852	1.4796166	7.759608	10.147
5.9064956	1.2725182	7.645883	10.197
5.7999535	1.2497733	7.6530657	10.248
5.967548	1.4784195	7.868544	10.316
5.78918	1.0714053	7.681796	10.347
6.411672	1.5239093	7.795521	10.407
5.8203044	1.0474633	7.40766	10.447
5.8502316	1.3180081	7.5764513	10.497
6.2249246	1.1911154	7.4687123	10.547
6.208165	1.2054806	7.562086	10.587
6.0166287	1.2354081	7.541735	10.647
6.099229	1.0115502	7.5094137	10.697
6.588843	1.2557588	7.6135616	10.747
6.3206925	1.1360487	7.418434	10.788
6.3326635	1.1911154	7.339425	10.847
6.7624226	1.1312603	7.253234	10.897
6.2859764	0.6871359	7.255628	10.947
6.1542954	0.7781156	7.2233067	10.977
6.1542954	0.7781156	7.2233067	10.977
7.1143703	0.7230489	7.3645644	11.088
7.253234	0.48841715	6.5218053	11.149
6.7827735	1.436521	6.70975	11.197
7.141904	0.2825158	6.932411	11.247
6.728904	0.7781156	6.8557963	11.297
6.9407907	1.0366893	6.769605	11.347
7.1993647	1.0319009	6.8557963	11.413
7.2113357	1.234211	7.1311297	11.488
7.001843	1.234211	7.1311297	11.488
6.2261214	0.81761986	6.8103065	11.547
5.878962	-0.23104046	6.4523735	11.597
7.41604	0.39504328	6.9611416	11.647
7.007828	0.6607997	6.8557963	11.697
6.2512608	0.44891283	6.5457473	11.757
7.120356	0.7098808	6.7444663	11.797
6.9719152	0.7517793	7.1395097	11.847
6.5984197	0.37349546	7.038953	11.89
6.9407907	0.58418524	6.625953	11.952
6.993463	0.56982	6.575675	11.974
6.993463	0.56982	6.575675	11.974
6.906075	0.7038953	7.181408	12.098
6.5816603	0.45729253	6.918046	12.149
6.6905966	0.60693014	6.992266	12.197
7.007828	0.7026982	6.803124	12.247
6.932411	0.736217	6.7708025	12.3
6.9958572	0.7793127	6.907272	12.351
7.1407065	0.62608373	6.7827735	12.407
6.897695	0.51355624	6.7360864	12.438
7.097611	0.8834604	6.953959	12.487
7.0209966	0.56982	6.707356	12.549
6.909666	0.59974754	6.71813	12.597
7.007828	1.2126632	7.771579	12.647
8.117541	1.2042835	6.909666	12.686
6.307524	0.3196259	6.2704144	12.737
7.711724	0.7374141	7.007828	12.797
7.007828	0.7493851	6.975507	12.847
6.445191	0.6835446	6.953959	12.897
6.0681043	0.047884032	7.153875	12.937
6.9479733	0.40821138	7.315483	12.987
6.9479733	0.40821138	7.315483	12.987
6.7265096	0.81043726	7.4974427	13.098
6.908469	0.8415619	7.410054	13.148
6.992266	0.46447513	6.933608	13.197
6.694188	0.51954174	7.091625	13.247
6.603208	0.5530606	7.2568254	13.297
6.087258	0.24301147	7.380127	13.347
6.0082493	0.36272156	7.358579	13.397
6.0285997	0.37229836	7.961918	13.447
6.716933	0.049081136	6.841431	13.527
6.609194	0.049081136	6.841431	13.527
6.6044054	0.20949265	6.6044054	13.597
6.695385	0.93732995	7.643489	13.664
6.494272	0.061052144	7.2005615	13.707
8.110358	1.8195933	8.243237	13.747
5.829881	-0.62368953	6.6247563	13.79
5.0984526	0.59495914	7.5968018	13.847
4.772841	-1.3934253	6.477513	13.887
5.542577	0.5291186	7.7308774	13.947
9.27394	1.9428947	8.9758625	13.987
9.27394	1.9428947	8.9758625	13.987
6.021417	0.7769185	7.6973586	14.088
6.206968	0.7206547	6.968324	14.147
7.8793178	1.400608	7.953538	14.197
6.50744	0.6835446	7.147889	14.247
6.2021794	0.49919105	7.0593038	14.298
6.4344172	0.81163436	7.323863	14.365
6.457162	0.79128367	7.3909006	14.397
6.2871737	0.7649474	7.4926543	14.447
6.2763996	0.7302315	7.4028716	14.497
6.4763155	0.89064306	7.455544	14.547
6.443994	0.90859956	7.338228	14.587
6.4990606	0.92895025	7.2867527	14.647
6.6247563	0.91697925	7.2987237	14.698
6.4667387	0.8367735	7.3897038	14.74
6.2608376	0.79846627	7.380127	14.797
6.2105594	0.81283146	7.4483614	14.847
6.355408	0.8391677	7.3873096	14.907
6.5337763	0.8499416	7.351396	14.947
6.5816603	0.80445176	7.249643	15.415
6.5816603	0.80445176	7.249643	15.415
6.5816603	0.80445176	7.249643	15.415
6.5816603	0.80445176	7.249643	15.415
6.5816603	0.80445176	7.249643	15.415
6.5816603	0.80445176	7.249643	15.415
6.5816603	0.80445176	7.249643	15.415
6.5816603	0.80445176	7.249643	15.415
6.5816603	0.80445176	7.249643	15.415
6.5816603	0.80445176	7.249643	15.415
6.5816603	0.80445176	7.249643	15.415
6.519411	0.8295909	7.2867527	15.546
6.4164605	0.80325466	7.3226657	15.605
6.373365	0.8295909	7.345411	15.675
6.4499793	0.8882488	7.368156	15.697
6.501455	0.8702923	7.285556	15.747
6.482301	0.830788	7.350199	15.815
6.4344172	0.81642276	7.3633676	15.849
6.353014	0.82240826	7.3418193	15.895
6.4643445	0.8690952	7.3226657	15.945
6.4787097	0.88944596	7.335834	15.997
6.4846954	0.8475474	7.3322425	16.036
6.469133	0.81522566	7.335834	16.094
6.467936	0.81043726	7.3322425	16.157
6.4380083	0.8439561	7.3286514	16.215
6.4499793	0.80804306	7.327454	16.255
6.4463882	0.8403648	7.335834	16.294
6.43322	0.79248077	7.313089	16.344
6.4787097	0.7769185	7.2963295	16.397
6.4739213	0.79008657	7.2939353	16.408
6.445191	0.7230489	7.2951326	16.508
6.4128695	0.7673417	7.303512	16.555
6.4858923	0.80684596	7.3466077	16.605
6.482301	0.82360536	7.299921	16.644
6.4607534	0.7685388	7.338228	16.694
6.4619503	0.79128367	7.2963295	16.744
6.4870896	0.7398083	7.338228	16.804
6.459556	0.78290397	7.337031	16.845
6.481104	0.79367787	7.3166804	16.895
6.4392056	0.7769185	7.327454	16.944
6.506243	0.7793127	7.3083005	16.995
6.482301	0.78529817	7.311892	17.044
6.4978633	0.8367735	7.33344	17.094
6.471527	0.81043726	7.3418193	17.154
6.408081	0.7733272	7.301118	17.194
6.4990606	0.8451532	7.323863	17.246
6.5122285	0.8595184	7.301118	17.326
6.4643445	0.8451532	7.339425	17.347
6.469133	0.8595184	7.3286514	17.394
6.4583592	0.8367735	7.335834	17.414
6.4523735	0.81402856	7.302315	17.537
6.4882865	0.81642276	7.3298483	17.546
6.4739213	0.8367735	7.3298483	17.595
6.4631476	0.8750807	7.3849154	17.645
6.481104	0.8523358	7.3083005	17.736
6.4751186	0.8762778	7.2939353	17.747
6.493075	0.82240826	7.337031	17.805
6.467936	0.82001406	7.335834	17.862
6.4284315	0.92416185	7.3430166	17.931
6.489484	0.8774749	7.2951326	17.954
6.47033	0.8690952	7.315483	18.004
6.481104	0.8499416	7.291541	18.045
6.4619503	0.8571242	7.3202715	18.104
6.445191	0.8798691	7.337031	18.147
6.455965	0.8511387	7.301118	18.195
6.505046	0.8750807	7.3178773	18.247
6.477513	0.8738836	7.297527	18.295
6.467936	0.89184016	7.3190746	18.345
6.482301	0.8559271	7.3202715	18.395
6.4344172	0.8631097	7.3753386	18.415
6.4344172	0.8631097	7.3753386	18.415
6.4547677	0.81881696	7.3059063	18.565
6.459556	0.8463503	7.350199	18.596
6.4906807	0.8870517	7.301118	18.645
6.455965	0.88944596	7.3190746	18.695
6.4380083	0.8726865	7.350199	18.745
6.4583592	0.8511387	7.339425	18.795
6.4260373	0.80804306	7.3346367	18.845
6.4619503	0.8523358	7.315483	18.905
6.4858923	0.8451532	7.3226657	18.956
6.465542	0.89303726	7.299921	18.998
6.4511766	0.8631097	7.335834	19.055
6.477513	0.8463503	7.3442135	19.101
6.4631476	0.8643068	7.2819643	19.146
6.467936	0.8355764	7.327454	19.195
6.489484	0.7565677	7.347805	19.245
6.4308257	0.7757214	7.349002	19.295
6.50744	0.8475474	7.303512	19.338
6.4368114	0.8403648	7.3346367	19.394
6.4667387	0.81283146	7.33344	19.419
6.4667387	0.7721301	7.285556	19.497
6.477513	0.7721301	7.309498	19.575
6.4607534	0.7793127	7.338228	19.597
6.469133	0.81043726	7.350199	19.645
6.453571	0.79248077	7.314286	19.695
6.467936	0.7493851	7.289147	19.745
6.489484	0.7493851	7.2987237	19.802
6.5002575	0.81522566	7.301118	19.848
6.459556	0.7769185	7.327454	19.895
6.47033	0.7769185	7.351396	19.943
6.4846954	0.8463503	7.356185	19.995
6.477513	0.8355764	7.3059063	20.045
6.4583592	0.830788	7.345411	20.101
6.4727244	0.78050977	7.3298483	20.145
6.481104	0.78769237	7.3202715	20.198
6.4511766	0.81761986	7.3322425	20.245
6.4392056	0.8439561	7.345411	20.295
6.4416	0.8631097	7.3442135	20.345
6.493075	0.8583213	7.3418193	20.395
6.4583592	0.8499416	7.315483	20.415
6.4583592	0.8499416	7.315483	20.415
6.479907	0.8678981	7.3322425	20.549
6.471527	0.8451532	7.326257	20.595
6.39611	0.81402856	7.3729444	20.645
6.4751186	0.866701	7.339425	20.695
6.489484	0.8750807	7.323863	20.735
6.465542	0.866701	7.3059063	20.815
6.4547677	0.8535329	7.3106947	20.849
6.489484	0.8343793	7.3418193	20.894
6.4260373	0.79607207	7.349002	20.945
6.4427967	0.8583213	7.327454	20.999
6.4463882	0.8607155	7.350199	21.045
6.4523735	0.89782566	7.338228	21.094
6.471527	0.8391677	7.339425	21.18
6.4607534	0.8391677	7.339425	21.193
6.4739213	0.91458505	7.374141	21.244
6.495469	0.93254155	7.3645644	21.304
6.4032927	0.79487497	7.3406224	21.345
6.518214	0.80564886	7.2604165	21.423
6.5325794	0.8331822	7.2221093	21.434
6.4978633	0.8511387	7.301118	21.492
6.4978633	0.8283938	7.302315	21.555
6.4966664	0.7745243	7.303512	21.605
6.4787097	0.7613561	7.3083005	21.644
6.4739213	0.80325466	7.339425	21.695
6.4978633	0.7398083	7.2711906	21.745
6.5325794	0.7745243	7.264008	21.795
6.5325794	0.79248077	7.297527	21.875
6.494272	0.79128367	7.3047094	21.896
6.5265937	0.81522566	7.311892	21.955
6.393716	0.7266402	7.3047094	21.996
6.4727244	0.736217	7.335834	22.045
6.5445504	0.78769237	7.2819643	22.095
6.530185	0.7577648	7.275979	22.155
6.5361705	0.79487497	7.2843585	22.195
6.469133	0.79008657	7.311892	22.255
6.467936	0.7493851	7.3430166	22.294
6.408081	0.7637503	7.3418193	22.347
6.491878	0.81402856	7.327454	22.391
6.4846954	0.80684596	7.2831616	22.435
6.4846954	0.80684596	7.2831616	22.435
6.51582	0.79966336	7.291541	22.544
6.4763155	0.7733272	7.314286	22.584
6.43322	0.82719666	7.3645644	22.645
6.447585	0.7457938	7.335834	22.694
6.4224463	0.81761986	7.302315	22.744
6.5457473	0.90740246	7.2711906	22.794
6.5110316	0.89423436	7.2819643	22.844
6.4978633	0.8559271	7.3083005	22.894
6.443994	0.78649527	7.2580223	22.944
6.5002575	0.81642276	7.3071036	23.035
6.4427967	0.81642276	7.3071036	23.035
6.5241995	0.89782566	7.289147	23.094
6.4463882	0.8643068	7.2987237	23.145
6.443994	0.878672	7.3430166	23.201
6.4404025	0.81043726	7.303512	23.234
6.469133	0.82240826	7.3106947	23.295
6.459556	0.8475474	7.3298483	23.354
6.479907	0.8295909	7.28795	23.385
6.4008985	0.8439561	7.2592196	23.452
6.4128695	0.78888947	7.2592196	23.452
6.477513	0.878672	7.311892	23.545
6.4427967	0.8798691	7.350199	23.6
6.3769565	0.8319851	7.349002	23.665
6.4344172	0.81043726	7.3310456	23.695
6.4966664	0.8415619	7.301118	23.746
6.5720835	0.8643068	7.303512	23.797
6.506243	0.8451532	7.303512	23.847
6.482301	0.8511387	7.290344	23.899
6.479907	0.8655039	7.326257	23.945
6.4583592	0.8415619	7.290344	24.005
6.477513	0.8475474	7.297527	24.045
6.5098343	0.82719666	7.3298483	24.095
6.4547677	0.81402856	7.27957	24.154
6.518214	0.92296475	7.3059063	24.209
6.4643445	0.89303726	7.3430166	24.265
6.459556	0.8415619	7.314286	24.298
6.435614	0.80564886	7.2939353	24.345
6.455965	0.78888947	7.315483	24.395
6.4858923	0.81043726	7.289147	24.435
6.51582	0.8463503	7.2687964	24.453
6.519411	0.8331822	7.2807674	24.541
6.4858923	0.8475474	7.3226657	24.594
6.4619503	0.78410107	7.2711906	24.635
6.4643445	0.79367787	7.2783732	24.689
6.4751186	0.8319851	7.3226657	24.744
6.4870896	0.7589619	7.339425	24.795
6.4224463	0.79248077	7.327454	24.852
6.587646	0.8475474	7.309498	24.885
6.4427967	0.8319851	7.321469	24.952
6.4727244	0.81642276	7.3226657	24.985
6.4978633	0.7613561	7.2927384	25.052
6.4416	0.7529764	7.2963295	25.092
6.4739213	0.82001406	7.3418193	25.145
6.4870896	0.7637503	7.2963295	25.227
6.4870896	0.7745243	7.2987237	25.235
6.513426	0.7673417	7.2819643	25.305
6.4727244	0.78050977	7.315483	25.355
6.482301	0.7781156	7.374141	25.448
6.4607534	0.7565677	7.374141	25.448
6.4607534	0.7565677	7.374141	25.448
6.5337763	0.82360536	7.2987237	25.545
6.51582	0.8391677	7.275979	25.585
6.5265937	0.81761986	7.290344	25.635
6.47033	0.81642276	7.3346367	25.696
6.435614	0.79367787	7.326257	25.745
6.399701	0.7625532	7.323863	25.785
6.4619503	0.7697359	7.302315	25.846
6.513426	0.7529764	7.253234	25.901
6.55293	0.81283146	7.289147	25.945
6.481104	0.81283146	7.3226657	25.995
6.489484	0.81163436	7.297527	26.045
6.4272346	0.78170687	7.3466077	26.095
6.405687	0.770933	7.369353	26.135
6.447585	0.8511387	7.381324	26.196
6.4870896	0.8499416	7.267599	26.245
6.5445504	0.8499416	7.3346367	26.303
6.50744	0.82001406	7.302315	26.341
6.4966664	0.7793127	7.2987237	26.395
6.4164605	0.79248077	7.3525934	26.435
6.4068837	0.78290397	7.315483	26.461
6.4427967	0.8595184	7.368156	26.545
6.457162	0.8726865	7.301118	26.595
6.503849	0.8678981	7.3106947	26.634
6.503849	0.80924016	7.2951326	26.697
6.455965	0.8463503	7.2939353	26.745
6.469133	0.80205756	7.3298483	26.795
6.381745	0.78769237	7.314286	26.845
6.4966664	0.89064306	7.32506	26.898
6.4380083	0.90021986	7.357382	26.954
6.5218053	0.82240826	7.240066	27.014
6.4643445	0.79008657	7.2939353	27.065
6.4643445	0.80086046	7.3202715	27.096
6.4523735	0.8439561	7.2963295	27.146
6.4787097	0.8631097	7.3178773	27.184
6.4763155	0.8762778	7.2927384	27.245
6.4392056	0.8678981	7.3549876	27.295
6.4619503	0.8379706	7.290344	27.344
6.5385647	0.85473	7.261614	27.394
6.576872	0.81881696	7.302315	27.445
6.481104	0.8403648	7.285556	27.465
6.457162	0.8439561	7.323863	27.544
6.4607534	0.8391677	7.3178773	27.594
6.477513	0.8319851	7.2747817	27.645
6.517017	0.8391677	7.303512	27.694
6.5146227	0.80924016	7.28795	27.744
6.481104	0.78649527	7.302315	27.813
6.483498	0.79966336	7.2664022	27.845
6.465542	0.8343793	7.290344	27.899
6.4523735	0.93254155	7.3549876	27.945
6.3793507	0.92535895	7.4136457	28.001
6.405687	0.88944596	7.3873096	28.054
6.4380083	0.79726917	7.350199	28.087
6.479907	0.7445967	7.277176	28.145
6.455965	0.92775315	7.349002	28.195
6.6175733	0.8403648	7.156269	28.245
6.501455	0.80205756	7.3166804	28.305
6.4380083	0.78888947	7.338228	28.348
6.420052	0.81283146	7.3729444	28.395
6.3805475	0.81522566	7.3729444	28.446
6.503849	0.7386112	7.3106947	28.464
6.540959	0.641646	7.1861963	28.545
6.6415157	0.78649527	7.2209125	28.597
6.5684924	0.81881696	7.285556	28.654
6.602011	0.8750807	7.2268977	28.694
6.528988	0.78888947	7.3549876	28.753
6.3087215	0.7565677	7.4112515	28.785
6.2045736	0.91099375	7.517793	28.844
6.375759	0.9576807	7.405266	28.905
6.4463882	0.90021986	7.359776	28.945
6.567295	0.8367735	7.2472486	28.994
6.542156	0.6667852	7.21373	29.055
6.5505357	0.7158663	7.2472486	29.105
6.5002575	0.80804306	7.290344	29.145
6.453571	0.80445176	7.289147	29.196
6.481104	0.8415619	7.3083005	29.255
6.4427967	0.79367787	7.314286	29.294
6.4547677	0.80564886	7.3406224	29.344
6.457162	0.81881696	7.323863	29.405
6.495469	0.80205756	7.3106947	29.444
6.501455	0.79726917	7.327454	29.464
6.501455	0.79726917	7.327454	29.464
6.5241995	0.770933	7.27957	29.595
6.531382	0.81163436	7.2831616	29.644
6.579266	0.7793127	7.2723875	29.684
6.503849	0.80445176	7.2987237	29.745
6.43322	0.82121116	7.3406224	29.795
6.397307	0.8475474	7.351396	29.844
6.399701	0.82001406	7.299921	29.911
6.506243	0.78888947	7.3071036	29.956
6.5337763	0.7793127	7.289147	29.995
6.539762	0.90500826	7.327454	30.048
6.5098343	0.8475474	7.3106947	30.095
6.355408	0.7745243	7.3310456	30.145
6.505046	0.81881696	7.3166804	30.194
6.421249	0.8643068	7.313089	30.244
6.5265937	0.8523358	7.311892	30.294
6.459556	0.8535329	7.299921	30.365
6.5481415	0.8343793	7.3178773	30.383
6.447585	0.830788	7.3178773	30.445
6.453571	0.8343793	7.351396	30.455
6.4404025	0.78769237	7.309498	30.545
6.555324	0.7661445	7.289147	30.594
6.503849	0.8475474	7.301118	30.644
6.5720835	0.89782566	7.27957	30.696
6.432023	0.9600749	7.356185	30.745
6.4284315	0.7625532	7.3466077	30.795
6.4032927	0.7793127	7.338228	30.846
6.4787097	0.78290397	7.2843585	30.894
6.4619503	0.8523358	7.2604165	30.944
6.549339	0.91697925	7.315483	30.994
6.518214	0.8487445	7.255628	31.045
6.4368114	0.79726917	7.309498	31.095
6.4128695	0.8571242	7.350199	31.146
6.443994	0.80086046	7.32506	31.195
6.519411	0.82360536	7.2508397	31.254
6.513426	0.81163436	7.27957	31.295
6.5122285	0.8295909	7.2987237	31.342
6.493075	0.8858546	7.2747817	31.396
6.459556	0.91458505	7.3525934	31.445
6.4763155	0.8774749	7.315483	31.464
6.4763155	0.8774749	7.315483	31.464
6.481104	0.89782566	7.3525934	31.599
6.482301	0.878672	7.2807674	31.655
6.525397	0.82240826	7.2580223	31.716
6.5086374	0.80325466	7.3071036	31.765
6.4906807	0.7469909	7.335834	31.792
6.4487824	0.7517793	7.301118	31.845
6.489484	0.8571242	7.3047094	31.895
6.4140663	0.89184016	7.3418193	31.938
6.4463882	0.89782566	7.3466077	31.995
6.4344172	0.79128367	7.338228	32.035
6.5098343	0.7170634	7.2783732	32.095
6.540959	0.78529817	7.3190746	32.144
6.5349736	0.81043726	7.303512	32.194
6.4583592	0.79966336	7.299921	32.244
6.5122285	0.830788	7.261614	32.294
6.4619503	0.7505822	7.3406224	32.375
6.435614	0.7565677	7.3322425	32.396
6.445191	0.7625532	7.3346367	32.444
6.4547677	0.7697359	7.3346367	32.464
6.4751186	0.8463503	7.2939353	32.545
6.506243	0.78170687	7.285556	32.605
6.467936	0.760159	7.311892	32.645
6.483498	0.80325466	7.327454	32.705
6.479907	0.80205756	7.2783732	32.745
6.501455	0.81043726	7.2807674	32.805
6.469133	0.842759	7.359776	32.835
6.455965	0.7577648	7.3178773	32.895
6.3781533	0.7398083	7.309498	32.945
6.517017	0.8714894	7.297527	33.005
6.4727244	0.8774749	7.315483	33.04
6.494272	0.8523358	7.302315	33.095
6.479907	0.7661445	7.2664022	33.141
6.4224463	0.760159	7.2987237	33.196
6.443994	0.89064306	7.3346367	33.254
6.503849	0.8655039	7.3178773	33.284
6.5265937	0.7637503	7.2388687	33.362
6.519411	0.830788	7.289147	33.397
6.4583592	0.8619126	7.3789296	33.455
6.4224463	0.8559271	7.3849154	33.475
6.4224463	0.8559271	7.3849154	33.475
6.528988	0.78290397	7.301118	33.597
6.471527	0.78529817	7.2831616	33.647
6.537368	0.8810662	7.2747817	33.705
6.4882865	0.94690675	7.3202715	33.744
6.4607534	0.89543146	7.345411	33.795
6.459556	0.7769185	7.37055	33.845
6.384139	0.7278373	7.3106947	33.899
6.4128695	0.8643068	7.3406224	33.964
6.4787097	0.9696517	7.3071036	34.015
6.4727244	0.9552865	7.277176	34.053
6.4882865	0.90500826	7.297527	34.095
6.4284315	0.7697359	7.327454	34.145
6.4368114	0.80445176	7.3789296	34.195
6.3123126	1.0163386	7.4495587	34.246
6.4523735	0.92895025	7.347805	34.298
6.4978633	0.7721301	7.2568254	34.345
6.564901	0.7290344	7.2125325	34.41
6.5325794	0.89423436	7.264008	34.465
6.5481415	0.89423436	7.264008	34.465
6.5481415	0.89423436	7.358579	34.551
6.4164605	0.92775315	7.351396	34.615
6.3985043	0.81283146	7.2592196	34.645
6.5098343	0.8595184	7.2508397	34.697
6.5565214	0.90740246	7.3190746	34.745
6.4870896	0.90021986	7.335834	34.798
6.3985043	0.8822633	7.359776	34.844
6.3913217	0.8738836	7.358579	34.894
6.364985	0.8487445	7.368156	34.958
6.489484	0.92535895	7.3166804	35.005
6.5002575	0.9504981	7.323863	35.045
6.4284315	0.8714894	7.2867527	35.095
6.5864487	0.9804256	7.374141	35.145
6.432023	0.9696517	7.368156	35.195
6.4990606	0.842759	7.315483	35.262
6.3661823	0.842759	7.323863	35.322
6.494272	0.80684596	7.3765354	35.355
6.393716	0.8439561	7.3406224	35.396
6.479907	0.8690952	7.289147	35.446
6.4667387	0.89543146	7.314286	35.475
6.4583592	0.8379706	7.3645644	35.545
6.481104	0.78529817	7.3226657	35.595
6.4583592	0.80564886	7.351396	35.665
6.4499793	0.8571242	7.4004774	35.695
6.4308257	0.8367735	7.356185	35.746
6.4463882	0.6871359	7.2687964	35.805
6.4344172	0.7733272	7.2448545	35.846
6.489484	0.770933	7.3849154	35.905
6.467936	0.8798691	7.181408	35.952
6.6870055	0.82360536	7.301118	35.996
6.5385647	0.7493851	7.2065473	36.045
6.491878	0.6811504	7.2867527	36.096
6.411672	0.7134721	7.358579	36.147
6.531382	0.81881696	7.3166804	36.198
6.4906807	0.7146692	7.290344	36.235
6.481104	0.7505822	7.2951326	36.302
6.479907	0.78170687	7.323863	36.352
6.5098343	0.7577648	7.2831616	36.388
6.6403184	0.82360536	7.2939353	36.465
6.8246717	0.89902276	7.392098	36.473
6.8246717	0.89902276	7.392098	36.473
6.2488666	0.6631939	7.1634517	36.595
6.5936313	0.6691794	7.2843585	36.648
6.4739213	0.7254431	7.2747817	36.695
6.4583592	0.7158663	7.2843585	36.735
6.517017	0.6955156	7.3430166	36.795
6.6367273	0.7314286	7.2723875	36.845
6.5505357	0.60812724	7.2233067	36.895
6.6163764	0.7098808	7.3885064	36.945
6.4140663	0.50038815	7.261614	36.995
6.5026517	0.6488287	7.277176	37.045
6.579266	0.94211835	7.3202715	37.095
6.471527	0.81761986	7.477092	37.155
6.4032927	0.5267244	7.3549876	37.195
6.5936313	0.47285482	7.1610575	37.246
6.6295447	0.6476316	7.2783732	37.295
6.5948286	0.5650316	7.225701	37.335
6.600814	0.6368576	7.253234	37.398
6.3003416	0.8499416	7.451953	37.445
6.5230026	0.39863458	7.2065473	37.475
6.5230026	0.39863458	7.2065473	37.475
6.364985	0.4429273	7.133524	37.595
6.5708866	0.8702923	7.40766	37.645
6.55293	0.6440403	7.2448545	37.695
6.6044054	0.6895301	7.321469	37.752
6.567295	0.6715736	7.255628	37.809
6.242881	0.7493851	7.358579	37.845
6.489484	0.48003745	7.1407065	37.895
6.5936313	1.2892777	7.45315	37.955
6.7133417	0.8631097	7.237672	37.995
6.591237	0.7338228	7.1730285	38.045
6.563704	0.748188	7.3466077	38.097
6.245275	0.7637503	7.3106947	38.152
6.3099184	0.7062895	7.1311297	38.195
6.2368956	0.7649474	7.3645644	38.261
6.3985043	0.6799533	7.2687964	38.279
6.3206925	0.81881696	7.289147	38.354
6.447585	0.8415619	7.4004774	38.405
6.551733	1.033098	7.5189905	38.454
6.731298	0.91817635	7.5309615	38.474
6.731298	0.91817635	7.5309615	38.474
6.364985	0.29448682	7.4208283	38.595
6.7492547	0.23702596	7.041347	38.663
6.4727244	0.45848963	7.36217	38.704
6.930017	0.62847793	7.4004774	38.754
7.0724716	0.7469909	7.074866	38.805
7.1646485	0.7757214	6.823475	38.844
7.1383123	0.36870706	7.005434	38.91
6.707356	-0.05626374	7.2843585	38.965
6.76362	-0.16879122	7.225701	38.996
6.3685765	0.78410107	7.207744	39.06
6.6307416	0.45010993	7.3190746	39.094
6.253655	0.61052144	7.349002	39.155
6.019023	0.7086837	7.5764513	39.194
6.2632318	0.4285621	7.800309	39.244
6.027403	0.5255273	7.4208283	39.295
6.0884547	0.5243302	7.5201874	39.347
6.567295	0.5614403	7.2544312	39.395
6.317101	0.33279404	7.41604	39.445
6.244078	0.33877954	7.337031	39.476
6.244078	0.33877954	7.337031	39.476
6.2500634	0.47046062	7.53575	39.608
6.381745	0.50757074	7.439982	39.655
6.183026	0.44771573	7.667431	39.704
6.209362	0.37110126	7.513005	39.749
6.266823	0.32441434	7.3909006	39.796
6.4427967	0.2633622	7.32506	39.845
6.528988	0.3842694	7.5441294	39.895
6.4404025	0.25498247	7.3765354	39.987
6.465542	0.3172317	7.6351094	40.0
6.1159883	0.35434186	7.3047094	40.045
6.171055	0.34237084	7.3178773	40.105
6.172252	0.5566519	7.4088573	40.15
6.2129536	0.31124622	7.1909847	40.185
6.423643	0.46088383	7.451953	40.249
5.9172697	0.2801216	7.1993647	40.295
6.8988924	0.7781156	8.416816	40.345
5.6658783	1.2401965	7.2664022	40.397
6.155493	0.5410896	8.281544	40.445
6.1112	0.5434838	7.890092	40.475
6.1112	0.5434838	7.890092	40.475
5.507861	1.0905589	8.135497	40.625
6.290765	1.4449008	8.110358	40.641
6.069301	1.388637	7.8050976	40.691
5.9962783	1.5490485	7.7967176	40.755
5.451597	1.3108255	7.8326306	40.795
5.6084175	0.9995792	8.063671	40.845
5.105635	0.521936	8.054094	40.895
5.294777	1.4161704	8.504205	40.945
4.9643774	1.0582372	8.176199	40.999
4.7441106	1.0402806	8.117541	41.045
5.115212	1.5095441	8.384495	41.095
5.257667	1.0642227	8.360553	41.145
4.9799395	1.009156	8.127118	41.191
5.2648497	1.42455	8.291121	41.245
5.4671597	1.3970166	8.220491	41.295
5.3259015	1.0474633	8.14268	41.345
5.475539	1.0702082	8.160637	41.389
5.3115363	1.1384429	8.032547	41.435
5.2049947	1.2114661	8.166622	41.475
5.5521536	0.93613285	7.9966335	41.55
5.7855883	0.91817635	7.9487495	41.596
5.7808	1.3455414	7.9343843	41.645
5.5737014	1.091756	7.9212165	41.694
5.9926867	1.2366052	8.12233	41.744
6.14831	1.2677298	8.121132	41.785
5.0840874	0.8463503	7.848193	41.831
5.446809	1.2186487	8.238448	41.895
5.309142	1.2773066	8.248025	41.934
4.9404354	1.1109096	8.24204	41.994
5.1559134	0.89423436	8.208521	42.034
5.73531	1.103727	8.283937	42.094
5.925649	1.3479356	7.979874	42.144
5.461174	1.553837	7.878121	42.204
5.6419363	1.22224	8.1642275	42.246
5.2145715	1.0115502	8.195353	42.297
5.052963	1.3120226	8.222886	42.334
5.175067	1.7262194	8.190564	42.416
5.094861	1.8076223	8.200141	42.444
5.368997	1.3072342	8.127118	42.484
5.234922	1.0259154	8.137892	42.55
4.751293	1.4053963	8.152257	42.594
5.106832	1.5358804	8.074445	42.661
5.12838	1.6819267	8.414422	42.715
5.805939	1.7118542	8.403648	42.749
5.4647655	1.4760253	7.908048	42.795
5.3941364	1.8686744	7.9092455	42.846
5.7903767	1.5885528	7.9607205	42.893
5.746084	1.6591818	8.085219	42.944
5.3594203	1.6124948	8.157045	43.007
4.8135424	1.3742718	8.210915	43.045
4.711789	1.5370775	8.327033	43.088
4.4903255	1.4257472	8.249222	43.135
5.0781016	1.6579847	8.317456	43.185
5.2325277	1.5705963	8.186973	43.236
5.4192758	1.5394717	8.064868	43.285
5.793968	1.2330139	8.099585	43.345
5.7424927	1.2210429	7.9152308	43.395
5.366603	1.8722657	8.009802	43.448
5.4683566	1.8926164	8.075643	43.485
5.4683566	1.8926164	8.075643	43.485
5.4683566	1.8926164	8.075643	43.485
5.2145715	1.3754689	8.09719	43.635
5.475539	1.2940661	7.9571295	43.695
5.523423	1.4664485	7.952341	43.746
5.565322	1.5119383	7.9511437	43.795
5.6156	1.3682863	7.7608047	43.829
5.8933277	1.3587095	7.902063	43.897
5.639542	0.9660604	7.1622543	43.944
6.7863646	1.0319009	8.050503	43.994
6.6056023	1.1959038	7.795521	44.034
5.9160724	0.6775591	7.0581064	44.101
6.7444663	0.9864111	7.7440453	44.144
6.205771	0.60094464	7.4962454	44.205
5.9041014	0.9768343	7.4603324	44.244
6.0441623	1.0223241	7.723695	44.335
6.245275	1.0223241	7.723695	44.335
6.3470287	0.81642276	7.5225816	44.395
6.0118403	0.7517793	7.27957	44.475
6.0848637	0.91338795	7.48188	44.485
6.0848637	0.91338795	7.48188	44.485
6.5086374	1.1109096	7.6626425	44.6
6.8557963	1.0618285	7.5321584	44.659
6.039374	0.6943185	6.9371996	44.715
6.265626	0.7517793	7.253234	44.751
6.2512608	0.61530983	7.608773	44.794
7.0006456	1.2665327	7.9691005	44.846
6.2979474	1.1659763	8.045714	44.899
5.433641	1.009156	7.216124	44.945
5.967548	0.81881696	7.9307933	45.001
5.415684	1.0773908	7.7248917	45.045
5.9507885	0.9947908	8.240842	45.095
5.4683566	0.6356605	7.8517847	45.135
5.507861	0.79487497	8.028955	45.195
5.315128	0.85473	8.330625	45.245
5.118803	0.6787562	7.8146744	45.295
5.6108117	0.81163436	8.201338	45.345
5.407305	0.6476316	8.080431	45.395
5.2265425	0.6679823	7.976283	45.448
5.2265425	0.62967503	8.137892	45.505
5.4264584	0.79008657	8.422802	45.521
5.246893	0.5734113	8.201338	45.595
5.746084	0.89303726	8.034941	45.652
5.602432	0.6655881	7.872135	45.695
5.813122	0.8631097	7.908048	45.764
5.7520695	0.5793968	7.7787614	45.795
5.8909335	0.50397944	7.6147585	45.844
5.934029	0.60932434	8.050503	45.904
6.129156	0.49200845	7.9822683	45.996
5.554548	0.49200845	7.9822683	45.996
5.919664	0.39863458	7.6734166	46.055
5.9878983	0.33159694	7.6650367	46.125
5.923255	0.45130703	7.848193	46.165
6.3769565	0.58538234	7.8039002	46.188
5.931635	0.60932434	7.5321584	46.247
6.39611	0.7745243	7.563283	46.306
6.481104	0.8439561	7.6255326	46.345
6.05733	0.59017074	7.2101383	46.396
6.5936313	0.90141696	7.765593	46.445
6.232107	0.427365	7.0461354	46.494
5.9807158	0.6380547	7.6111674	46.537
5.9807158	0.6380547	7.6111674	46.537
5.7843914	0.3878607	6.728904	46.641
6.817489	1.411382	7.929596	46.695
6.3781533	0.2621651	6.1938	46.745
6.114791	0.33399114	6.685808	46.783
7.2209125	0.6991069	7.01142	46.845
6.879739	0.59256494	7.631518	46.886
6.3925185	0.3854665	6.50744	46.948
6.823475	0.5554548	6.7360864	46.995
7.180211	1.1683705	6.885724	47.045
6.9120603	0.8750807	6.6163764	47.095
7.524976	1.2844892	7.0569096	47.162
7.2245035	0.90261406	6.5960255	47.215
7.079654	0.90261406	6.621165	47.242
6.873753	0.8403648	6.5828576	47.297
7.2340803	1.0582372	6.7923503	47.345
7.36217	1.2006922	6.8103065	47.405
6.975507	1.0845734	6.597223	47.445
7.041347	1.0378864	6.5816603	47.495
7.225701	1.0833763	6.6546836	47.535
7.225701	1.0833763	6.6546836	47.535
7.225701	1.0941502	6.5349736	47.645
7.313089	1.1192893	6.503849	47.685
7.3442135	1.1264719	6.540959	47.745
7.299921	1.0845734	6.477513	47.809
7.229292	1.0714053	6.505046	47.865
7.1754227	1.0881647	6.528988	47.898
7.15986	1.0259154	6.603208	47.945
7.074866	1.0307038	6.5565214	47.998
7.204153	1.0941502	6.5744777	48.043
7.1311297	1.0630256	6.5565214	48.085
7.1586633	1.115698	6.566098	48.145
7.1383123	1.0821792	6.518214	48.185
7.229292	1.0618285	6.575675	48.245
7.2221093	1.0570401	6.579266	48.296
7.219715	1.1013328	6.549339	48.348
7.117962	1.0714053	6.4990606	48.399
7.228095	1.0426749	6.564901	48.445
7.265205	0.973243	6.5565214	48.495
7.2245035	0.9564836	6.4427967	48.535
7.2245035	0.9564836	6.4427967	48.535
7.145495	0.8834604	6.3925185	48.641
7.1550717	1.0031705	6.489484	48.695
7.4603324	1.0833763	6.459556	48.752
7.418434	1.0283096	6.3721676	48.835
7.4124484	1.0342951	6.3865333	48.847
7.2568254	0.9672575	6.3338604	48.896
7.2927384	0.997185	6.349423	48.945
7.406463	1.0199299	6.3422403	49.005
7.2987237	1.1097125	6.4164605	49.035
7.321469	1.055843	6.277597	49.095
7.359776	0.91697925	6.147113	49.155
7.3071036	1.0833763	6.3889275	49.188
7.553706	1.0606314	5.9364233	49.285
7.429208	1.1049241	6.093243	49.305
7.6841903	1.2473791	6.253655	49.355
7.633912	1.1097125	6.0944405	49.415
7.4615297	1.0115502	6.191406	49.475
7.5070195	0.90859956	6.2763996	49.489
7.4268136	0.9947908	6.232107	49.539
7.4268136	0.9947908	6.232107	49.539
7.837419	1.4784195	6.465542	49.676
7.651869	1.5382746	6.649895	49.69
7.541735	0.9576807	6.291962	49.755
7.135918	0.79607207	6.021417	49.797
7.086837	0.8403648	6.183026	49.845
7.5165963	1.3036429	6.2500634	49.895
7.7727757	1.4197617	6.05733	49.935
7.776367	1.1575965	5.9388175	50.006
7.667431	1.2629414	6.349423	50.041
7.2328835	0.8511387	6.23091	50.095
7.2664022	0.94451255	6.0920463	50.148
7.2580223	1.1683705	6.184223	50.185
7.667431	1.3431472	6.172252	50.247
7.6626425	1.1827357	6.105214	50.295
7.608773	0.9792285	5.995081	50.345
7.574057	0.9911995	6.0956373	50.375
7.4806833	1.1324574	6.455965	50.455
7.469909	1.1085154	6.327875	50.485
7.517793	0.88944596	5.8909335	50.534
7.517793	0.88944596	5.8909335	50.534
7.6111674	1.0737995	6.2740054	50.635
7.5106106	0.90141696	6.125565	50.696
7.5561004	1.0259154	6.1327477	50.744
7.539341	1.0761937	6.241684	50.794
7.1586633	0.89184016	6.247669	50.844
7.656657	0.88944596	6.2045736	50.894
7.5549035	0.9636662	6.114791	50.945
7.357382	0.93493575	6.2644286	50.985
7.3897038	0.8774749	6.281188	51.044
7.4016747	0.8619126	6.2620344	51.103
7.3753386	0.93254155	6.301539	51.146
7.4866686	0.93493575	6.2380924	51.194
7.4471645	0.92535895	6.2009826	51.255
7.406463	0.91697925	6.14831	51.315
7.65546	0.92176765	6.137536	51.344
7.7189064	0.89662856	6.009446	51.385
7.5285673	0.8834604	6.1123967	51.455
7.505822	0.91697925	6.191406	51.485
7.5405383	0.8607155	6.2728086	51.544
7.5405383	0.8607155	6.2728086	51.544
7.5824366	1.0055647	6.187814	51.645
7.562086	0.94690675	6.0920463	51.706
7.599196	0.90500826	6.133945	51.773
7.4926543	0.8559271	6.184223	51.784
7.526173	0.8439561	6.194997	51.845
7.524976	0.93972415	6.241684	51.896
7.3968863	0.8738836	6.14831	51.945
7.4387846	0.92416185	6.1662664	51.994
7.548918	0.89662856	6.209362	52.052
7.451953	0.9672575	6.160281	52.095
7.6243353	0.93254155	6.184223	52.162
7.441179	0.92895025	6.066907	52.195
7.703344	1.055843	6.2021794	52.244
7.49026	0.89064306	6.2261214	52.298
7.327454	0.8834604	6.161478	52.344
7.6710224	1.0594343	6.271611	52.394
7.5668745	0.9900024	6.2141504	52.444
7.2711906	0.91937345	6.209362	52.494
7.4495587	0.93493575	6.2871737	52.541
7.4711065	0.94211835	6.2392898	52.565
7.4711065	0.94211835	6.2392898	52.565
7.3609734	1.0534488	6.3087215	52.695
7.3849154	1.0594343	6.3745623	52.748
7.3071036	1.0139444	6.5577183	52.795
7.368156	1.0151415	6.5625067	52.844
7.479486	1.0115502	6.6750345	52.894
7.8625584	1.5251064	6.682217	52.938
6.658275	0.6560113	6.1519012	52.995
7.1586633	0.59615624	6.4727244	53.046
7.2268977	1.0498575	6.955156	53.098
6.7684083	0.8750807	6.777985	53.148
6.4547677	0.830788	6.89171	53.194
6.679823	0.9636662	6.9982514	53.244
6.721721	0.961272	6.96593	53.294
6.8366427	1.0175357	7.086837	53.344
6.88333	1.0702082	6.8905125	53.398
6.908469	0.9983821	6.943185	53.446
7.2149267	1.1456255	6.9491706	53.496
6.9407907	1.0019734	6.8761473	53.545
6.751649	0.8607155	6.7624226	53.555
6.6965823	0.9828198	7.1646485	53.644
6.769605	1.1097125	7.264008	53.691
6.5984197	1.0235212	7.028179	53.744
6.609194	0.8762778	7.1143703	53.818
6.3985043	0.8690952	6.9503675	53.845
6.939594	1.0582372	7.548918	53.895
6.423643	0.94930094	7.004237	53.945
6.39611	0.9660604	7.0928226	53.995
6.56131	1.0223241	7.2221093	54.045
6.519411	1.2617443	7.189788	54.095
6.5960255	1.0570401	7.303512	54.145
6.3218894	0.92176765	7.2628107	54.195
6.6642604	1.0498575	7.3466077	54.245
6.5816603	1.1300632	7.135918	54.295
6.827066	1.0833763	7.3466077	54.335
6.517017	1.2473791	6.9611416	54.395
6.8426285	1.1971009	6.9958572	54.449
7.0928226	1.1971009	7.3322425	54.496
6.187814	0.7170634	7.2987237	54.548
6.2368956	0.7445967	7.27957	54.555
6.5086374	0.9804256	7.477092	54.647
6.1626754	0.58418524	7.369353	54.685
6.1626754	1.0606314	7.5046253	54.746
6.43322	1.2485762	7.5070195	54.795
6.2967505	1.0594343	7.1861963	54.846
6.7025676	0.9600749	7.1275387	54.898
6.5026517	0.9780314	7.156269	54.944
6.896498	1.2425907	7.4375877	54.994
6.4619503	1.0019734	7.1131735	55.044
6.7133417	1.0462662	7.16824	55.105
6.4499793	1.1013328	7.207744	55.145
6.435614	1.0714053	7.393295	55.205
6.4020953	1.115698	7.4447703	55.244
6.471527	0.92535895	7.335834	55.295
6.399701	0.90859956	7.455544	55.345
6.1662664	0.94930094	7.562086	55.405
6.7013707	1.0378864	7.515399	55.488
6.205771	1.0618285	7.4351935	55.496
5.949591	1.1216835	7.479486	55.536
5.967548	1.0857705	7.4830775	55.553
6.1542954	0.89782566	7.4962454	55.645
6.4906807	1.3910311	7.563283	55.704
6.6415157	1.2042835	7.8613615	55.745
6.281188	1.1324574	7.101202	55.795
6.2488666	0.17956513	7.667431	55.855
5.9448028	0.090979666	7.067683	55.889
5.9041014	0.4189853	7.9212165	55.935
6.126762	0.2896984	7.5225816	55.995
6.9767036	0.47046062	7.4962454	56.046
6.731298	0.39624038	7.2448545	56.115
6.8988924	-0.16160862	6.791153	56.145
6.8665705	0.35793316	7.374141	56.195
6.879739	0.16280572	6.9503675	56.247
6.9731126	0.2621651	7.2963295	56.295
6.615179	-0.090979666	7.038953	56.345
6.4751186	0.095768064	6.851008	56.395
6.6786256	0.39624038	7.559692	56.445
6.6606693	0.019153614	7.1275387	56.495
6.5469446	0.36631286	7.290344	56.545
6.5469446	0.36631286	7.290344	56.545
6.6175733	-0.037110128	6.919243	56.655
6.491878	0.36391866	7.313089	56.725
6.8426285	0.20949265	7.2065473	56.745
6.329072	0.19273324	7.1431007	56.795
6.113594	0.36272156	7.6482773	56.845
6.3482256	0.30765492	7.5309615	56.895
6.337452	0.23942018	7.291541	56.945
6.4643445	0.29927522	7.4088573	56.998
6.5589156	0.41060558	7.523779	57.045
6.4499793	0.36272156	7.0808516	57.096
6.3458314	0.22984336	7.074866	57.154
6.817489	0.3866636	7.630321	57.195
6.307524	0.19033903	6.8605847	57.245
6.0836663	0.60812724	7.52737	57.295
6.5589156	0.7398083	7.6027875	57.345
6.181829	0.6715736	7.5189905	57.395
6.3721676	0.31483752	7.3633676	57.445
6.5337763	0.5267244	7.606379	57.495
6.135142	0.8571242	7.1969705	57.547
6.23091	0.8678981	7.309498	57.555
6.209362	0.16639702	7.5549035	57.645
6.4751186	0.08379706	7.5165963	57.697
6.2728086	0.7230489	7.2352777	57.746
6.6786256	0.49440265	7.4471645	57.795
6.1064115	0.47524905	7.303512	57.845
6.363788	0.36990416	7.489063	57.916
6.2979474	0.30166942	7.5106106	57.94
6.5098343	0.20829555	7.302315	57.995
6.658275	0.093373865	6.989872	58.05
6.7348895	0.4441244	7.445967	58.096
6.4499793	0.4297592	6.8881183	58.145
6.4152637	0.8415619	7.4148426	58.195
6.187814	0.8798691	7.3777328	58.245
6.184223	1.1061212	7.6985555	58.296
6.1219735	0.92895025	7.7428484	58.353
6.2129536	0.6392518	7.608773	58.395
6.1746464	1.0247183	7.4926543	58.445
6.23091	0.9576807	7.599196	58.505
6.0585275	0.9756372	7.6231384	58.545
5.99149	1.0666169	7.8769236	58.625
6.123171	1.1372458	7.867347	58.645
5.705383	1.0761937	7.7464395	58.696
5.8598084	1.1659763	7.920019	58.745
5.6527104	1.0486604	7.73806	58.795
5.583278	1.0702082	7.9224133	58.845
5.463568	1.1611878	7.9954367	58.905
5.5377884	1.3946224	7.8649526	58.945
5.8346696	1.376666	7.98586	58.995
5.5617304	1.423353	8.06008	59.045
5.66109	1.5717934	8.124723	59.096
5.368997	1.5574282	8.101978	59.148
5.3223104	1.4796166	8.178593	59.184
5.2600613	1.471237	8.1163435	59.245
5.3678	1.4939818	8.147469	59.296
5.469554	1.5263035	8.127118	59.351
5.318719	1.5251064	8.069656	59.396
5.267244	1.4329298	8.091205	59.465
5.2540755	1.423353	8.157045	59.525
5.2648497	1.3718776	8.175002	59.545
5.281609	1.352724	8.215703	59.556
5.281609	1.352724	8.215703	59.556
5.4779334	1.4401124	8.130709	59.698
5.509058	1.4101849	8.093599	59.745
5.395334	1.3623008	7.9714947	59.795
5.5126495	1.2378023	8.070854	59.844
5.436035	1.2066777	8.046912	59.907
5.386954	1.1180922	8.01459	59.955
5.282806	0.91697925	7.967903	59.985
5.7544637	1.2797008	8.057686	60.045
5.949591	1.3156139	8.005013	60.095
5.8813562	1.2904748	7.807492	60.145
5.851429	1.1947067	7.785944	60.195
5.604826	0.9900024	7.890092	60.251
5.485116	0.8343793	8.005013	60.325
5.366603	0.91458505	7.9714947	60.345
5.6299653	1.0546459	7.8996687	60.396
5.7760115	1.115698	7.823054	60.448
5.731719	1.0498575	7.7943234	60.488
6.0262055	0.9720459	7.776367	60.545
6.0621185	0.94570965	7.753622	60.555
6.2261214	0.94331545	7.6853876	60.645
6.215348	0.89303726	7.589619	60.695
6.1746464	0.94211835	7.5680714	60.745
6.2285156	0.92655605	7.5884223	60.802
6.077681	0.92296475	7.633912	60.844
6.131551	0.92535895	7.6770077	60.898
6.1064115	0.8762778	7.608773	60.985
6.0728927	0.90261406	7.627927	60.995
6.1902084	0.9804256	7.615956	61.045
6.173449	0.8319851	5.535394	61.095
5.9519854	1.1947067	8.309077	61.132
6.3661823	0.37469256	8.25401	61.198
5.2277393	1.1731589	6.4751186	61.245
