0.0	0.0	0.0	0.0
0.0	0.0	0.0	0.0
6.317101	1.9596541	7.2699933	0.113
6.291962	1.9919758	7.243657	0.147
6.281188	2.0015526	7.2723875	0.197
6.269217	1.9596541	7.1981673	0.247
6.2165446	2.006341	7.2388687	0.283
5.7664347	1.6112977	7.111976	0.352
6.481104	2.219425	7.406463	0.394
7.1395097	2.3439236	7.3059063	0.444
7.265205	2.5091233	7.28795	0.494
6.8318543	2.1511903	7.2364745	0.602
6.2500634	2.1511903	7.2364745	0.602
6.3566055	2.5677812	7.547721	0.642
7.32506	2.8981812	8.4587145	0.692
6.6534867	1.9883845	7.8984714	0.762
5.209783	2.0769699	7.869741	0.792
4.308366	2.292448	8.110358	0.863
4.1826706	1.8902222	8.058883	0.902
2.4277205	2.2661119	8.762778	0.953
2.9712043	2.2421699	8.820239	0.962
2.918532	2.48159	9.463082	1.042
1.9740193	2.9532478	9.913192	1.092
1.3072342	2.5079262	9.02614	1.142
0.35434186	2.3247697	9.178172	1.192
0.25617957	2.3247697	8.969876	1.243
0.08140286	2.4947581	9.7958765	1.293
0.30047232	2.954445	10.53329	1.352
0.50038815	3.1376014	9.176975	1.393
-0.6548142	1.0199299	7.8158712	1.436
-3.5865142	2.7820623	8.081628	1.492
-1.3874398	1.9596541	10.295067	1.542
-2.1799207	1.0498575	8.761581	1.602
-1.283292	1.934515	10.040085	1.652
0.40102878	2.847903	10.901998	1.692
0.5590461	2.0745757	9.3421755	1.785
-0.23104046	2.0745757	9.3421755	1.785
0.32561144	2.5594015	9.454702	1.842
-0.7098808	2.3989902	8.839393	1.892
-0.4141969	2.2014685	9.200917	1.938
-0.10055647	2.2577322	9.31943	1.963
0.16280572	2.3427265	9.083601	2.042
1.3802572	2.505532	9.57561	2.094
2.2421699	1.8686744	8.902839	2.158
2.7246015	2.0769699	8.313866	2.214
3.3123782	2.0805612	8.133103	2.241
5.2780175	2.2888567	7.759608	2.298
5.483919	2.7006595	7.4244194	2.342
7.8410106	2.2900538	7.2664022	2.423
7.878121	2.087744	6.6726403	2.442
7.973889	2.146402	5.9448028	2.492
8.858546	-0.6943185	4.5394063	2.542
7.868544	0.92416185	5.579687	2.593
8.585608	-0.059855044	4.8099513	2.643
8.12592	3.5362358	4.5980644	2.713
10.820595	-0.878672	3.9743748	2.743
7.703344	-4.617218	2.5617957	2.792
7.890092	0.09696517	2.384625	2.842
11.637017	1.9357121	0.81642276	2.892
9.332599	-1.033098	-0.9528923	2.942
9.759963	0.20350714	-0.40102878	2.962
10.7990465	-0.50996494	-2.56419	3.044
9.975441	-0.12928689	-2.1763294	3.094
10.241198	-0.38307226	-1.9416976	3.138
9.056067	0.1592144	-1.2545617	3.192
10.1143055	-0.62728083	-2.5139117	3.242
10.087969	-0.5650316	-2.0566192	3.292
9.752781	0.47764325	-0.1352724	3.342
9.617508	-0.7697359	-0.34237084	3.402
9.959879	-0.6356605	0.35194764	3.442
9.64145	-0.62368953	0.5650316	3.492
9.598354	-0.7278373	1.2473791	3.549
9.66659	0.23463176	2.5677812	3.595
9.408015	1.3371617	4.0078936	3.653
10.18254	1.127669	3.3028011	3.692
10.043676	0.58538234	3.040636	3.748
9.010578	1.0714053	4.8626237	3.793
8.98903	0.9935937	5.9064956	3.842
6.8905125	1.638831	7.135918	3.892
8.639477	1.8219875	8.467094	3.94
7.893683	1.5442601	7.469909	3.963
4.8841715	2.256535	9.144653	4.042
3.9875429	1.5705963	7.7919292	4.092
3.2668881	0.89184016	9.101558	4.143
1.1492168	1.5047557	8.925584	4.199
2.5761611	2.5390508	10.648212	4.236
-1.1887212	2.2756886	7.6985555	4.294
-3.4799721	1.697489	7.2268977	4.342
-5.115212	2.256535	6.549339	4.394
-8.780735	2.1583729	5.482722	4.442
-6.9048777	3.1399956	6.76362	4.495
-6.233304	1.673547	6.2704144	4.543
-7.050924	2.540248	7.237672	4.594
-5.2361193	2.1176715	7.228095	4.642
-4.4161053	1.6567876	6.743269	4.692
-3.788824	3.132813	8.503007	4.742
-1.8076223	3.5577838	9.331401	4.792
-1.4305356	3.7708676	10.368091	4.842
0.2873042	3.558981	10.579977	4.882
-0.6727707	2.3786395	8.39048	4.943
-0.6488287	2.3259668	8.937555	5.014
1.033098	2.5605986	8.852561	5.042
1.8830396	2.967613	8.899248	5.102
3.2692823	2.5809495	8.682572	5.142
3.8522706	1.7681179	9.168595	5.192
4.3239284	1.471237	8.41921	5.252
4.697424	1.5442601	8.075643	5.292
5.197812	1.435324	7.1873937	5.352
8.26239	1.6172832	7.52737	5.392
5.5126495	1.6364368	5.6706667	5.45
11.334151	0.50517654	5.4180784	5.499
9.333796	0.49679685	4.072537	5.553
9.734824	0.7314286	3.9492357	5.592
9.469068	0.90859956	3.3913867	5.642
9.985018	0.41180268	2.5498247	5.695
8.036138	0.39384618	2.7138276	5.745
10.727221	0.6512229	1.5885528	5.798
8.767567	0.29807812	2.1440077	5.842
9.850943	-0.7290344	1.0785879	5.9
9.998186	-0.37349546	-1.9871874	5.945
9.910798	-1.0319009	-3.3889925	5.967
9.3733	0.008379706	-3.1435869	6.043
9.78989	-0.724246	-3.181894	6.09
9.324219	-0.8738836	-3.7205894	6.153
9.576807	-0.9516952	-3.918111	6.203
9.472659	-0.7062895	-4.3718123	6.252
9.267955	-0.29568392	-3.5422213	6.302
9.758766	-0.5374983	-3.1304188	6.352
9.540894	-0.1376666	-1.9045875	6.403
9.939528	-0.48961425	-1.8363527	6.455
9.8198185	-0.6476316	-1.1480197	6.492
10.254366	-0.93972415	-0.7697359	6.542
9.107543	0.06703765	0.17118542	6.592
9.923966	-0.5590461	1.210269	6.642
9.313444	0.830788	2.4768016	6.692
9.038112	0.48602295	3.181894	6.742
8.343793	0.38187516	3.9671922	6.793
9.057265	0.9660604	5.0661306	6.843
8.637083	0.6715736	4.8733974	6.892
7.615956	0.8535329	6.0621185	6.952
7.728483	0.94690675	6.417658	6.972
6.540959	0.7781156	6.775591	7.044
5.5617304	1.7034745	7.183802	7.093
8.512584	1.2425907	7.902063	7.142
6.609194	0.33638534	6.8318543	7.192
5.74369	1.5921441	7.9116397	7.242
4.748899	2.0817583	8.500613	7.343
5.3737855	2.0817583	8.500613	7.343
2.991555	3.217807	9.44752	7.392
4.1144357	1.9764135	9.218874	7.443
1.0690111	2.6743233	8.844181	7.494
-1.496376	2.3092074	8.532935	7.542
-1.934515	3.4129345	9.43076	7.592
-1.9440918	2.7150247	9.059659	7.663
-3.3171666	-0.033518825	7.2747817	7.713
-4.1802764	0.16639702	7.1251445	7.752
-3.5338416	1.7142484	7.297527	7.792
-2.4995465	3.1962593	9.765948	7.843
-0.6368576	4.6662993	10.820595	7.893
0.23702596	2.4432828	9.179369	7.942
0.60812724	2.5486276	9.271546	7.972
3.0442274	3.323152	10.827777	8.042
2.1978772	2.1284454	8.821436	8.094
0.34237084	1.9165585	8.7292595	8.126
1.2366052	2.529474	8.441956	8.186
2.4372973	1.8614918	8.858546	8.252
2.8215668	1.4664485	8.896853	8.302
2.9891608	1.8207904	9.320627	8.342
3.8355112	1.2737153	8.469488	8.392
4.959589	1.316811	7.6482773	8.442
5.837064	1.3611037	7.049727	8.493
8.791509	1.685518	6.685808	8.543
8.175002	1.021127	6.1926026	8.602
8.12233	1.0510546	5.795165	8.662
9.974244	0.6835446	4.927267	8.702
7.013814	1.5658079	4.88058	8.742
8.045714	0.24181437	3.7181952	8.802
8.937555	0.9828198	3.5565867	8.842
11.423933	1.1444284	1.8483237	8.892
9.811439	-0.21667525	0.90381116	8.942
9.892841	0.7469909	0.11971009	9.043
10.020931	0.7469909	0.11971009	9.043
10.072407	0.033518825	-3.752911	9.092
10.234015	0.09816227	-1.5286977	9.142
9.7803135	-0.59615624	-3.0298622	9.193
10.262746	-1.6316484	-3.8630445	9.25
9.332599	-0.7697359	-3.477578	9.292
9.2069025	-0.21428105	-2.681506	9.342
9.884461	-0.073023155	-2.3870192	9.393
9.698911	-0.08619126	-2.1990743	9.442
10.030508	0.23582886	-1.8148049	9.492
9.964667	-0.1316811	-0.19273324	9.583
9.965864	-0.19273324	0.30047232	9.597
9.203311	-0.22984336	1.0342951	9.642
9.2787285	-0.260968	1.7884687	9.694
9.132683	-0.10175357	2.4875755	9.752
9.148245	0.6452374	3.2620997	9.804
9.673772	0.6751649	3.7852328	9.863
9.179369	1.246182	4.0497923	9.892
8.987833	1.1180922	4.140772	9.946
8.926781	1.4508862	4.961983	9.983
9.193734	0.9552865	5.3199162	10.045
7.827842	1.9668367	6.3721676	10.093
7.442376	1.79206	6.9407907	10.142
7.8039002	2.2170308	7.526173	10.192
4.533421	1.2749124	7.9008656	10.233
7.2568254	1.5155296	8.74961	10.283
3.5446155	1.6124948	8.347384	10.344
3.0059202	1.6005238	8.737639	10.392
1.3479356	2.4420857	9.921572	10.442
0.4357447	2.2541409	7.241263	10.492
-3.78643	2.5258827	7.074866	10.542
-3.3566709	4.0545807	8.759187	10.603
-6.0465565	3.5781345	8.303091	10.642
-5.9064956	0.50278234	5.949591	10.697
-7.2340803	1.5705963	4.83509	10.755
-8.394072	2.5594015	6.126762	10.802
-7.45315	3.3877954	6.9383965	10.842
-5.076905	2.6719291	7.6626425	10.902
-3.5901055	2.847903	7.5094137	10.933
-1.7022774	3.0442274	9.003395	10.984
-1.7022774	3.0442274	9.003395	10.984
1.2737153	2.8658595	9.326612	11.093
1.3227965	2.4732103	8.722076	11.142
1.7848774	2.1140802	9.229648	11.192
2.7365725	2.2254105	9.340978	11.242
3.1052797	2.1272483	8.986636	11.303
3.514688	2.0733786	9.197326	11.333
3.9240966	1.6783354	8.966286	11.392
3.6978445	1.2294226	7.896077	11.442
4.572925	1.5861586	7.1670427	11.492
6.88333	1.0175357	7.3226657	11.543
8.76637	1.8447324	7.6135616	11.586
7.005434	1.0103531	5.591658	11.653
10.043676	0.3842694	5.482722	11.692
8.944737	0.61291564	5.0481744	11.742
8.51857	0.1412579	3.6487634	11.792
9.227253	-0.45729253	2.4732103	11.842
9.296685	0.9744401	1.8435353	11.906
9.773131	-1.328782	1.3108255	11.963
7.6985555	-1.8842367	1.6208745	11.99
10.266336	-0.39504328	0.81761986	12.042
9.330204	-0.5662287	-2.4157495	12.092
10.475829	-0.5243302	-0.61411273	12.142
10.035296	-1.1815386	-2.2996306	12.192
9.53012	-0.15322891	-0.92176765	12.242
9.742006	-0.32321724	-2.5306711	12.292
10.188525	-0.39743748	-2.244564	12.342
9.621099	-0.11731588	-1.0546459	12.394
9.916783	-0.39384618	-0.7541735	12.443
9.591172	0.07062895	0.2825158	12.492
9.911995	-0.12808979	0.11731588	12.543
9.537302	-0.17956513	0.5315128	12.613
9.624691	-0.33039984	0.5770026	12.642
9.570822	-0.2837129	1.1803415	12.682
9.458294	-0.025139118	1.4616601	12.745
9.479841	-0.062249243	2.432509	12.783
9.714474	-0.2885013	2.2984335	12.842
9.709685	0.10055647	3.0310593	12.892
9.276335	0.7469909	3.6176388	12.943
9.130288	0.9624691	4.0066967	12.972
9.01417	1.0151415	4.9548006	13.048
9.181764	0.8559271	5.2181625	13.082
7.302315	1.376666	6.477513	13.142
6.447585	1.5753847	7.1071877	13.193
6.3458314	1.9572599	8.147469	13.244
6.2512608	1.9201498	7.821857	13.292
4.0641575	2.4037786	8.341399	13.342
5.671864	2.8083985	8.548497	13.392
5.2169657	2.3942018	8.872911	13.442
3.4225113	3.1136594	9.081207	13.492
1.970428	1.6316484	7.291541	13.573
-1.1731589	2.3355439	8.3629465	13.592
-1.4197617	3.072958	8.998607	13.654
-1.8291701	3.323152	9.488221	13.683
-4.6040497	2.3594859	8.348581	13.742
-5.1235914	1.6531962	7.955932	13.792
-5.2289367	1.9919758	7.2448545	13.842
-4.220978	2.2421699	7.6530657	13.892
-3.7816415	2.9628246	8.416816	13.942
-2.1296425	3.788824	9.211691	13.989
-2.1296425	2.5019407	8.72088	14.051
0.94092125	3.3686419	10.514136	14.092
1.7190368	2.7246015	9.646238	14.142
1.4389153	1.9069817	9.36492	14.195
1.033098	2.4744074	9.294291	14.246
1.5239093	2.3199813	9.082404	14.292
1.6340426	2.2002714	8.889671	14.343
2.3355439	2.2469583	8.993818	14.408
3.2082303	2.0578163	9.249998	14.463
3.3435028	2.0829554	9.281123	14.492
3.549404	1.9189527	9.196129	14.544
3.6846764	1.8902222	8.671799	14.591
3.9085343	1.1851299	7.7201033	14.643
4.8997335	1.2030864	7.3106947	14.702
5.898116	0.6572084	7.277176	14.742
7.3430166	0.8798691	7.047333	14.792
9.19972	-0.017956512	5.5102553	14.842
7.455544	-0.2765303	4.5202527	14.913
9.0429	-0.30645782	4.0761285	14.949
8.789114	-0.31004912	3.3758245	14.993
8.789114	-0.31004912	3.3758245	14.993
10.606314	-0.533907	0.90261406	15.093
10.158598	-0.6560113	-0.8870517	15.152
9.345766	-0.24420857	-1.2844892	15.192
10.271125	-0.30765492	-0.9864111	15.242
10.875661	-0.7697359	-3.8546648	15.325
10.309433	-0.81402856	-3.5853171	15.339
9.3421755	0.023942016	-1.459266	15.392
10.097546	-0.2908955	-2.0398598	15.442
10.435128	-0.22026655	-3.0789435	15.494
9.6845455	-0.50757074	-1.5466543	15.542
9.414001	0.50158525	-0.23942018	15.592
9.421184	0.39863458	0.22984336	15.642
10.205285	-0.1340753	0.1328782	15.692
9.728839	-0.16280572	0.39624038	15.745
9.697714	-0.23223756	0.7266402	15.796
9.131485	0.03232172	1.661576	15.843
9.7324295	0.023942016	2.0578163	15.892
9.107543	0.16879122	2.303222	15.953
9.551667	-0.04189853	2.3774424	15.993
9.551667	-0.04189853	2.3774424	15.993
9.306262	0.20829555	3.2513258	16.093
10.184934	0.7015011	2.9149406	16.145
9.512163	0.45848963	3.2357635	16.203
10.418368	0.6799533	3.7062242	16.242
9.105149	1.3335704	4.4017396	16.293
8.350976	1.6160861	6.6163764	16.383
7.6722193	1.899799	6.766014	16.403
6.7624226	1.7848774	7.620744	16.453
5.590461	1.352724	7.180211	16.492
4.3837833	2.719813	7.916428	16.542
5.439626	2.6180596	9.036914	16.613
5.7017913	2.3127987	8.863335	16.674
2.6719291	2.3068132	8.596381	16.704
1.5095441	1.541866	8.213309	16.743
-1.7010803	2.12246	7.5309615	16.792
-2.4384944	2.6719291	8.192958	16.842
-3.669114	2.480393	8.610746	16.892
-3.5314474	0.81283146	8.826224	16.942
-4.027047	1.7142484	7.976283	16.993
-4.027047	2.5091233	8.543709	17.05
-1.472434	2.9975405	10.189722	17.092
0.10414778	3.003526	10.271125	17.143
0.8690952	2.5629928	9.269152	17.192
0.9804256	2.5354595	9.224859	17.242
1.1611878	2.8311436	9.218874	17.292
2.267309	2.5929205	9.69532	17.342
1.745373	2.6527755	9.487024	17.392
1.2617443	2.5797524	8.919599	17.442
1.8375498	2.3834279	9.308656	17.484
2.3056161	2.3211784	9.003395	17.55
2.3786395	2.4181437	8.7292595	17.593
3.2501287	1.7118542	8.578424	17.642
3.417723	1.0594343	9.234436	17.733
4.525041	0.90141696	9.313444	17.745
5.109226	1.316811	8.279149	17.793
5.2923827	1.3587095	7.2927384	17.866
6.3566055	1.0007763	6.791153	17.923
7.892486	1.5466543	6.443994	17.944
7.809886	1.9776106	5.899313	17.984
7.314286	1.9907787	5.7389016	18.004
9.369708	-0.82240826	5.445612	18.123
9.060856	-0.5614403	5.121197	18.138
7.6255326	0.49440265	4.4639893	18.192
9.163807	0.12689269	3.7696705	18.242
10.260351	-0.51714754	2.1212628	18.302
8.048109	0.2908955	1.1994951	18.353
10.135853	-0.39025488	0.33638534	18.402
10.709264	-0.40462008	0.30526072	18.442
9.655815	-0.36032736	0.29448682	18.494
9.297882	-0.6823475	-0.6548142	18.552
11.21085	-0.19273324	-0.5518635	18.592
10.362105	-0.22864626	-1.5059528	18.644
9.986216	-0.36272156	-1.5753847	18.702
9.388862	0.08020575	-1.4772224	18.755
9.892841	-0.06943185	-1.1611878	18.809
9.956287	0.16160862	-0.5446809	18.843
10.041282	0.22146365	-0.3172317	18.892
10.350134	0.2681506	0.15322891	18.943
9.995792	-0.35434186	0.17956513	19.001
10.1621895	-0.35434186	0.17956513	19.001
9.652225	-0.35913026	0.8762778	19.099
9.070433	-0.01316811	2.5187001	19.185
9.654618	0.18674773	2.7222073	19.203
9.937134	-0.2801216	2.4073699	19.242
10.08318	0.25737667	2.6611552	19.292
9.215282	0.45848963	3.904943	19.355
9.299079	0.79846627	4.6962266	19.383
9.106346	1.234211	5.3402667	19.442
7.9212165	0.48602295	6.3302693	19.492
6.8091097	1.0594343	7.0952168	19.542
7.0605006	2.2768857	7.6351094	19.607
4.9428296	2.992752	8.35337	19.666
5.207389	2.992752	8.35337	19.688
4.3754034	1.1791444	8.598776	19.742
2.6288335	1.6519991	8.1319065	19.792
1.2653356	1.4903905	8.588001	19.852
-0.1316811	2.5701754	9.267955	19.902
-0.3196259	3.7253778	9.643845	19.942
-1.7872716	2.385822	7.565677	20.0
-3.8175547	1.8818425	7.1466923	20.015
-3.8175547	1.8818425	7.1466923	20.015
-4.43885	2.055422	8.726865	20.142
-3.7361517	2.397793	8.037335	20.19
-3.05141	2.349909	8.548497	20.243
-1.4556746	2.7736826	9.301474	20.292
-0.24660277	3.1543608	9.750386	20.342
0.2705448	3.2956185	9.627085	20.392
0.2633622	3.0131028	9.448717	20.442
0.7374141	2.7928362	9.437943	20.52
0.93373865	2.8119898	9.348161	20.544
1.5945383	2.991555	9.775525	20.594
0.93972415	2.6910827	9.2787285	20.643
1.2569559	2.5617957	8.9040365	20.692
1.875857	2.372654	8.938752	20.732
1.8531121	2.5306711	8.670602	20.793
2.6527755	1.5298948	8.671799	20.844
3.4739866	1.22224	9.223662	20.892
4.799177	1.174356	10.011354	20.942
5.2121773	1.3192052	8.465898	21.0
5.2157683	1.1061212	7.2927384	21.063
5.5737014	0.82121116	6.884527	21.094
6.4272346	0.6811504	6.331466	21.142
7.4268136	0.60812724	6.133945	21.182
8.728063	0.6512229	5.8083334	21.243
9.751583	-0.4345476	4.924873	21.292
9.275137	-0.2813187	5.0505686	21.342
8.3868885	-0.12808979	4.156334	21.392
9.181764	-0.22026655	3.335123	21.442
8.584411	-0.31364042	2.7485435	21.53
9.801862	-0.50876784	2.4049757	21.542
9.289502	0.20709845	1.2449849	21.592
12.254722	-0.7182605	0.94092125	21.648
9.900024	0.2825158	-0.47644615	21.693
10.636241	-0.34715924	-2.2481554	21.742
10.303447	-0.16998832	-2.1703439	21.812
10.020931	-0.09696517	-2.372654	21.853
10.022128	-0.60094464	-2.007538	21.907
9.7240505	-0.6907272	-2.111686	21.944
9.951499	-0.40940848	-1.602918	21.992
9.988609	-0.37948096	-1.2880806	22.012
10.012551	0.089782566	-0.45729253	22.093
10.1861315	-0.10414778	-0.33638534	22.142
9.836577	0.1400608	0.14604631	22.192
9.731233	-0.053869538	0.44771573	22.242
9.5732155	-0.5374983	1.2557588	22.292
9.579201	-0.8750807	1.70946	22.338
9.205706	-0.59017074	2.1452048	22.394
9.224859	-0.16160862	3.0418332	22.444
9.415198	-0.034715924	3.3554738	22.492
9.898827	0.9983821	3.1172507	22.543
8.031349	-0.12090719	3.9743748	22.585
10.231621	0.07182605	5.3725886	22.642
8.929175	-1.0283096	5.5282116	22.692
6.930017	-0.62608373	6.694188	22.738
7.2664022	0.5363012	7.2592196	22.792
6.397307	1.2054806	7.5225816	22.854
5.445612	0.7038953	7.169437	22.892
1.9476831	1.6232687	9.163807	22.933
3.311181	1.7022774	8.978256	22.992
2.9604304	1.3491327	9.305065	23.012
1.258153	1.4341269	8.932767	23.093
0.5315128	2.5091233	8.639477	23.142
-1.0175357	1.5394717	8.439561	23.192
-3.039439	1.7130513	9.7324295	23.243
-1.6017209	-0.10055647	9.221268	23.293
-2.3223755	0.10175357	8.1079645	23.344
-2.5474305	1.6460136	8.695741	23.392
-0.79128367	2.4839842	10.471041	23.442
0.39025488	2.006341	9.77792	23.502
1.8171991	1.5071499	9.42238	23.552
1.4640543	2.079364	9.277532	23.606
1.5239093	1.8375498	9.208099	23.663
1.8602947	1.804031	9.149442	23.691
2.1703439	1.3563153	8.762778	23.742
3.0310593	1.9093759	9.2069025	23.792
3.7433343	1.4317327	8.967483	23.842
4.6040497	0.8403648	9.157822	23.892
5.1547165	0.81761986	8.244433	23.942
4.9524064	0.7302315	7.0485296	23.992
4.83509	1.3982137	7.013814	24.012
7.4327993	0.79966336	7.1227503	24.088
8.402451	0.23343466	6.302736	24.143
9.212888	0.70509243	5.6910176	24.202
11.100717	-1.9907787	4.853047	24.243
8.75799	0.16879122	4.3287168	24.293
7.839813	0.053869538	3.537433	24.344
9.416395	-0.80564886	2.1284454	24.392
9.473856	-0.6703765	1.2473791	24.446
8.9124155	-0.9588778	-0.59495914	24.533
11.034876	-0.5793968	0.046686932	24.545
10.03769	0.46806642	0.6679823	24.592
9.842564	-1.1013328	-2.1176715	24.66
9.498995	-0.35673606	-2.1021092	24.723
10.395624	-0.7565677	-2.148796	24.734
9.613917	0.2885013	-2.2864625	24.792
9.91798	-0.28491	-1.8974048	24.842
9.781511	-0.15083471	-2.3427265	24.892
9.961076	-0.21428105	-1.6675615	24.943
9.871294	0.027533319	-1.0007763	24.99
9.805453	0.48362875	-0.008379706	25.013
9.627085	-0.29568392	-0.24301147	25.092
10.961852	-0.81043726	-0.15562311	25.142
9.764751	-0.5746084	0.34835634	25.192
9.284714	-0.47764325	0.9959879	25.242
8.825027	-0.8714894	1.6591818	25.309
9.991004	-0.21188685	2.255338	25.379
9.996989	-0.676362	2.0482395	25.393
10.680533	0.29448682	2.6060886	25.443
9.332599	-0.37229836	2.658761	25.492
9.471462	0.7410054	4.6938324	25.542
9.011775	0.90261406	5.3606176	25.582
6.8103065	0.93732995	6.4044895	25.642
6.0130377	1.7561469	7.2568254	25.693
6.117185	2.0769699	7.893683	25.742
4.2521024	1.5813702	7.608773	25.794
4.5322237	2.1691468	8.968679	25.844
7.3442135	2.1871033	8.938752	25.893
3.301604	2.2960393	8.269572	25.942
4.554969	2.3882163	8.574833	25.992
5.3618145	2.4899697	9.130288	26.012
1.2282255	2.066196	8.24563	26.096
-0.21787235	1.6903064	7.1287355	26.143
-2.5390508	2.110489	8.50181	26.194
-4.1826706	2.9376855	9.066842	26.243
-3.8762126	1.614889	9.192537	26.283
-3.063381	1.5897499	8.152257	26.344
-3.120842	2.3175871	8.990228	26.392
-2.0913353	3.2836475	9.519346	26.473
0.25857377	2.7234044	9.118318	26.503
0.8319851	2.3786395	9.248801	26.542
1.6005238	2.657564	9.728839	26.593
1.733402	2.6024973	9.463082	26.642
1.2904748	2.066196	8.961497	26.694
1.4999673	2.2278047	9.147048	26.743
2.3546975	2.445677	9.068039	26.794
2.5881321	2.1559787	8.917204	26.832
3.5541923	2.3199813	9.296685	26.892
4.152743	1.7274165	9.186552	26.942
4.1335893	1.6998832	8.836999	27.003
4.0773253	1.6328455	8.825027	27.003
4.0773253	1.6328455	8.825027	27.003
4.961983	0.90859956	6.8330517	27.143
7.1766195	1.067814	7.121553	27.192
8.263587	0.51116204	7.097611	27.242
9.853337	1.3874398	4.606444	27.292
9.818622	1.8962077	4.8338933	27.342
9.847352	0.8331822	4.1335893	27.392
8.456321	0.2681506	2.9017725	27.442
10.020931	-1.1731589	1.6543933	27.492
9.536105	-1.7489643	-0.8583213	27.542
8.671799	-0.5267244	1.115698	27.596
10.737994	-1.091756	-1.5406688	27.647
10.752359	-1.1228806	-2.099715	27.694
9.218874	-1.3323733	-3.2082303	27.743
9.714474	-1.6352397	-3.1974564	27.795
11.058818	-0.8810662	-3.9636009	27.855
9.702502	-0.7374141	-3.0478187	27.892
10.366894	-0.8571242	-1.9632454	27.942
10.096349	-0.60812724	-1.1540052	27.985
10.126276	-0.5566519	-0.50038815	28.023
9.522937	-0.80804306	0.33638534	28.097
7.7332716	-1.4796166	0.51235914	28.152
7.892486	-1.0869676	2.554613	28.204
9.223662	-0.89423436	3.1028855	28.234
9.827001	-0.40701428	3.7014358	28.292
10.0269165	0.545878	3.3973722	28.354
9.301474	0.12210429	2.6168625	28.383
9.056067	1.0498575	3.942053	28.442
7.914034	1.887828	5.2875943	28.493
7.53575	1.8076223	6.021417	28.542
6.1100025	1.1408371	6.245275	28.592
6.5002575	1.234211	7.1263413	28.642
6.8127007	1.6771383	7.0341644	28.704
6.160281	1.7226281	7.2113357	28.742
6.4008985	2.4947581	7.7332716	28.792
6.68102	2.4863784	7.943961	28.849
6.8306575	3.1711202	7.7440453	28.893
6.4751186	3.0681696	8.0684595	28.942
6.1650696	4.297592	8.352173	28.994
5.5725045	3.9743748	8.055291	29.024
0.712275	1.7585411	7.381324	29.092
-0.12449849	1.9141643	7.856573	29.142
-1.352724	2.7222073	9.829395	29.192
-1.9393034	2.9903579	9.331401	29.242
-3.6176388	2.2852654	9.661801	29.292
-3.6284127	2.2828712	8.677784	29.34
-2.4672248	2.124854	8.024167	29.412
-1.9512744	2.4169466	7.9786773	29.452
-0.5398925	3.0681696	9.088389	29.494
0.61411273	3.3782187	9.838972	29.553
0.581791	3.6846764	9.674969	29.583
1.3335704	3.0370448	9.739613	29.643
-0.130484	2.9652188	8.9602995	29.692
0.33399114	2.754529	9.01417	29.743
0.60573304	2.6120741	9.671378	29.783
1.3204023	2.6180596	9.854534	29.842
1.8411411	3.0083144	9.580399	29.892
1.9620483	2.5629928	8.610746	29.973
2.5390508	2.4779987	8.559271	29.99
2.9640217	2.6312277	8.286332	30.024
3.1184478	2.5354595	8.021772	30.093
3.8414967	2.268506	8.371326	30.142
5.0302176	1.9393034	8.827422	30.202
5.2277393	2.2397757	7.5285673	30.276
5.853823	2.3175871	7.511808	30.294
6.7887588	1.353921	7.0329676	30.342
6.9144545	1.5023615	6.501455	30.392
8.250419	0.23463176	5.6682725	30.443
8.293514	0.33399114	5.2923827	30.492
7.249643	1.3251907	4.0773253	30.551
9.791088	0.18914193	2.134431	30.603
10.41358	0.59256494	1.9883845	30.658
9.512163	0.6859388	0.9816227	30.692
10.159795	0.3878607	-0.092176765	30.744
10.599131	0.059855044	-1.5969325	30.792
10.178948	0.077811554	-1.2126632	30.852
10.801441	0.48362875	-0.93014735	30.902
9.396045	0.35434186	-1.8327614	30.942
9.949105	0.2908955	-2.3666685	31.002
9.946711	0.2873042	-2.5498247	31.013
10.035296	0.44891283	-1.7310078	31.099
10.399215	0.37469256	-0.7015011	31.143
9.76954	0.7026982	-0.11611878	31.192
9.65821	0.5446809	0.866701	31.252
9.338584	0.37469256	0.9624691	31.292
9.792285	0.6572084	2.1176715	31.342
8.985439	0.6512229	2.813187	31.392
9.190144	0.65242	3.1591492	31.453
10.0029745	1.578976	3.9923313	31.503
9.216479	0.61770403	4.286818	31.552
11.031284	0.78290397	3.311181	31.592
9.029732	0.36990416	4.0078936	31.652
7.825448	0.78529817	6.6103907	31.693
7.3310456	1.0043676	7.4495587	31.743
5.257667	1.6986861	8.37013	31.782
3.2154129	3.1854854	8.118738	31.842
4.173094	2.6922798	9.016563	31.892
3.0550013	2.4528596	8.872911	31.943
2.6420016	2.9592333	9.285912	32.003
4.2042184	2.504335	9.506178	32.012
-2.5318682	1.5095441	5.9160724	32.092
-2.669535	1.7178397	9.139865	32.142
-3.739743	2.9412768	9.537302	32.192
-4.807557	2.019509	9.083601	32.242
-4.7441106	1.0199299	6.977901	32.302
-4.423288	1.0522517	6.879739	32.327
-3.503914	1.8746599	7.867347	32.392
-1.4951789	3.2836475	9.613917	32.442
1.1133038	4.2544966	10.994174	32.492
1.6927006	3.0322564	10.040085	32.542
1.2521675	2.6563668	9.248801	32.592
0.91817635	2.6408045	9.570822	32.652
0.8331822	2.4408886	9.64145	32.692
1.1336545	2.0410569	9.317036	32.752
0.45489833	1.9668367	9.148245	32.785
1.2856863	2.0374656	9.3182335	32.843
1.9297266	2.2349873	9.38168	32.892
1.7154455	2.5594015	9.340978	32.942
2.1990743	1.4137762	8.537724	32.989
2.0482395	1.6651673	8.892065	33.01
3.7445314	1.2509704	8.064868	33.097
3.9839516	0.7517793	7.192182	33.144
6.6163764	0.5662287	6.715736	33.236
8.60117	1.7812861	5.9603653	33.245
9.26197	0.39384618	4.4520183	33.292
10.307038	-0.029927522	3.6715083	33.363
8.576031	0.46686932	2.8383262	33.423
8.565256	0.6380547	2.6396074	33.453
12.078748	0.36391866	2.2661119	33.502
9.991004	0.8702923	0.24540567	33.542
9.415198	-0.2885013	-0.49320555	33.592
9.405622	0.7781156	-0.39624038	33.642
10.8948145	0.2896984	-1.638831	33.693
10.214862	0.06584055	-2.9640217	33.752
9.655815	0.37110126	-2.4253263	33.792
9.9550905	0.18914193	-3.144784	33.842
9.982624	0.009576807	-3.2202013	33.892
10.095152	0.34356794	-2.2062569	33.942
9.846154	0.17836803	-1.5741876	33.995
9.846154	0.17836803	-1.5741876	34.004
10.041282	0.90381116	-0.038307227	34.104
9.96347	1.0067618	0.60453594	34.142
9.153033	0.17597382	0.62488663	34.192
9.109938	0.008379706	1.8339585	34.242
9.398438	0.29688102	2.4624364	34.292
8.644265	0.2741361	3.0825348	34.342
9.757569	0.45130703	3.289633	34.392
10.332177	0.61291564	3.2429461	34.442
9.461885	1.0761937	3.347094	34.511
8.2169	1.4173675	6.2524576	34.603
9.247604	1.4173675	6.2524576	34.603
8.961497	0.89303726	6.325481	34.651
5.282806	2.055422	7.6363063	34.692
5.5760956	1.7836803	7.7308774	34.763
4.0174704	1.6364368	7.735666	34.792
3.5769374	2.4827871	8.12233	34.842
3.819949	2.1045034	9.020155	34.882
4.426879	2.6372132	9.520543	34.949
3.942053	2.493561	9.367314	34.992
3.6152446	2.5438392	9.391256	35.032
1.3072342	3.1531637	9.510966	35.093
1.340753	2.6527755	8.517372	35.143
-3.027468	2.5498247	7.8062944	35.195
-3.5230677	2.0350714	7.8829093	35.243
-4.4077253	2.2062569	8.584411	35.292
-4.31914	2.0733786	8.389283	35.342
-4.5358152	2.0087352	8.189367	35.392
-4.59567	2.019509	7.952341	35.443
-2.882619	2.0685902	8.669404	35.5
-2.1152773	2.597709	9.119514	35.544
-0.01436521	2.5677812	9.753978	35.592
0.09696517	2.8670566	9.765948	35.643
0.8607155	2.7341783	9.467871	35.694
1.0307038	2.7150247	9.563639	35.742
1.2018893	2.942474	9.130288	35.812
1.5682021	2.8646624	8.810662	35.853
2.2529438	2.4492683	8.686164	35.903
3.5446155	2.5929205	9.334992	35.942
4.19943	2.4708161	8.599973	35.985
4.9895163	1.4317327	8.367735	36.032
5.5641246	1.2916719	7.9475527	36.102
5.422867	0.7625532	6.9707184	36.152
6.302736	0.9552865	6.631939	36.192
8.714894	2.4911668	5.6467247	36.242
8.4587145	1.2138603	6.6642604	36.302
7.8745294	0.89662856	6.3793507	36.329
9.574412	-0.39504328	5.6670756	36.396
9.077616	0.34955344	4.2664676	36.452
8.378509	0.15442601	3.7852328	36.492
9.209297	-0.45968673	2.291251	36.563
8.649054	-1.4796166	2.1452048	36.593
8.659827	-1.9835961	-1.2294226	36.642
12.063186	-0.9720459	-0.8535329	36.682
6.6786256	-1.021127	-1.0821792	36.746
17.471687	-0.7398083	-1.9357121	36.797
9.488221	-0.51475334	-1.4089876	36.842
11.702858	0.090979666	-0.3196259	36.892
8.549694	-0.39624038	-0.93014735	36.943
8.532935	-1.127669	-0.5793968	36.99
11.513716	0.58418524	-0.58777654	37.032
10.20289	-0.45250413	-1.3455414	37.097
9.2547865	-0.2693477	1.13964	37.142
9.788693	-0.20231004	2.2230163	37.203
9.509769	-0.52073884	2.2146366	37.282
9.494206	-0.11492168	2.871845	37.294
8.900445	-0.17477672	3.643975	37.342
8.735245	-0.09696517	3.5817258	37.382
9.470264	-0.3172317	4.6016555	37.442
9.836577	0.2621651	4.140772	37.492
7.0664864	1.1204864	5.9029045	37.542
8.070854	2.3666685	6.9599442	37.592
9.821015	2.7617116	5.7125654	37.642
8.823831	2.7940333	9.885659	37.681
2.9125464	2.6372132	7.777564	37.742
5.4539914	2.3475149	9.203311	37.792
5.9364233	2.717419	9.455899	37.842
3.465607	2.885013	8.366538	37.892
3.4500446	3.2070332	9.349358	37.942
2.0254946	2.6551697	8.295909	37.992
0.1316811	2.066196	8.558074	38.032
0.1316811	2.4420857	7.433996	38.113
-2.9747956	2.0757728	8.973468	38.144
-5.130774	1.7202339	8.275558	38.183
-4.619612	1.5358804	8.4826565	38.242
-5.722142	1.0845734	7.264008	38.294
-5.5341973	1.0366893	7.386112	38.34
-4.280833	1.8555063	8.437167	38.392
-2.421735	2.1871033	8.860941	38.458
-0.8619126	2.7114334	9.221268	38.493
0.1340753	2.846706	10.001778	38.542
0.6931214	2.9879637	9.999383	38.592
1.2138603	2.9819782	10.079589	38.66
1.1049241	2.4157495	9.100361	38.71
0.7398083	2.6084828	8.935161	38.742
0.93972415	2.4504654	8.498219	38.792
0.94690675	2.4839842	8.498219	38.842
2.148796	2.5390508	8.699332	38.892
3.072958	2.6491842	9.39365	38.963
4.486734	2.1667526	9.175778	38.993
3.9025488	1.8195933	7.6231384	39.042
4.3861775	1.9381063	7.48188	39.099
8.37372	2.2098482	7.836222	39.142
7.5944076	2.2481554	4.9464207	39.192
8.803479	0.6739678	4.9667716	39.242
9.80665	1.3215994	4.0438066	39.307
8.943541	1.0989386	3.2573113	39.363
7.9810715	0.23582886	1.8926164	39.402
9.385271	0.04189853	1.8650831	39.442
9.849746	0.18435353	1.1468226	39.502
10.362105	1.246182	1.6723499	39.542
11.482592	1.0079589	-1.4879963	39.592
10.406398	0.45370123	-1.9620483	39.642
10.247183	-0.39624038	-1.7621324	39.692
9.088389	-0.40581718	-0.5327099	39.742
11.489774	0.0035913025	-0.44891283	39.783
9.271546	-0.24061728	-0.038307227	39.848
9.2069025	0.22744916	1.8423382	39.892
9.855731	0.8822633	2.8431146	39.933
10.255563	0.61171854	2.825158	40.013
10.105926	0.47524905	3.0801406	40.042
9.072827	0.79008657	4.6902413	40.094
7.6051817	2.1080947	7.0449386	40.159
5.9627595	3.1962593	9.391256	40.223
4.7381253	3.2118216	9.246407	40.234
3.240552	2.3882163	7.7201033	40.292
3.2357635	1.9656396	8.274361	40.332
2.4229321	2.5510218	9.437943	40.393
0.8846575	1.6519991	7.5824366	40.443
-0.5674258	2.2301989	8.935161	40.492
-0.8714894	2.1763294	9.26197	40.542
-2.2158337	1.8303672	9.009381	40.613
-3.7086184	2.2182279	8.981848	40.663
-3.5853171	1.9045875	8.893262	40.702
-3.8115692	1.353921	8.032547	40.743
-2.943671	1.5622166	8.360553	40.792
-1.6998832	2.2385786	9.400833	40.842
-0.8607155	2.5462334	10.011354	40.892
0.17956513	2.5486276	9.707291	40.942
-0.01436521	2.4756045	9.11712	41.006
-0.12210429	2.4756045	9.11712	41.006
-0.12210429	2.4756045	9.11712	41.006
0.48722005	2.5965118	8.468291	41.145
1.2318168	2.4875755	8.286332	41.202
1.8555063	2.6491842	8.774749	41.232
4.721366	2.1799207	9.92636	41.292
5.400122	2.456451	8.289924	41.342
5.2301335	1.9237411	7.1909847	41.392
7.4028716	2.0853498	5.7640405	41.442
9.427169	2.3415294	4.6016555	41.492
10.338163	2.2134395	4.557363	41.563
6.4068837	1.42455	2.6791117	41.623
10.751163	1.42455	2.6791117	41.623
10.758346	0.997185	1.3730747	41.692
9.89763	1.0055647	0.23223756	41.753
9.006987	0.44532153	-0.81283146	41.803
11.328165	0.79846627	-0.4309563	41.842
10.43034	0.22864626	-1.7621324	41.892
9.878476	0.18555063	-1.6711528	41.942
9.983821	0.62728083	-0.82719666	41.999
10.352529	0.961272	0.23343466	42.042
10.352529	0.961272	0.23343466	42.042
9.981427	0.12449849	0.14844051	42.142
8.847773	0.6356605	0.6727707	42.198
9.363723	1.3072342	2.6300306	42.273
10.023325	1.1528081	2.552219	42.298
10.0903635	1.1599907	2.7593174	42.342
9.913192	1.1611878	3.3602622	42.403
10.143036	1.2389994	3.7481227	42.442
7.0365586	1.7142484	5.7029886	42.49
6.393716	2.6659436	7.023391	42.543
5.3127337	2.8179753	8.110358	42.592
5.270835	2.7868507	8.780735	42.642
3.3506854	2.8886044	8.452729	42.702
4.0043025	2.7593174	8.608353	42.742
3.1531637	2.9867666	9.100361	42.792
1.8435353	3.5003228	9.246407	42.842
1.292869	1.6603789	7.633912	42.923
-0.22026655	1.6879122	8.305486	42.951
-2.883816	1.9728222	6.7372837	42.992
-4.746505	0.8631097	8.627506	43.042
-4.698621	1.4879963	8.702923	43.098
-4.5633483	0.748188	8.37013	43.142
-4.608838	1.1133038	7.656657	43.182
-3.38181	1.9991584	8.847773	43.242
-1.8866309	2.1918917	9.23683	43.292
-0.8331822	2.3295584	9.378088	43.343
-0.3890578	2.6839	9.399636	43.393
-0.12689269	2.6479871	9.315839	43.442
0.20470424	2.5677812	8.845378	43.502
0.5566519	2.814384	8.416816	43.573
1.0714053	2.8275523	8.465898	43.599
2.0685902	2.9221232	9.006987	43.632
4.1132383	3.2908301	10.183737	43.692
4.2305546	2.754529	8.67539	43.743
2.1068976	2.1547816	6.229713	43.792
5.1666875	3.1112652	7.517793	43.842
8.330625	2.1452048	6.943185	43.888
9.562442	1.9285295	5.705383	43.933
9.083601	2.0614076	5.3821654	43.992
8.883685	2.4025815	3.3889925	44.033
8.067263	1.6759412	2.6647465	44.093
10.542868	1.9776106	1.0055647	44.132
10.536881	1.0737995	0.30645782	44.203
10.573992	1.13964	-0.61890113	44.246
9.111135	1.0187328	-0.94211835	44.292
11.066	0.8595184	-0.8583213	44.342
9.927557	0.7350199	-1.3096284	44.392
9.616311	0.7182605	-1.376666	44.442
9.702502	0.82599956	-1.2449849	44.493
9.874885	0.9983821	-0.62009823	44.542
10.121488	1.1025299	-0.22266077	44.594
10.286688	1.1827357	0.19991584	44.653
9.800665	1.0295067	0.41180268	44.693
10.097546	0.80086046	1.1216835	44.743
9.604341	0.80086046	1.8447324	44.793
9.349358	0.9552865	2.9724014	44.863
9.144653	1.5622166	3.9995139	44.893
8.84059	1.282095	3.7110126	44.943
8.47308	1.8770541	4.5262384	44.993
7.9990277	2.6910827	6.2105594	45.043
7.765593	0.6967127	5.7999535	45.1
6.242881	2.1511903	6.6893997	45.144
7.2065473	1.6531962	7.1730285	45.194
6.469133	2.2780828	7.5165963	45.238
5.7029886	2.741361	7.1383123	45.29
5.6299653	3.393781	8.099585	45.343
6.2704144	3.58412	8.292317	45.41
5.4863133	2.7210102	8.508993	45.453
3.1531637	2.6755204	8.670602	45.493
2.2062569	3.2106245	8.768764	45.543
0.79487497	2.542642	8.881291	45.589
-0.724246	2.2852654	9.211691	45.634
-2.574964	2.2661119	8.848969	45.693
-3.5098996	0.91219085	6.88333	45.743
-4.8542438	0.8738836	8.397662	45.793
-5.0637364	1.292869	8.767567	45.85
-4.07134	0.40102878	8.623915	45.893
-4.1742907	1.0498575	7.422025	45.953
-4.3394904	1.6220716	7.4375877	45.983
-2.814384	2.315193	9.672575	46.043
-2.814384	2.315193	9.672575	46.043
-0.5279215	2.4037786	9.768343	46.143
-0.21547815	2.5821466	9.338584	46.193
0.32800564	2.4588451	9.202114	46.223
0.29328972	2.9400797	8.955511	46.333
1.0785879	3.1112652	9.284714	46.351
0.93014735	2.0973208	8.180987	46.393
1.1839328	2.1894975	8.003817	46.443
2.8000188	1.9895816	9.066842	46.503
3.4691982	2.1990743	7.7189064	46.543
5.368997	4.06296	8.257602	46.603
8.506598	3.3985693	6.1662664	46.643
9.515755	2.5091233	4.748899	46.693
9.830592	1.7908629	4.27365	46.744
8.926781	1.1216835	2.8215668	46.81
8.597578	1.1623849	2.4073699	46.843
7.856573	0.05626374	0.90740246	46.904
13.0998745	1.9788077	0.6943185	46.954
8.604761	0.736217	-0.8559271	46.994
11.000159	1.163582	-1.4867992	47.043
11.000159	1.163582	-1.4867992	47.043
9.7084875	0.58418524	-2.815581	47.143
9.674969	0.4225766	-3.7421372	47.223
9.840169	0.48003745	-3.3782187	47.243
9.753978	0.7733272	-2.2601264	47.293
9.854534	0.8619126	-1.4951789	47.359
9.755175	1.0594343	-0.91578215	47.416
9.033323	1.7310078	-0.5781997	47.444
9.621099	0.94690675	0.45010993	47.493
9.976639	1.6460136	0.8714894	47.543
9.362526	0.60693014	1.567005	47.593
9.36492	0.7517793	2.255338	47.654
9.435549	0.36631286	2.6372132	47.709
8.669404	1.8231846	4.0641575	47.743
10.99178	2.1404164	3.7936125	47.793
7.787141	1.4568717	5.1798553	47.853
8.7053175	2.8107927	5.4420204	47.895
7.937976	1.8770541	10.0748005	47.943
5.825093	2.681506	8.186973	48.003
5.7843914	2.292448	8.275558	48.033
5.7843914	2.292448	8.275558	48.033
3.095703	2.8550856	9.570822	48.153
3.0897174	2.7246015	9.408015	48.193
1.9297266	2.8431146	9.175778	48.243
0.010773907	1.7034745	8.51019	48.293
-1.614889	2.2852654	8.626308	48.343
-1.5502456	2.4193408	8.735245	48.393
-2.825158	1.7669208	8.347384	48.443
-4.948815	0.6548142	7.776367	48.506
-4.453215	1.0319009	8.052897	48.543
-4.272453	0.985214	8.506598	48.583
-4.1216183	1.3024458	8.333019	48.653
-3.016694	1.3299791	8.647857	48.673
-1.6807296	1.9835961	9.121908	48.754
-0.6536171	2.1871033	9.588778	48.793
-0.093373865	1.8962077	9.069236	48.843
0.24420857	2.0171149	8.49343	48.896
1.3515269	2.621651	8.736442	48.946
2.146402	2.754529	8.820239	48.992
3.41892	2.8802247	9.13388	49.043
4.7524905	2.8107927	8.775947	49.099
5.708974	2.493561	7.357382	49.146
7.620744	4.1371803	7.2233067	49.193
8.124723	3.2716765	5.3678	49.243
9.61272	2.6970682	4.8494554	49.293
9.004593	-0.4249708	3.8151605	49.343
9.977836	0.1412579	3.3135753	49.424
7.8158712	-0.7553706	2.4109612	49.446
10.62427	0.40701428	3.4931402	49.493
11.468226	0.58538234	2.2481554	49.543
9.791088	0.7661445	0.9959879	49.593
10.060435	1.0546459	0.79607207	49.643
11.547235	-1.0726024	2.4313118	49.693
8.23366	-0.9935937	1.2641385	49.737
9.40203	0.6619968	0.58897364	49.833
9.281123	0.6619968	0.58897364	49.833
7.7703815	1.5825673	5.195418	49.893
7.1550717	2.1667526	6.895301	49.943
8.37013	2.5450363	8.287529	49.993
5.756858	2.4995465	7.69257	50.043
5.756858	2.4995465	7.69257	50.053
4.608838	2.7832594	8.170214	50.143
3.265691	1.8974048	8.619126	50.193
1.0271125	1.3623008	8.24204	50.262
-0.45489833	1.8447324	9.3421755	50.326
-0.88944596	1.8447324	9.3421755	50.347
-3.2261868	0.58538234	7.773973	50.393
-4.7189717	0.39025488	8.371326	50.443
-5.009867	0.9684546	8.949526	50.514
-3.086126	0.33758244	8.821436	50.554
-2.1296425	1.2497733	8.853758	50.603
-1.2653356	1.70946	9.421184	50.657
0.19632454	2.1200657	9.945514	50.724
0.9840169	1.9560628	9.809045	50.746
0.830788	1.8842367	9.308656	50.793
0.9864111	1.9428947	8.827422	50.852
1.4975731	1.9273324	8.343793	50.896
1.8866309	1.4891934	7.8469963	50.943
3.3865983	1.5502456	8.595184	50.994
5.410896	2.2517467	9.17099	51.044
5.9543796	2.2744915	8.640674	51.053
7.726089	3.9013517	6.2740054	51.149
7.548918	2.705448	4.951209	51.193
10.277111	3.1950622	4.209007	51.253
9.279925	3.3375173	4.036624	51.293
9.54209	2.6491842	3.9839516	51.334
9.653421	2.1859062	4.6818614	51.393
8.645462	2.3020248	5.439626	51.443
8.35337	2.4887726	5.920861	51.493
7.595605	3.3063924	7.301118	51.543
8.816648	3.3877954	8.028955	51.594
6.631939	4.0797195	7.0724716	51.673
5.4551888	3.7541082	7.565677	51.693
4.859032	2.4516625	8.420407	51.743
3.2668881	2.098518	9.259575	51.793
0.79487497	2.087744	7.40766	51.843
-1.2186487	0.5470751	8.635885	51.893
-3.1854854	0.48003745	7.839813	51.943
-3.669114	0.2837129	8.447941	52.026
-4.344279	0.31483752	8.746018	52.05
-4.344279	0.31483752	8.746018	52.05
-3.6128504	0.5805939	8.1642275	52.153
-2.6384103	0.8678981	8.488642	52.184
-1.3263878	1.2485762	9.16261	52.241
1.0103531	2.3223755	10.121488	52.303
1.2557588	2.3104045	9.801862	52.343
0.81881696	2.0973208	9.003395	52.413
0.88944596	1.8543092	8.537724	52.443
1.6759412	1.9572599	8.571242	52.493
2.030283	1.9321208	7.7823524	52.543
3.454833	3.0992942	9.016563	52.594
7.9212165	3.5565867	8.740033	52.643
6.1985884	2.4157495	6.695385	52.693
5.831078	2.0949266	5.955577	52.744
9.148245	1.271321	4.724957	52.816
11.492168	0.33518824	3.157952	52.873
9.752781	0.1436521	3.335123	52.897
8.880095	0.581791	2.8694508	52.943
9.132683	0.16160862	1.7058687	53.004
11.22282	0.6464345	1.067814	53.043
11.200075	0.5470751	1.0809821	53.053
9.825804	-0.997185	-0.5327099	53.144
10.95467	0.095768064	-1.2761095	53.214
10.196905	0.5793968	-0.25019407	53.263
9.3661175	0.533907	-0.16280572	53.285
10.01734	0.1376666	0.8822633	53.343
10.374076	0.23463176	1.3060371	53.393
9.837775	0.15083471	1.3431472	53.453
10.644621	0.14963761	1.448492	53.483
8.856153	0.5279215	2.9592333	53.553
8.536526	1.2150574	3.9324763	53.603
10.941502	1.6124948	4.2066126	53.643
8.735245	1.0043676	5.127183	53.689
7.2233067	1.2689269	6.2991447	53.748
6.3362546	2.4588451	7.667431	53.803
7.1945763	3.2441432	8.401254	53.853
4.7788267	3.1172507	8.333019	53.927
4.9069166	2.9412768	8.516175	53.943
4.1718965	3.4691982	9.111135	54.013
3.0873232	2.7210102	8.841787	54.044
3.0873232	2.7210102	8.841787	54.044
-0.11611878	0.8319851	8.677784	54.17
-1.1085154	0.78410107	8.552089	54.183
-3.107674	0.31364042	8.586804	54.243
-3.7301662	0.25857377	8.755595	54.283
-3.2956185	-0.093373865	8.977059	54.35
-2.372654	0.24420857	8.402451	54.403
-1.6831238	0.9995792	9.284714	54.444
-0.5363012	2.005144	9.227253	54.493
-0.47046062	1.6364368	9.360131	54.543
0.1448492	2.303222	9.228451	54.593
0.7685388	4.6351743	8.397662	54.664
3.4644098	4.1299977	10.608707	54.681
3.4644098	4.1299977	10.608707	54.681
3.4644098	4.1299977	10.608707	54.681
3.3494883	3.3530796	8.304289	54.834
5.8705826	3.0550013	8.736442	54.903
11.83813	3.8738184	8.407239	54.945
6.3769565	3.5877113	5.825093	55.014
3.4955344	-5.638345	4.1491513	55.041
4.4077253	-4.232949	5.397728	55.061
9.622296	2.1823149	10.783484	55.151
6.8881183	0.2777274	6.71813	55.251
8.783129	0.050278235	6.71813	55.251
9.072827	1.2234371	5.380968	55.302
8.875306	0.6440403	4.936844	55.351
9.246407	-0.439336	3.657143	55.401
8.166622	-0.79726917	2.5498247	55.451
9.380483	0.008379706	2.5462334	55.5
9.375694	-0.51714754	2.1440077	55.55
10.053253	-0.038307227	1.7824832	55.601
9.831789	-0.4441244	1.7609353	55.653
9.648633	-0.19273324	2.0506337	55.701
9.980229	-0.049081136	1.9333179	55.751
9.459491	-0.33877954	1.99437	55.801
9.892841	-0.1352724	2.1547816	55.851
9.607931	-0.073023155	2.3906105	55.901
9.876082	-0.20949265	2.3834279	55.951
9.101558	-0.1316811	3.004723	55.99
9.210494	0.5602432	3.8031895	56.059
9.331401	0.58298814	4.0545807	56.096
9.440337	0.80804306	4.653131	56.151
10.030508	0.30645782	5.0385976	56.201
9.01417	0.92895025	5.7867856	56.251
7.4962454	1.6927006	6.4463882	56.301
6.5349736	1.7848774	7.680599	56.351
6.5086374	2.0638018	7.799112	56.401
5.1690817	2.7042508	8.358158	56.441
4.2341456	2.7712884	8.608353	56.511
3.277662	2.4181437	8.744822	56.551
1.8471266	2.019509	8.851364	56.601
-0.2801216	1.4161704	8.197746	56.65
-1.5167267	2.2014685	8.683769	56.701
-1.4293385	1.6292542	8.901642	56.751
-3.0310593	1.6160861	8.772355	56.802
-3.5051112	1.4796166	8.955511	56.851
-3.1495724	1.3730747	8.836999	56.906
-2.3020248	1.1719618	8.836999	56.95
-2.1823149	1.2617443	8.726865	57.0
-1.8339585	1.6579847	9.367314	57.05
-1.2856863	1.7010803	9.387665	57.074
-1.2856863	1.7010803	9.387665	57.074
1.1623849	2.1775265	10.032902	57.2
0.94810385	1.8674773	9.260772	57.252
1.3922282	1.6891093	8.00621	57.31
2.304419	1.7681179	7.678205	57.351
3.4404678	2.327164	8.166622	57.401
5.9878983	2.4133554	8.543709	57.45
9.39365	2.6431987	8.007407	57.501
5.3713913	2.3463178	5.707777	57.55
6.7803793	1.6747441	5.2444987	57.601
10.172963	1.982399	3.7193923	57.65
10.617087	1.021127	2.8263552	57.701
10.454282	0.9959879	2.3762453	57.751
9.980229	1.3563153	2.0087352	57.801
10.266336	1.0067618	0.581791	57.851
10.425551	1.2150574	0.023942016	57.901
10.127473	1.1168951	-0.05267244	57.951
9.993398	0.7398083	-0.074220255	58.001
10.29387	0.82121116	-0.076614454	58.051
10.119094	0.7290344	-0.12569559	58.07
9.794679	0.46088383	-0.34955344	58.146
9.847352	0.60812724	-0.06823475	58.164
9.545682	0.7015011	0.6787562	58.243
9.736021	0.8619126	1.1444284	58.292
10.406398	1.2114661	1.7980455	58.343
9.927557	1.2378023	1.982399	58.394
9.574412	1.5442601	2.8335378	58.443
10.02572	2.1883004	3.8750155	58.513
10.103531	1.875857	4.879383	58.542
8.23366	1.9800048	5.901707	58.593
5.01705	2.7928362	6.71813	58.643
6.005855	3.6511576	8.6334915	58.693
3.441665	3.0597897	8.244433	58.743
2.9951463	3.0454245	8.195353	58.794
2.4875755	3.2668881	9.03452	58.845
0.46806642	1.8710686	8.215703	58.898
-0.1592144	1.543063	8.674192	58.933
-1.8531121	1.292869	8.379706	58.995
-3.1316159	1.4137762	8.6813755	59.043
-3.4153287	1.3012487	8.702923	59.063
-3.4153287	1.3012487	8.702923	59.063
-3.3123782	1.460463	8.340201	59.203
-2.9101522	1.6711528	8.257602	59.245
-2.0362685	2.2613235	9.166202	59.293
-1.2330139	2.7988217	9.850943	59.343
-0.48841715	2.7820623	9.613917	59.393
-0.24660277	2.8072014	8.944737	59.443
0.033518825	3.0561984	8.962694	59.494
0.5327099	3.241749	8.987833	59.562
1.400608	2.80361	9.085996	59.647
1.9871874	2.80361	9.085996	59.647
2.3834279	2.8323407	8.352173	59.697
2.8790276	2.789245	8.39886	59.743
3.3973722	2.718616	8.008605	59.787
4.993108	2.7269957	7.0461354	59.837
5.693412	3.2309752	7.1275387	59.897
7.589619	1.7932571	6.05733	59.943
10.723629	2.9903579	5.0625396	59.993
9.5253315	1.6903064	2.552219	60.05
8.031349	1.8327614	2.5761611	60.07
8.031349	1.8327614	2.5761611	60.07
8.031349	1.8327614	2.5761611	60.07
10.441113	0.5446809	1.30484	60.211
9.764751	-0.06344634	1.2677298	60.283
9.837775	-0.10534488	0.9900024	60.391
9.546879	-0.10534488	0.9900024	60.391
9.31943	0.053869538	0.9959879	60.452
10.005369	0.046686932	1.1647792	60.501
10.18254	0.14844051	1.6005238	60.554
9.028535	-0.049081136	1.1911154	60.621
