0.0	0.0	0.0	0.0
0.0	0.0	0.0	0.0
5.329493	1.42455	8.090008	0.104
5.3833623	1.4688427	8.100781	0.134
5.386954	1.4413095	8.121132	0.205
5.395334	1.4449008	8.073248	0.245
5.392939	1.4317327	8.098388	0.284
5.389348	1.4700398	8.081628	0.345
5.3474493	1.435324	8.061277	0.395
5.333084	1.5131354	8.143877	0.434
5.390545	1.4209588	8.063671	0.495
5.3282957	1.484405	8.112753	0.554
5.4025164	1.4915876	8.070854	0.595
5.3618145	1.5071499	8.098388	0.646
5.354632	1.5011644	8.099585	0.685
5.329493	1.4688427	8.111555	0.736
5.3941364	1.4760253	8.1343	0.794
5.3606176	1.4915876	8.091205	0.844
5.390545	1.5239093	8.084022	0.914
5.377377	1.4903905	8.081628	0.942
5.3725886	1.483208	8.1163435	0.964
5.368997	1.4879963	8.136695	1.056
5.459977	1.5442601	8.194156	1.104
5.386954	1.5598224	8.021772	1.144
5.2002063	1.4341269	8.085219	1.194
5.2756233	1.3395559	8.063671	1.245
5.1642933	1.353921	8.12592	1.286
5.392939	1.2689269	8.238448	1.344
5.3354783	1.3060371	8.249222	1.384
5.291186	1.3826514	7.965509	1.444
5.448006	1.377863	8.135497	1.501
5.481525	1.1647792	8.030152	1.544
5.5976434	1.1887212	8.130709	1.594
5.5880666	1.2904748	8.010999	1.644
5.3725886	1.091756	8.039729	1.694
5.5162406	1.2557588	8.119935	1.734
5.7029886	1.3180081	7.9547353	1.794
5.2277393	0.2633622	8.180987	1.844
6.1926026	0.93732995	7.9391727	1.934
6.513426	0.581791	7.8865004	1.948
6.622362	0.2645593	7.8493905	1.965
4.7285485	2.1811178	6.6893997	2.032
6.969521	1.401805	7.8912888	2.094
6.007052	1.0773908	7.632715	2.134
5.1918263	1.7717092	8.276755	2.194
4.189853	1.4820108	8.118738	2.244
4.8027687	1.4077905	8.117541	2.294
4.8338933	1.2629414	7.539341	2.344
5.422867	1.650802	7.9906483	2.391
6.882133	1.6376339	7.9427643	2.454
7.7213006	1.7980455	7.9032598	2.484
6.4990606	1.3910311	7.606379	2.545
5.910087	2.1667526	7.8793178	2.594
5.391742	1.7441759	8.08881	2.654
5.0397944	1.9033904	8.511387	2.694
4.983531	1.9979613	8.890868	2.744
4.203021	2.1404164	8.785523	2.798
3.6260185	2.2361844	8.9842415	2.874
2.956839	2.4468741	9.083601	2.894
3.110068	2.4875755	8.366538	2.955
2.3223755	2.6874914	9.084799	2.965
2.8909986	2.5378537	9.1590185	3.065
2.6396074	2.6659436	9.3026705	3.085
3.0131028	2.6312277	9.2907	3.144
1.8016368	2.8275523	9.269152	3.186
0.39504328	3.265691	9.781511	3.244
0.6751649	2.694674	9.258378	3.324
0.89064306	2.8167782	9.382876	3.344
0.39863458	2.5498247	9.362526	3.384
-0.24061728	2.6252422	9.399636	3.444
-0.5734113	2.6922798	9.39365	3.494
-0.8463503	2.56419	9.25359	3.544
-0.8834604	3.0430303	9.838972	3.594
-0.7685388	3.0621839	9.976639	3.645
-1.4030021	3.3662477	9.537302	3.695
-2.0506337	3.0909145	9.141062	3.744
-2.2529438	2.7449522	8.607155	3.785
-2.4708161	3.0071173	8.9279785	3.834
-2.6491842	2.7641058	8.617929	3.884
-3.6523547	3.2154129	8.841787	3.944
-3.4009635	3.1387985	8.938752	3.967
-3.5218706	2.9101522	8.526949	4.037
-3.9743748	3.098097	8.588001	4.094
-4.0414124	3.0825348	8.561666	4.145
-4.344279	3.0693667	8.451532	4.195
-4.5034933	3.0334535	8.090008	4.244
-4.703409	3.0609868	8.063671	4.286
-5.1367598	3.0909145	8.135497	4.338
-4.9775453	2.814384	8.082825	4.396
-5.16549	2.8263552	7.702147	4.444
-5.8921304	3.0765493	7.297527	4.494
-6.0501475	3.1136594	7.035362	4.531
-6.2991447	3.0083144	7.1155677	4.596
-6.3242836	2.7461493	6.981492	4.644
-6.3422403	2.7126305	7.0245876	4.694
-6.8402343	2.7856536	6.872556	4.754
-6.7588315	2.706645	6.7588315	4.794
-6.399701	2.5366566	7.026982	4.844
-6.673837	2.705448	6.754043	4.894
-7.2209125	2.5031378	6.682217	4.945
-7.145495	2.2493525	6.6534867	5.024
-6.670246	2.373851	6.695385	5.042
-7.064092	2.5761611	6.35062	5.094
-7.121553	2.695871	6.7384806	5.144
-6.7085533	2.64679	6.5349736	5.184
-7.477092	2.753332	6.3087215	5.244
-7.2927384	2.6635494	6.3338604	5.305
-6.8893156	2.4851813	6.3889275	5.355
-6.8162923	2.5965118	6.393716	5.384
-7.351396	2.6384103	6.2345014	5.454
-7.0940194	2.552219	6.279991	5.504
-7.1023993	2.4265234	6.209362	5.544
-7.315483	2.6372132	6.229713	5.594
-7.383718	2.8275523	5.9148755	5.644
-7.699753	2.7114334	6.0130377	5.694
-7.073669	2.4169466	6.066907	5.744
-7.0664864	2.6180596	6.0884547	5.776
-7.750031	2.553416	5.8083334	5.851
-7.6291237	2.3942018	5.849035	5.895
-7.5812397	2.3259668	5.5976434	5.956
-7.795521	2.4779987	5.533	5.964
-7.795521	2.4779987	5.5856724	6.051
-7.747637	2.4313118	5.6910176	6.094
-8.147469	2.4001873	5.4887075	6.139
-8.330625	2.5833437	5.613206	6.184
-7.771579	2.6036944	5.7484784	6.244
-7.4004774	2.6072857	5.8095303	6.304
-7.442376	2.2840683	5.851429	6.344
-7.577648	2.3786395	6.069301	6.394
-7.299921	2.4791958	6.242881	6.454
-7.2604165	2.5139117	6.0956373	6.504
-7.2233067	2.4001873	5.934029	6.536
-7.7452426	2.4408886	5.910087	6.614
-7.824251	2.5737667	6.364985	6.644
-7.098808	2.6192567	5.9962783	6.694
-7.5680714	2.48159	6.1387334	6.744
-7.4483614	2.4480712	6.0022635	6.794
-7.3885064	2.4277205	6.307524	6.844
-7.0090256	2.243367	6.453571	6.894
-6.977901	2.5151088	6.5385647	6.935
-6.931214	2.6084828	6.505046	6.964
-7.3418193	2.468422	6.314707	7.04
-7.3178773	2.421735	6.1530986	7.094
-6.7492547	2.4528596	6.5984197	7.154
-7.0593038	2.6671407	6.7145386	7.194
-7.0066314	2.6120741	6.5625067	7.254
-6.578069	2.6120741	6.8929067	7.304
-6.4547677	2.5701754	7.0928226	7.355
-6.3206925	2.755726	7.1586633	7.41
-6.3913217	2.7712884	6.817489	7.504
-6.602011	2.7712884	6.817489	7.504
-6.551733	2.7569232	6.943185	7.544
-6.5361705	2.755726	7.0090256	7.604
-6.5696893	2.9125464	6.751649	7.704
-6.6630635	2.7581203	6.751649	7.704
-6.7324953	2.7988217	6.5098343	7.744
-7.028179	2.7736826	6.615179	7.794
-6.6882024	2.72939	6.8210807	7.867
-6.645107	2.7090392	6.871359	7.894
-6.5230026	2.6671407	7.061698	7.944
-6.4344172	2.7832594	7.2089415	7.996
-6.5625067	2.6886885	6.9048777	8.045
-6.2512608	2.896984	6.88333	8.097
-6.4619503	2.8179753	6.944382	8.144
-6.4344172	2.813187	7.1383123	8.191
-6.5684924	2.5761611	6.9946604	8.244
-6.5385647	2.6910827	6.897695	8.295
-6.5565214	2.777274	6.8809357	8.351
-6.6044054	2.7018566	6.8210807	8.394
-6.655881	2.7629087	6.939594	8.444
-6.447585	2.7964275	6.939594	8.504
-6.6522894	2.835932	6.849811	8.544
-7.019799	2.8072014	6.7851677	8.594
-6.5086374	2.585738	6.6654577	8.649
-6.471527	2.5139117	6.909666	8.694
-6.5984197	2.6024973	6.939594	8.72
-6.5948286	2.7868507	6.8366427	8.794
-6.6882024	2.754529	6.8210807	8.844
-6.6870055	2.779668	6.728904	8.894
-6.827066	2.7569232	6.704962	8.944
-6.7743936	2.7509377	6.727707	8.974
-6.727707	2.778471	6.7803793	9.044
-6.671443	2.7712884	6.754043	9.106
-6.637924	2.80361	6.8402343	9.165
-6.5960255	2.8215668	6.8988924	9.194
-6.623559	2.7102363	6.71813	9.244
-6.731298	2.8431146	6.7492547	9.305
-6.793547	2.7928362	6.6415157	9.357
-6.8198833	2.801216	6.692991	9.394
-6.8246717	2.8335378	6.637924	9.444
-6.839037	2.822764	6.567295	9.515
-6.9024835	2.791639	6.5325794	9.539
-6.945579	2.8119898	6.597223	9.594
-6.8330517	2.7246015	6.7145386	9.657
-6.68102	2.7712884	6.823475	9.695
-6.4404025	2.7724855	6.9371996	9.745
-6.2620344	2.8802247	7.0928226	9.794
-6.2009826	2.920926	7.0928226	9.841
-6.3601966	3.0059202	7.0341644	9.895
-6.1985884	3.0310593	7.1502833	9.935
-6.114791	2.9484594	7.2101383	9.974
-6.0585275	2.980781	7.393295	10.044
-6.0345855	2.9652188	7.237672	10.094
-5.93762	2.870648	7.398083	10.144
-5.795165	2.9149406	7.439982	10.192
-5.8203044	2.9759927	7.4806833	10.244
-5.813122	2.9963434	7.526173	10.295
-5.734113	3.0190883	7.5082164	10.344
-5.758055	2.9532478	7.5225816	10.404
-5.723339	2.991555	7.6123643	10.444
-5.5976434	2.9855695	7.6829934	10.504
-5.554548	2.9113493	7.73806	10.544
-5.342661	2.8886044	7.7691846	10.594
-5.363012	2.9376855	7.9008656	10.644
-5.2421045	2.8814218	7.9810715	10.726
-5.1020436	2.8526914	7.9463553	10.748
-5.029021	2.906561	7.9726915	10.794
-5.0757074	2.919729	8.086416	10.849
-4.9069166	2.8299465	8.180987	10.895
-4.7261543	2.7485435	8.1797905	10.944
-4.805163	2.7114334	8.234857	10.974
-4.805163	2.586935	8.452729	11.055
-4.6459484	2.6001031	8.415619	11.104
-3.9217024	2.7473464	8.445546	11.144
-4.1862617	2.4839842	8.371326	11.205
-3.052607	2.315193	8.380903	11.244
-2.3331497	2.4432828	9.333796	11.294
-2.0410569	2.1811178	9.308656	11.344
-1.1228806	2.098518	9.502586	11.394
-0.39264908	2.19668	10.200497	11.434
0.1340753	2.291251	9.7719345	11.503
-0.39983168	2.693477	9.703699	11.543
0.33159694	2.4851813	9.443929	11.594
0.8798691	2.5965118	9.736021	11.644
0.8714894	2.8491	10.065224	11.694
1.2617443	2.3810337	9.591172	11.74
0.63206923	2.7389667	9.487024	11.794
0.7086837	2.2960393	9.398438	11.875
1.5406688	2.1452048	9.482236	11.892
1.389834	2.3415294	9.78989	11.944
1.3132197	2.586935	9.764751	11.964
1.1815386	2.6384103	9.204509	12.044
0.7541735	2.6994624	8.871715	12.094
1.1599907	2.6527755	9.25359	12.144
1.246182	2.5677812	9.435549	12.194
1.2018893	2.741361	9.679757	12.244
1.4413095	2.4241292	9.519346	12.325
2.1092918	2.2493525	9.301474	12.351
2.0745757	2.0159178	8.918402	12.384
3.0382419	1.9967642	8.773552	12.434
3.6990416	1.8950106	8.826224	12.497
3.9995139	1.9656396	8.787917	12.544
4.4675803	1.8028339	8.74123	12.593
5.08289	1.4939818	8.553286	12.637
5.708974	1.6172832	8.546103	12.685
6.349423	1.8914193	8.243237	12.744
6.4416	1.9812019	8.130709	12.784
5.7975593	1.3000516	7.6734166	12.845
4.770447	1.2557588	7.905654	12.894
5.269638	1.2629414	8.246828	12.944
5.064934	0.62847793	7.687782	12.974
6.0944405	0.81522566	7.9726915	13.056
5.8442464	0.91817635	7.4962454	13.107
6.4164605	1.5107412	7.08564	13.144
7.4327993	1.2437878	6.4068837	13.194
7.9355817	1.5993267	6.3865333	13.244
6.733692	1.2653356	6.5337763	13.294
7.4447703	1.2497733	6.59004	13.334
7.511808	1.4808137	6.8043213	13.394
8.1797905	1.1121067	6.9407907	13.445
7.20535	0.45729253	6.443994	13.494
7.8146744	0.664391	6.5218053	13.544
6.8067155	0.33518824	5.6539073	13.594
7.86615	0.8714894	5.837064	13.634
7.762002	0.92416185	5.0900726	13.694
8.264784	1.0450691	5.686229	13.744
7.771579	0.81881696	5.5880666	13.794
7.7248917	1.234211	5.770026	13.841
7.765593	0.7541735	5.9867015	13.9
7.7608047	1.1480197	5.8598084	13.947
7.711724	0.91219085	5.7987566	13.965
7.7320743	0.676362	5.589264	14.044
7.740454	0.29927522	4.9524064	14.11
6.968324	-0.053869538	4.736928	14.154
8.316259	1.8267759	6.0980315	14.194
8.926781	1.4927847	5.1762643	14.236
8.031349	1.4413095	5.097255	14.303
8.360553	1.5957354	5.0996494	14.35
8.526949	0.5374983	4.4017396	14.395
8.414422	1.0833763	4.238934	14.464
8.224083	1.0079589	4.173094	14.499
8.815451	1.1911154	3.2968156	14.54
9.605537	0.81043726	2.5091233	14.594
9.27394	0.37110126	1.5610195	14.634
10.401609	0.7062895	1.934515	14.694
9.800665	0.7026982	1.3431472	14.745
9.922769	0.49081135	0.9588778	14.797
9.722853	0.50876784	0.82121116	14.846
10.245986	0.4345476	0.9660604	14.894
9.016563	-0.39863458	2.5701754	14.935
10.311827	1.1432313	-0.011971008	14.974
9.847352	0.51834464	0.61650693	15.054
9.467871	0.58418524	1.1875241	15.105
9.431957	0.4225766	0.6943185	15.164
9.598354	0.2657564	0.30765492	15.194
9.635465	-0.05865794	-0.2669535	15.244
9.822212	0.09696517	-0.12808979	15.294
9.653421	0.050278235	-0.31004912	15.344
9.398438	0.1592144	-0.11731588	15.394
9.372103	-0.2621651	-0.9576807	15.444
9.352949	-0.046686932	-1.1468226	15.494
9.42238	-0.16759412	-1.42455	15.548
9.349358	-0.2813187	-1.9812019	15.594
9.43914	-0.046686932	-2.7461493	15.644
8.822633	-0.035913024	-3.2668881	15.694
8.578424	0.09816227	-4.249708	15.745
8.878897	0.015562311	-4.9524064	15.794
8.356961	0.20709845	-4.497508	15.844
7.606379	0.016759412	-6.0860605	15.894
7.9475527	-0.10534488	-6.2991447	15.945
7.6530657	-0.35075054	-6.588843	15.996
7.6530657	-0.35075054	-6.588843	15.996
6.8067155	0.33518824	-6.8893156	16.094
6.6295447	0.051475335	-8.435969	16.145
5.616797	0.39863458	-7.9702973	16.204
5.1583076	0.18435353	-8.224083	16.244
4.581305	-0.0011971008	-8.619126	16.294
4.8865657	0.22266077	-8.542512	16.354
5.2540755	0.29448682	-8.237251	16.392
4.763264	0.21667525	-8.453926	16.447
4.808754	0.20231004	-8.356961	16.494
4.799177	0.20350714	-8.429984	16.544
4.859032	0.20590134	-8.372523	16.584
4.911705	0.21906945	-8.364143	16.644
4.947618	0.22146365	-8.343793	16.694
4.9919105	0.22864626	-8.354567	16.745
5.1690817	0.30885202	-8.282741	16.808
4.8853683	0.18555063	-8.371326	16.841
5.080496	0.2825158	-8.287529	16.894
5.199009	0.32800564	-8.196549	16.944
5.213374	0.31483752	-8.194156	16.994
5.199009	0.29209262	-8.192958	17.004
5.2444987	0.30526072	-8.12592	17.095
5.2756233	0.32321724	-8.127118	17.144
5.249287	0.2801216	-8.166622	17.174
5.357026	0.36870706	-8.084022	17.253
5.4432178	0.36750996	-8.028955	17.294
5.2863975	0.32441434	-8.070854	17.353
5.427655	0.38307226	-8.079233	17.397
5.4563856	0.40462008	-8.019379	17.444
5.4551888	0.3842694	-8.018182	17.485
5.4384294	0.3878607	-7.9846625	17.565
5.626374	0.41299978	-7.9116397	17.594
5.448006	0.34715924	-8.032547	17.654
5.5940523	0.3878607	-7.949947	17.69
5.603629	0.40102878	-7.8996687	17.745
5.6227827	0.39025488	-7.9008656	17.794
5.604826	0.39504328	-7.9331875	17.854
5.568913	0.40821138	-7.9463553	17.885
5.5701103	0.41299978	-7.973889	17.924
5.553351	0.38187516	-7.9236107	17.994
5.547365	0.37110126	-7.9152308	18.005
5.439626	0.34117374	-8.042124	18.095
5.626374	0.46926352	-7.8733325	18.144
5.2085857	0.31124622	-8.218098	18.194
5.475539	0.36511576	-8.00621	18.254
5.5868697	0.415394	-7.9463553	18.294
5.553351	0.34356794	-7.9367785	18.338
5.365406	0.3866636	-8.101978	18.388
5.556942	0.41299978	-7.917625	18.446
5.592855	0.4189853	-7.943961	18.494
5.565322	0.37828386	-7.9391727	18.544
5.6790466	0.48602295	-7.845799	18.594
5.6467247	0.415394	-7.9188223	18.644
5.6156	0.50517654	-7.8517847	18.694
5.7029886	0.47524905	-7.7919292	18.754
5.887342	0.50397944	-7.8649526	18.843
5.6156	0.50397944	-8.016984	18.843
5.407305	0.48841715	-7.9248075	18.904
6.129156	0.59615624	-7.5285673	18.949
6.007052	0.5231331	-7.5788455	18.994
5.9448028	0.4261679	-7.630321	19.009
6.481104	0.5781997	-7.1790137	19.094
6.518214	0.5770026	-7.1670427	19.124
6.6630635	0.6775591	-7.0832458	19.194
6.75524	0.5793968	-6.931214	19.235
6.8127007	0.7398083	-6.719327	19.299
7.0365586	0.62608373	-6.5469446	19.351
7.088034	0.6356605	-6.3542113	19.394
7.2209125	0.6871359	-6.6391215	19.444
7.394492	0.7445967	-6.6774287	19.494
7.3466077	0.6596026	-6.2404866	19.555
7.5453267	0.63206923	-5.995081	19.595
7.639898	0.47405192	-5.8933277	19.654
7.8422074	0.49440265	-5.770026	19.694
7.926005	0.36750996	-5.580884	19.744
8.078036	0.48722005	-5.270835	19.794
8.200141	0.46447513	-5.046977	19.844
8.336611	0.521936	-4.894945	19.894
8.35337	0.29328972	-4.879383	19.944
8.524555	0.5315128	-4.5896845	20.004
8.524555	0.5315128	-4.5896845	20.004
8.562862	0.49559975	-3.8019924	20.095
9.03452	0.34596214	-4.602853	20.144
8.841787	0.46327803	-3.7924154	20.194
9.029732	0.2908955	-3.879804	20.244
9.027337	0.3842694	-3.3913867	20.291
8.916007	0.47524905	-3.2860417	20.354
9.118318	0.60214174	-2.8526914	20.392
9.277532	0.4309563	-2.633622	20.444
9.229648	0.39264908	-2.5306711	20.474
9.508572	0.2813187	-2.791639	20.565
9.512163	0.59855044	-2.3259668	20.615
9.380483	0.6859388	-2.4420857	20.641
9.473856	0.2753332	-2.5953147	20.694
9.548077	0.18076223	-2.505532	20.737
9.524135	0.29448682	-2.030283	20.792
9.791088	0.2896984	-1.934515	20.844
9.643845	0.4333505	-1.3096284	20.898
9.709685	0.80086046	-1.115698	20.945
9.842564	0.92895025	-0.7038953	20.994
9.767146	0.89543146	-0.5255273	21.015
9.607931	0.62728083	0.24779987	21.094
9.605537	0.89902276	0.7146692	21.159
9.459491	0.8403648	0.7206547	21.194
9.296685	0.90381116	0.81642276	21.238
9.419987	1.2018893	1.3634979	21.304
9.399636	1.1755531	1.3706805	21.344
9.44752	1.0534488	1.6950948	21.394
9.43076	1.1599907	1.7166426	21.444
9.387665	0.9672575	1.435324	21.484
9.23683	0.9564836	1.1480197	21.575
9.344569	1.1683705	1.3850456	21.604
10.019734	1.3084313	1.5586253	21.636
8.9519205	1.2006922	1.2976574	21.686
9.700109	1.1168951	1.555034	21.744
9.329007	1.1935096	1.3156139	21.805
9.605537	1.1719618	1.246182	21.844
9.580399	0.9876082	1.0737995	21.894
9.67856	0.7733272	0.6775591	21.944
9.871294	0.9876082	0.79367787	22.015
10.1226845	0.9876082	0.79367787	22.015
10.733206	1.614889	1.3910311	22.094
10.81461	1.5286977	0.62967503	22.144
8.22528	1.1803415	1.3706805	22.195
9.078813	1.1324574	2.7509377	22.244
9.285912	1.2126632	3.4141316	22.294
8.529344	1.4389153	4.3718123	22.377
8.35337	1.5753847	4.4879313	22.394
9.516952	1.0702082	4.782418	22.444
5.697003	0.94690675	4.6926355	22.503
7.489063	0.9564836	5.2504845	22.546
7.07726	0.90859956	5.3438582	22.604
7.9128366	1.1611878	5.5270147	22.654
8.200141	1.2198458	5.409699	22.691
8.317456	1.0893618	5.112818	22.744
8.647857	1.1755531	4.8267107	22.834
8.412027	1.033098	4.7884035	22.865
8.292317	1.1791444	5.009867	22.894
8.016984	0.9540894	5.009867	22.944
7.7488337	0.9864111	5.2277393	22.984
7.66384	1.0247183	5.400122	23.014
8.599973	1.5251064	5.5988407	23.095
8.177396	0.90620536	4.9823337	23.156
8.169016	1.1025299	5.117606	23.217
8.154651	1.1827357	5.2528787	23.244
8.039729	1.2988545	5.351041	23.294
8.015787	1.1887212	5.1810527	23.336
8.248025	1.1791444	5.0254292	23.404
8.488642	1.2725182	4.999093	23.444
8.4587145	1.2066777	4.8698063	23.494
8.412027	1.0714053	4.8422728	23.544
8.328231	1.2761095	4.9703627	23.597
8.184579	1.6124948	5.3043537	23.664
8.031349	1.400608	5.2923827	23.704
7.9834657	1.2952632	5.2528787	23.744
8.024167	1.2174516	5.2923827	23.805
8.109161	1.2366052	5.2181625	23.855
8.271967	1.2749124	5.046977	23.904
8.282741	1.3922282	5.0385976	23.955
8.35337	1.2964603	4.993108	24.015
8.279149	1.2808979	5.057751	24.054
8.238448	1.2449849	5.103241	24.104
8.1079645	1.1384429	5.020641	24.158
8.3868885	1.1492168	4.909311	24.204
8.4108305	1.1971009	4.83509	24.254
8.402451	1.2246342	4.9176903	24.294
8.276755	1.3192052	5.0158525	24.344
8.230068	1.3263878	5.09127	24.384
8.091205	1.186327	5.1547165	24.474
8.101978	1.1911154	5.116409	24.489
8.236053	1.1899183	5.0302176	24.541
8.209718	1.2725182	5.0613422	24.604
8.25401	1.3036429	5.0505686	24.644
8.240842	1.2653356	5.067328	24.694
8.287529	1.2485762	5.021838	24.744
8.275558	1.2808979	5.057751	24.824
8.224083	1.2856863	5.0900726	24.84
8.210915	1.2844892	5.073313	24.891
8.208521	1.2904748	5.0493712	24.944
8.180987	1.2940661	5.08289	24.994
8.196549	1.3024458	5.068525	25.015
8.269572	1.3479356	5.032612	25.091
8.234857	1.3084313	5.0601454	25.144
8.190564	1.3227965	5.081693	25.194
8.311471	1.2485762	4.9943047	25.245
8.171411	1.282095	5.0781016	25.294
8.24563	1.3299791	5.0637364	25.344
8.281544	1.2976574	5.0613422	25.395
8.202535	1.3120226	5.033809	25.434
8.214506	1.3132197	5.0541596	25.496
8.237251	1.352724	5.08289	25.544
8.2169	1.2988545	5.0661306	25.574
8.196549	1.3215994	5.0397944	25.654
8.196549	1.2940661	5.105635	25.694
8.165425	1.3120226	5.064934	25.761
8.238448	1.3192052	4.973954	25.815
8.333019	1.3383588	4.9679685	25.845
8.282741	1.3587095	5.0385976	25.905
8.244433	1.3299791	5.0960584	25.954
8.161834	1.3012487	5.104438	26.005
8.160637	1.3299791	5.0781016	26.087
8.195353	1.3299791	5.0781016	26.087
8.249222	1.3251907	5.035006	26.154
8.230068	1.3587095	5.064934	26.194
8.274361	1.352724	5.0122614	26.244
8.230068	1.3311762	5.044583	26.294
8.238448	1.3479356	5.0864816	26.354
8.191761	1.3323733	5.079299	26.395
8.1558485	1.3682863	5.1343656	26.457
8.267179	1.3335704	4.995502	26.494
8.259995	1.3563153	5.0302176	26.554
8.222886	1.3503298	5.0374002	26.594
8.240842	1.3479356	5.0625396	26.644
8.261193	1.3180081	5.04578	26.695
8.200141	1.3144168	5.0745106	26.754
8.236053	1.364695	5.0745106	26.804
8.202535	1.3180081	5.076905	26.844
8.244433	1.316811	5.073313	26.894
8.228871	1.2976574	5.0661306	26.944
8.261193	1.2880806	5.052963	26.994
8.250419	1.2856863	5.040992	27.014
8.279149	1.3275849	5.0541596	27.094
8.1402855	1.2198458	4.9823337	27.144
7.6482773	0.91338795	4.996699	27.184
8.444349	1.1899183	5.1247888	27.245
8.392874	1.2976574	4.915296	27.287
8.883685	1.5239093	4.675876	27.344
8.744822	0.9720459	4.7740383	27.402
7.8326306	0.533907	4.7321396	27.458
8.528147	0.89423436	5.1080294	27.484
8.537724	0.9504981	5.0625396	27.544
8.4347725	1.0582372	5.342661	27.594
8.013393	0.36631286	4.9057193	27.659
7.8649526	0.59136784	5.058948	27.716
8.516175	0.6607997	5.100847	27.743
8.316259	0.6715736	4.4125137	27.794
7.7584105	0.23582886	4.358644	27.835
9.229648	0.62129533	4.3538556	27.894
8.615535	0.48961425	4.594473	27.954
8.819042	0.46567222	4.4244847	27.994
8.880095	0.415394	4.3418846	28.014
8.329428	0.7158663	4.677073	28.099
8.41921	0.79966336	4.8015714	28.154
8.3150625	0.7374141	4.972757	28.194
8.228871	0.6536171	4.71538	28.244
8.768764	0.664391	4.793192	28.296
8.700529	0.6823475	4.656722	28.344
8.842984	0.49559975	4.4184995	28.394
8.512584	1.234211	4.2904096	28.444
8.967483	0.30166942	4.584896	28.496
8.955511	1.2066777	4.3143516	28.546
8.640674	0.12689269	5.2181625	28.587
7.823054	2.12246	5.392939	28.654
8.604761	1.0151415	5.8143187	28.695
8.422802	1.30484	4.9643774	28.744
7.9870567	1.5358804	4.841076	28.794
8.541314	2.0566192	5.2085857	28.844
7.9463553	1.2174516	5.5581393	28.894
7.9116397	1.2976574	5.741296	28.954
7.3909006	1.6496049	5.9064956	28.994
7.589619	1.7010803	6.3889275	29.027
7.6111674	1.9967642	6.393716	29.087
6.671443	1.946486	6.897695	29.144
7.597999	1.1109096	6.6534867	29.194
6.2261214	1.1061212	7.038953	29.244
6.367379	1.6376339	6.7468605	29.294
6.003461	1.4820108	6.7205243	29.352
6.254852	2.0949266	7.3442135	29.394
6.591237	3.0370448	7.2987237	29.444
5.955577	2.2840683	7.3729444	29.484
5.985504	2.1080947	7.5812397	29.544
5.577293	1.7417817	8.328231	29.594
5.5605335	1.9500773	8.101978	29.644
3.9564183	2.208651	8.298303	29.684
4.4568067	2.468422	8.686164	29.744
3.940856	2.3092074	8.889671	29.784
3.4093432	2.4672248	8.536526	29.844
3.3255463	2.6755204	8.932767	29.894
3.0382419	2.528277	8.9758625	29.944
2.7928362	2.6479871	9.119514	29.994
2.220622	2.3415294	8.986636	30.025
2.220622	2.3415294	8.986636	30.025
1.7489643	2.6898856	9.387665	30.144
1.6424223	2.7760768	9.503783	30.194
1.283292	2.8203697	9.466674	30.244
1.5801731	2.9759927	9.502586	30.295
0.51475334	2.432509	9.281123	30.344
-0.16998832	2.3558946	9.012972	30.394
0.04070143	2.7581203	9.588778	30.459
0.12928689	2.3642743	9.459491	30.494
-0.79846627	2.991555	9.8198185	30.544
-0.11731588	2.6036944	9.343372	30.594
-0.45489833	2.4145525	9.284714	30.637
-0.63087213	2.870648	9.467871	30.694
-0.81761986	2.9317	9.600749	30.744
-0.8571242	2.7090392	8.817844	30.804
-1.3036429	2.9017725	9.40203	30.844
-1.2294226	2.920926	9.185355	30.893
-1.2856863	2.6539726	9.294291	30.945
-1.1085154	2.56419	9.482236	30.994
-1.0187328	2.8754363	9.988609	31.034
-0.89782566	2.385822	9.070433	31.099
-0.90021986	2.3666685	8.892065	31.144
-1.1432313	2.8311436	9.276335	31.194
-0.81522566	2.9616275	9.742006	31.244
-0.2633622	3.1627405	9.774328	31.304
0.1448492	2.7222073	9.323022	31.347
0.23822308	2.4061728	9.020155	31.394
0.61411273	2.6515784	9.466674	31.444
1.2617443	2.6527755	9.616311	31.504
1.3215994	2.5151088	9.5492735	31.534
1.5574282	2.6839	9.546879	31.604
1.780089	2.3475149	9.508572	31.644
2.1152773	2.4863784	9.334992	31.724
1.9644425	2.4301147	9.293094	31.795
2.5558102	2.4049757	9.267955	31.809
2.6204538	2.348712	9.350554	31.854
2.7114334	2.2529438	9.210494	31.917
3.095703	2.0350714	9.099164	31.965
3.3482912	2.0350714	9.033323	31.994
3.6212301	2.0446482	8.734048	32.034
3.7481227	2.2457612	9.102755	32.109
4.2664676	1.970428	8.803479	32.154
3.8007953	2.0817583	8.746018	32.194
4.4759603	2.0757728	8.670602	32.254
4.3167458	2.0817583	8.395268	32.305
4.3299136	2.0697873	8.503007	32.334
5.121197	1.7621324	8.335413	32.394
4.8973393	1.9919758	8.288726	32.444
4.960786	1.7262194	8.115147	32.494
4.59567	1.6891093	8.08881	32.538
5.5018754	1.2844892	7.705738	32.597
5.459977	1.6436194	7.964312	32.644
6.009446	1.1552023	7.548918	32.704
6.5601125	1.5717934	7.303512	32.744
7.1490865	0.7733272	7.0808516	32.794
7.153875	0.93254155	6.731298	32.844
7.5704656	0.45848963	6.694188	32.912
6.941988	0.51355624	6.4032927	32.965
7.368156	0.4249708	6.171055	32.991
8.074445	0.36870706	6.1758432	33.039
8.074445	0.36870706	6.1758432	33.039
7.988254	-0.18315643	5.6431336	33.141
8.414422	-0.28491	5.559336	33.194
7.9750857	-0.5542577	5.140351	33.244
8.295909	-0.39145198	5.105635	33.294
8.550891	-0.78170687	4.673482	33.344
8.586804	-1.1204864	4.033033	33.425
8.665813	-0.878672	3.9492357	33.444
8.878897	-0.8643068	3.691859	33.494
9.141062	-1.2270284	3.277662	33.544
9.16261	-1.553837	3.0992942	33.585
9.246407	-1.1109096	2.7605145	33.648
8.754398	-1.5275006	2.2936451	33.714
9.615114	-1.1288661	2.1152773	33.764
9.229648	-1.3922282	1.946486	33.794
9.913192	-1.5382746	1.4449008	33.844
9.532514	-1.3623008	1.4041992	33.897
9.561244	-1.0402806	1.1109096	33.947
9.509769	-1.1085154	0.59855044	33.985
9.379285	-1.0163386	0.6356605	34.034
9.655815	-1.0941502	-0.21667525	34.098
10.023325	-0.7457938	-0.3842694	34.144
9.6845455	-0.5590461	-0.50637364	34.215
9.563639	-0.19512744	-0.4225766	34.247
9.583989	-0.8846575	-0.78888947	34.294
10.019734	-0.2681506	-0.7290344	34.354
9.895236	-0.08259996	-1.0295067	34.394
9.94312	0.12569559	-0.6607997	34.444
9.583989	0.088585466	-1.0630256	34.494
9.885659	-0.5506664	-1.2198458	34.565
9.601946	-0.30406362	-0.7577648	34.604
9.78989	-0.46447513	-0.58298814	34.635
9.773131	-0.35673606	-0.260968	34.704
9.665392	-0.1328782	-0.007182605	34.744
9.664195	-0.1376666	0.2705448	34.804
9.652225	-0.17477672	0.5434838	34.849
9.685743	-0.038307227	0.6452374	34.894
9.7719345	-0.029927522	0.80924016	34.959
9.655815	-0.049081136	0.92057055	35.01
9.745598	0.03232172	1.0295067	35.037
9.745598	0.03232172	1.0295067	35.037
9.526528	0.12330139	1.5526398	35.154
9.537302	-0.025139118	1.7477672	35.209
9.570822	0.08738836	2.007538	35.245
9.391256	0.016759412	2.1763294	35.285
9.293094	0.009576807	2.3834279	35.345
9.240421	-0.11133038	2.693477	35.399
9.324219	0.0035913025	2.8670566	35.454
9.585187	-0.05865794	2.9005754	35.514
9.045294	0.061052144	3.1064768	35.556
9.28232	0.19273324	3.2549171	35.594
9.173384	0.11372458	3.3423057	35.644
9.216479	0.19632454	3.5051112	35.694
9.096769	0.029927522	3.5769374	35.744
8.957906	0.35913026	3.8379054	35.815
9.398438	-0.06703765	3.8522706	35.845
8.9602995	0.18555063	3.9360676	35.894
8.738836	0.37708676	4.092888	35.934
8.783129	0.4309563	4.3287168	35.994
8.724471	0.47046062	4.4783545	36.034
8.724471	0.47046062	4.4783545	36.034
8.183381	0.47046062	5.1786585	36.136
8.595184	0.6871359	5.4384294	36.194
7.4327993	0.6380547	5.7161565	36.244
7.6889787	0.9804256	5.9651537	36.294
7.313089	0.8391677	6.2823853	36.338
6.9360023	1.3862427	6.3925185	36.394
7.0126166	1.3958195	6.3709707	36.434
7.422025	1.6436194	6.35062	36.494
7.2987237	2.0602105	6.563704	36.544
7.678205	2.0386627	6.597223	36.595
7.28795	2.1380222	6.8653736	36.644
7.2113357	2.337938	6.7803793	36.691
6.199785	2.2050598	6.9383965	36.744
5.591658	2.0829554	7.53575	36.824
5.6551046	2.3139958	7.583634	36.844
4.9464207	2.1942859	7.7332716	36.889
4.88896	2.5617957	8.265982	36.944
4.0043025	2.0685902	8.394072	36.994
4.2700586	2.4253263	8.669404	37.034
4.2700586	2.4253263	8.933964	37.102
3.620033	3.0202854	8.969876	37.154
3.513491	3.193865	8.911219	37.194
2.815581	3.2190042	8.671799	37.244
2.6515784	3.1376014	8.918402	37.304
2.0350714	3.8498764	9.153033	37.363
1.8088194	4.1802764	9.543288	37.414
2.0027497	4.1335893	9.3733	37.431
0.4333505	3.0538042	8.839393	37.494
-1.1444284	2.315193	7.586028	37.544
-1.8579005	2.5222914	8.388085	37.594
-1.4927847	3.2501287	10.169372	37.644
-0.7529764	3.4464533	10.503363	37.704
-0.6356605	2.207454	9.082404	37.777
-2.2936451	1.8974048	8.617929	37.794
-2.042254	1.3694834	8.416816	37.85
-1.5765818	1.8411411	8.9519205	37.894
-1.2114661	2.6719291	9.581595	37.944
-1.0989386	3.1555579	9.799467	37.994
-0.664391	3.4859576	10.290278	38.044
-0.664391	3.4859576	10.290278	38.044
-0.9552865	2.7473464	9.355343	38.144
-0.46088383	2.8107927	9.598354	38.237
-0.25378537	2.8107927	9.598354	38.237
-0.18674773	2.9293058	9.421184	38.296
0.06823475	2.8060043	9.599552	38.355
0.034715924	2.8502972	9.463082	38.395
0.30526072	2.8550856	9.569624	38.454
0.015562311	2.72939	9.293094	38.504
0.05865794	2.6431987	9.289502	38.554
0.107739076	2.815581	9.356541	38.594
0.29807812	2.8443117	9.540894	38.655
0.581791	2.871845	9.580399	38.705
0.6811504	2.694674	9.633071	38.738
0.48003745	2.6874914	9.563639	38.804
1.0139444	2.5713725	9.527725	38.844
1.2114661	2.5737667	9.69532	38.894
1.5586253	2.5115175	9.388862	38.947
1.4161704	2.528277	9.569624	38.984
2.078167	3.4931402	10.223241	39.034
2.078167	3.4931402	10.223241	39.034
0.45130703	2.4468741	8.176199	39.144
1.721431	2.6779146	9.109938	39.194
1.8986019	2.9173348	9.452309	39.244
2.1452048	2.8095956	9.855731	39.305
2.244564	2.4516625	9.629479	39.344
2.1404164	2.7952304	9.580399	39.394
2.7269957	2.5785553	9.082404	39.444
2.1535845	2.3786395	8.503007	39.494
2.7617116	2.3786395	8.680179	39.544
3.2812533	2.5438392	8.876503	39.594
3.5577838	2.813187	8.962694	39.644
3.8630445	2.5067291	8.771158	39.694
3.582923	2.7114334	8.639477	39.744
4.1264067	2.3870192	8.590396	39.794
3.807978	2.3750482	8.194156	39.846
4.6232033	2.7964275	8.101978	39.894
5.3821654	2.7246015	7.9152308	39.976
5.8921304	2.80361	7.7428484	39.999
6.1902084	2.4839842	7.5968018	40.044
6.069301	2.6300306	7.4507556	40.094
6.6175733	2.5198972	6.92044	40.144
6.47033	2.3080103	7.144298	40.19
6.715736	1.9536686	7.1059904	40.244
6.361394	2.0278888	6.919243	40.295
6.6187706	2.0697873	6.9743094	40.336
6.6546836	1.8602947	6.9288197	40.394
6.6044054	1.7717092	6.8486137	40.444
7.3310456	1.7585411	6.537368	40.485
7.049727	1.5071499	6.505046	40.545
6.757634	1.2485762	6.4727244	40.595
7.1083846	1.3204023	6.477513	40.634
7.9511437	1.483208	6.0405707	40.694
7.6410947	1.1192893	5.795165	40.744
7.382521	0.82121116	5.9244523	40.794
7.9726915	0.8559271	5.5365915	40.844
8.195353	0.7422025	5.21936	40.91
7.9427643	0.6476316	4.8422728	40.952
8.300697	0.30526072	4.6603136	41.006
8.264784	0.2801216	4.7309427	41.046
8.264784	0.2801216	4.7309427	41.046
9.260772	0.10534488	3.7780502	41.146
9.312247	0.10175357	3.4141316	41.196
9.064447	-0.089782566	3.2740707	41.246
9.050082	-0.11492168	2.9951463	41.296
9.2787285	-0.29807812	2.955642	41.346
9.338584	-0.17357962	2.421735	41.396
9.518148	-0.41299978	1.7884687	41.493
9.566033	-0.41299978	1.7884687	41.493
9.531317	-0.4369418	1.2856863	41.546
9.759963	-0.5386954	1.0151415	41.596
9.7958765	-0.59974754	1.1659763	41.637
9.951499	-0.5626374	0.5650316	41.692
9.348161	-0.4369418	0.34715924	41.746
9.980229	-0.3866636	-0.110133275	41.809
9.51336	-0.17956513	-0.6631939	41.846
10.0341	-0.6667852	-1.0534488	41.896
9.514558	-0.25498247	-0.80684596	41.946
9.908403	-0.22146365	-1.0103531	41.996
9.610326	-0.33159694	-1.1755531	42.039
9.853337	-0.17477672	-1.3323733	42.098
9.996989	-0.39264908	-1.7968484	42.136
9.470264	-0.19991584	-1.5370775	42.196
9.838972	-0.2741361	-1.365892	42.236
9.7719345	-0.33279404	-1.3084313	42.298
9.836577	-0.19871874	-1.13964	42.346
9.566033	-0.34955344	-0.61530983	42.396
9.617508	-0.45130703	-0.19153613	42.446
9.583989	-0.46686932	0.017956512	42.486
9.812635	-0.44771573	0.22505496	42.546
9.475053	-0.29568392	0.62847793	42.597
9.619903	-0.21188685	0.90021986	42.656
9.617508	-0.1412579	0.9876082	42.686
9.682152	-0.108936176	1.3204023	42.746
9.5492735	-0.1436521	1.4173675	42.786
9.588778	-0.17717093	1.5945383	42.846
9.556456	-0.320823	1.733402	42.886
9.36492	-0.29927522	1.8339585	42.946
9.64983	-0.22864626	1.9333179	42.986
9.312247	-0.2885013	2.0398598	43.037
9.312247	-0.2885013	2.0398598	43.037
9.312247	-0.2885013	2.0398598	43.037
9.31105	-0.108936176	2.6384103	43.196
9.233239	-0.14963761	2.8634653	43.246
9.1829605	-0.007182605	3.122039	43.296
9.100361	-0.035913024	3.2106245	43.346
8.942344	0.11372458	3.3566709	43.396
9.012972	0.19871874	3.323152	43.446
9.217676	0.18435353	3.3686419	43.496
9.180567	0.23942018	3.3842041	43.546
9.289502	0.15801731	3.3854012	43.602
8.987833	0.074220255	3.4979286	43.66
9.478644	0.14724341	3.618836	43.696
9.1350765	0.18435353	3.7960067	43.746
8.763975	0.62249243	4.1395745	43.796
8.847773	0.6775591	4.402937	43.859
8.564059	0.7146692	4.525041	43.896
8.374918	0.6991069	4.703409	43.944
8.234857	0.82480246	4.9883194	43.996
8.046912	1.13964	5.379771	44.046
8.046912	1.13964	5.379771	44.046
7.4746976	0.93134445	5.625177	44.146
7.595605	1.7501614	6.269217	44.196
7.0221934	1.5298948	6.187814	44.237
7.120356	2.2409728	6.494272	44.296
6.9767036	2.2864625	6.9371996	44.346
6.5828576	2.3211784	7.1131735	44.396
6.2740054	2.3319526	7.477092	44.446
5.803545	2.4636335	7.374141	44.496
5.604826	2.6635494	7.583634	44.546
5.363012	2.7461493	7.7488337	44.596
5.104438	2.552219	8.00621	44.646
3.90614	2.5019407	8.300697	44.697
4.104859	2.8622682	8.522161	44.766
3.8367083	2.6384103	8.64666	44.785
3.028665	2.8514943	8.88608	44.849
3.0071173	2.8431146	8.765172	44.885
2.4756045	3.156755	9.089587	44.946
2.6791117	2.6731262	8.784326	44.996
1.3299791	2.529474	9.048885	45.046
1.3299791	2.529474	9.048885	45.046
1.673547	2.777274	9.566033	45.136
1.0283096	2.7090392	9.586384	45.196
0.62488663	2.4384944	9.305065	45.263
0.025139118	2.0398598	8.268375	45.317
-0.17118542	2.5881321	9.186552	45.346
0.5506664	3.4249055	10.147824	45.396
0.91578215	3.4883518	10.139444	45.446
0.48602295	2.2780828	9.046491	45.496
-0.31364042	2.7952304	9.14585	45.574
-0.01436521	2.920926	9.435549	45.587
0.15442601	3.1112652	9.97185	45.636
-0.05746084	2.6862943	9.204509	45.696
-0.39624038	3.0502129	9.28232	45.756
0.06823475	2.9987376	9.527725	45.786
-0.36391866	3.9384618	10.727221	45.846
0.34237084	4.525041	11.285069	45.889
0.91219085	0.62129533	8.3150625	45.947
-1.3970166	-0.62608373	6.6510925	45.982
-1.0594343	1.352724	7.6267295	46.046
-1.0594343	1.352724	7.6267295	46.046
0.6715736	4.1012673	11.568783	46.146
0.79008657	3.1974564	10.67814	46.196
-0.1448492	2.529474	8.735245	46.246
0.16998832	2.087744	8.772355	46.296
0.7218518	2.6994624	9.406818	46.356
1.0809821	2.7928362	9.876082	46.396
0.94930094	2.873042	9.487024	46.506
1.0941502	2.873042	9.487024	46.506
1.2198458	2.918532	9.615114	46.546
1.4413095	3.0202854	9.593566	46.617
1.555034	2.743755	9.301474	46.666
1.2198458	2.681506	8.980651	46.697
1.1192893	2.6288335	9.102755	46.746
1.3922282	2.5210943	9.139865	46.796
1.3790601	2.5917234	9.314642	46.846
1.7872716	2.585738	9.487024	46.886
2.0278888	2.4648306	9.269152	46.946
1.8459295	1.9045875	9.015367	46.996
2.2720973	2.2720973	9.070433	47.046
2.3211784	2.2517467	9.056067	47.056
3.0573955	2.7090392	9.28232	47.148
3.5577838	2.5821466	8.9602995	47.196
3.6858735	2.598906	8.531737	47.247
3.9516299	2.5773582	8.429984	47.296
4.924873	2.517503	8.222886	47.346
4.891354	2.31639	7.9870567	47.396
5.81791	2.5737667	7.926005	47.446
5.8813562	2.622848	7.7081323	47.497
6.697779	2.5103204	7.313089	47.546
6.3087215	2.3068132	7.133524	47.596
6.579266	2.4432828	6.9946604	47.646
6.8043213	2.0219033	6.6642604	47.696
6.71813	1.8602947	6.7983356	47.746
6.563704	1.5227122	6.8103065	47.796
7.1634517	1.0821792	6.894104	47.837
6.7612257	1.1623849	6.2883706	47.896
7.69257	0.91099375	6.133945	47.936
8.106767	0.80205756	5.759252	47.996
8.001422	0.38067806	5.5341973	48.046
7.8290396	0.08020575	5.567716	48.095
8.184579	-0.0011971008	5.1678843	48.146
8.8777	0.28491	4.6471453	48.196
8.542512	-0.089782566	4.679467	48.236
8.945934	-0.21428105	3.9707835	48.296
8.740033	-0.44891283	4.0761285	48.346
8.949526	-0.427365	3.8786068	48.407
9.096769	-0.61052144	3.2369606	48.451
9.379285	-0.6488287	3.004723	48.496
9.496601	-0.7146692	2.516306	48.546
9.476251	-0.6799533	2.2972364	48.587
9.168595	-0.736217	1.9177556	48.637
9.240421	-0.92655605	1.5957354	48.696
9.627085	-1.0187328	1.3156139	48.746
9.56723	-1.2030864	1.1336545	48.796
9.659407	-1.151611	0.78410107	48.852
9.534908	-1.186327	0.40701428	48.896
9.403227	-1.1109096	0.36870706	48.936
9.709685	-0.91219085	-0.073023155	48.996
10.111911	-0.7326257	-0.18435353	49.046
10.061633	-0.7577648	-0.25617957	49.056
9.7863	-0.8295909	-0.7589619	49.146
9.805453	-0.8559271	-0.7302315	49.2
9.719262	-0.6847417	-0.46926352	49.24
9.894038	-0.89423436	-0.50996494	49.286
9.8916445	-0.7374141	-0.5758055	49.346
9.975441	-1.2150574	-0.62728083	49.396
9.13388	-0.5482722	-0.12449849	49.446
9.969456	-0.7254431	-0.023942016	49.496
9.4535055	-0.45489833	0.015562311	49.546
9.572019	-0.7182605	0.1436521	49.596
9.376891	-0.8643068	-0.107739076	49.646
8.907627	-1.0319009	0.079008654	49.686
9.848549	-0.90979666	-0.2825158	49.746
9.801862	-0.878672	-0.34596214	49.815
9.586384	-0.7398083	-0.2621651	49.867
9.354146	-0.37708676	-0.19153613	49.896
10.16578	-0.6871359	-0.19393034	49.946
9.495404	-0.6967127	-0.427365	49.996
9.868899	-0.48961425	-0.2813187	50.046
9.868899	-0.48961425	-0.2813187	50.046
9.842564	-0.7517793	0.24540567	50.146
9.586384	-0.7170634	0.2873042	50.196
9.440337	-0.78050977	0.6488287	50.268
9.813833	-0.78529817	0.61411273	50.306
9.865308	-0.48003745	0.6356605	50.356
9.397242	-0.50397944	0.688333	50.396
9.837775	-0.46806642	0.7146692	50.446
9.412804	-0.2825158	0.85473	50.486
10.17416	-0.21068975	1.3204023	50.532
9.441534	-0.39743748	1.1360487	50.596
9.81503	-0.61052144	1.5358804	50.646
9.753978	-0.62009823	1.5586253	50.696
9.712079	-0.46327803	1.7190368	50.746
9.653421	-0.39743748	2.0745757	50.796
9.580399	-0.39624038	2.3403323	50.876
9.479841	-0.34955344	2.4983494	50.887
9.25359	-0.34356794	2.9747956	50.946
8.980651	-0.38307226	3.4368765	50.996
8.9758625	-0.15562311	3.8965633	51.046
9.161413	-0.2777274	3.8965633	51.056
8.668207	-0.075417355	4.325125	51.147
9.235633	-0.30526072	4.5753193	51.186
8.01459	0.11611878	4.3155484	51.261
8.11395	0.7433996	4.796783	51.296
8.711303	0.45968673	4.8267107	51.342
8.616732	1.2198458	5.069722	51.406
8.488642	1.0809821	5.3223104	51.444
8.377312	1.5131354	5.837064	51.488
7.404069	1.2401965	5.9364233	51.546
7.657854	1.5310919	6.173449	51.589
7.0808516	1.6903064	6.2584434	51.666
6.989872	2.0003555	6.326678	51.689
7.45315	1.8579005	6.51582	51.746
6.420052	2.0913353	7.2951326	51.801
6.7959414	2.100912	7.2592196	51.858
5.98311	2.4492683	7.6255326	51.896
5.48751	2.3080103	7.40766	51.946
5.2756233	2.7844565	7.7967176	51.997
4.9524064	2.706645	8.240842	52.054
5.069722	2.658761	8.523358	52.126
4.1359835	2.7377696	8.593987	52.145
3.2800562	2.9855695	8.820239	52.196
2.705448	2.9951463	8.752005	52.237
1.4652514	3.1244333	9.032125	52.296
1.5370775	3.0095115	9.647436	52.346
0.2753332	2.8263552	9.325416	52.396
-0.44532153	3.157952	9.975441	52.446
-0.63206923	3.2429461	9.321824	52.494
-1.3634979	3.2597055	9.187749	52.536
-1.9285295	2.5366566	8.564059	52.596
-2.7018566	2.5234885	9.114726	52.646
-2.0111294	2.5067291	9.995792	52.696
-3.465607	2.2409728	8.350976	52.756
-3.8905778	1.9141643	8.453926	52.796
-4.0294414	2.1631613	8.655039	52.846
-4.4244847	1.899799	8.441956	52.896
-4.289212	1.8938135	8.494628	52.94
-4.5322237	1.6879122	8.412027	52.996
-4.4723687	1.9524715	8.876503	53.06
-4.0976763	2.1655555	8.823831	53.129
-3.5613751	1.9393034	8.7292595	53.147
-3.7493198	2.0817583	8.790312	53.198
-3.9252937	2.100912	8.623915	53.255
-3.762488	1.946486	8.172607	53.296
-3.6966474	2.5677812	9.267955	53.346
-3.1519666	2.6635494	9.208099	53.396
-2.681506	2.3906105	9.211691	53.446
-2.2134395	2.3056161	9.226056	53.496
-1.2856863	2.2134395	9.382876	53.546
-1.4149733	2.6001031	9.977836	53.596
-1.4137762	2.4660277	9.646238	53.646
-1.7022774	2.3247697	9.350554	53.71
-1.1312603	2.1045034	9.886856	53.746
-1.483208	2.4756045	9.396045	53.798
0.017956512	2.267309	10.00896	53.846
-1.3790601	1.9835961	9.099164	53.896
-0.24779987	1.9165585	9.689334	53.938
-0.47165772	1.9476831	9.882068	53.996
0.12569559	1.9093759	9.793482	54.036
-0.009576807	1.6986861	9.610326	54.078
0.58777654	2.1428106	9.654618	54.146
0.60214174	1.9812019	9.463082	54.196
0.8487445	2.2158337	9.287108	54.246
1.0354922	2.256535	9.576807	54.298
1.5981296	2.3678656	9.601946	54.346
1.8674773	2.72939	9.49301	54.396
2.0709844	2.8694508	9.435549	54.446
2.3570917	2.7617116	9.1590185	54.486
2.3235726	2.9173348	9.224859	54.538
2.6420016	2.883816	9.233239	54.606
2.5893292	2.5929205	9.23683	54.646
2.8658595	2.6491842	9.094376	54.696
2.9257145	2.7976246	9.11712	54.756
3.217807	2.6647465	8.943541	54.806
3.2070332	2.6611552	8.787917	54.836
3.2381577	2.552219	8.67539	54.896
3.3255463	2.7246015	8.5700445	54.976
3.5805287	2.790442	8.554482	54.996
3.9983168	2.9400797	8.449138	55.056
4.0665517	2.754529	8.331821	55.076
5.0014873	2.8179753	8.1558485	55.166
5.1367598	2.5881321	7.9343843	55.196
5.3354783	2.8886044	7.717709	55.246
5.934029	2.5953147	7.60997	55.296
6.7253127	2.3642743	7.241263	55.35
6.5385647	2.3331497	6.9120603	55.396
6.649895	2.2481554	7.073669	55.446
6.8641763	2.1918917	6.979098	55.486
6.815095	1.4927847	6.7648168	55.546
7.1646485	1.3479356	6.6295447	55.596
6.977901	1.1707647	6.704962	55.646
7.253234	1.2246342	6.4511766	55.696
7.8266454	1.0534488	5.7736173	55.738
8.106767	0.4429273	5.4623713	55.794
8.839393	-0.053869538	5.197812	55.846
8.4108305	0.44651863	5.0266266	55.886
8.851364	-0.5398925	4.689044	55.946
8.7532015	0.090979666	4.223372	55.996
8.848969	-0.074220255	4.0521865	56.046
8.634688	0.21667525	3.833117	56.076
8.634688	0.2837129	3.5098996	56.167
9.03452	0.01316811	3.193865	56.216
9.733627	-0.079008654	2.9783869	56.246
9.263166	-0.062249243	2.6276364	56.296
9.382876	-0.12928689	2.7401638	56.349
9.662998	-0.320823	2.3690627	56.396
9.355343	-0.22505496	2.2026656	56.446
9.710882	-0.04189853	2.0973208	56.496
9.24521	-0.011971008	1.8411411	56.531
9.168595	-0.044292733	1.757344	56.591
9.338584	-0.22864626	1.3982137	56.646
9.9550905	-0.36750996	1.2330139	56.704
9.618706	-0.025139118	1.2916719	56.756
9.811439	0.16759412	0.9552865	56.796
9.768343	0.15442601	1.0690111	56.846
9.676167	0.005985504	0.6919243	56.896
9.797073	-0.029927522	0.4333505	56.946
9.765948	-0.021547815	0.2753332	57.036
9.622296	0.04309563	0.34476504	57.046
9.606734	0.023942016	0.29209262	57.076
9.572019	-0.19632454	0.5518635	57.15
9.68694	-0.005985504	-0.06703765	57.196
9.7324295	0.045489833	-0.1376666	57.246
9.579201	-0.17717093	-0.60812724	57.296
9.664195	-0.11611878	-0.5638345	57.356
9.566033	-0.33877954	-0.6943185	57.386
9.642648	-0.31004912	-0.5494693	57.449
9.895236	-0.47285482	-0.59376204	57.496
9.764751	-0.1436521	-1.3192052	57.546
9.877279	-0.25019407	-1.1456255	57.586
10.1382475	-0.19393034	-1.5023615	57.646
9.920375	-0.23702596	-0.9648633	57.696
9.640253	-0.1364695	-0.63087213	57.756
9.7240505	-0.11971009	-0.10654198	57.786
9.49301	-0.2777274	0.22864626	57.876
9.588778	-0.20949265	0.34596214	57.897
9.533711	-0.1448492	0.2801216	57.946
9.743204	0.022744916	0.61890113	58.008
9.698911	0.18794483	0.5374983	58.047
9.709685	0.22744916	0.7350199	58.069
9.841366	0.11372458	1.0115502	58.146
9.526528	-0.022744916	1.2150574	58.22
9.619903	0.035913024	1.4856021	58.246
9.495404	0.10654198	1.5741876	58.296
9.639056	0.025139118	1.6639702	58.346
9.464279	0.079008654	1.8914193	58.401
9.625888	0.07062895	1.958457	58.45
9.582792	0.108936176	2.0721815	58.496
9.445126	0.074220255	2.2062569	58.546
9.653421	0.022744916	2.445677	58.596
9.324219	0.08738836	2.6204538	58.662
9.190144	0.2717419	2.9604304	58.706
9.020155	0.20470424	3.2632968	58.737
9.124303	0.31004912	3.690662	58.796
8.8884735	0.29209262	3.8750155	58.836
8.632295	0.40940848	4.301183	58.896
8.463503	0.36272156	4.6232033	58.946
8.367735	0.32561144	4.751293	58.996
8.169016	0.51355624	5.0062757	59.056
8.359355	0.5386954	5.076905	59.075
8.078036	0.62847793	5.021838	59.147
8.226477	0.7038953	5.3462524	59.196
8.371326	0.62249243	5.221754	59.236
7.8170686	0.878672	5.535394	59.296
8.087613	0.770933	5.7963624	59.346
7.7368627	0.7290344	5.710171	59.396
7.714118	0.9528923	5.7616463	59.436
7.831434	0.8834604	5.768829	59.496
7.789535	1.0187328	5.813122	59.546
7.6255326	1.186327	5.876568	59.596
7.890092	1.1348516	5.8705826	59.66
7.824251	1.1480197	5.99149	59.723
7.57286	1.1073183	6.114791	59.746
7.632715	1.2473791	6.1088057	59.787
7.3202715	1.2174516	6.2740054	59.865
7.4735007	1.2916719	6.367379	59.896
7.1670427	1.2557588	6.4164605	59.946
7.1167645	1.3515269	6.528988	59.996
7.067683	1.5143325	6.646304	60.066
6.9886746	1.5143325	6.646304	60.066
6.977901	1.4748282	6.7708025	60.146
6.88333	1.4281414	6.7241154	60.196
6.8522053	1.4915876	6.83784	60.246
6.83784	1.6256629	6.8988924	60.291
6.951565	1.7118542	6.992266	60.336
6.205771	2.0602105	5.1140146	60.398
6.0501475	1.364695	7.1730285	60.446
7.2580223	3.039439	6.2943563	60.498
6.567295	2.042254	7.823054	60.536
5.8634	2.5115175	6.757634	60.598
5.8622026	2.2936451	7.65546	60.651
4.6806645	2.5570073	9.291897	60.696
