0.0	0.0	0.0	0.0
0.0	0.0	0.0	0.0
4.5537715	-7.8302364	3.4105403	0.107
4.426879	-7.837419	3.5110967	0.133
4.406528	-7.867347	3.465607	0.192
4.5178585	-7.8529816	3.4225113	0.242
4.6399627	-7.854179	3.4955344	0.292
4.510676	-7.8446016	3.5458126	0.342
4.5681367	-7.8469963	3.6020765	0.392
4.554969	-7.896077	3.503914	0.439
4.4328647	-7.9068513	3.4213142	0.502
4.4184995	-7.965509	3.4991257	0.547
4.5118732	-7.9272017	3.5541923	0.584
4.4196963	-7.8829093	3.4237084	0.648
4.4999022	-7.773973	3.6631286	0.733
4.122815	-7.7667904	3.6631286	0.744
4.176685	-7.902063	3.857059	0.792
4.2413282	-7.8290396	3.809175	0.853
4.237737	-7.8410106	3.7684734	0.898
4.2305546	-7.839813	3.764882	0.92
4.3538556	-7.7919292	3.7708676	0.998
4.2305546	-7.8170686	3.6978445	1.043
4.177882	-7.823054	3.7924154	1.093
4.369418	-7.9391727	3.7960067	1.152
4.1455603	-7.929596	3.7349546	1.192
4.295198	-7.8529816	3.5877113	1.253
4.31914	-7.8266454	3.6727054	1.302
4.63278	-7.854179	3.6523547	1.347
4.5561657	-7.811083	3.3913867	1.392
4.607641	-7.905654	3.3051953	1.442
4.6962266	-8.009802	2.930503	1.498
4.759673	-8.034941	2.7509377	1.542
4.662708	-7.9750857	3.0011318	1.592
4.309563	-7.20535	3.1172507	1.642
4.7141833	-7.893683	3.028665	1.693
4.8362875	-7.941567	3.0478187	1.733
5.035006	-7.836222	3.1160536	1.793
4.757279	-7.8876977	2.8933928	1.842
5.366603	-8.128315	2.7257986	1.892
5.0625396	-7.929596	2.9005754	1.912
5.0014873	-7.6650367	2.9700072	1.987
5.1343656	-7.7667904	2.8574798	2.05
5.8346696	-8.171411	2.4971523	2.094
5.48751	-7.728483	2.4648306	2.153
5.3821654	-7.6865845	2.585738	2.253
5.2852	-7.7069354	2.585738	2.253
5.390545	-7.7560163	2.6312277	2.298
5.2875943	-7.7799582	2.5845408	2.344
5.386954	-7.735666	2.6635494	2.403
5.183447	-7.7105265	2.5917234	2.447
5.3678	-7.6710224	2.765303	2.495
5.1918263	-7.771579	2.7042508	2.544
5.1846437	-7.7213006	2.8814218	2.599
5.1547165	-7.669825	3.0119057	2.657
5.171476	-7.680599	3.028665	2.684
5.1367598	-7.608773	3.2489316	2.744
5.1690817	-7.5668745	3.347094	2.784
4.8458643	-7.7189064	3.1316159	2.847
5.0182467	-7.880515	2.980781	2.893
4.8722005	-7.8589673	2.9831753	2.922
5.031415	-7.813477	3.0011318	2.998
4.6926355	-7.839813	2.9652188	3.05
4.8398786	-7.9343843	2.955642	3.095
4.796783	-7.764396	3.064578	3.152
4.8147397	-7.961918	2.9592333	3.193
4.710592	-7.85777	3.1483753	3.252
4.643554	-7.848193	3.1890767	3.282
4.5920787	-7.892486	3.145981	3.348
4.596867	-7.821857	3.2202013	3.393
4.629189	-7.869741	3.2345665	3.483
4.519056	-7.872135	3.2728736	3.496
4.5513773	-7.9104424	3.1890767	3.543
4.5801077	-7.9008656	3.2513258	3.592
4.56694	-7.881712	3.1962593	3.645
4.5633483	-7.9032598	3.2190042	3.692
4.6471453	-7.880515	3.1854854	3.742
4.710592	-7.8517847	3.3123782	3.792
4.557363	-7.9032598	3.1902738	3.842
4.675876	-7.896077	3.1854854	3.893
4.6112323	-7.8733325	3.1723173	3.923
4.7764325	-7.797915	3.2190042	3.994
4.787206	-7.8170686	3.2728736	4.053
4.7680526	-7.797915	3.228581	4.098
4.7979803	-7.777564	3.2190042	4.145
4.5501804	-7.6865845	3.21661	4.193
5.069722	-7.7584105	3.2106245	4.253
4.9787426	-7.7344685	2.8802247	4.296
4.865018	-7.9224133	2.7617116	4.353
4.9823337	-7.837419	2.80361	4.393
5.106832	-7.714118	2.896984	4.451
4.985925	-7.765593	2.6252422	4.495
5.064934	-7.7931266	2.694674	4.546
5.16549	-7.6363063	2.731784	4.592
5.494693	-7.577648	2.6563668	4.642
5.0960584	-7.5764513	2.8658595	4.692
5.506664	-7.574057	2.348712	4.77
6.105214	-7.4986396	2.1284454	4.804
5.8598084	-7.428011	2.1021092	4.841
6.0561333	-7.439982	1.9668367	4.902
6.045359	-7.27957	2.018312	4.923
5.957971	-7.2927384	2.086547	4.994
6.220136	-7.2364745	2.1978772	5.042
6.1866174	-7.469909	2.0901382	5.096
5.5365915	-7.6255326	2.054225	5.15
5.6443305	-7.53575	2.4145525	5.193
6.0106435	-7.299921	2.542642	5.254
6.087258	-7.430405	2.4672248	5.292
5.805939	-7.3753386	2.4708161	5.342
5.6658783	-7.32506	2.5198972	5.392
5.875371	-7.297527	2.6396074	5.442
5.8574142	-7.3047094	2.7126305	5.492
5.603629	-7.406463	2.8275523	5.542
5.42167	-7.357382	2.9951463	5.615
5.5282116	-7.9463553	2.9879637	5.663
5.7377043	-7.8446016	3.0023289	5.688
5.3642087	-7.157466	3.181894	5.742
5.553351	-7.657854	3.064578	5.796
5.067328	-7.4866686	2.9867666	5.846
5.315128	-7.5788455	3.1974564	5.895
5.1906295	-7.550115	3.1555579	5.922
5.1918263	-7.4363904	3.3207579	5.998
5.21936	-7.5584946	3.309984	6.043
5.100847	-7.393295	3.4105403	6.092
4.9021277	-7.5213847	3.5218706	6.142
5.106832	-7.6111674	3.5577838	6.203
4.927267	-7.539341	3.466804	6.242
4.6399627	-7.53575	3.4680011	6.294
4.662708	-7.726089	3.3758245	6.353
4.6926355	-7.6255326	3.4093432	6.392
5.2624555	-7.3909006	3.7972038	6.454
5.2145715	-7.3609734	3.8965633	6.485
5.1247888	-7.41604	3.6715083	6.543
4.9823337	-7.3789296	3.6415808	6.592
4.9188876	-7.4986396	3.7086184	6.643
5.0661306	-7.439982	3.7217865	6.693
4.855441	-7.479486	3.5781345	6.752
4.8638206	-7.3442135	3.477578	6.793
5.631162	-7.5046253	3.359065	6.853
5.2121773	-7.4268136	3.168726	6.903
5.1319714	-7.502231	3.0897174	6.922
5.565322	-7.563283	2.7868507	6.993
5.662287	-7.487866	2.7688942	7.042
5.4539914	-7.5549035	2.5821466	7.092
5.448006	-7.5441294	2.6252422	7.142
5.4312468	-7.60997	2.6755204	7.192
5.5042696	-7.608773	2.6443958	7.232
5.4420204	-7.607576	2.7377696	7.303
5.5509567	-7.513005	2.9221232	7.342
5.509058	-7.539341	2.9005754	7.393
5.4324436	-7.489063	2.9281087	7.432
5.579687	-7.487866	2.8993783	7.493
5.5246205	-7.4735007	2.919729	7.533
5.5018754	-7.4962454	2.991555	7.592
5.3558292	-7.5465236	3.0131028	7.636
5.4025164	-7.5429325	3.0657754	7.684
5.2361193	-7.4591355	3.2441432	7.742
5.4144874	-7.356185	3.3973722	7.782
4.8722005	-7.6865845	3.345897	7.843
5.4312468	-7.3346367	3.6499605	7.894
5.1762643	-7.4136457	3.5637693	7.922
5.1762643	-7.4136457	3.5637693	7.922
4.6722846	-7.229292	3.5003228	8.042
5.2049947	-7.6123643	3.70383	8.099
4.4544125	-7.422025	3.6750996	8.163
4.1395745	-7.6147585	3.6332011	8.178
4.542998	-7.667431	3.976769	8.242
4.820725	-7.40766	3.9875429	8.302
4.7979803	-7.5944076	3.846285	8.342
4.4424415	-7.2699933	3.6762967	8.392
4.525041	-7.669825	3.608062	8.453
4.817134	-7.571663	3.4919431	8.533
4.617218	-7.571663	3.4919431	8.533
4.88896	-7.49026	3.4967315	8.592
5.2241483	-7.6147585	3.3327289	8.642
4.8722005	-7.6530657	3.1854854	8.692
4.927267	-7.7129207	3.1064768	8.742
5.2169657	-7.6985555	3.1423898	8.792
5.057751	-7.6722193	3.028665	8.862
5.2361193	-7.6961613	2.8898015	8.892
5.3845596	-7.5704656	2.7820623	8.924
6.1650696	-7.651869	2.980781	8.993
5.6203885	-7.831434	2.256535	9.053
4.9428296	-7.5764513	2.2948422	9.092
5.8334723	-7.5213847	2.5761611	9.148
5.645528	-7.560889	2.432509	9.194
5.237316	-7.6111674	2.3989902	9.243
5.6227827	-7.6770077	2.7377696	9.292
5.577293	-7.6470804	2.586935	9.374
5.177461	-7.7691846	2.6168625	9.404
5.4863133	-7.667431	2.7473464	9.442
5.5126495	-7.565677	2.8167782	9.508
5.494693	-7.6267295	2.846706	9.553
5.3845596	-7.6889787	2.789245	9.592
5.2624555	-7.6003933	2.846706	9.642
5.4911017	-7.3166804	3.1423898	9.692
5.556942	-7.369353	3.4524388	9.736
5.0900726	-7.668628	3.0681696	9.823
4.6950297	-7.5345526	3.2441432	9.844
5.0385976	-7.854179	3.277662	9.892
5.0014873	-7.727286	3.1783028	9.922
5.199009	-7.547721	3.5697548	9.992
4.76925	-7.477092	3.4715924	10.042
4.856638	-7.69257	3.4404678	10.092
4.691438	-7.773973	3.4368765	10.142
4.593276	-7.825448	3.6643257	10.193
4.5872903	-7.7093296	3.6367924	10.242
4.608838	-7.553706	3.7660792	10.297
4.6806645	-7.6171527	3.7732618	10.342
4.4328647	-7.5692687	3.8630445	10.392
4.0904937	-7.896077	3.6523547	10.442
4.4639893	-7.6770077	3.7098155	10.492
4.4819455	-7.7428484	3.572149	10.542
4.4927197	-7.7081323	3.5362358	10.611
4.4843397	-7.6375036	3.7110126	10.683
4.662708	-7.5704656	3.7433343	10.703
4.68665	-7.788338	3.3183637	10.742
4.4639893	-7.920019	3.3925838	10.802
4.739322	-7.759608	3.357868	10.873
5.09127	-7.7488337	3.3435028	10.901
4.751293	-7.621941	3.2357635	10.922
4.914099	-7.7464395	3.0753522	10.992
4.8626237	-7.726089	3.2106245	11.053
4.892551	-7.764396	3.2489316	11.104
4.9787426	-7.666234	3.323152	11.142
5.2241483	-7.595605	3.083732	11.203
5.1571107	-7.620744	2.9819782	11.244
5.5581393	-7.394492	3.064578	11.302
5.422867	-7.631518	2.8766334	11.352
5.2528787	-7.764396	2.6360161	11.392
5.175067	-7.678205	2.6623523	11.464
5.4911017	-7.7201033	2.5605986	11.513
5.7257333	-7.703344	2.4791958	11.544
5.6120086	-7.499837	2.610877	11.592
5.145139	-7.4806833	2.7162218	11.622
5.7628436	-7.855376	2.8275523	11.694
5.451597	-7.5429325	2.669535	11.742
5.2277393	-7.5225816	2.9496565	11.787
5.246893	-7.5692687	3.0777464	11.845
5.5258174	-7.5572977	3.1483753	11.893
5.378574	-7.4268136	3.132813	11.922
5.0385976	-7.6853876	2.9783869	11.998
5.088876	-7.607576	3.072958	12.032
5.1762643	-7.5764513	3.052607	12.092
5.1259856	-7.313089	3.4105403	12.142
5.6323595	-7.827842	3.2752678	12.192
4.6698904	-7.455544	3.2453403	12.242
4.7058034	-7.45315	3.6152446	12.292
5.0266266	-7.517793	3.6032736	12.383
4.6806645	-7.517793	3.6032736	12.383
5.0182467	-7.5285673	3.6044707	12.442
4.7536874	-7.356185	3.5996823	12.508
4.9763484	-7.5968018	3.6104562	12.553
5.0302176	-7.633912	3.3662477	12.6
4.853047	-7.6231384	3.2704794	12.642
5.12838	-7.5644803	3.4344823	12.688
5.103241	-7.3777328	3.572149	12.733
4.9200845	-7.489063	3.6942532	12.802
5.1223946	-7.5704656	3.5769374	12.842
4.8937483	-7.4735007	3.53863	12.887
5.1822495	-7.2340803	3.7588966	12.945
5.29358	-7.469909	3.657143	12.953
5.0781016	-7.529764	3.3063924	13.039
5.067328	-7.499837	3.4811692	13.092
5.321113	-7.5788455	3.4141316	13.152
5.2409077	-7.4507556	3.2513258	13.193
5.5461683	-7.309498	3.1519666	13.242
5.7017913	-7.5046253	2.9221232	13.303
5.6670756	-7.404069	2.72939	13.342
5.686229	-7.4830775	2.7868507	13.392
5.5018754	-7.4603324	2.8514943	13.442
5.459977	-7.394492	2.9293058	13.492
5.663484	-7.5644803	2.9735985	13.583
5.583278	-7.5644803	2.9735985	13.583
5.1235914	-7.4507556	2.8443117	13.642
5.365406	-7.6027875	3.0142999	13.692
5.565322	-7.369353	2.8658595	13.742
5.6670756	-7.326257	3.2261868	13.792
5.6551046	-7.2699933	3.3075895	13.842
5.317522	-7.4926543	3.2704794	13.892
5.116409	-7.3083005	3.4045548	13.942
5.130774	-7.2747817	3.4584243	13.954
5.1020436	-7.3849154	3.618836	14.049
4.981137	-7.285556	3.6774938	14.092
5.3462524	-7.4471645	3.5098996	14.147
5.2624555	-7.523779	3.2728736	14.196
5.2600613	-7.422025	3.515885	14.24
5.189432	-7.493851	3.3913867	14.292
5.29358	-7.431602	3.252523	14.332
5.17387	-7.513005	3.3842041	14.383
4.876989	-8.002619	3.0226796	14.442
4.9296613	-7.4603324	3.503914	14.493
4.722563	-7.6961613	3.4811692	14.573
4.560954	-7.6363063	3.5314474	14.597
4.735731	-7.428011	3.7469256	14.642
4.960786	-7.6243353	3.7900212	14.692
4.945224	-7.4615297	3.752911	14.742
4.6363716	-7.5692687	3.606865	14.801
4.507085	-7.644686	3.5218706	14.863
4.891354	-7.6470804	3.4392707	14.892
5.005079	-7.6746135	3.3650506	14.943
5.058948	-7.654263	3.3602622	14.956
4.784812	-7.741651	3.5206735	15.053
4.811148	-8.160637	3.1016884	15.092
4.43885	-7.61835	3.063381	15.152
4.6950297	-7.586028	3.1184478	15.182
5.5222263	-7.6375036	3.2477345	15.243
5.7808	-7.5465236	3.2680852	15.294
5.245696	-7.429208	3.1830912	15.342
5.2923827	-7.690176	2.9604304	15.392
5.140351	-7.5932107	2.908955	15.452
5.5006785	-7.524976	2.9029696	15.492
5.282806	-7.5812397	3.107674	15.542
5.6826377	-7.586028	2.8072014	15.603
5.2085857	-7.3322425	2.9125464	15.642
5.3438582	-7.6387005	3.145981	15.723
5.282806	-7.5668745	3.1603463	15.745
5.3378725	-7.643489	3.0238767	15.792
5.3342814	-7.395689	3.321955	15.858
5.4683566	-7.443573	3.3363202	15.906
5.5030727	-7.445967	3.2932243	15.943
5.5030727	-7.445967	3.2932243	15.953
5.1080294	-7.529764	3.0669725	16.063
5.257667	-7.5465236	3.2848446	16.131
5.279215	-7.7344685	3.21661	16.146
5.1379566	-7.405266	3.3506854	16.192
5.3127337	-7.57286	3.3243492	16.248
4.935647	-7.5668745	3.3291376	16.293
4.9176903	-7.823054	3.2800562	16.352
4.7860093	-7.7703815	3.3614593	16.392
4.594473	-7.6387005	3.4799721	16.437
5.0984526	-7.4016747	3.916914	16.492
4.701015	-7.4327993	3.942053	16.543
4.546589	-7.48188	3.8845923	16.596
4.534618	-7.5165963	4.010288	16.642
4.7058034	-7.538144	3.9803603	16.692
4.7141833	-7.457938	3.7193923	16.742
4.9045224	-7.5704656	3.6894648	16.792
5.0517654	-7.431602	3.6978445	16.842
4.996699	-7.380127	3.774459	16.892
4.80636	-7.4986396	3.7684734	16.953
4.8003745	-7.4986396	3.7684734	16.953
4.8003745	-7.4986396	3.7684734	16.953
4.867412	-7.302315	3.7074213	17.092
5.159505	-7.487866	3.5637693	17.142
5.269638	-7.2568254	3.5972881	17.202
5.3474493	-7.301118	3.5362358	17.242
5.2361193	-7.5046253	3.38181	17.292
5.175067	-7.4627266	3.2872388	17.342
5.2887917	-7.466318	3.264494	17.387
5.5880666	-7.357382	3.2225955	17.453
5.5725045	-7.3609734	3.1028855	17.492
5.6670756	-7.4363904	3.0561984	17.542
5.6227827	-7.5692687	2.8550856	17.613
5.509058	-7.359776	2.8419175	17.642
5.66109	-7.386112	2.8526914	17.692
5.4180784	-7.5644803	2.542642	17.743
5.45878	-7.5525093	2.621651	17.805
5.851429	-7.3657618	2.5761611	17.842
5.746084	-7.3753386	2.7329812	17.892
5.8143187	-7.3669586	2.694674	17.943
5.8143187	-7.3669586	2.694674	17.943
5.625177	-7.5046253	2.6048915	18.046
5.567716	-7.511808	2.6168625	18.092
5.7628436	-7.49026	2.7521348	18.142
5.5748987	-7.4375877	2.8095956	18.211
5.6120086	-7.4112515	2.883816	18.273
5.4767365	-7.5309615	2.8574798	18.292
5.4288526	-7.526173	2.790442	18.342
5.351041	-7.559692	2.7030537	18.392
5.5701103	-7.541735	2.7521348	18.449
5.4887075	-7.4711065	2.681506	18.492
5.7149596	-7.728483	2.6013002	18.542
5.494693	-7.6231384	2.585738	18.586
5.0876784	-7.7679873	2.8443117	18.655
4.88058	-7.6722193	2.9400797	18.692
5.209783	-7.6853876	3.229778	18.74
5.115212	-7.5944076	3.4476504	18.792
5.129577	-7.441179	3.6248214	18.842
4.691438	-7.477092	3.551798	18.903
4.583699	-7.5453267	3.7074213	18.942
4.8506527	-7.550115	3.6176388	18.997
4.747702	-7.5201874	3.6020765	19.057
4.7046065	-7.5932107	3.4129345	19.094
4.8877625	-7.6829934	3.442862	19.153
5.117606	-7.6841903	3.3602622	19.192
4.975151	-7.4926543	3.4009635	19.242
5.1200004	-7.57286	3.465607	19.307
5.1726727	-7.4351935	3.3291376	19.333
4.9057193	-7.4351935	3.4284968	19.392
5.3007627	-7.813477	3.4392707	19.462
4.876989	-7.431602	3.2561142	19.522
5.0146556	-7.3992805	3.2130187	19.542
5.571307	-7.466318	3.204639	19.592
5.6646814	-7.4806833	2.9963434	19.642
5.457583	-7.477092	2.9352913	19.713
5.4288526	-7.526173	2.9041667	19.736
5.3282957	-7.6530657	2.755726	19.782
5.6467247	-7.441179	2.72939	19.852
5.3941364	-7.505822	2.707842	19.892
5.6946087	-7.417237	2.870648	19.94
5.770026	-7.4387846	2.837129	19.953
5.445612	-7.6267295	2.6551697	20.042
5.619191	-7.465121	2.6731262	20.092
6.0321913	-7.2843585	2.8395233	20.142
5.6108117	-7.445967	2.802413	20.192
5.567716	-7.265205	2.8538885	20.242
5.5581393	-7.5441294	2.8862102	20.292
5.403713	-7.4483614	2.8933928	20.373
5.469554	-7.5070195	2.8443117	20.392
5.770026	-7.493851	2.5917234	20.452
5.6910176	-7.345411	2.7928362	20.494
5.5701103	-7.4735007	2.7126305	20.542
5.6886234	-7.4148426	2.8742392	20.592
5.4683566	-7.475895	2.9520507	20.642
5.6000376	-7.326257	3.1256304	20.692
5.6586957	-7.632715	2.9831753	20.752
4.924873	-7.7847466	2.6132712	20.797
5.0026846	-7.654263	2.6779146	20.833
5.1798553	-7.693767	3.1244333	20.892
5.1247888	-7.5285673	3.156755	20.932
5.067328	-7.538144	3.2872388	20.953
4.935647	-7.4351935	3.7852328	21.043
4.832696	-7.431602	3.6942532	21.092
4.865018	-7.5788455	3.655946	21.142
4.8458643	-7.5082164	3.6858735	21.213
5.0302176	-7.419631	3.7457285	21.237
4.583699	-7.4603324	3.1268275	21.293
5.043386	-7.66384	3.192668	21.341
5.0397944	-7.6710224	3.3997664	21.413
4.969166	-7.6351094	3.1783028	21.451
4.7285485	-7.503428	3.0909145	21.513
5.422867	-8.031349	3.1399956	21.552
4.6842556	-7.5968018	3.0538042	21.603
4.9081135	-7.6051817	3.0669725	21.649
5.1319714	-7.6734166	3.0538042	21.703
5.305551	-7.489063	3.1352072	21.743
5.3965306	-7.6470804	2.9700072	21.802
5.1487308	-7.8062944	2.778471	21.844
5.011064	-7.5932107	2.7569232	21.903
5.398925	-7.4208283	2.9317	21.942
5.6790466	-7.356185	3.1316159	21.962
4.900931	-7.565677	2.8407204	22.043
5.397728	-7.595605	2.7210102	22.096
5.494693	-7.5704656	2.790442	22.142
5.378574	-7.632715	2.8574798	22.192
5.461174	-7.48188	2.9113493	22.242
5.306748	-7.5429325	3.016694	22.303
5.519832	-7.4842744	3.0992942	22.342
5.291186	-7.5824366	2.9388826	22.392
5.2863975	-7.6506715	2.9245174	22.442
5.614403	-7.4124484	3.1172507	22.523
5.6203885	-7.467515	3.0119057	22.546
5.067328	-7.6123643	2.9724014	22.592
5.2480903	-7.513005	3.1651347	22.639
5.3713913	-7.5549035	3.2142158	22.693
5.1966147	-7.5070195	3.2740707	22.742
5.3127337	-7.5812397	3.2872388	22.792
5.195418	-7.505822	3.2369606	22.827
5.409699	-7.4028716	3.357868	22.895
5.1666875	-7.4148426	3.4225113	22.943
5.145139	-7.40766	3.5338416	22.963
5.116409	-7.463924	3.6703112	23.043
4.8877625	-7.4112515	3.6272156	23.093
4.7620673	-7.5525093	3.6260185	23.153
4.8781857	-7.4723034	3.78643	23.192
4.8219223	-7.4950485	3.6619315	23.242
4.9823337	-7.41604	3.6116533	23.353
4.9943047	-7.41604	3.6116533	23.353
5.1846437	-7.394492	3.5697548	23.387
5.0984526	-7.3777328	3.6739025	23.442
4.9583917	-7.469909	3.693056	23.492
4.9907136	-7.5094137	3.642778	23.542
5.094861	-7.433996	3.526659	23.592
5.1786585	-7.36217	3.527856	23.652
5.207389	-7.40766	3.4751837	23.713
5.1547165	-7.439982	3.4476504	23.74
5.353435	-7.4375877	3.229778	23.792
5.4192758	-7.4974427	3.2010477	23.842
5.3606176	-7.5082164	2.9759927	23.892
5.269638	-7.550115	2.9221232	23.936
5.3881507	-7.536947	2.9963434	23.962
5.2863975	-7.645883	2.8107927	24.053
5.5748987	-7.2592196	3.028665	24.092
5.4384294	-7.562086	2.9652188	24.154
5.231331	-7.6051817	2.6803088	24.193
5.6108117	-7.6051817	2.8742392	24.237
5.463568	-7.4746976	2.9233203	24.292
5.1583076	-7.6255326	2.7712884	24.354
5.4085016	-7.7009497	2.7820623	24.392
5.395334	-7.5968018	2.801216	24.442
5.49589	-7.619547	2.7377696	24.496
5.291186	-7.7009497	2.730587	24.535
5.471948	-7.615956	2.7868507	24.592
5.270835	-7.4962454	2.991555	24.642
5.395334	-7.631518	3.1112652	24.683
5.3354783	-7.702147	2.979584	24.762
5.109226	-7.6255326	3.0178912	24.792
4.9823337	-7.687782	2.9700072	24.842
5.0745106	-7.5549035	3.5290532	24.897
4.961983	-7.5812397	3.669114	24.964
4.8518496	-7.5213847	3.594894	25.03
4.7644615	-7.5800424	3.596091	25.042
4.7560816	-7.5106106	3.834314	25.092
4.675876	-7.5812397	3.7732618	25.142
4.617218	-7.541735	3.7241807	25.197
4.691438	-7.6650367	3.5625722	25.252
5.0613422	-7.489063	3.5087025	25.292
4.7321396	-7.3442135	3.7792473	25.34
4.770447	-7.61835	3.8642416	25.403
4.7058034	-7.4723034	3.8163576	25.435
4.831499	-7.6973586	3.9683893	25.492
4.685453	-7.442376	3.7708676	25.542
4.495114	-7.4016747	3.6583402	25.592
4.831499	-7.762002	3.7134068	25.652
5.189432	-7.3226657	3.526659	25.703
5.145139	-7.2580223	3.5410242	25.742
5.1140146	-7.4471645	3.5673606	25.792
5.201403	-7.5070195	3.4919431	25.833
5.245696	-7.4471645	3.4596214	25.892
5.1702785	-7.7081323	3.1794999	25.942
5.3701944	-7.4842744	3.05141	26.013
5.368997	-7.4507556	3.1543608	26.038
5.5282116	-7.489063	2.871845	26.092
5.6335564	-7.475895	3.157952	26.155
5.681441	-7.3202715	3.180697	26.194
5.115212	-7.514202	2.7641058	26.242
5.744887	-7.463924	2.9388826	26.292
5.547365	-7.428011	2.9460652	26.353
5.3043537	-7.5812397	2.980781	26.398
5.3833623	-7.4806833	2.9867666	26.442
5.5820813	-7.52737	2.9257145	26.503
5.791574	-7.5405383	2.7856536	26.542
5.591658	-7.323863	2.96881	26.59
5.2624555	-7.5680714	3.0693667	26.643
5.5258174	-7.4004774	3.052607	26.692
5.7257333	-7.630321	3.2142158	26.752
5.2037973	-7.3430166	2.9987376	26.792
5.133168	-7.466318	2.930503	26.842
5.407305	-7.703344	3.0825348	26.892
5.357026	-7.4016747	3.2082303	26.942
5.261258	-7.5692687	2.991555	26.992
5.261258	-7.5692687	2.991555	26.992
5.395334	-7.406463	3.1627405	27.092
5.2037973	-7.4830775	3.4165258	27.142
4.8482585	-7.6243353	3.4213142	27.192
5.1140146	-7.4962454	3.6475663	27.242
4.667496	-7.6171527	3.5924997	27.292
5.0158525	-7.5525093	3.7014358	27.342
4.6040497	-7.6734166	3.5446155	27.392
4.673482	-7.599196	3.345897	27.435
5.056554	-7.574057	3.489549	27.483
4.6950297	-7.2484455	3.8762126	27.542
4.618415	-7.2484455	3.903746	27.594
4.6782703	-7.563283	3.693056	27.673
4.522647	-7.4950485	3.645172	27.695
4.5274353	-7.5944076	3.7553053	27.734
4.960786	-7.3849154	3.7074213	27.803
5.0254292	-7.2340803	3.3806129	27.845
4.8757915	-7.595605	3.6475663	27.892
5.0637364	-7.5572977	3.7205894	27.942
4.853047	-7.4866686	3.454833	27.974
4.853047	-7.896077	3.3925838	28.075
5.222951	-7.7560163	3.2980127	28.093
5.246893	-7.265205	3.3961751	28.142
5.035006	-7.6015906	3.1304188	28.192
5.377377	-7.559692	3.0382419	28.242
5.3115363	-7.3765354	3.3207579	28.294
5.3486466	-7.40766	3.5218706	28.357
5.3486466	-7.5285673	3.3087866	28.399
5.366603	-7.36217	3.2190042	28.44
5.48751	-7.442376	3.156755	28.492
5.544971	-7.386112	3.2034419	28.542
5.4204726	-7.4028716	2.9376855	28.592
5.647922	-7.430405	2.8766334	28.659
5.5377884	-7.428011	2.8562827	28.713
5.4743423	-7.4974427	2.834735	28.742
5.5521536	-7.5704656	2.529474	28.803
5.625177	-7.5932107	2.6384103	28.853
5.543774	-7.4208283	2.566584	28.892
5.5988407	-7.429208	2.956839	28.942
5.2636523	-7.515399	2.8526914	28.992
5.2636523	-7.515399	2.8526914	28.992
5.3833623	-7.5094137	2.7988217	29.093
5.121197	-7.6135616	2.9029696	29.155
5.407305	-7.657854	3.0214825	29.191
5.6335564	-7.2939353	3.144784	29.242
5.448006	-7.5309615	3.2010477	29.303
5.663484	-7.3298483	3.1866825	29.354
5.317522	-7.357382	3.2082303	29.384
5.21098	-7.5680714	3.4129345	29.442
5.2756233	-7.679402	3.4356794	29.486
5.1319714	-7.2304893	3.4261026	29.533
5.118803	-7.5572977	3.2573113	29.593
5.222951	-7.241263	3.728969	29.653
5.052963	-7.443573	3.5242648	29.693
5.0625396	-7.606379	3.3806129	29.724
4.973954	-7.406463	3.5470097	29.792
4.9308586	-7.1107793	3.8307228	29.852
5.2049947	-8.013393	3.8283286	29.892
4.6100354	-7.201759	3.560178	29.943
4.7668557	-7.369353	3.655946	29.985
4.7668557	-7.369353	3.655946	29.985
4.8865657	-7.398083	3.6846764	30.113
4.8745947	-7.711724	3.4512417	30.153
5.2277393	-7.4974427	3.2333694	30.192
5.088876	-7.715315	3.120842	30.252
4.569334	-7.9104424	2.8203697	30.292
5.282806	-7.833828	3.359065	30.373
5.73531	-7.9691005	3.359065	30.373
4.817134	-7.428011	3.2369606	30.446
5.1559134	-7.747637	3.2632968	30.492
5.470751	-7.5848308	3.122039	30.542
5.1463366	-7.351396	3.0310593	30.592
5.351041	-7.5944076	2.8742392	30.642
5.4623713	-7.487866	2.8072014	30.692
5.4180784	-7.405266	2.89459	30.742
5.723339	-7.4842744	2.8179753	30.863
5.189432	-7.4842744	2.8179753	30.863
5.6419363	-7.813477	2.6144683	30.892
5.5138464	-7.393295	2.7030537	30.942
5.291186	-7.5668745	2.6527755	30.992
5.5988407	-7.6027875	2.8263552	31.048
5.625177	-7.418434	2.9352913	31.092
5.3247046	-7.5046253	2.7820623	31.142
5.471948	-7.5309615	2.943671	31.213
5.6323595	-7.5345526	2.944868	31.229
5.5856724	-7.4447703	2.8670566	31.292
5.258864	-7.675811	2.6360161	31.354
5.8705826	-7.207744	2.9221232	31.393
5.595249	-7.3549876	3.0693667	31.442
5.5042696	-7.523779	2.9352913	31.492
5.6108117	-7.6530657	2.8886044	31.542
5.3713913	-7.667431	2.943671	31.592
5.734113	-7.27957	2.9747956	31.643
5.222951	-7.513005	2.942474	31.692
5.2361193	-7.4363904	3.2944214	31.742
5.397728	-7.369353	3.3854012	31.794
5.273229	-7.5189905	3.3746274	31.842
5.353435	-7.547721	3.4081461	31.892
5.374983	-7.371747	3.1052797	31.942
5.321113	-7.313089	3.3758245	31.993
5.321113	-7.313089	3.3758245	31.993
5.321113	-7.313089	3.3758245	31.993
4.9919105	-7.225701	4.0773253	32.142
4.5274353	-7.3286514	4.1695023	32.192
4.7740383	-7.2987237	4.0641575	32.242
4.8374844	-7.4483614	4.0581717	32.292
4.7201686	-7.369353	3.7565024	32.342
5.1690817	-7.394492	3.8402996	32.392
5.0721164	-7.2927384	3.8953662	32.433
5.199009	-7.553706	3.9743748	32.493
4.8757915	-7.2664022	3.7301662	32.542
4.509479	-7.285556	3.4644098	32.602
5.475539	-7.430405	4.0785227	32.642
4.999093	-7.5908165	4.2317514	32.69
4.56694	-7.07726	3.9923313	32.742
4.7524905	-7.4830775	3.9456444	32.815
4.770447	-7.4208283	3.904943	32.863
4.923676	-7.433996	3.881001	32.892
5.2528787	-7.37055	3.5793316	32.942
4.7860093	-7.451953	3.3782187	32.992
4.7860093	-7.5225816	3.4320881	33.084
4.9188876	-7.631518	3.465607	33.108
5.023035	-7.642292	3.3638535	33.142
5.243302	-7.606379	3.300407	33.192
5.379771	-7.5070195	3.3973722	33.242
5.159505	-7.548918	3.0095115	33.317
5.0278234	-7.7787614	3.0382419	33.363
5.189432	-7.6626425	3.0310593	33.402
5.139154	-7.4088573	3.1783028	33.452
5.1355624	-7.6003933	3.0334535	33.492
5.5629277	-7.7679873	2.7042508	33.538
5.4312468	-7.2424603	2.8981812	33.592
5.3498435	-7.654263	2.7700913	33.642
5.3438582	-7.6470804	2.682703	33.703
5.2636523	-7.678205	2.5761611	33.743
5.4025164	-7.668628	2.992752	33.792
5.6670756	-7.5106106	3.0801406	33.842
5.163096	-7.6363063	2.823961	33.903
5.6323595	-7.6255326	3.0107086	33.942
5.3366756	-7.386112	2.8862102	34.003
5.303157	-7.386112	2.8862102	34.003
5.746084	-7.881712	2.645593	34.093
5.255273	-7.5692687	2.7832594	34.153
5.1822495	-7.548918	3.0681696	34.206
5.234922	-7.631518	3.0238767	34.244
5.2145715	-7.5944076	2.8526914	34.292
5.363012	-7.6171527	3.110068	34.353
5.2085857	-7.5345526	3.2321723	34.396
5.2397103	-7.4591355	3.2249897	34.436
5.1642933	-7.5788455	3.2070332	34.492
5.2026005	-7.6003933	3.241749	34.554
5.139154	-7.553706	3.2740707	34.594
5.6156	-7.3992805	3.4739866	34.643
5.3079453	-7.428011	3.252523	34.692
5.1259856	-7.6171527	3.2513258	34.773
4.9284644	-7.5644803	3.3075895	34.791
4.961983	-7.291541	3.6224272	34.843
5.1020436	-7.8469963	3.7301662	34.892
4.763264	-7.309498	3.7098155	34.942
4.661511	-7.356185	3.7181952	35.0
4.6339774	-7.273585	4.200627	35.073
5.2516813	-7.77517	4.2413282	35.092
4.72376	-7.3406224	3.7086184	35.142
4.7165775	-7.338228	3.690662	35.192
5.1140146	-7.398083	3.6966474	35.242
4.88896	-7.3178773	3.8546648	35.292
5.2636523	-7.40766	3.7313633	35.342
5.1762643	-7.193379	3.5984852	35.389
5.207389	-7.451953	3.513491	35.453
5.085284	-7.392098	3.7110126	35.488
5.0302176	-7.457938	3.5853171	35.542
5.023035	-7.33344	3.5817258	35.592
5.321113	-7.491457	3.4201171	35.642
5.297171	-7.3897038	3.4320881	35.692
5.828684	-7.2699933	3.2980127	35.742
5.5497594	-7.1873937	3.2632968	35.792
5.4743423	-7.3633676	3.3662477	35.843
5.497087	-7.5704656	3.1627405	35.893
5.222951	-7.4723034	3.1280246	35.942
5.3845596	-7.477092	3.1316159	35.992
5.4432178	-7.5094137	3.084929	36.003
5.390545	-7.645883	3.0945058	36.083
5.2265425	-7.3633676	3.0119057	36.142
5.249287	-7.619547	2.80361	36.192
5.5701103	-7.356185	2.9137435	36.264
5.530606	-7.383718	2.7688942	36.292
5.3378725	-7.526173	2.80361	36.342
5.3043537	-7.6231384	2.80361	36.399
5.209783	-7.7201033	2.8287494	36.446
5.305551	-7.735666	2.834735	36.489
5.6527104	-7.394492	2.9652188	36.542
5.139154	-7.5764513	2.918532	36.592
5.49589	-7.5561004	3.0538042	36.642
5.366603	-7.487866	3.027468	36.693
5.601235	-7.541735	3.0490158	36.745
5.1786585	-7.5082164	3.064578	36.794
5.185841	-7.6530657	3.0801406	36.842
5.270835	-7.314286	2.919729	36.892
5.4922986	-7.7823524	3.0466216	36.942
5.327099	-7.386112	3.264494	36.992
5.374983	-7.4124484	3.2142158	37.006
5.475539	-7.4854717	3.3961751	37.112
5.1583076	-7.267599	3.4691982	37.143
5.00867	-7.5884223	3.465607	37.192
4.8961425	-7.645883	3.3758245	37.242
5.2181625	-7.4004774	3.4871547	37.293
4.9428296	-7.5165963	3.4608185	37.342
5.0385976	-7.4495587	3.58412	37.392
5.1966147	-7.2005615	3.8486793	37.442
5.032612	-7.6123643	3.8726213	37.492
4.8159366	-7.3106947	3.8283286	37.545
4.923676	-7.3059063	3.7241807	37.592
5.0625396	-7.606379	3.5242648	37.642
4.9559975	-7.309498	3.6032736	37.696
4.9057193	-7.693767	3.4931402	37.743
5.2121773	-7.371747	3.4823663	37.792
4.950012	-7.451953	3.632004	37.842
5.129577	-7.193379	3.7337575	37.893
5.5126495	-7.553706	4.021062	37.943
4.939238	-7.133524	3.7708676	37.992
5.069722	-7.3226657	3.5314474	38.048
5.459977	-7.620744	3.5410242	38.102
5.368997	-7.469909	3.2453403	38.143
5.5497594	-7.3909006	3.1064768	38.192
5.3582234	-7.369353	3.1483753	38.242
5.374983	-7.386112	3.371036	38.292
5.294777	-7.383718	3.4644098	38.352
5.2899885	-7.4256167	3.5446155	38.39
5.400122	-7.428011	3.3123782	38.433
5.415684	-7.477092	3.0346506	38.492
5.470751	-7.3059063	3.2680852	38.542
5.5030727	-7.4627266	3.3973722	38.592
4.914099	-7.382521	3.1376014	38.642
5.1702785	-7.538144	3.2501287	38.692
5.377377	-7.4256167	3.3985693	38.733
5.1367598	-7.538144	3.1986535	38.793
5.2540755	-7.7009497	3.016694	38.842
5.571307	-7.3418193	3.086126	38.892
5.3378725	-7.526173	3.1435869	38.942
5.1690817	-7.7548194	2.825158	38.992
5.1642933	-7.678205	2.9388826	39.012
5.221754	-7.517793	3.4739866	39.094
5.106832	-7.382521	3.265691	39.142
5.080496	-7.759608	3.027468	39.192
5.16549	-7.7428484	3.240552	39.243
4.8961425	-7.524976	3.359065	39.292
5.2061915	-7.5549035	3.2213984	39.342
5.21098	-7.4603324	3.3243492	39.391
4.783615	-7.788338	2.8682537	39.453
4.957195	-7.4723034	3.4356794	39.492
5.3282957	-7.69257	3.4955344	39.551
4.8039656	-7.3083005	3.2728736	39.593
5.046977	-7.7679873	3.1878796	39.643
5.3127337	-7.5800424	3.2968156	39.692
4.909311	-7.675811	3.2716765	39.752
5.3941364	-7.5764513	3.2106245	39.793
5.1379566	-7.4112515	3.2824504	39.824
5.093664	-7.52737	3.5051112	39.892
5.056554	-7.406463	3.681085	39.952
5.0661306	-7.4603324	3.630807	39.992
5.097255	-7.369353	3.4464533	40.012
5.481525	-7.7847466	3.5482068	40.098
5.1343656	-7.2687964	3.5182793	40.152
5.129577	-7.3873096	3.4979286	40.192
5.2887917	-7.489063	3.53863	40.242
5.2026005	-7.3897038	3.38181	40.295
5.2995653	-7.6602483	3.2836475	40.352
5.327099	-7.621941	3.1399956	40.392
5.485116	-7.2472486	3.2920272	40.448
5.2301335	-7.57286	3.2345665	40.493
5.116409	-7.289147	3.13401	40.546
5.353435	-7.6111674	3.3135753	40.592
5.183447	-7.1981673	3.2142158	40.652
5.291186	-7.418434	3.3075895	40.692
5.397728	-7.4687123	3.3662477	40.742
5.378574	-7.395689	3.4799721	40.792
5.079299	-7.8912888	3.2022448	40.842
5.42167	-7.3298483	3.265691	40.902
5.2157683	-7.37055	3.1471782	40.973
5.5737014	-7.4483614	3.0238767	40.991
5.5030727	-7.529764	3.525462	41.053
5.3965306	-7.4244194	3.6140475	41.092
4.999093	-7.2664022	3.5781345	41.123
5.4982843	-7.4124484	3.6044707	41.191
5.5389857	-7.3729444	3.6715083	41.242
5.2121773	-7.41604	3.4081461	41.303
5.291186	-7.49026	3.1136594	41.343
4.903325	-7.4016747	3.4045548	41.392
5.2744265	-7.2783732	3.301604	41.445
5.604826	-7.6111674	3.5529952	41.487
4.841076	-7.369353	3.6882677	41.542
4.795586	-7.2867527	3.5853171	41.592
5.145139	-7.691373	3.5063083	41.643
5.1223946	-7.3178773	3.7002387	41.692
4.995502	-7.5285673	3.5063083	41.742
5.130774	-7.608773	3.3494883	41.801
5.201403	-7.6051817	3.3255463	41.873
5.1642933	-7.7667904	3.1603463	41.902
5.1882353	-7.3657618	3.21661	41.942
4.799177	-7.703344	3.1962593	41.992
4.960786	-7.714118	3.0621839	42.022
5.2301335	-7.809886	3.3842041	42.092
5.2804117	-7.5106106	3.3782187	42.142
4.721366	-7.5525093	3.015497	42.197
5.397728	-7.631518	3.3303347	42.252
5.1367598	-7.513005	3.345897	42.292
4.923676	-7.8446016	3.2632968	42.342
5.2385135	-7.964312	2.7449522	42.387
5.064934	-7.4088573	3.0801406	42.442
5.3725886	-7.463924	3.2632968	42.492
5.291186	-7.4711065	3.1950622	42.542
5.1571107	-7.6985555	3.1184478	42.602
4.9787426	-7.603985	3.3411086	42.662
5.3761797	-7.5788455	3.0478187	42.703
4.933253	-7.445967	3.064578	42.744
5.6670756	-7.562086	3.405752	42.795
5.5377884	-7.5680714	3.4452562	42.853
4.7548847	-7.548918	3.0597897	42.904
5.103241	-7.668628	3.181894	42.942
5.2804117	-7.630321	3.1316159	42.992
5.425261	-7.451953	3.21661	43.013
5.2145715	-7.563283	3.1735144	43.106
5.0481744	-7.845799	2.9029696	43.142
5.3845596	-7.374141	2.8694508	43.192
5.3582234	-7.529764	3.1040826	43.242
5.3582234	-7.37055	3.0442274	43.294
5.4144874	-7.5812397	3.0131028	43.342
5.139154	-7.565677	3.3506854	43.403
5.199009	-7.410054	3.394978	43.442
5.0146556	-7.654263	3.2094274	43.503
5.1355624	-7.6135616	3.110068	43.555
5.374983	-7.4926543	3.252523	43.592
5.566519	-7.349002	3.083732	43.642
5.246893	-7.4735007	3.205836	43.682
5.3642087	-7.5046253	3.2130187	43.742
5.2504845	-7.463924	3.156755	43.792
5.2540755	-7.487866	3.333926	43.842
5.1475334	-7.2783732	3.1256304	43.943
5.3163247	-7.2783732	3.1256304	43.943
5.507861	-7.5812397	3.2273839	43.992
5.48751	-7.479486	3.2501287	44.022
5.133168	-7.4615297	3.1854854	44.092
5.57849	-7.5668745	2.9233203	44.142
5.2145715	-7.454347	3.1184478	44.192
5.1642933	-7.5441294	3.1854854	44.242
5.2899885	-7.559692	3.1591492	44.292
5.3318872	-7.563283	3.1364043	44.344
5.116409	-7.4603324	3.0777464	44.393
5.2121773	-7.788338	3.156755	44.437
5.305551	-7.3633676	3.193865	44.492
5.1762643	-7.5082164	3.0621839	44.532
5.1678843	-7.5908165	2.9903579	44.593
5.3857565	-7.514202	3.0011318	44.652
5.1343656	-7.5405383	3.0502129	44.692
5.092467	-7.715315	2.9293058	44.773
5.2325277	-7.679402	2.8694508	44.803
5.116409	-7.386112	3.039439	44.842
5.439626	-7.795521	3.157952	44.898
5.3235073	-7.41604	2.9580362	44.954
5.187038	-7.5944076	2.8431146	44.992
5.3282957	-7.728483	2.8874073	45.022
5.4180784	-7.4974427	3.0226796	45.092
5.4911017	-7.5106106	3.0442274	45.142
5.4192758	-7.6482773	3.1124623	45.193
5.6826377	-7.5405383	2.7126305	45.251
4.9823337	-7.3765354	3.2489316	45.292
4.987122	-7.4363904	3.5637693	45.342
5.0122614	-7.4232225	3.654749	45.392
4.757279	-7.524976	3.5470097	45.442
4.6244006	-7.61835	3.4129345	45.492
4.88896	-7.5453267	3.4344823	45.543
4.9775453	-7.4950485	3.3303347	45.593
5.0062757	-7.643489	3.5661635	45.642
4.8362875	-7.6291237	3.3626564	45.692
4.9895163	-7.654263	3.1064768	45.742
5.4432178	-7.776367	2.778471	45.792
5.843049	-7.547721	2.9293058	45.843
5.628768	-7.4603324	2.6013002	45.892
5.5258174	-7.547721	2.4301147	45.942
5.7855883	-7.608773	2.60968	46.006
5.825093	-7.608773	2.60968	46.006
5.559336	-7.4723034	2.6779146	46.067
4.959589	-7.103596	4.1922474	46.144
5.306748	-7.1383123	4.404134	46.194
4.098873	-7.8290396	3.383007	46.243
4.8518496	-7.2699933	3.4081461	46.292
5.6551046	-7.418434	3.5362358	46.352
5.139154	-7.2364745	3.5996823	46.413
4.759673	-7.5285673	3.5218706	46.431
5.2181625	-7.428011	3.3387144	46.492
5.094861	-7.893683	3.0550013	46.537
4.7417164	-8.212111	2.1380222	46.593
5.4049106	-7.8170686	2.0135236	46.641
6.218939	-7.5082164	2.0003555	46.692
5.7496753	-7.4926543	1.8914193	46.742
5.7496753	-7.53575	2.1667526	46.79
5.8382607	-7.630321	2.5462334	46.833
5.7125654	-7.6746135	2.6252422	46.902
5.187038	-7.6111674	2.693477	46.942
5.779603	-7.589619	3.1399956	46.992
5.279215	-7.5668745	3.1483753	47.042
5.2037973	-7.5345526	3.3267434	47.071
4.5777135	-6.930017	4.52145	47.152
5.321113	-7.2364745	3.9707835	47.19
4.4017396	-7.4926543	3.3399115	47.233
4.938041	-7.326257	3.2597055	47.303
5.433641	-7.417237	3.3075895	47.342
5.2995653	-7.548918	3.2357635	47.392
4.9823337	-7.6051817	3.1184478	47.442
5.031415	-7.678205	3.0789435	47.492
4.995502	-7.7452426	2.9029696	47.542
5.1559134	-8.002619	2.6420016	47.592
5.5282116	-7.7823524	2.1691468	47.663
5.3342814	-7.9212165	1.8459295	47.696
5.2899885	-7.9595237	1.496376	47.742
5.571307	-7.884106	1.4652514	47.792
5.6802435	-7.8996687	1.8674773	47.853
5.5844755	-7.773973	2.255338	47.902
5.499481	-7.7332716	2.5438392	47.942
5.4899044	-7.72968	2.542642	47.992
5.461174	-7.813477	2.6623523	48.033
5.614403	-7.607576	2.919729	48.072
5.213374	-7.466318	2.991555	48.143
5.2157683	-7.3885064	3.2142158	48.202
5.0625396	-7.053318	4.021062	48.233
4.9667716	-7.831434	3.0382419	48.302
4.015076	-7.285556	3.122039	48.345
5.2157683	-7.807492	3.241749	48.392
5.3462524	-7.3178773	3.502717	48.443
5.0134583	-7.394492	3.4799721	48.483
5.068525	-7.4088573	3.5673606	48.562
5.159505	-7.4591355	3.558981	48.582
4.6782703	-7.7189064	3.2992098	48.642
4.9021277	-7.6590514	2.9951463	48.692
5.121197	-7.5884223	3.063381	48.742
5.415684	-7.69257	2.8754363	48.809
5.3678	-7.7907324	2.742558	48.883
5.400122	-7.7907324	2.742558	48.883
5.257667	-8.031349	2.2361844	48.953
5.3342814	-7.7069354	2.0266917	48.995
5.5030727	-7.599196	2.3199813	49.044
5.391742	-8.078036	2.0087352	49.079
5.531803	-7.454347	2.5115175	49.144
5.8574142	-7.5453267	2.6862943	49.194
5.6323595	-7.645883	2.6683378	49.244
5.4025164	-7.550115	2.4875755	49.294
5.2504845	-7.5644803	2.742558	49.337
5.559336	-7.466318	3.1663318	49.394
5.7005944	-7.445967	3.1495724	49.444
5.351041	-7.3873096	3.0298622	49.494
5.425261	-7.157466	3.347094	49.537
5.2265425	-7.0593038	4.050989	49.593
5.2480903	-7.255628	4.0318356	49.644
4.1240125	-7.72968	3.5098996	49.71
4.794389	-7.4088573	3.8163576	49.744
5.401319	-7.4950485	3.526659	49.794
5.237316	-7.2245035	3.4021606	49.844
5.058948	-7.4986396	3.4249055	49.894
5.058948	-7.6470804	3.241749	49.938
4.9919105	-7.5812397	3.2728736	49.994
4.9703627	-7.5788455	3.3650506	50.044
5.0002904	-7.60997	3.3411086	50.074
4.8219223	-7.5848308	3.359065	50.145
4.685453	-7.800309	2.9903579	50.204
4.938041	-7.8170686	2.8981812	50.224
5.723339	-7.747637	2.4887726	50.294
5.342661	-7.7823524	2.3068132	50.344
5.3378725	-7.7727757	2.0470424	50.394
5.483919	-7.8876977	1.7956513	50.444
5.4324436	-7.73806	2.2589293	50.494
5.392939	-7.715315	2.5893292	50.574
5.6096144	-7.6973586	2.4791958	50.597
5.1810527	-7.8062944	2.4839842	50.644
5.4779334	-7.675811	2.730587	50.694
5.269638	-7.5680714	2.7365725	50.744
5.741296	-7.6410947	2.731784	50.794
5.3199162	-7.6722193	2.336741	50.854
5.401319	-7.6626425	2.6839	50.894
5.141548	-7.693767	3.0262709	50.964
5.2061915	-7.443573	3.204639	51.024
5.321113	-7.6530657	3.2752678	51.04
5.231331	-7.6231384	3.6367924	51.074
4.7500963	-7.40766	3.477578	51.149
4.865018	-7.6949644	3.1268275	51.205
5.129577	-7.381324	3.0777464	51.229
5.3318872	-7.513005	3.2872388	51.294
5.234922	-7.4351935	3.2908301	51.348
4.9081135	-7.443573	3.181894	51.415
5.2385135	-7.311892	3.3925838	51.436
5.4779334	-7.4950485	3.2609026	51.494
4.9548006	-7.751228	3.052607	51.538
5.3558292	-7.4591355	3.0119057	51.584
5.33907	-7.704541	2.918532	51.644
5.354632	-7.642292	2.8263552	51.689
5.4683566	-7.6410947	2.6563668	51.755
5.3486466	-7.7009497	2.2481554	51.795
5.5150437	-7.715315	2.2218192	51.855
5.7017913	-7.6470804	2.2110453	51.904
5.5725045	-7.656657	2.0817583	51.944
5.6886234	-7.7488337	2.4480712	51.994
5.4671597	-7.7907324	2.4899697	52.044
5.341464	-7.687782	2.3307555	52.079
5.616797	-7.5082164	2.7509377	52.147
5.6347537	-7.785944	2.6874914	52.19
4.808754	-8.094796	2.5258827	52.244
5.0996494	-7.7464395	2.7964275	52.294
5.3845596	-7.667431	2.8886044	52.344
4.8015714	-7.8853035	2.730587	52.394
4.950012	-7.7009497	2.7257986	52.456
4.745308	-7.979874	2.7341783	52.494
4.5501804	-7.8876977	2.7509377	52.544
4.722563	-7.4711065	3.2620997	52.594
4.981137	-8.23366	3.181894	52.651
3.8067808	-8.420407	2.815581	52.684
3.9109285	-8.3390045	2.7521348	52.736
3.8965633	-8.294712	2.7700913	52.794
4.131195	-8.025364	2.5318682	52.845
4.7405195	-8.409634	2.27928	52.894
4.8458643	-8.14268	2.1511903	52.944
4.074931	-8.556877	1.7226281	52.995
3.5565867	-8.584411	1.7118542	53.044
3.716998	-8.64666	1.5729905	53.074
4.023456	-8.857349	1.2401965	53.138
3.882198	-8.796297	1.1719618	53.194
3.8786068	-8.789114	0.81761986	53.244
4.1419687	-8.90643	0.7134721	53.294
4.1024647	-8.805874	0.521936	53.344
4.4939165	-9.015367	0.34715924	53.394
4.253299	-8.905233	0.38067806	53.436
3.726575	-8.993818	0.59017074	53.524
3.9252937	-8.825027	0.61890113	53.544
3.833117	-8.637083	0.50517654	53.594
4.285621	-9.178172	0.48482585	53.644
4.343082	-8.969876	0.7733272	53.694
4.4340615	-8.327033	1.3587095	53.744
3.9384618	-8.678981	1.5454572	53.794
3.3985693	-8.774749	2.0003555	53.844
3.276465	-8.710106	1.9405005	53.944
3.8774097	-8.710106	1.9405005	53.944
4.819528	-7.8517847	2.3558946	53.994
4.4304705	-7.9810715	2.7617116	54.044
3.8774097	-8.212111	2.7246015	54.094
3.490746	-8.641871	2.7581203	54.145
3.5781345	-8.552089	2.6803088	54.194
3.8235402	-8.395268	2.753332	54.244
3.8666358	-8.6095495	2.3906105	54.327
4.1419687	-8.255207	2.1272483	54.344
4.3502645	-8.378509	1.8471266	54.394
4.3885717	-8.579621	1.6603789	54.437
4.0557775	-8.456321	1.6579847	54.485
4.3047748	-8.804677	1.1228806	54.544
4.4208937	-8.7771435	0.7781156	54.595
4.6220064	-8.491036	0.82599956	54.644
4.6351743	-8.688558	0.6679823	54.701
4.274847	-8.931569	0.38307226	54.747
4.140772	-8.740033	0.29568392	54.794
4.1838675	-8.893262	0.47644615	54.844
4.2916064	-8.684967	0.46208093	54.904
4.3382936	-8.810662	0.44771573	54.944
4.1156325	-8.7771435	0.5781997	54.994
4.1623197	-8.866926	0.6572084	55.044
4.6459484	-8.684967	0.6536171	55.084
4.6459484	-8.604761	1.6136919	55.195
4.4400473	-8.495825	1.8375498	55.195
4.2401314	-8.440758	1.8231846	55.244
4.033033	-8.383297	1.9488802	55.294
4.4077253	-8.3629465	2.0901382	55.344
3.787627	-8.507795	2.1523874	55.394
3.834314	-8.438364	2.4504654	55.444
4.0066967	-8.335413	2.9855695	55.494
3.7469256	-8.449138	2.9388826	55.544
3.5913026	-8.259995	2.730587	55.592
3.7110126	-8.388085	2.6420016	55.655
4.10845	-8.331821	2.6276364	55.705
3.9564183	-8.571242	2.1906946	55.756
4.027047	-8.752005	1.8447324	55.794
4.2173862	-8.517372	2.0326772	55.835
4.1060557	-8.554482	1.7429788	55.894
4.1096473	-8.542512	1.6364368	55.944
4.1264067	-8.664616	1.3814543	55.995
4.2341456	-8.734048	1.0761937	56.044
4.322731	-8.634688	0.8846575	56.094
4.322731	-8.634688	0.8846575	56.094
4.249708	-8.661025	0.48602295	56.194
4.5801077	-8.851364	0.5482722	56.244
4.110844	-8.980651	0.5243302	56.294
4.119224	-8.789114	0.4321534	56.344
3.9564183	-8.998607	0.4297592	56.401
3.8977604	-8.844181	0.6464345	56.446
3.977966	-8.883685	0.7038953	56.489
4.3299136	-8.896853	0.7649474	56.547
4.179079	-8.791509	0.93732995	56.594
4.392163	-8.579621	1.0606314	56.644
4.292804	-8.374918	1.4975731	56.694
4.095282	-8.674192	1.8183962	56.744
4.2401314	-8.422802	1.9800048	56.79
4.1635165	-8.319851	2.3223755	56.845
4.009091	-8.319851	2.4408886	56.891
3.763685	-8.389283	2.6719291	56.944
4.0521865	-8.356961	3.0621839	56.994
3.6355953	-8.51019	2.8790276	57.044
3.867833	-8.309077	2.634819	57.094
3.867833	-8.309077	2.634819	57.094
4.175488	-8.3629465	2.3942018	57.194
4.1120415	-8.503007	2.160767	57.249
4.0797195	-8.508993	1.9895816	57.294
4.253299	-8.814254	1.5562311	57.345
4.285621	-8.494628	1.5801731	57.394
4.3622355	-8.497022	1.447295	57.444
4.1982327	-8.619126	1.2988545	57.485
4.4196963	-8.503007	1.0426749	57.54
4.3382936	-8.714894	0.8690952	57.594
4.344279	-8.732851	0.6368576	57.654
4.4400473	-8.616732	0.81043726	57.715
4.486734	-8.639477	0.7457938	57.733
4.3514614	-8.826224	0.78649527	57.794
4.0797195	-8.851364	0.7230489	57.844
4.0414124	-8.763975	0.51714754	57.894
4.3526587	-8.746018	1.0690111	57.944
4.453215	-8.503007	1.1803415	58.005
4.3993454	-8.567651	1.1827357	58.044
4.3837833	-8.552089	1.3634979	58.084
4.3287168	-8.704121	1.1947067	58.174
4.4304705	-8.671799	1.1647792	58.192
4.285621	-8.480263	1.6256629	58.244
4.0282445	-8.591593	1.5622166	58.294
3.8283286	-8.558074	1.8195933	58.344
4.143166	-8.577228	2.0530279	58.394
4.033033	-8.584411	2.2182279	58.444
3.977966	-8.356961	2.2864625	58.49
4.143166	-8.526949	2.2397757	58.544
4.0318356	-8.440758	1.9800048	58.604
4.226963	-8.459911	1.9261353	58.644
4.059369	-8.4647	1.8423382	58.694
4.272453	-8.414422	1.8471266	58.744
4.128801	-8.668207	1.757344	58.784
4.0880995	-8.492233	1.7070658	58.844
4.248511	-8.591593	1.7633295	58.894
4.2066126	-8.628703	1.5107412	58.945
4.2102036	-8.771158	1.1168951	58.994
4.104859	-8.380903	1.1480197	59.057
4.5082817	-8.627506	0.9995792	59.094
4.5082817	-8.627506	0.9995792	59.094
4.459201	-8.75799	0.7697359	59.214
4.370615	-8.993818	0.6943185	59.244
4.050989	-8.836999	0.4333505	59.294
4.382586	-8.520964	0.59855044	59.341
4.631583	-8.747216	0.32202014	59.402
4.3119574	-8.698134	0.21428105	59.444
4.373009	-8.676587	0.4261679	59.494
4.247314	-8.77834	0.6799533	59.574
4.248511	-8.635885	0.7422025	59.594
4.4340615	-8.643068	0.9540894	59.644
4.214992	-8.584411	1.0630256	59.694
4.0976763	-8.693346	1.1061212	59.734
4.4460325	-8.404845	1.5310919	59.786
4.225766	-8.710106	1.7609353	59.849
3.8654387	-8.694544	1.5801731	59.886
3.9839516	-8.862138	1.5981296	59.944
4.0773253	-8.632295	1.8004397	59.994
3.7696705	-8.499416	1.9153614	60.044
4.024653	-8.487445	2.018312	60.094
4.024653	-8.487445	2.018312	60.094
3.8630445	-8.511387	1.9644425	60.194
3.9121256	-8.497022	1.8770541	60.235
3.9109285	-8.67539	1.7968484	60.294
3.727772	-8.597578	1.8195933	60.344
4.0462008	-8.784326	1.5131354	60.384
3.8187518	-8.554482	1.271321	60.455
4.31076	-8.77834	1.8698715	60.495
4.084508	-8.566454	1.3922282	60.544
3.8271315	-8.690952	1.2689269	60.595
3.9875429	-8.854955	1.316811	60.649
3.9193082	-8.6334915	0.9828198	60.694
4.1036615	-8.74961	1.1647792	60.734
4.5202527	-8.772355	1.1959038	60.794
4.1012673	-8.693346	0.2669535	60.844
4.1455603	-8.641871	0.8355764	60.889
4.167108	-8.695741	1.1180922	60.945
