0.0	0.0	0.0	0.0
0.0	0.0	0.0	0.0
0.0	0.0	0.0	0.0
0.0	0.0	0.0	0.0
3.618836	-8.6574335	2.2996306	0.204
3.5805287	-8.724471	2.4109612	0.254
3.4380736	-8.682572	2.6036944	0.304
3.321955	-8.694544	2.480393	0.344
3.502717	-8.724471	2.468422	0.398
3.5362358	-8.686164	2.4744074	0.447
3.6870706	-8.670602	2.4133554	0.504
3.6894648	-8.670602	2.3822308	0.552
3.751714	-8.684967	2.409764	0.592
3.705027	-8.67539	2.328361	0.645
3.6379895	-8.676587	2.4157495	0.692
3.6236243	-8.701726	2.4672248	0.752
3.6750996	-8.682572	2.5067291	0.804
3.6260185	-8.671799	2.504335	0.854
3.6475663	-8.676587	2.4863784	0.904
3.6727054	-8.67539	2.5139117	0.954
3.6355953	-8.6574335	2.5079262	0.963
3.5553896	-8.676587	2.456451	1.053
3.537433	-8.652645	2.408567	1.103
3.5242648	-8.702923	2.6084828	1.153
3.5649664	-8.6334915	2.658761	1.202
3.5362358	-8.647857	2.6013002	1.253
3.5482068	-8.6334915	2.6013002	1.304
3.5194764	-8.661025	2.6060886	1.354
3.5230677	-8.6334915	2.64679	1.404
3.527856	-8.659827	2.645593	1.444
3.4727895	-8.625112	2.6072857	1.494
3.5553896	-8.65025	2.5917234	1.539
3.5182793	-8.65863	2.5450363	1.592
3.5793316	-8.65863	2.56419	1.642
3.551798	-8.694544	2.4947581	1.703
3.669114	-8.702923	2.4361002	1.741
3.7612908	-8.616732	2.566584	1.793
3.679888	-8.682572	2.231396	1.843
3.693056	-8.676587	2.4061728	1.893
3.6882677	-8.659827	2.5258827	1.943
3.669114	-8.632295	2.5462334	1.964
3.6499605	-8.632295	2.5689783	2.027
3.6284127	-8.643068	2.5725696	2.104
3.5661635	-8.640674	2.5462334	2.142
3.6092591	-8.665813	2.6192567	2.191
3.5362358	-8.669404	2.597709	2.243
3.5565867	-8.656237	2.5929205	2.293
3.5242648	-8.683769	2.5941176	2.343
3.5470097	-8.656237	2.6036944	2.393
3.4967315	-8.676587	2.6431987	2.439
3.550601	-8.641871	2.657564	2.487
3.5182793	-8.6813755	2.5785553	2.543
3.5003228	-8.661025	2.4468741	2.592
3.478775	-8.695741	2.5701754	2.644
3.6284127	-8.663419	2.56419	2.694
3.5996823	-8.649054	2.5390508	2.738
3.681085	-8.656237	2.5318682	2.792
3.667917	-8.623915	2.5258827	2.842
3.6762967	-8.645462	2.542642	2.892
3.6415808	-8.682572	2.5893292	2.941
3.655946	-8.639477	2.5582044	3.001
3.6727054	-8.652645	2.5438392	3.043
3.6631286	-8.647857	2.5139117	3.093
3.6727054	-8.65863	2.56419	3.138
3.6355953	-8.647857	2.598906	3.191
3.6391866	-8.640674	2.5498247	3.238
3.5434184	-8.670602	2.5210943	3.293
3.6212301	-8.644265	2.6384103	3.343
3.489549	-8.701726	2.5019407	3.393
3.5913026	-8.676587	2.5725696	3.443
3.5302503	-8.64666	2.5881321	3.496
3.5924997	-8.6334915	2.5570073	3.538
3.5781345	-8.671799	2.5378537	3.593
3.560178	-8.689755	2.5210943	3.638
3.4991257	-8.665813	2.505532	3.694
3.5613751	-8.700529	2.541445	3.738
3.4871547	-8.689755	2.4911668	3.792
3.5697548	-8.696938	2.4732103	3.842
3.5913026	-8.732851	2.3642743	3.892
3.570952	-8.706514	2.3199813	3.953
3.5769374	-8.713697	2.3080103	3.963
3.6415808	-8.701726	2.3582888	4.043
3.5685577	-8.714894	2.3918076	4.093
3.525462	-8.746018	2.2505496	4.143
3.6284127	-8.732851	2.4732103	4.193
3.570952	-8.746018	2.3774424	4.244
3.5685577	-8.701726	2.373851	4.293
3.6260185	-8.719683	2.3630772	4.342
3.5769374	-8.698134	2.4133554	4.392
3.5793316	-8.693346	2.4289176	4.442
3.5326445	-8.734048	2.4995465	4.491
3.596091	-8.699332	2.4863784	4.541
3.5242648	-8.702923	2.4372973	4.593
3.4584243	-8.72088	2.4229321	4.643
3.4751837	-8.695741	2.492364	4.693
3.4572272	-8.726865	2.4863784	4.743
3.549404	-8.677784	2.5558102	4.794
3.4404678	-8.684967	2.445677	4.838
3.465607	-8.74961	2.4636335	4.892
3.5122938	-8.686164	2.456451	4.942
3.4763808	-8.713697	2.4025815	4.972
3.6355953	-8.710106	2.3666685	5.042
3.70383	-8.690952	2.2409728	5.093
3.7936125	-8.690952	2.2122424	5.143
3.7900212	-8.674192	2.2613235	5.193
3.775656	-8.687361	2.328361	5.243
3.7122097	-8.668207	2.3056161	5.294
3.6858735	-8.678981	2.3355439	5.338
3.7541082	-8.677784	2.3463178	5.392
3.762488	-8.668207	2.3798366	5.442
3.7062242	-8.645462	2.445677	5.492
3.6284127	-8.687361	2.4361002	5.542
3.5290532	-8.7125	2.3570917	5.593
3.50152	-8.7125	2.4492683	5.643
3.5553896	-8.7532015	2.3810337	5.693
3.5434184	-8.716091	2.421735	5.743
3.5565867	-8.659827	2.4552538	5.794
3.5901055	-8.683769	2.457648	5.844
3.513491	-8.688558	2.5318682	5.892
3.4524388	-8.701726	2.4540567	5.942
3.4320881	-8.643068	2.4875755	5.972
3.490746	-8.726865	2.5378537	6.041
3.3997664	-8.602366	2.528277	6.093
3.5003228	-8.759187	2.504335	6.143
3.6834793	-8.726865	2.1655555	6.193
3.7193923	-8.737639	2.0518308	6.238
3.86903	-8.710106	2.0709844	6.293
3.9504328	-8.725668	2.0578163	6.343
3.9492357	-8.641871	2.2840683	6.394
3.7361517	-8.688558	2.1308396	6.443
3.7852328	-8.719683	2.3295584	6.494
3.7576995	-8.64666	2.3535004	6.538
3.74094	-8.671799	2.360683	6.592
3.5446155	-8.740033	2.231396	6.642
3.5482068	-8.74123	2.243367	6.692
3.4691982	-8.734048	2.408567	6.742
3.3506854	-8.762778	2.4061728	6.793
3.2501287	-8.779537	2.517503	6.843
3.252523	-8.787917	2.5103204	6.893
3.2585084	-8.791509	2.4025815	6.943
3.2513258	-8.768764	2.384625	6.973
3.3375173	-8.771158	2.2852654	7.043
3.357868	-8.815451	2.2110453	7.092
3.357868	-8.845378	2.2661119	7.142
3.4284968	-8.829816	1.9596541	7.192
3.5673606	-8.8645315	2.1033063	7.243
3.655946	-8.839393	1.8782512	7.293
3.809175	-8.779537	1.8447324	7.343
3.8067808	-8.799889	1.7944542	7.393
3.7612908	-8.779537	1.7633295	7.444
3.7062242	-8.805874	1.9069817	7.494
3.7481227	-8.817844	1.9668367	7.538
3.5410242	-8.838196	1.9189527	7.592
3.4272997	-8.835801	1.9728222	7.642
3.3423057	-8.8884735	1.9297266	7.692
3.2800562	-8.913613	2.1033063	7.741
3.2501287	-8.856153	2.146402	7.793
3.1435869	-8.875306	2.1547816	7.837
3.1256304	-8.892065	2.099715	7.893
3.2190042	-8.881291	2.2409728	7.943
3.1950622	-8.900445	2.1643584	7.973
3.2489316	-8.7951	2.0446482	8.043
3.2716765	-8.838196	2.1200657	8.093
3.3626564	-8.863335	2.3104045	8.143
3.4560301	-8.76637	2.15957	8.193
3.5757403	-8.790312	2.0841527	8.244
3.7541082	-8.797494	1.9883845	8.294
3.728969	-8.76637	1.9201498	8.344
3.8594532	-8.789114	1.8722657	8.394
3.8474822	-8.756793	1.9285295	8.444
3.810372	-8.759187	1.9740193	8.493
3.7708676	-8.803479	1.9668367	8.542
3.6523547	-8.725668	2.2110453	8.592
3.6499605	-8.797494	2.0386627	8.641
3.5901055	-8.811859	2.1080947	8.693
3.4703953	-8.732851	2.135628	8.743
3.4500446	-8.759187	2.31639	8.793
3.357868	-8.700529	2.4672248	8.843
3.3925838	-8.738836	2.480393	8.894
3.4332852	-8.682572	2.5115175	8.938
3.4632127	-8.693346	2.542642	8.972
3.3722332	-8.744822	2.3343468	9.043
3.6008794	-8.760384	2.3582888	9.092
3.6248214	-8.728063	2.100912	9.141
3.7122097	-8.744822	2.0937295	9.193
3.8546648	-8.707711	2.0841527	9.243
3.8055837	-8.7053175	2.0829554	9.294
3.846285	-8.717288	2.0973208	9.343
3.8235402	-8.743625	2.1787236	9.394
3.7828386	-8.734048	2.1906946	9.439
3.7840357	-8.692149	2.2529438	9.492
3.8175547	-8.64666	2.2170308	9.542
3.8007953	-8.708909	2.1751323	9.593
3.6607344	-8.7053175	2.2541409	9.653
3.7122097	-8.707711	2.4037786	9.693
3.6176388	-8.634688	2.4025815	9.743
3.5362358	-8.755595	2.5354595	9.794
3.5422213	-8.7125	2.4552538	9.843
3.4991257	-8.664616	2.4624364	9.894
3.4081461	-8.723274	2.468422	9.944
3.4691982	-8.670602	2.4301147	9.974
3.4608185	-8.718486	2.4420857	10.043
3.4632127	-8.722076	2.3786395	10.093
3.7110126	-8.693346	2.3008277	10.142
3.560178	-8.708909	2.3630772	10.192
3.6463692	-8.615535	2.2182279	10.244
3.549404	-8.65025	2.3343468	10.293
3.50152	-8.717288	2.2780828	10.343
3.513491	-8.796297	2.2852654	10.394
3.6762967	-8.662222	2.3391352	10.444
3.74094	-8.719683	2.099715	10.494
3.8666358	-8.678981	2.0757728	10.539
3.7134068	-8.711303	2.0147207	10.592
3.9683893	-8.726865	1.8902222	10.642
3.9947255	-8.711303	1.8543092	10.692
4.0785227	-8.6813755	1.8902222	10.742
3.9600096	-8.737639	1.757344	10.794
3.976769	-8.6813755	1.8794483	10.843
3.903746	-8.690952	1.7070658	10.893
3.9444473	-8.750807	1.8363527	10.943
3.8977604	-8.765172	1.8495208	10.973
3.7936125	-8.722076	2.0266917	11.044
3.5913026	-8.767567	2.2242134	11.092
3.50152	-8.780735	2.100912	11.142
3.4739866	-8.791509	2.244564	11.192
3.5470097	-8.817844	2.2038627	11.243
3.5075054	-8.803479	2.1404164	11.293
3.654749	-8.787917	2.1176715	11.343
3.4213142	-8.780735	2.146402	11.393
3.3267434	-8.804677	2.2290018	11.444
3.1555579	-8.822633	2.4265234	11.494
3.1256304	-8.862138	2.3702598	11.544
3.1292217	-8.816648	2.566584	11.592
3.1148565	-8.823831	2.4995465	11.642
3.13401	-8.797494	2.4528596	11.692
3.2752678	-8.742428	2.5605986	11.753
3.3554738	-8.792706	2.4708161	11.793
3.2393548	-8.760384	2.2948422	11.843
3.4476504	-8.819042	2.1990743	11.893
3.477578	-8.772355	2.03148	11.943
3.5793316	-8.78672	2.1416135	11.974
3.7840357	-8.707711	1.9716251	12.043
3.799598	-8.716091	1.910573	12.092
3.8726213	-8.791509	1.9261353	12.142
3.8414967	-8.742428	1.8088194	12.192
3.9025488	-8.779537	1.7417817	12.243
3.9947255	-8.74123	1.7705121	12.293
4.0318356	-8.746018	1.982399	12.343
3.8905778	-8.722076	1.6352397	12.393
3.870227	-8.807071	1.8710686	12.444
3.8546648	-8.708909	1.9668367	12.494
3.7421372	-8.801085	2.0709844	12.543
3.503914	-8.783129	1.9357121	12.592
3.4045548	-8.826224	2.0817583	12.642
3.21661	-8.895657	2.1080947	12.692
3.1974564	-8.809465	2.432509	12.741
3.1304188	-8.845378	2.3870192	12.793
3.1364043	-8.853758	2.4061728	12.843
3.180697	-8.831013	2.2876596	12.893
3.2190042	-8.829816	2.1296425	12.943
3.1316159	-8.858546	2.110489	12.974
3.2429461	-8.752005	2.4504654	13.043
3.2908301	-8.827422	2.3511062	13.092
3.347094	-8.735245	2.480393	13.142
3.4033577	-8.844181	2.315193	13.192
3.4727895	-8.716091	2.244564	13.243
3.4392707	-8.74961	2.2864625	13.293
3.6774938	-8.734048	2.2026656	13.343
3.715801	-8.711303	2.100912	13.393
3.8546648	-8.775947	2.1212628	13.444
3.9947255	-8.7125	1.9680338	13.495
3.9480386	-8.695741	1.8866309	13.544
3.9372647	-8.7053175	1.8626889	13.592
3.989937	-8.674192	1.9333179	13.642
3.9001546	-8.732851	1.970428	13.692
3.8654387	-8.738836	1.9297266	13.742
3.8367083	-8.7125	2.0254946	13.791
3.764882	-8.627506	1.9560628	13.843
3.7373488	-8.708909	1.9764135	13.893
3.7301662	-8.736442	2.1751323	13.943
3.5206735	-8.838196	1.9668367	13.983
3.6463692	-8.773552	2.243367	14.043
3.4691982	-8.785523	2.1691468	14.092
3.515885	-8.856153	2.1140802	14.142
3.430891	-8.90643	1.9560628	14.192
3.3734303	-8.866926	2.0578163	14.243
3.3794158	-8.880095	2.055422	14.293
3.2740707	-8.86932	2.0973208	14.343
3.132813	-8.853758	2.15957	14.393
3.110068	-8.899248	2.1691468	14.444
3.1364043	-8.8777	2.1619642	14.494
3.1878796	-8.882488	2.1332338	14.544
3.2680852	-8.8884735	2.1859062	14.594
3.2513258	-8.8645315	2.0925324	14.644
3.3075895	-8.859743	2.2146366	14.694
3.2477345	-8.883685	1.9309237	14.745
3.3626564	-8.842984	2.1859062	14.792
3.441665	-8.868123	2.2062569	14.842
3.5051112	-8.756793	2.2014685	14.892
3.5853171	-8.768764	2.171541	14.941
3.5817258	-8.77834	2.111686	14.983
3.6044707	-8.7532015	2.0841527	15.052
3.6870706	-8.765172	2.088941	15.093
3.632004	-8.773552	2.0470424	15.143
3.7002387	-8.746018	2.0721815	15.203
3.7253778	-8.771158	2.0518308	15.243
3.763685	-8.740033	2.0278888	15.294
3.7816415	-8.718486	2.007538	15.344
3.8486793	-8.710106	2.0470424	15.394
3.7828386	-8.768764	1.9919758	15.444
3.6978445	-8.742428	1.9357121	15.494
3.74094	-8.771158	2.0745757	15.544
3.6978445	-8.771158	2.124854	15.594
3.681085	-8.723274	2.1823149	15.644
3.7014358	-8.737639	2.1703439	15.702
3.6355953	-8.734048	2.1799207	15.752
3.5757403	-8.74961	2.2266076	15.802
3.5625722	-8.748413	2.2062569	15.852
3.551798	-8.746018	2.2254105	15.901
3.5769374	-8.762778	2.243367	15.943
3.5745432	-8.756793	2.2469583	15.983
3.5482068	-8.743625	2.2589293	16.044
3.525462	-8.7532015	2.2589293	16.094
3.5122938	-8.767567	2.2625206	16.143
3.5350387	-8.75799	2.2529438	16.193
3.5242648	-8.696938	2.4049757	16.244
3.4763808	-8.76637	2.1164744	16.294
3.4859576	-8.743625	2.3080103	16.344
3.5625722	-8.723274	2.3223755	16.394
3.5924997	-8.716091	2.3020248	16.444
3.6224272	-8.722076	2.2637177	16.494
3.6104562	-8.722076	2.1906946	16.544
3.7098155	-8.682572	2.3223755	16.594
3.6750996	-8.688558	2.2900538	16.644
3.7002387	-8.726865	2.2756886	16.694
3.7325604	-8.698134	2.2625206	16.744
3.7337575	-8.690952	2.1906946	16.794
3.7732618	-8.686164	2.2481554	16.844
3.7696705	-8.688558	2.1942859	16.894
3.7936125	-8.686164	2.1859062	16.942
3.810372	-8.672996	2.2613235	16.984
3.7804444	-8.6813755	2.3199813	17.042
3.654749	-8.743625	2.0242975	17.092
3.7433343	-8.710106	2.2158337	17.142
3.7229836	-8.7053175	2.1859062	17.202
3.7134068	-8.698134	2.208651	17.243
3.6834793	-8.725668	2.1404164	17.293
3.6750996	-8.736442	2.146402	17.343
3.6236243	-8.736442	2.1978772	17.393
3.6415808	-8.763975	2.2409728	17.444
3.539827	-8.744822	2.2337902	17.494
3.5458126	-8.77834	2.1918917	17.544
3.5242648	-8.781932	2.1763294	17.594
3.5003228	-8.792706	2.1547816	17.644
3.466804	-8.789114	2.2134395	17.694
3.4763808	-8.793902	2.268506	17.744
3.406949	-8.791509	2.2397757	17.794
3.4608185	-8.798691	2.2984335	17.844
3.417723	-8.828619	2.2050598	17.894
3.4344823	-8.791509	2.267309	17.944
3.4883518	-8.763975	2.2900538	17.984
3.525462	-8.742428	2.2972364	18.042
3.5075054	-8.763975	2.360683	18.102
3.5087025	-8.76996	2.328361	18.152
3.5087025	-8.750807	2.2840683	18.202
3.5194764	-8.748413	2.2780828	18.243
3.5410242	-8.743625	2.31639	18.293
3.5182793	-8.726865	2.3175871	18.343
3.582923	-8.752005	2.231396	18.393
3.5673606	-8.713697	2.2409728	18.444
3.6296098	-8.744822	2.1811178	18.495
3.6882677	-8.713697	2.2409728	18.544
3.6236243	-8.761581	2.134431	18.594
3.66672	-8.72088	2.0207062	18.644
3.7229836	-8.759187	2.1643584	18.694
3.7433343	-8.738836	2.1763294	18.744
3.7373488	-8.698134	2.1499932	18.794
3.7804444	-8.722076	2.111686	18.844
3.74094	-8.707711	2.1511903	18.894
3.7134068	-8.702923	2.2026656	18.944
3.7181952	-8.686164	2.184709	18.984
3.7062242	-8.688558	2.1883004	19.042
3.6990416	-8.732851	2.2421699	19.092
3.6727054	-8.702923	2.2230163	19.142
3.6858735	-8.711303	2.2697031	19.192
3.655946	-8.708909	2.2744915	19.243
3.6355953	-8.7532015	2.2230163	19.293
3.6595373	-8.731653	2.2469583	19.343
3.620033	-8.692149	2.4372973	19.393
3.5314474	-8.748413	2.1499932	19.444
3.5625722	-8.75799	2.303222	19.494
3.5996823	-8.7292595	2.3259668	19.544
3.5877113	-8.701726	2.3451207	19.594
3.5410242	-8.734048	2.2996306	19.644
3.5565867	-8.701726	2.3391352	19.694
3.5170822	-8.724471	2.3870192	19.744
3.5410242	-8.755595	2.3678656	19.794
3.4931402	-8.702923	2.3223755	19.844
3.5218706	-8.754398	2.315193	19.894
3.5182793	-8.7771435	2.2349873	19.944
3.5422213	-8.724471	2.2242134	19.984
3.5529952	-8.756793	2.2397757	20.053
3.5673606	-8.7532015	2.1535845	20.092
3.525462	-8.768764	2.146402	20.142
3.58412	-8.767567	2.2110453	20.192
3.5314474	-8.819042	2.007538	20.243
3.6164417	-8.807071	2.1212628	20.293
3.6020765	-8.76637	2.0626047	20.343
3.6463692	-8.762778	2.0410569	20.393
3.6463692	-8.790312	2.018312	20.455
3.6296098	-8.793902	1.9488802	20.494
3.6535518	-8.771158	1.9776106	20.544
3.6116533	-8.76996	1.9692309	20.594
3.6044707	-8.816648	1.9536686	20.644
3.5889084	-8.796297	1.8986019	20.694
3.6391866	-8.844181	1.9093759	20.744
3.6044707	-8.7951	2.005144	20.794
3.657143	-8.801085	2.030283	20.844
3.5697548	-8.785523	2.1080947	20.894
3.5326445	-8.842984	1.8962077	20.944
3.5218706	-8.84059	2.054225	20.984
3.5565867	-8.815451	2.1045034	21.052
3.5194764	-8.77834	2.1068976	21.092
3.5170822	-8.810662	2.079364	21.153
3.4272997	-8.814254	2.0937295	21.202
3.4476504	-8.814254	2.1152773	21.243
3.4464533	-8.836999	2.1571758	21.293
3.3889925	-8.817844	2.1188686	21.343
3.4847605	-8.805874	2.1823149	21.393
3.4464533	-8.807071	2.148796	21.444
3.4691982	-8.807071	2.1775265	21.494
3.4584243	-8.816648	2.1799207	21.544
3.4249055	-8.841787	2.1547816	21.594
3.4763808	-8.783129	2.1440077	21.644
3.515885	-8.832211	2.2110453	21.694
3.489549	-8.735245	2.268506	21.744
3.4715924	-8.787917	2.1583729	21.794
3.5877113	-8.792706	2.1021092	21.844
3.6056678	-8.77834	2.0278888	21.894
3.606865	-8.765172	2.03148	21.944
3.6607344	-8.775947	2.0518308	21.984
3.6750996	-8.735245	2.100912	22.053
3.690662	-8.767567	2.1057005	22.092
3.66672	-8.752005	2.1068976	22.142
3.70383	-8.746018	2.0697873	22.192
3.6535518	-8.759187	2.0697873	22.244
3.6822822	-8.740033	2.066196	22.293
3.7313633	-8.7125	2.315193	22.343
3.655946	-8.771158	2.0506337	22.393
3.6379895	-8.740033	2.15957	22.444
3.6643257	-8.726865	2.1871033	22.494
3.7205894	-8.687361	2.2876596	22.544
3.655946	-8.735245	2.1751323	22.594
3.6367924	-8.740033	2.220622	22.644
3.6056678	-8.734048	2.1906946	22.694
3.5972881	-8.74123	2.2828712	22.744
3.5853171	-8.74961	2.2649148	22.794
3.5805287	-8.719683	2.267309	22.844
3.5553896	-8.74123	2.2864625	22.894
3.570952	-8.750807	2.2816741	22.944
3.572149	-8.734048	2.3092074	22.984
3.5649664	-8.724471	2.2744915	23.043
3.490746	-8.7125	2.2661119	23.092
3.5553896	-8.763975	2.327164	23.142
3.5697548	-8.730456	2.372654	23.192
3.5745432	-8.716091	2.3403323	23.253
3.5901055	-8.714894	2.3690627	23.293
3.6858735	-8.700529	2.3906105	23.343
3.6032736	-8.706514	2.315193	23.393
3.6403837	-8.693346	2.3307555	23.443
3.6164417	-8.698134	2.2816741	23.495
3.655946	-8.695741	2.3558946	23.544
3.645172	-8.66701	2.2948422	23.594
3.7457285	-8.714894	2.5246856	23.644
3.6607344	-8.659827	2.4001873	23.694
3.8031895	-8.661025	2.2385786	23.744
3.8055837	-8.687361	2.2864625	23.794
3.763685	-8.632295	2.207454	23.844
3.7600937	-8.683769	2.4289176	23.894
3.7110126	-8.651448	2.5127146	23.944
3.691859	-8.655039	2.504335	23.984
3.714604	-8.623915	2.445677	24.053
3.6834793	-8.619126	2.456451	24.102
3.6487634	-8.6334915	2.517503	24.152
3.657143	-8.623915	2.5510218	24.202
3.6164417	-8.631097	2.4899697	24.241
3.594894	-8.684967	2.5809495	24.293
3.5769374	-8.674192	2.48159	24.343
3.7122097	-8.62152	2.554613	24.393
3.6379895	-8.65025	2.5582044	24.443
3.6367924	-8.637083	2.5187001	24.494
3.6008794	-8.661025	2.60968	24.544
3.560178	-8.634688	2.4289176	24.594
3.5996823	-8.645462	2.6300306	24.644
3.618836	-8.591593	2.6803088	24.694
3.620033	-8.568848	2.6431987	24.744
3.645172	-8.637083	2.6240451	24.794
3.620033	-8.647857	2.4468741	24.844
3.7313633	-8.641871	2.4851813	24.894
3.7612908	-8.62152	2.4983494	24.944
3.7600937	-8.585608	2.5330653	24.984
3.7217865	-8.604761	2.5330653	25.048
3.6978445	-8.639477	2.492364	25.092
3.7193923	-8.619126	2.480393	25.142
3.7780502	-8.610746	2.4839842	25.192
3.809175	-8.602366	2.385822	25.241
3.8510735	-8.589199	2.633622	25.293
3.750517	-8.639477	2.4241292	25.343
3.8067808	-8.627506	2.4720132	25.393
3.7792473	-8.579621	2.5462334	25.443
3.846285	-8.5700445	2.5091233	25.495
3.822343	-8.583213	2.5701754	25.544
3.7457285	-8.588001	2.56419	25.594
3.7134068	-8.583213	2.56419	25.644
3.7062242	-8.566454	2.6264393	25.694
3.7313633	-8.596381	2.6060886	25.744
3.7361517	-8.586804	2.610877	25.794
3.7014358	-8.595184	2.6288335	25.844
3.678691	-8.565256	2.6803088	25.894
3.6894648	-8.6095495	2.693477	25.944
3.6284127	-8.59279	2.6635494	25.994
3.6727054	-8.554482	2.8383262	26.042
3.6391866	-8.620323	2.705448	26.094
3.678691	-8.60117	2.6803088	26.144
3.6750996	-8.559271	2.6623523	26.194
3.7134068	-8.558074	2.7150247	26.244
3.7421372	-8.550891	2.7377696	26.294
3.690662	-8.558074	2.8048072	26.344
3.6834793	-8.574833	2.7700913	26.394
3.6523547	-8.595184	2.5845408	26.444
3.6834793	-8.596381	2.6240451	26.494
3.7301662	-8.583213	2.5785553	26.544
3.822343	-8.59279	2.6144683	26.594
3.7337575	-8.613141	2.5127146	26.644
3.7469256	-8.668207	2.337938	26.694
3.7792473	-8.623915	2.4612393	26.744
3.7816415	-8.664616	2.2361844	26.794
3.8259344	-8.626308	2.3355439	26.844
3.8295257	-8.6095495	2.408567	26.894
3.7984009	-8.598776	2.4277205	26.944
3.7912183	-8.634688	2.433706	26.994
3.7313633	-8.669404	2.3882163	27.042
3.7241807	-8.634688	2.3020248	27.092
3.7720647	-8.670602	2.2936451	27.152
3.8163576	-8.639477	2.3223755	27.202
3.7337575	-8.728063	2.135628	27.243
3.66672	-8.747216	2.19668	27.293
3.715801	-8.724471	2.2541409	27.343
3.58412	-8.736442	2.3235726	27.393
3.6008794	-8.7125	2.3127987	27.444
3.6128504	-8.74123	2.349909	27.494
3.5793316	-8.748413	2.2589293	27.544
3.5661635	-8.699332	2.2337902	27.602
3.6116533	-8.718486	2.231396	27.652
3.570952	-8.730456	2.2697031	27.692
3.558981	-8.7292595	2.3104045	27.752
3.550601	-8.755595	2.3546975	27.801
3.5194764	-8.717288	2.3654714	27.851
3.5230677	-8.72088	2.3187842	27.893
3.5051112	-8.730456	2.373851	27.943
3.537433	-8.76996	2.3475149	27.993
3.4727895	-8.742428	2.3068132	28.051
3.5529952	-8.717288	2.2613235	28.094
3.4883518	-8.784326	2.1631613	28.143
3.5781345	-8.700529	2.4540567	28.193
3.6535518	-8.653842	2.4504654	28.243
3.6499605	-8.678981	2.4528596	28.294
3.6391866	-8.706514	2.396596	28.344
3.6523547	-8.682572	2.291251	28.394
3.642778	-8.678981	2.3523033	28.444
3.7014358	-8.664616	2.4193408	28.495
3.7098155	-8.655039	2.3702598	28.544
3.6978445	-8.64666	2.397793	28.594
3.7193923	-8.683769	2.4001873	28.644
3.7361517	-8.6574335	2.4073699	28.694
3.7098155	-8.640674	2.433706	28.744
3.643975	-8.688558	2.2780828	28.794
3.705027	-8.671799	2.4073699	28.844
3.727772	-8.632295	2.4540567	28.894
3.7074213	-8.591593	2.4468741	28.944
3.7253778	-8.645462	2.4253263	28.994
3.7217865	-8.656237	2.4073699	29.042
3.667917	-8.608353	2.5330653	29.102
3.7086184	-8.652645	2.5115175	29.142
3.6655228	-8.634688	2.5677812	29.202
3.6643257	-8.623915	2.5450363	29.241
3.669114	-8.644265	2.5462334	29.293
3.6655228	-8.634688	2.5270798	29.343
3.6403837	-8.615535	2.5306711	29.393
3.6535518	-8.62152	2.6156654	29.443
3.5936968	-8.67539	2.5258827	29.494
3.5972881	-8.603564	2.6264393	29.544
3.6116533	-8.619126	2.622848	29.594
3.6296098	-8.62152	2.6001031	29.644
3.654749	-8.651448	2.5905263	29.694
3.594894	-8.634688	2.56419	29.744
3.6224272	-8.647857	2.5797524	29.794
3.6272156	-8.649054	2.5354595	29.844
3.643975	-8.671799	2.5127146	29.894
3.6272156	-8.647857	2.4109612	29.944
3.6379895	-8.668207	2.4145525	29.994
3.669114	-8.661025	2.336741	30.046
3.657143	-8.686164	2.268506	30.092
3.716998	-8.6813755	2.3642743	30.142
3.6715083	-8.723274	2.184709	30.192
3.7062242	-8.700529	2.3307555	30.241
3.691859	-8.669404	2.2625206	30.293
3.7241807	-8.6813755	2.2337902	30.343
3.70383	-8.722076	2.220622	30.393
3.6894648	-8.719683	2.2110453	30.443
3.679888	-8.742428	2.2337902	30.494
3.6631286	-8.694544	2.1990743	30.544
3.6631286	-8.740033	2.1990743	30.594
3.655946	-8.736442	2.1763294	30.644
3.679888	-8.74123	2.1930888	30.694
3.632004	-8.74961	2.1667526	30.744
3.582923	-8.747216	2.0757728	30.794
3.6032736	-8.755595	2.136825	30.844
3.5901055	-8.783129	2.1511903	30.894
3.596091	-8.74123	2.2361844	30.944
3.5565867	-8.732851	2.2278047	30.994
3.606865	-8.738836	2.2290018	31.053
3.5805287	-8.743625	2.2218192	31.102
3.5458126	-8.742428	2.2900538	31.152
3.570952	-8.735245	2.268506	31.192
3.525462	-8.717288	2.2756886	31.251
3.5529952	-8.719683	2.27928	31.293
3.5697548	-8.7292595	2.2864625	31.343
3.5769374	-8.72088	2.2948422	31.393
3.558981	-8.743625	2.3187842	31.443
3.5553896	-8.743625	2.2038627	31.494
3.6116533	-8.708909	2.231396	31.544
3.6739025	-8.713697	2.3295584	31.594
3.6128504	-8.706514	2.328361	31.644
3.5685577	-8.7125	2.3080103	31.694
3.6727054	-8.725668	2.2409728	31.744
3.7229836	-8.72088	2.1559787	31.794
3.7325604	-8.690952	2.134431	31.844
3.7924154	-8.669404	2.2242134	31.894
3.7014358	-8.6574335	2.2361844	31.944
3.7337575	-8.702923	2.328361	31.994
3.7337575	-8.702923	2.328361	31.994
3.7301662	-8.704121	2.232593	32.093
3.7816415	-8.665813	2.231396	32.152
3.7900212	-8.665813	2.2266076	32.202
3.7708676	-8.662222	2.4612393	32.241
3.6056678	-8.717288	2.147599	32.293
3.6487634	-8.730456	2.2625206	32.343
3.7086184	-8.678981	2.2661119	32.393
3.7361517	-8.670602	2.2709002	32.443
3.7253778	-8.695741	2.2505496	32.494
3.7253778	-8.695741	2.267309	32.544
3.632004	-8.668207	2.3068132	32.594
3.6750996	-8.724471	2.3630772	32.644
3.5924997	-8.708909	2.3535004	32.694
3.6176388	-8.702923	2.3343468	32.744
3.6332011	-8.714894	2.327164	32.794
3.6140475	-8.686164	2.3523033	32.844
3.6092591	-8.7125	2.3403323	32.894
3.6116533	-8.707711	2.3942018	32.944
3.6104562	-8.717288	2.3535004	32.994
3.537433	-8.730456	2.1691468	33.044
3.6284127	-8.713697	2.3475149	33.092
3.6511576	-8.67539	2.3666685	33.142
3.6224272	-8.66701	2.3942018	33.192
3.679888	-8.688558	2.3343468	33.241
3.6703112	-8.692149	2.3463178	33.293
3.66672	-8.680179	2.3319526	33.343
3.7014358	-8.708909	2.3463178	33.393
3.6260185	-8.713697	2.3020248	33.443
3.6703112	-8.7053175	2.2900538	33.495
3.6655228	-8.708909	2.2816741	33.538
3.6858735	-8.701726	2.2637177	33.592
3.667917	-8.699332	2.232593	33.642
3.679888	-8.7292595	2.2254105	33.692
3.6822822	-8.735245	2.267309	33.742
3.6403837	-8.746018	2.2301989	33.793
3.5853171	-8.74961	2.0207062	33.843
3.6655228	-8.743625	2.2122424	33.893
3.6643257	-8.730456	2.2361844	33.943
3.6619315	-8.722076	2.2146366	33.994
3.6631286	-8.75799	2.1571758	34.042
3.6535518	-8.725668	2.1703439	34.092
3.594894	-8.744822	2.1667526	34.142
3.6343982	-8.747216	2.2361844	34.192
3.5781345	-8.762778	2.1643584	34.253
3.572149	-8.772355	2.1440077	34.293
3.5553896	-8.779537	2.0757728	34.343
3.58412	-8.796297	2.1703439	34.393
3.5853171	-8.725668	2.1667526	34.443
3.5613751	-8.775947	2.124854	34.494
3.5697548	-8.787917	2.1068976	34.544
3.551798	-8.750807	2.2996306	34.592
3.5338416	-8.803479	2.0159178	34.642
3.5350387	-8.754398	2.1775265	34.692
3.6020765	-8.761581	2.2182279	34.744
3.5936968	-8.724471	2.2026656	34.794
3.5733461	-8.755595	2.2218192	34.844
3.5853171	-8.732851	2.2050598	34.894
3.6032736	-8.699332	2.2720973	34.944
3.6296098	-8.730456	2.3259668	34.992
3.5553896	-8.74123	2.2457612	35.042
3.6978445	-8.711303	2.1918917	35.092
3.705027	-8.694544	2.1883004	35.141
3.7948096	-8.67539	2.15957	35.193
3.7696705	-8.674192	2.123657	35.243
3.775656	-8.718486	2.1643584	35.293
3.8235402	-8.689755	2.1679497	35.343
3.787627	-8.682572	2.2529438	35.394
3.7469256	-8.687361	2.0087352	35.443
3.8414967	-8.700529	2.1583729	35.492
3.8019924	-8.67539	2.1930888	35.542
3.7960067	-8.651448	2.2373815	35.592
3.7708676	-8.662222	2.1775265	35.653
3.8031895	-8.677784	2.1775265	35.693
3.776853	-8.692149	2.1511903	35.743
3.8355112	-8.718486	2.2218192	35.793
3.930082	-8.692149	2.2361844	35.843
3.6032736	-8.671799	2.1428106	35.894
3.691859	-8.7292595	2.1655555	35.938
3.6176388	-8.744822	2.1918917	35.992
3.5924997	-8.724471	2.2756886	36.043
3.5781345	-8.72088	2.3199813	36.092
3.5745432	-8.72088	2.292448	36.141
3.570952	-8.752005	2.219425	36.193
3.618836	-8.702923	2.3786395	36.243
3.5649664	-8.755595	2.2062569	36.293
3.5625722	-8.754398	2.3116016	36.343
3.5853171	-8.700529	2.3523033	36.393
3.5793316	-8.716091	2.3199813	36.443
3.5877113	-8.7292595	2.3175871	36.493
3.6248214	-8.716091	2.2996306	36.544
3.58412	-8.713697	2.3068132	36.594
3.6415808	-8.736442	2.2780828	36.644
3.5422213	-8.7053175	2.2170308	36.694
3.643975	-8.743625	2.4851813	36.744
3.618836	-8.750807	2.1859062	36.792
3.7122097	-8.740033	2.088941	36.842
3.807978	-8.76996	1.9788077	36.892
3.74094	-8.7125	1.9895816	36.941
3.750517	-8.743625	2.0494366	36.994
3.657143	-8.726865	2.0494366	37.041
3.6607344	-8.74123	2.3056161	37.093
3.6056678	-8.77834	2.0829554	37.143
3.667917	-8.783129	2.066196	37.193
3.6978445	-8.746018	2.005144	37.243
3.764882	-8.7292595	2.0003555	37.294
3.7074213	-8.803479	2.042254	37.344
3.6343982	-8.765172	1.9572599	37.392
3.572149	-8.762778	2.0171149	37.442
3.5757403	-8.798691	2.079364	37.492
3.4979286	-8.76996	2.0973208	37.553
3.5446155	-8.781932	2.1140802	37.593
3.526659	-8.792706	2.1547816	37.643
3.4955344	-8.814254	2.1619642	37.693
3.466804	-8.78672	2.1823149	37.743
3.489549	-8.7951	2.2301989	37.794
3.4284968	-8.803479	2.2972364	37.844
3.4117374	-8.835801	2.0829554	37.894
3.4823663	-8.802282	2.27928	37.944
3.4919431	-8.780735	2.2517467	37.995
3.515885	-8.762778	2.2888567	38.047
3.4799721	-8.780735	2.231396	38.092
3.4991257	-8.747216	2.2517467	38.142
3.525462	-8.7532015	2.3092074	38.202
3.570952	-8.743625	2.3295584	38.241
3.5314474	-8.7532015	2.3139958	38.293
3.5338416	-8.765172	2.2840683	38.343
3.5637693	-8.768764	2.2122424	38.393
3.6224272	-8.718486	2.2613235	38.443
3.6523547	-8.710106	2.2697031	38.495
3.6224272	-8.740033	2.2517467	38.544
3.6128504	-8.742428	2.183512	38.594
3.678691	-8.698134	2.3690627	38.644
3.6475663	-8.768764	2.2002714	38.694
3.6762967	-8.7125	2.1894975	38.744
3.7421372	-8.676587	2.2361844	38.794
3.774459	-8.682572	2.2158337	38.844
3.764882	-8.686164	2.207454	38.894
3.7421372	-8.730456	2.1871033	38.944
3.7002387	-8.693346	2.2230163	38.995
3.7241807	-8.677784	2.2457612	39.004
3.690662	-8.692149	2.255338	39.092
3.7181952	-8.699332	2.2278047	39.142
3.728969	-8.689755	2.2697031	39.192
3.6739025	-8.702923	2.2900538	39.241
3.642778	-8.696938	2.2744915	39.293
3.6894648	-8.7125	2.3187842	39.343
3.645172	-8.664616	2.5067291	39.393
3.526659	-8.711303	2.2349873	39.443
3.5422213	-8.711303	2.4133554	39.494
3.5769374	-8.674192	2.4073699	39.544
3.5410242	-8.699332	2.4289176	39.594
3.5685577	-8.701726	2.4025815	39.644
3.6152446	-8.694544	2.3714569	39.694
3.5733461	-8.684967	2.4229321	39.744
3.5913026	-8.716091	2.4408886	39.794
3.5529952	-8.702923	2.3714569	39.844
3.5697548	-8.732851	2.3582888	39.894
3.5745432	-8.732851	2.3139958	39.944
3.6056678	-8.714894	2.3175871	40.006
3.5745432	-8.719683	2.2637177	40.051
3.6116533	-8.744822	2.267309	40.092
3.5769374	-8.768764	2.147599	40.142
3.6152446	-8.718486	2.0949266	40.192
3.655946	-8.734048	2.2170308	40.241
3.669114	-8.761581	2.2062569	40.293
3.6727054	-8.722076	2.1404164	40.343
3.7181952	-8.7292595	2.0745757	40.393
3.7193923	-8.734048	2.066196	40.443
3.7253778	-8.74961	2.0626047	40.494
3.7493198	-8.744822	2.0709844	40.544
3.716998	-8.76637	1.9740193	40.594
3.7205894	-8.730456	2.0039468	40.644
3.7110126	-8.748413	1.9907787	40.694
3.6727054	-8.787917	1.9776106	40.744
3.6870706	-8.756793	2.0039468	40.794
3.657143	-8.789114	1.9393034	40.844
3.6595373	-8.74961	2.0410569	40.894
3.6631286	-8.797494	2.0733786	40.944
3.6355953	-8.785523	2.1057005	40.995
3.655946	-8.77834	2.0973208	41.005
3.6379895	-8.722076	2.1440077	41.092
3.6032736	-8.803479	2.123657	41.142
3.5613751	-8.784326	2.134431	41.202
3.5673606	-8.760384	2.1092918	41.241
3.5541923	-8.816648	2.1811178	41.293
3.5553896	-8.785523	2.2170308	41.343
3.5350387	-8.771158	2.220622	41.393
3.5553896	-8.74961	2.2720973	41.443
3.5122938	-8.74961	2.2266076	41.494
3.5003228	-8.785523	2.171541	41.544
3.5625722	-8.74123	2.3942018	41.594
3.4464533	-8.785523	2.1068976	41.644
3.5051112	-8.750807	2.2361844	41.694
3.572149	-8.669404	2.4121583	41.744
3.5206735	-8.72088	2.348712	41.794
3.594894	-8.7771435	2.1871033	41.844
3.8367083	-8.696938	2.0638018	41.894
3.799598	-8.687361	1.9955671	41.944
3.8965633	-8.717288	2.043451	41.994
3.8845923	-8.714894	2.0482395	42.005
3.822343	-8.711303	2.112883	42.102
3.8247373	-8.693346	2.1140802	42.142
3.8295257	-8.669404	2.1511903	42.192
3.8355112	-8.647857	2.1559787	42.242
3.8235402	-8.717288	2.110489	42.293
3.8522706	-8.696938	1.9907787	42.351
3.834314	-8.718486	2.1188686	42.393
3.8630445	-8.678981	2.1021092	42.443
3.8402996	-8.656237	2.134431	42.493
3.8067808	-8.687361	2.1679497	42.543
3.7816415	-8.67539	2.1751323	42.594
3.739743	-8.665813	2.1871033	42.644
3.7780502	-8.704121	2.2505496	42.694
3.762488	-8.67539	2.2361844	42.744
3.7313633	-8.683769	2.2218192	42.794
3.716998	-8.708909	2.1667526	42.844
3.7301662	-8.708909	2.256535	42.894
3.681085	-8.716091	2.2098482	42.944
3.6499605	-8.719683	2.2768857	42.995
3.6403837	-8.754398	2.1918917	43.004
3.513491	-8.750807	2.1392193	43.102
3.6475663	-8.787917	2.184709	43.142
3.5541923	-8.783129	2.1871033	43.192
3.5422213	-8.74123	2.2146366	43.251
3.513491	-8.774749	2.1978772	43.293
3.441665	-8.781932	2.2278047	43.343
3.430891	-8.78672	2.267309	43.393
3.4871547	-8.796297	2.2098482	43.444
3.4584243	-8.787917	2.1643584	43.494
3.4919431	-8.804677	2.1045034	43.544
3.4847605	-8.808268	2.0901382	43.594
3.5326445	-8.829816	2.086547	43.644
3.50152	-8.792706	2.0973208	43.694
3.4991257	-8.831013	1.9883845	43.744
3.5470097	-8.807071	2.0961237	43.794
3.5338416	-8.796297	1.9177556	43.844
3.537433	-8.826224	2.0242975	43.894
3.5936968	-8.793902	1.9812019	43.944
3.6475663	-8.768764	2.0374656	43.994
3.6715083	-8.76637	2.03148	44.004
3.6858735	-8.772355	2.0099323	44.093
3.66672	-8.791509	1.9835961	44.142
3.6739025	-8.755595	2.005144	44.192
3.6882677	-8.767567	1.9955671	44.251
3.702633	-8.75799	1.9847932	44.303
3.7612908	-8.743625	2.0254946	44.343
3.7134068	-8.743625	2.0266917	44.393
3.7433343	-8.742428	2.0721815	44.443
3.7181952	-8.746018	2.1811178	44.494
3.6882677	-8.717288	1.9285295	44.544
3.7337575	-8.746018	2.112883	44.594
3.7732618	-8.708909	2.1691468	44.644
3.7588966	-8.682572	2.1547816	44.694
3.7541082	-8.724471	2.160767	44.744
3.739743	-8.688558	2.15957	44.794
3.7002387	-8.701726	2.1871033	44.844
3.764882	-8.734048	2.243367	44.894
3.7122097	-8.686164	2.2038627	44.944
3.702633	-8.719683	2.2469583	45.006
3.716998	-8.719683	2.2469583	45.006
3.681085	-8.704121	2.2146366	45.092
3.6296098	-8.728063	2.2361844	45.142
3.6583402	-8.692149	2.3331497	45.192
3.6511576	-8.736442	2.2110453	45.242
3.58412	-8.702923	2.207454	45.293
3.6332011	-8.726865	2.3008277	45.343
3.6224272	-8.7125	2.3319526	45.393
3.6176388	-8.7053175	2.3570917	45.443
3.6032736	-8.722076	2.3295584	45.494
3.6260185	-8.717288	2.3894134	45.538
3.6008794	-8.694544	2.4037786	45.594
3.5637693	-8.72088	2.4109612	45.638
3.550601	-8.701726	2.421735	45.694
3.558981	-8.713697	2.408567	45.738
3.5805287	-8.704121	2.3654714	45.792
3.572149	-8.72088	2.3690627	45.842
3.5446155	-8.719683	2.3834279	45.892
3.5302503	-8.7292595	2.3558946	45.942
3.537433	-8.734048	2.303222	45.993
3.5218706	-8.76637	2.2984335	46.013
3.4368765	-8.768764	2.1404164	46.091
3.5482068	-8.740033	2.292448	46.143
3.5661635	-8.719683	2.3020248	46.193
3.594894	-8.726865	2.2589293	46.243
3.6008794	-8.731653	2.2002714	46.293
3.6248214	-8.743625	2.1380222	46.344
3.608062	-8.740033	2.1643584	46.394
3.6535518	-8.760384	2.171541	46.438
3.5913026	-8.768764	2.1691468	46.494
3.6379895	-8.75799	2.1080947	46.538
3.6535518	-8.75799	2.0602105	46.592
3.6966474	-8.74961	2.0362685	46.642
3.6858735	-8.738836	2.019509	46.692
3.6942532	-8.7951	1.9141643	46.753
3.6703112	-8.744822	2.019509	46.793
3.714604	-8.791509	1.7932571	46.843
3.7481227	-8.746018	1.982399	46.893
3.7720647	-8.75799	1.9321208	46.943
3.7840357	-8.723274	1.9512744	46.994
3.810372	-8.731653	1.9381063	47.008
3.7660792	-8.736442	1.970428	47.103
3.774459	-8.738836	2.0123265	47.142
3.7912183	-8.760384	2.0159178	47.192
3.739743	-8.736442	1.9632454	47.243
3.762488	-8.756793	2.0039468	47.293
3.7325604	-8.748413	2.0147207	47.343
3.6655228	-8.75799	2.03148	47.393
3.7086184	-8.755595	2.0614076	47.444
3.6499605	-8.796297	1.9680338	47.494
3.669114	-8.74961	2.100912	47.544
3.6128504	-8.802282	2.0123265	47.594
3.6008794	-8.7951	2.0578163	47.644
3.6212301	-8.718486	2.3020248	47.694
3.6224272	-8.723274	2.304419	47.743
3.5685577	-8.756793	2.2840683	47.792
3.503914	-8.756793	2.292448	47.842
3.4680011	-8.756793	2.303222	47.892
3.4584243	-8.756793	2.349909	47.953
3.4476504	-8.760384	2.3259668	47.993
3.454833	-8.756793	2.3403323	48.05
3.4404678	-8.7771435	2.3116016	48.093
3.430891	-8.780735	2.3594859	48.143
3.441665	-8.756793	2.3535004	48.193
3.4045548	-8.78672	2.291251	48.243
3.525462	-8.76996	2.5007436	48.294
3.3997664	-8.763975	2.1930888	48.338
3.4608185	-8.75799	2.3690627	48.394
3.503914	-8.728063	2.4181437	48.439
3.5075054	-8.696938	2.36188	48.494
3.5338416	-8.736442	2.3582888	48.544
3.5984852	-8.724471	2.3439236	48.592
3.5793316	-8.707711	2.2709002	48.642
3.6511576	-8.728063	2.3187842	48.692
3.645172	-8.726865	2.2517467	48.741
3.6379895	-8.725668	2.2026656	48.793
3.7014358	-8.7292595	2.1823149	48.843
3.7074213	-8.701726	2.2002714	48.893
3.7672763	-8.707711	2.1906946	48.943
3.7804444	-8.693346	2.2744915	48.994
3.750517	-8.704121	2.1308396	49.008
3.6942532	-8.717288	2.0649989	49.093
3.764882	-8.701726	2.1871033	49.142
3.776853	-8.683769	2.255338	49.189
3.7720647	-8.682572	2.2349873	49.244
3.762488	-8.6813755	2.2278047	49.294
3.7481227	-8.687361	2.1883004	49.344
3.7217865	-8.698134	2.2266076	49.394
3.726575	-8.700529	2.256535	49.444
3.6643257	-8.707711	2.2505496	49.495
3.690662	-8.701726	2.27928	49.539
3.6104562	-8.740033	2.268506	49.593
3.5936968	-8.740033	2.2888567	49.643
3.572149	-8.7292595	2.2756886	49.693
3.5350387	-8.74123	2.2637177	49.742
3.4691982	-8.7532015	2.2062569	49.794
3.5314474	-8.732851	2.337938	49.838
3.4835634	-8.797494	2.2828712	49.894
3.4703953	-8.783129	2.2936451	49.944
3.4201171	-8.7532015	2.2170308	50.006
3.4488475	-8.754398	2.2744915	50.014
3.4596214	-8.805874	2.2589293	50.093
3.4356794	-8.811859	2.2254105	50.143
3.4404678	-8.801085	2.2625206	50.193
3.4272997	-8.803479	2.2218192	50.243
3.430891	-8.810662	2.184709	50.294
3.4715924	-8.825027	2.1643584	50.344
3.4680011	-8.838196	2.1296425	50.394
3.454833	-8.801085	2.079364	50.443
3.4835634	-8.813056	2.079364	50.495
3.4572272	-8.847773	2.0003555	50.545
3.4608185	-8.870518	1.9177556	50.595
3.53863	-8.862138	1.9835961	50.645
3.551798	-8.819042	1.9500773	50.695
3.5984852	-8.807071	1.9428947	50.745
3.6739025	-8.767567	1.9405005	50.795
3.7134068	-8.768764	1.958457	50.845
3.679888	-8.7951	2.018312	50.895
3.7098155	-8.760384	2.007538	50.945
3.7014358	-8.765172	2.0015526	50.995
3.7014358	-8.754398	1.99437	51.015
3.7253778	-8.755595	2.0111294	51.092
3.7134068	-8.744822	2.0338743	51.143
3.6870706	-8.765172	2.0446482	51.192
3.678691	-8.755595	1.9632454	51.243
3.70383	-8.723274	2.1380222	51.293
3.6703112	-8.7771435	1.9979613	51.344
3.657143	-8.748413	2.1176715	51.394
3.70383	-8.725668	2.1332338	51.444
3.7205894	-8.687361	2.2373815	51.495
3.6870706	-8.735245	2.1883004	51.539
3.6008794	-8.765172	2.1033063	51.593
3.5482068	-8.763975	2.1679497	51.643
3.5326445	-8.772355	2.2110453	51.693
3.4715924	-8.767567	2.2349873	51.742
3.4943373	-8.754398	2.3116016	51.794
3.4763808	-8.763975	2.3259668	51.844
3.4632127	-8.7532015	2.315193	51.894
3.4452562	-8.785523	2.3008277	51.944
3.4272997	-8.793902	2.2529438	51.995
3.4500446	-8.760384	2.3451207	52.022
3.4847605	-8.802282	2.2876596	52.093
3.4823663	-8.754398	2.3690627	52.143
3.453636	-8.7125	2.3690627	52.193
3.502717	-8.7532015	2.3930047	52.242
3.5051112	-8.774749	2.3630772	52.294
3.5218706	-8.732851	2.3139958	52.344
3.5470097	-8.7292595	2.3080103	52.394
3.6044707	-8.74961	2.2876596	52.444
3.539827	-8.74961	2.315193	52.495
3.572149	-8.755595	2.2972364	52.544
3.539827	-8.748413	2.2481554	52.593
3.5338416	-8.760384	2.2062569	52.643
3.5482068	-8.771158	2.19668	52.693
3.5889084	-8.774749	2.1655555	52.742
3.6104562	-8.718486	2.2661119	52.794
3.514688	-8.825027	1.982399	52.844
3.5924997	-8.774749	2.1272483	52.894
3.6332011	-8.760384	2.0087352	52.944
3.6727054	-8.731653	2.0231004	52.995
3.6834793	-8.787917	1.9800048	53.025
3.6858735	-8.760384	1.9452889	53.093
3.655946	-8.7532015	1.9548657	53.143
3.70383	-8.772355	2.007538	53.193
3.6870706	-8.780735	1.982399	53.242
3.6834793	-8.784326	1.9393034	53.294
3.6978445	-8.784326	1.922544	53.343
3.6846764	-8.796297	1.8890251	53.394
3.7253778	-8.763975	1.8818425	53.444
3.6523547	-8.784326	2.0242975	53.495
3.643975	-8.7951	1.8579005	53.539
3.6475663	-8.783129	2.0386627	53.595
3.6403837	-8.783129	1.9991584	53.639
3.6379895	-8.728063	2.0578163	53.695
3.6236243	-8.78672	2.0374656	53.739
3.5817258	-8.771158	2.0721815	53.795
3.582923	-8.787917	2.1212628	53.844
3.5936968	-8.783129	2.1751323	53.893
3.5110967	-8.790312	2.1272483	53.943
3.5122938	-8.802282	2.1499932	53.993
3.4847605	-8.77834	2.1739352	54.023
3.4572272	-8.763975	2.2577322	54.094
3.4919431	-8.750807	2.31639	54.144
3.4524388	-8.76996	2.3104045	54.192
3.41892	-8.750807	2.1739352	54.244
3.4967315	-8.783129	2.2972364	54.294
3.5230677	-8.773552	2.31639	54.344
3.5051112	-8.700529	2.2852654	54.393
3.5470097	-8.750807	2.1679497	54.445
3.5565867	-8.736442	2.2816741	54.493
3.5410242	-8.744822	2.2697031	54.543
3.608062	-8.742428	2.2972364	54.593
3.5781345	-8.7532015	2.2110453	54.643
3.643975	-8.732851	2.2098482	54.693
3.6727054	-8.730456	2.1559787	54.744
3.6990416	-8.717288	2.1428106	54.794
3.6870706	-8.711303	2.1080947	54.844
3.7181952	-8.750807	2.1057005	54.895
3.7660792	-8.710106	2.315193	54.944
3.7241807	-8.75799	2.0123265	55.008
3.7672763	-8.725668	2.1260512	55.025
3.799598	-8.671799	2.111686	55.104
3.7948096	-8.700529	2.148796	55.143
3.7924154	-8.688558	2.1583729	55.193
3.763685	-8.701726	2.1523874	55.252
3.7337575	-8.686164	2.1188686	55.294
3.7588966	-8.708909	2.2050598	55.344
3.7588966	-8.726865	2.15957	55.394
3.7553053	-8.699332	2.1799207	55.444
3.727772	-8.732851	2.1631613	55.494
3.6882677	-8.719683	2.195483	55.545
3.667917	-8.735245	2.1667526	55.595
3.6391866	-8.754398	2.1320367	55.645
3.6391866	-8.7292595	2.1559787	55.695
3.6607344	-8.767567	2.123657	55.745
3.630807	-8.768764	2.1978772	55.795
3.5889084	-8.735245	2.1571758	55.845
3.6260185	-8.7771435	2.1260512	55.895
3.5458126	-8.783129	2.183512	55.945
3.503914	-8.835801	2.0913353	55.995
3.5051112	-8.793902	2.0961237	56.025
3.4727895	-8.816648	2.1068976	56.093
3.4727895	-8.809465	2.098518	56.143
3.4608185	-8.84059	2.078167	56.193
3.4129345	-8.84059	2.0817583	56.252
3.4225113	-8.844181	2.0649989	56.294
3.4021606	-8.858546	2.0123265	56.344
3.3399115	-8.850166	2.112883	56.394
3.3255463	-8.900445	1.8914193	56.444
3.369839	-8.850166	2.1428106	56.495
3.3722332	-8.859743	2.1033063	56.544
3.4021606	-8.828619	2.0949266	56.594
3.394978	-8.842984	2.1332338	56.645
3.3542767	-8.828619	2.0614076	56.695
3.4452562	-8.797494	2.1260512	56.745
3.441665	-8.842984	2.1440077	56.795
3.4644098	-8.813056	2.0973208	56.845
3.4871547	-8.790312	2.0626047	56.895
3.514688	-8.832211	2.0817583	56.945
3.5362358	-8.780735	2.136825	56.995
3.5470097	-8.744822	2.135628	57.024
3.4739866	-8.815451	2.0853498	57.094
3.5314474	-8.78672	2.018312	57.153
3.6655228	-8.839393	2.0338743	57.202
3.6966474	-8.768764	1.9728222	57.252
3.7457285	-8.724471	1.9931729	57.294
3.7541082	-8.734048	2.0925324	57.344
3.7361517	-8.742428	2.1068976	57.394
3.6391866	-8.75799	2.0937295	57.444
3.6703112	-8.752005	2.0590134	57.495
3.7098155	-8.706514	2.0614076	57.545
3.7373488	-8.717288	2.0973208	57.595
3.7553053	-8.734048	2.1212628	57.644
3.7253778	-8.748413	2.1068976	57.695
3.7325604	-8.734048	2.0614076	57.745
3.7134068	-8.74123	2.099715	57.795
3.6774938	-8.74123	2.0937295	57.844
3.6367924	-8.76637	2.0099323	57.895
3.8714242	-8.7771435	2.2278047	57.944
3.5206735	-8.7053175	2.1021092	57.995
3.5853171	-8.756793	2.123657	58.025
3.5541923	-8.730456	2.1033063	58.094
3.606865	-8.7771435	2.1631613	58.143
3.5901055	-8.74123	2.2349873	58.193
3.5865142	-8.737639	2.255338	58.243
3.5051112	-8.746018	2.255338	58.293
3.4967315	-8.774749	2.2637177	58.344
3.4835634	-8.74123	2.2601264	58.394
3.6990416	-8.792706	2.3570917	58.444
3.5541923	-8.760384	2.183512	58.495
3.4680011	-8.7532015	2.1906946	58.545
3.4165258	-8.821436	2.2613235	58.595
3.394978	-8.857349	2.0386627	58.645
3.465607	-8.76996	2.2254105	58.694
3.6236243	-8.772355	2.2409728	58.745
3.5290532	-8.755595	2.111686	58.795
3.5673606	-8.834604	2.0171149	58.844
3.4991257	-8.773552	2.0901382	58.895
3.5529952	-8.820239	2.124854	58.945
3.5936968	-8.845378	2.1320367	58.995
3.5877113	-8.819042	2.098518	59.025
3.5242648	-8.802282	1.9895816	59.103
3.5673606	-8.787917	1.9728222	59.143
3.6487634	-8.796297	1.9764135	59.193
3.6164417	-8.748413	1.946486	59.243
3.6367924	-8.835801	1.9093759	59.294
3.6272156	-8.750807	1.9847932	59.344
3.66672	-8.844181	1.6819267	59.394
3.714604	-8.789114	1.8231846	59.444
3.763685	-8.801085	1.7980455	59.495
3.8151605	-8.723274	1.839944	59.545
3.7816415	-8.748413	1.8962077	59.595
3.7816415	-8.768764	1.8076223	59.652
3.7852328	-8.756793	1.8531121	59.693
3.7912183	-8.796297	1.863886	59.743
3.8043866	-8.781932	1.8710686	59.792
3.7960067	-8.752005	1.9309237	59.842
3.8043866	-8.802282	1.8890251	59.894
3.775656	-8.688558	1.9201498	59.944
3.7900212	-8.833407	1.863886	60.004
3.714604	-8.801085	1.9369092	60.023
3.6870706	-8.827422	1.8770541	60.093
3.7002387	-8.785523	2.0470424	60.143
3.6762967	-8.736442	2.1021092	60.193
3.7193923	-8.765172	2.1057005	60.243
3.5865142	-8.719683	2.1667526	60.294
3.5553896	-8.810662	2.1631613	60.344
3.5458126	-8.750807	2.2134395	60.394
3.5865142	-8.77834	2.2182279	60.444
3.5805287	-8.750807	2.2457612	60.495
3.4835634	-8.744822	2.2481554	60.545
3.5482068	-8.805874	2.2242134	60.595
3.5853171	-8.86932	2.268506	60.645
3.560178	-8.735245	2.268506	60.694
3.4799721	-8.785523	2.1775265	60.745
3.5458126	-8.889671	2.123657	60.795
3.6236243	-8.735245	2.208651	60.841
3.618836	-8.819042	2.100912	60.902
3.681085	-8.696938	2.433706	60.943
3.4249055	-8.9842415	2.6360161	61.001
3.6762967	-8.817844	1.922544	61.051
