0.28491	-9.306262	3.2202013	0.509
0.28491	-9.306262	3.2202013	0.509
0.20949265	-9.200917	3.156755	0.052
0.18914193	-9.221268	3.181894	0.07
0.32321724	-9.324219	3.1136594	0.101
0.45848963	-9.329007	3.1759086	0.12
0.46447513	-9.28232	3.1794999	0.133
0.22266077	-9.1590185	2.4468741	0.171
0.52073884	-9.57561	3.2752678	0.19
0.23582886	-9.307459	2.8790276	0.221
0.16519992	-9.175778	3.1998506	0.234
0.05746084	-9.062054	3.2872388	0.27
0.12449849	-9.210494	3.120842	0.284
0.39624038	-9.369708	3.6044707	0.319
0.35434186	-9.251195	3.5326445	0.334
0.090979666	-9.024943	3.3291376	0.372
0.035913024	-9.306262	3.6104562	0.387
-0.047884032	-9.155427	3.5051112	0.419
-0.1448492	-9.139865	3.490746	0.435
-0.1448492	-9.139865	3.490746	0.435
0.05746084	-9.390059	3.369839	0.499
-0.08619126	-9.443929	3.3602622	0.519
0.06584055	-9.248801	3.4488475	0.549
0.023942016	-9.343372	3.2453403	0.569
-0.1400608	-9.390059	3.2070332	0.599
-0.22505496	-9.31943	3.0573955	0.619
-0.4237737	-9.248801	2.9257145	0.649
-0.5327099	-9.2308445	3.0358477	0.669
-0.5303157	-9.178172	3.1603463	0.699
-0.38187516	-9.285912	2.9843724	0.719
-0.4285621	-9.232041	3.0298622	0.749
-0.40701428	-9.24521	2.9520507	0.769
-0.3184288	-9.419987	3.252523	0.799
-0.16639702	-9.396045	3.2680852	0.819
-0.017956512	-9.202114	2.8694508	0.849
-0.17238252	-9.564836	2.9352913	0.869
-0.4405331	-9.49301	3.039439	0.899
-0.60333884	-9.315839	2.9891608	0.919
-0.5746084	-9.2547865	3.0969	0.949
-0.47285482	-9.441534	3.0705638	0.969
-0.24660277	-9.509769	3.0358477	0.999
-0.22984336	-9.524135	2.9520507	1.019
-0.427365	-9.434352	2.871845	1.049
-0.5482722	-9.333796	2.9472623	1.069
-0.5231331	-9.313444	2.719813	1.099
-0.45489833	-9.323022	2.8526914	1.119
-0.30645782	-9.186552	2.9484594	1.149
-0.1388637	-8.831013	2.9269116	1.169
0.017956512	-8.682572	2.6180596	1.199
0.31603462	-8.916007	2.9735985	1.219
1.1025299	-9.744401	3.9636009	1.249
1.2078748	-9.351752	3.9444473	1.269
0.8774749	-9.229648	3.787627	1.299
0.81761986	-9.467871	3.7086184	1.319
0.45130703	-9.774328	3.4823663	1.349
0.2621651	-9.446322	3.4644098	1.369
-0.49081135	-8.603564	2.7473464	1.399
-0.2908955	-8.737639	2.4396915	1.419
0.0047884034	-9.28232	2.681506	1.449
0.0047884034	-9.28232	2.681506	1.449
0.5255273	-9.376891	2.0482395	1.489
0.94810385	-9.169792	2.4265234	1.519
1.2054806	-9.112331	2.6623523	1.55
1.282095	-9.2069025	2.585738	1.57
0.9864111	-9.184157	2.5019407	1.599
1.0223241	-9.039309	2.7090392	1.619
1.4425066	-9.19134	2.730587	1.649
1.2282255	-9.244013	2.4492683	1.669
0.7314286	-9.609129	1.7980455	1.699
0.7314286	-9.609129	1.7980455	1.699
-0.427365	-10.266336	0.50038815	1.746
1.5741876	-11.09114	3.7576995	1.77
3.084929	-11.09473	2.4492683	1.799
3.0765493	-10.705673	2.6408045	1.819
2.6647465	-12.121843	-0.712275	1.849
0.88944596	-13.14297	-2.0135236	1.869
-1.271321	-9.837775	0.94570965	1.899
-2.1679497	-7.1622543	1.1659763	1.919
-0.7194576	-5.412093	0.1376666	1.949
-0.07062895	-8.24563	1.7525556	1.969
2.5605986	-13.928268	3.453636	1.999
4.0054994	-15.546749	1.9081788	2.019
0.82240826	-10.759542	0.94690675	2.049
0.17477672	-6.8186865	3.478775	2.069
0.29328972	-5.878962	3.311181	2.099
0.9576807	-6.2644286	2.2481554	2.119
1.1731589	-8.11395	3.1639376	2.149
0.8858546	-8.523358	3.4380736	2.169
-0.6787562	-5.9424086	0.35314476	2.199
0.41299978	-5.1140146	1.1695676	2.219
-1.1288661	-7.017405	5.825093	2.249
-0.50397944	-8.626308	3.6020765	2.269
-0.3890578	-8.762778	3.9456444	2.299
0.050278235	-10.301053	4.8386817	2.319
0.31004912	-10.511743	3.4320881	2.349
-0.24061728	-11.6442	4.734534	2.369
-1.7190368	-13.285425	1.8124107	2.399
-2.9221232	-13.842077	3.8402996	2.419
-2.6719291	-13.6673	3.8762126	2.449
-2.6719291	-13.6673	3.8762126	2.449
-3.4739866	-7.3190746	2.0841527	2.489
-3.620033	-7.668628	1.7262194	2.519
-1.70946	-7.9726915	2.2266076	2.542
0.3184288	-9.605537	3.4823663	2.572
0.4213795	-8.22528	4.435259	2.599
0.19512744	-7.7811556	4.272453	2.622
-0.1448492	-7.3047094	3.9564183	2.633
-0.6368576	-6.266823	3.7253778	2.669
-0.32321724	-6.4607534	3.6008794	2.702
-0.25019407	-7.3298483	3.3506854	2.722
-0.4345476	-7.3897038	2.8299465	2.742
-0.34237084	-7.32506	2.9352913	2.772
-0.25498247	-7.559692	3.6164417	2.803
0.21547815	-9.55885	4.510676	2.822
0.8846575	-11.842918	4.643554	2.852
1.4173675	-12.8532715	4.594473	2.872
1.4173675	-12.8532715	4.8877625	2.901
1.5514427	-10.178948	4.52145	2.913
-0.7110779	-6.9479733	2.693477	2.951
-2.2888567	-8.901642	3.2309752	2.971
-1.1803415	-11.020511	4.9643774	3.001
-0.7685388	-12.160151	4.6926355	3.021
-1.0522517	-13.802573	4.9943047	3.051
-1.9740193	-10.013748	5.17387	3.071
-1.3024458	-8.567651	5.2744265	3.101
-0.045489833	-8.611943	5.076905	3.119
-0.36750996	-7.6375036	5.0146556	3.149
-1.0283096	-6.2644286	4.999093	3.169
-0.4189853	-6.181829	5.0421886	3.201
0.2717419	-6.669049	5.449203	3.219
-0.10534488	-5.876568	5.920861	3.249
-0.4321534	-4.879383	5.7185507	3.269
-0.7517793	-5.758055	5.1020436	3.299
-1.1192893	-6.6893997	4.9105077	3.32
-0.36511576	-7.9331875	4.6100354	3.35
-0.47884035	-10.424355	5.6682725	3.369
-3.1627405	-13.839683	2.9484594	3.399
-4.0054994	-15.231912	4.0258503	3.419
-3.7828386	-15.83525	5.9280434	3.449
-3.7828386	-15.83525	5.9280434	3.449
-3.2249897	-7.5549035	2.5187001	3.489
-3.2393548	-6.531382	2.835932	3.519
-2.2768857	-7.2029557	2.5570073	3.549
-0.8403648	-10.120291	3.7457285	3.569
-0.59136784	-9.830592	4.465186	3.599
-0.91817635	-8.773552	4.7165775	3.619
-2.9101522	-6.909666	4.4603977	3.649
-3.0813377	-5.49589	3.643975	3.669
-5.4408236	-3.8869865	3.739743	3.693
0.5351041	-5.887342	0.80445176	3.722
3.264494	-6.131551	2.0937295	3.753
2.0015526	-7.7919292	2.6599581	3.769
1.1875241	-9.281123	1.3551182	3.8
1.3395559	-9.076419	1.8016368	3.819
1.6567876	-9.502586	2.1667526	3.85
0.5398925	-10.664971	2.3642743	3.869
-1.0342951	-13.221979	3.654749	3.9
0.90021986	-13.038822	3.74094	3.919
2.3546975	-12.825739	3.6236243	3.95
1.7932571	-11.847707	2.6312277	3.969
-1.1336545	-7.61835	-0.3854665	4.0
-1.4532804	-7.739257	-2.7808652	4.019
3.582923	-16.470911	-2.9053638	4.05
1.2378023	-14.981717	-2.2146366	4.069
0.47644615	-11.818976	-0.49440265	4.1
0.1316811	-11.56998	0.1328782	4.119
2.2709002	-8.728063	1.9141643	4.149
2.858677	-7.035362	0.9756372	4.169
2.9987376	-4.5202527	1.4137762	4.2
2.4277205	-3.3602622	2.005144	4.219
-0.017956512	-5.3594203	2.2864625	4.25
-0.82001406	-8.176199	2.9532478	4.269
1.7824832	-8.584411	3.4284968	4.299
2.6599581	-8.690952	2.4827871	4.319
1.4544775	-8.899248	3.0777464	4.349
-2.0039468	-8.996213	3.1184478	4.369
-3.2273839	-11.795034	3.7553053	4.399
-2.0374656	-16.88032	5.0637364	4.419
-2.4983494	-14.368801	4.661511	4.44
-2.4983494	-14.368801	4.661511	4.44
-4.345476	-5.2409077	-7.8266454	4.501
-1.3563153	-18.504786	-5.2648497	4.519
-13.8959465	-11.489774	-2.433706	4.549
-5.398925	-4.3059716	0.031124622	4.569
1.8435353	-5.225345	4.296395	4.599
-0.18435353	-6.161478	4.4915223	4.619
-2.6647465	-7.285556	1.9931729	4.649
-2.4899697	-6.703765	0.6572084	4.669
-1.6531962	-5.363012	2.0242975	4.699
-0.4357447	-5.0745106	1.6472107	4.719
1.033098	-7.2352777	1.282095	4.749
1.7681179	-8.3150625	0.7625532	4.769
0.91338795	-10.1621895	0.6392518	4.799
0.9995792	-12.117055	2.3942018	4.819
2.3870192	-13.162124	3.4380736	4.849
2.6743233	-15.176845	2.586935	4.869
4.120421	-14.235924	4.012682	4.899
4.0821137	-10.144233	2.4624364	4.919
-1.1875241	-8.977059	-4.2820296	4.949
-2.4396915	-10.682928	-3.8271315	4.969
-2.0111294	-15.012842	0.6380547	4.999
-0.61411273	-14.979323	0.427365	5.019
2.5258827	-15.933413	-1.6639702	5.049
1.6460136	-14.188039	-0.9708488	5.069
1.3275849	-7.9128366	1.5682021	5.099
1.8674773	-5.6551046	3.6020765	5.119
3.8247373	-4.2413282	2.1631613	5.149
4.0378213	-3.0322564	-0.055066638	5.169
0.059855044	-2.5474305	0.93134445	5.199
-1.0905589	-3.9923313	4.6495395	5.219
1.2174516	-7.04015	4.6459484	5.249
2.3331497	-8.377312	2.7090392	5.269
-0.19393034	-9.952697	0.38187516	5.299
-1.3742718	-9.913192	1.9069817	5.319
-3.6152446	-13.366828	2.5450363	5.349
-3.9911342	-14.077906	4.27365	5.369
-0.94092125	-11.431116	4.6698904	5.389
0.4333505	-7.5692687	0.39145198	5.419
-3.764882	-8.65863	-3.5781345	5.452
-2.8574798	-15.057135	-3.5781345	5.452
-13.204022	-6.3099184	2.0817583	5.5
0.4417302	-4.8147397	3.7421372	5.519
0.80804306	-5.707777	2.7210102	5.549
-2.4971523	-8.094796	3.4440591	5.569
-2.6252422	-7.8745294	0.94331545	5.599
-3.3051953	-5.805939	1.8459295	5.619
-1.1611878	-2.8502972	1.7741034	5.649
0.11252748	-2.906561	0.8559271	5.669
2.6420016	-7.1981673	-1.0570401	5.699
1.6352397	-10.26514	-0.81283146	5.719
1.0642227	-10.880449	2.8048072	5.749
2.432509	-9.623494	3.3638535	5.769
3.289633	-8.566454	2.5809495	5.799
2.5785553	-11.003751	3.394978	5.819
1.7896658	-13.077129	3.643975	5.849
1.9261353	-10.612299	2.4025815	5.869
-0.5542577	-8.078036	0.78769237	5.899
-1.1947067	-9.986216	-5.0242324	5.919
2.1894975	-17.609354	-3.739743	5.949
1.4951789	-19.6133	-4.0785227	5.969
-1.198298	-17.051504	-5.7616463	5.999
-1.2904748	-13.951014	-1.7130513	6.019
0.7086837	-7.6243353	3.927688	6.049
1.9728222	-6.599617	3.8750155	6.069
4.9548006	-4.9763484	0.7637503	6.099
5.0122614	-3.2836475	0.36272156	6.119
0.80205756	-0.48961425	1.2126632	6.149
-1.4173675	-2.0039468	2.6204538	6.169
-0.20709845	-6.6965823	4.0976763	6.199
1.1719618	-8.304289	3.8139634	6.219
1.9680338	-11.990162	-0.2801216	6.249
-2.682703	-10.845734	0.07062895	6.269
-5.511452	-10.279505	3.098097	6.299
-4.425682	-16.254236	5.0781016	6.319
-3.6523547	-17.91222	5.7484784	6.349
-1.602918	-11.45027	3.2273839	6.369
-2.6420016	-12.310986	-5.911284	6.399
-6.197391	-17.823635	-7.4124484	6.419
-10.55843	-4.261679	-2.2972364	6.449
-10.55843	-4.261679	-2.2972364	6.449
2.0087352	-7.642292	2.0829554	6.499
0.18674773	-8.760384	1.1348516	6.519
-4.582502	-7.81228	1.328782	6.549
-4.656722	-5.7664347	2.4241292	6.569
-2.6013002	-4.4448357	2.1787236	6.599
-0.21188685	-3.964798	1.3718776	6.619
1.0319009	-5.1642933	1.2988545	6.649
1.899799	-7.5764513	0.5422867	6.669
1.1432313	-11.571177	-0.20350714	6.699
0.39624038	-12.465411	1.8291701	6.719
1.7429788	-12.425907	2.9412768	6.749
3.3411086	-15.825673	2.8048072	6.769
5.5365915	-13.731944	5.544971	6.799
5.0158525	-10.80623	2.9472623	6.819
0.7529764	-6.6247563	-0.6991069	6.849
-0.94810385	-4.344279	0.50876784	6.869
-4.4113164	-5.6227827	-2.755726	6.899
0.51954174	-14.443022	-4.1814733	6.919
3.7924154	-19.6133	-4.1455603	6.949
-3.2225955	-17.366343	-4.262876	6.969
-2.2816741	-9.712079	-4.0019083	6.999
2.5941176	-5.663484	0.8810662	7.019
5.9639564	-3.2130187	6.655881	7.049
5.064934	-4.003105	0.545878	7.069
1.541866	-3.0310593	1.0426749	7.099
-0.92775315	-3.6978445	2.7605145	7.119
-0.50517654	-6.1890116	2.96881	7.149
2.4995465	-8.310274	3.0945058	7.169
2.432509	-10.885238	0.8655039	7.199
-1.7944542	-11.713632	0.51834464	7.219
-3.9815574	-11.942278	3.8977604	7.249
-3.7193923	-13.718776	4.736928	7.269
-3.4512417	-12.652159	3.4608185	7.299
-2.0530279	-6.1890116	2.919729	7.319
-1.9979613	-7.7560163	-5.2840033	7.349
-3.0573955	-19.6133	-10.419566	7.369
-14.438233	-15.32768	-10.453085	7.399
-8.443152	-4.8482585	2.6839	7.419
2.348712	-5.7879825	4.3502645	7.449
2.348712	-5.7879825	4.3502645	7.449
-2.2888567	-8.525752	2.0350714	7.499
-2.9364884	-7.2149267	1.496376	7.514
-2.5007436	-5.5940523	1.1456255	7.552
-2.2493525	-2.695871	0.80804306	7.572
-1.4377182	-4.7788267	-0.4201824	7.602
0.2645593	-8.428787	-1.3515269	7.622
0.7457938	-12.12304	-0.5279215	7.652
1.6053122	-12.943054	0.8822633	7.672
3.003526	-10.734404	2.9245174	7.702
3.9851487	-13.36204	3.2453403	7.724
4.7081976	-14.507666	3.489549	7.744
5.614403	-13.208811	3.9001546	7.763
3.8953662	-9.427169	2.1883004	7.784
2.1392193	-7.6255326	-3.9085343	7.824
-2.9257145	-11.166556	-4.8973393	7.844
1.0271125	-17.793707	-3.550601	7.863
1.1575965	-19.6133	-4.1419687	7.884
-0.8463503	-16.344017	-0.9983821	7.924
-0.81283146	-10.763134	1.8986019	7.944
0.92296475	-7.2580223	4.7860093	7.963
2.6515784	-6.3745623	2.8311436	7.984
4.4244847	-3.7732618	-0.9744401	8.024
2.493561	-1.9991584	0.08140286	8.044
0.91338795	-1.9009962	0.7422025	8.064
-1.0989386	-3.7445314	2.1452048	8.084
-0.89543146	-5.90889	3.4763808	8.124
1.9297266	-10.627861	0.4177882	8.144
-0.031124622	-10.970232	-0.2777274	8.163
-0.5410896	-10.803835	1.6603789	8.184
-1.2234371	-15.874754	4.0186677	8.224
-4.167108	-14.1629	4.296395	8.244
-2.2720973	-12.095507	-1.0283096	8.263
-3.430891	-15.008054	-5.753267	8.284
-6.825869	-19.6133	-1.638831	8.324
-8.541314	-2.8574798	-0.5746084	8.344
1.0199299	-4.805163	1.2066777	8.364
0.31004912	-8.9279785	2.6922798	8.384
-1.7082629	-10.432734	0.35553896	8.424
-4.3634324	-6.302736	2.0602105	8.445
-4.3634324	-6.302736	2.0602105	8.445
-4.3634324	-6.302736	2.0602105	8.502
0.272939	-3.5769374	0.51475334	8.511
0.6667852	-3.6619315	0.44651863	8.539
1.1073183	-9.101558	-0.79487497	8.567
0.9588778	-13.363236	-1.3994108	8.585
0.9624691	-12.61026	2.2864625	8.623
2.232593	-10.977415	4.4580035	8.652
3.3961751	-12.587516	3.9504328	8.671
4.9524064	-12.275072	4.1515455	8.699
3.2225955	-9.554062	2.2948422	8.719
-1.7226281	-7.1083846	0.47764325	8.749
-3.5458126	-7.726089	-3.928885	8.769
1.258153	-16.837223	-2.7353754	8.799
1.6077064	-19.589357	-3.25372	8.819
-0.053869538	-15.526398	-2.882619	8.849
-0.22744916	-14.119804	-1.292869	8.869
0.6356605	-12.931084	2.8407204	8.892
-3.7672763	-9.002198	-2.871845	8.921
-4.461595	-12.397177	-5.849035	8.941
-6.8222775	-19.6133	-4.9583917	8.971
-14.772224	-13.444639	-6.655881	8.991
-2.9221232	-7.0221934	7.428011	9.021
1.5239093	-8.178593	2.337938	9.052
0.93254155	-9.39365	0.41180268	9.072
-0.6859388	-8.491036	1.2389994	9.102
-3.1471782	-6.405687	2.2397757	9.122
-3.383007	-5.0625396	1.9081788	9.142
-2.4492683	-4.584896	1.5933412	9.153
1.1779473	-6.7588315	0.020350715	9.205
4.4903255	-9.329007	0.9900024	9.222
5.245696	-10.208876	2.0829554	9.241
3.5470097	-10.493786	1.5334862	9.272
1.9440918	-10.19092	2.3187842	9.291
1.5957354	-11.909956	2.4480712	9.322
1.0761937	-14.241909	2.906561	9.351
-0.34476504	-12.769475	2.8790276	9.371
-0.59735334	-8.236053	0.61411273	9.391
-0.78649527	-4.92607	-2.777274	9.422
1.328782	-7.5345526	-4.039018	9.441
5.595249	-17.828423	-3.1591492	9.472
2.9999347	-19.6133	-3.2094274	9.502
-1.4137762	-17.87152	-7.6027875	9.522
-1.0366893	-12.648567	-4.868609	9.542
1.7525556	-5.4204726	9.056067	9.572
4.578911	-4.703409	-0.075417355	9.592
5.079299	-5.4085016	-1.2761095	9.622
4.8267107	-6.303933	-2.3247697	9.652
2.2278047	-8.773552	-4.607641	9.672
-1.009156	-10.763134	-2.7844565	9.692
-3.776853	-9.421184	1.1767502	9.722
-2.574964	-7.430405	-0.34715924	9.741
-1.8411411	-7.714118	0.40102878	9.773
-0.12569559	-8.768764	1.8555063	9.802
2.6503813	-10.3214035	3.0801406	9.822
2.5725696	-10.360908	1.9776106	9.842
-1.352724	-13.989321	-2.979584	9.872
-2.4756045	-19.6133	-6.70975	9.891
-8.669404	-18.84955	-3.2788591	9.922
-6.4511766	-5.3079453	-3.5733461	9.952
0.30645782	-4.477157	-0.5291186	9.972
-4.2880154	-7.8517847	2.2409728	9.992
-4.292804	-10.714052	-0.37948096	10.022
-3.1591492	-11.039664	-0.92655605	10.052
-0.35913026	-8.177396	2.2409728	10.072
-1.1575965	-7.2424603	2.0207062	10.092
-3.9264908	-6.2584434	-0.06344634	10.121
-4.068946	-6.247669	0.7134721	10.145
-3.4344823	-6.8306575	0.6500258	10.155
-1.7860745	-7.5561004	0.60453594	10.202
1.6639702	-7.5704656	1.4760253	10.222
1.5610195	-6.987478	0.35075054	10.252
-0.32321724	-8.859743	0.062249243	10.271
0.14604631	-10.742783	0.23223756	10.292
0.93493575	-12.51928	0.320823	10.322
1.3934253	-12.427104	1.7824832	10.342
3.6248214	-10.842142	1.2868834	10.372
6.3470287	-10.097546	-0.1340753	10.392
0.0011971008	-9.00579	0.022744916	10.422
-6.2500634	-8.828619	-1.4209588	10.442
-6.9120603	-11.304223	0.6775591	10.472
-3.6583402	-14.548367	1.4077905	10.492
1.2018893	-19.546263	2.0518308	10.522
2.8215668	-18.013973	-0.59256494	10.542
-2.6767175	-10.289082	-1.2856863	10.572
-2.8682537	-6.945579	1.5993267	10.592
-1.0510546	-6.1064115	2.9233203	10.622
2.4061728	-5.804742	1.6747441	10.642
3.0490158	-5.5641246	2.5330653	10.672
0.7757214	-5.3725886	3.25372	10.691
-1.4891934	-5.482722	3.2261868	10.722
-2.6396074	-6.4882865	2.906561	10.741
-2.4660277	-7.7488337	2.6144683	10.772
-1.0271125	-7.855376	1.3443443	10.791
0.39983168	-8.932767	0.45609543	10.821
0.6428431	-10.020931	0.30765492	10.852
-0.38187516	-12.691663	1.0139444	10.872
-3.1136594	-14.347254	-2.8562827	10.891
-5.627571	-16.019604	-6.4344172	10.92
-8.950723	-15.067908	-2.0913353	10.943
-6.5804634	-4.23654	0.07182605	10.972
-0.8870517	-4.5621514	-4.4196963	10.991
-2.3223755	-9.409213	0.2717419	11.022
-5.720945	-11.148601	-0.21787235	11.041
-4.1742907	-10.488997	-4.830302	11.072
0.30885202	-10.196905	-5.2421045	11.091
3.040636	-9.283517	-4.355053	11.121
3.7122097	-8.3868885	-2.8048072	11.152
2.7976246	-8.967483	-2.0841527	11.161
1.9548657	-9.727641	-1.6915035	11.19
1.8207904	-10.766725	-0.6979098	11.217
5.249287	-8.602366	-0.19153613	11.244
7.2987237	-6.882133	1.5921441	11.274
5.837064	-9.336189	2.6683378	11.294
3.3806129	-11.394006	3.2321723	11.325
1.4257472	-11.906365	3.05141	11.344
1.3383588	-10.518925	3.9109285	11.364
1.8112136	-9.903615	4.665102	11.402
3.3159695	-9.551667	4.608838	11.414
1.7753005	-10.929531	1.9788077	11.445
0.38067806	-10.593145	0.25258827	11.456
-8.066066	-6.0465565	-3.0250738	11.486
-7.302315	-4.8841715	0.91578215	11.523
3.5924997	-10.280702	7.429208	11.543
5.4767365	-14.136564	0.12330139	11.573
4.614824	-12.575544	-3.2118216	11.591
0.36272156	-8.582016	5.1571107	11.622
0.11851298	-7.1706343	6.9371996	11.652
1.1492168	-6.172252	2.0219033	11.672
1.3359646	-6.206968	2.9245174	11.693
0.9600749	-6.457162	4.3658266	11.723
-0.01436521	-6.728904	3.6367924	11.742
-0.47644615	-7.0449386	3.5924997	11.772
-0.1400608	-8.016984	3.1280246	11.791
-0.7254431	-9.737218	1.8902222	11.822
-0.89303726	-10.399215	1.7310078	11.846
-1.5849615	-15.680824	3.728969	11.875
-2.1978772	-16.253038	5.6084175	11.902
-3.228581	-13.030443	6.045359	11.922
-3.192668	-11.876437	2.110489	11.941
-5.085284	-11.851298	0.36870706	11.971
-7.052121	-9.038112	-2.183512	12.001
-5.2540755	-7.0808516	-2.5474305	12.022
-4.0174704	-7.120356	-1.2354081	12.052
-1.6184803	-6.96593	-0.9624691	12.072
-0.93613285	-8.580819	-1.1504139	12.092
-2.2960393	-8.652645	0.78649527	12.122
-2.1200657	-7.3059063	0.49081135	12.142
-0.5351041	-7.04015	0.8487445	12.162
-0.021547815	-7.606379	0.8678981	12.192
0.5710171	-8.352173	1.5406688	12.221
1.2282255	-7.7811556	2.2397757	12.241
2.6372132	-7.681796	2.019509	12.272
2.420538	-9.295488	2.03148	12.292
1.9740193	-10.986992	2.7880478	12.322
1.7178397	-12.653356	2.9005754	12.352
0.5291186	-14.85243	2.7222073	12.371
0.5494693	-12.996924	4.0186677	12.391
1.8567034	-9.512163	2.360683	12.422
0.41299978	-9.645041	0.59735334	12.441
-0.90859956	-11.336545	-3.8247373	12.472
-1.2785037	-14.77821	-0.78529817	12.502
-2.9735985	-11.221623	-0.029927522	12.522
0.1376666	-10.418368	1.2162545	12.542
2.2744915	-12.126632	0.35673606	12.572
2.3714569	-12.671312	-0.44532153	12.591
0.9900024	-9.543288	0.21667525	12.622
0.7146692	-6.3350577	2.0207062	12.652
2.456451	-3.0023289	-0.81402856	12.672
1.887828	-1.7393875	-0.20470424	12.692
0.89782566	-3.3889925	2.7234044	12.722
-0.017956512	-6.066907	4.011485	12.741
-1.99437	-8.935161	4.414908	12.772
0.12090719	-9.41879	1.3934253	12.792
0.4405331	-10.176555	3.8247373	12.822
-0.8750807	-11.240777	4.1611223	12.842
-2.2732944	-15.340847	3.3877954	12.871
-1.9931729	-13.297397	5.9364233	12.902
-1.2054806	-9.075222	0.260968	12.922
-5.8909335	-9.291897	-8.1343	12.942
-8.169016	-17.794905	-7.5680714	12.972
-13.979744	-13.935451	-3.3662477	13.002
-2.292448	-6.1866174	2.348712	13.022
4.9524064	-5.693412	3.3195608	13.042
-2.087744	-6.697779	0.92176765	13.072
-5.273229	-7.7189064	1.3802572	13.091
-5.04578	-8.535329	1.3862427	13.122
-2.8275523	-7.6003933	0.1604115	13.141
-0.2789245	-5.590461	-0.8583213	13.162
2.4528596	-5.7365074	0.11611878	13.192
2.5486276	-9.4535055	1.2940661	13.222
2.5797524	-9.7803135	2.1021092	13.242
3.181894	-10.492589	3.7493198	13.271
2.4037786	-9.888053	2.0805612	13.292
1.4879963	-10.7116585	3.7122097	13.322
1.7250223	-12.376825	3.204639	13.341
3.9552212	-11.923124	3.3327289	13.372
3.4632127	-10.299856	2.4648306	13.392
0.20709845	-6.2871737	0.16160862	13.422
-6.2752028	-3.193865	1.3946224	13.442
-4.617218	-13.306973	-4.605247	13.472
3.039439	-19.6133	-1.8076223	13.502
1.520318	-19.6133	-3.3674448	13.522
-5.1475334	-14.383166	-6.777985	13.552
-2.8622682	-4.9655743	-1.5646108	13.572
3.6212301	-1.5981296	13.158532	13.602
7.153875	-5.4683566	1.6256629	13.622
7.32506	-7.1155677	-1.1324574	13.652
1.745373	-4.332308	0.06464344	13.672
-1.4688427	-2.267309	2.8419175	13.691
-2.0159178	-6.053739	4.095282	13.722
1.9009962	-9.246407	2.5270798	13.752
0.79008657	-10.268731	0.30645782	13.772
-1.5478514	-9.767146	0.15203181	13.792
-2.7976246	-11.135432	2.468422	13.822
-4.212598	-16.639702	-0.760159	13.841
-8.402451	-19.6133	-5.8705826	13.872
-12.567164	-13.986926	-1.2904748	13.902
-4.2437224	-6.459556	-2.3331497	13.922
0.7517793	-4.367024	-0.5686229	13.942
-0.89423436	-7.4687123	4.0438066	13.972
-3.8654387	-10.488997	0.34955344	14.002
-4.689044	-10.156203	0.7350199	14.022
-3.3758245	-8.573636	2.112883	14.042
-0.062249243	-4.0617633	2.528277	14.072
1.4975731	-1.6927006	1.8483237	14.092
0.8283938	-2.753332	1.0127473	14.122
-0.90261406	-5.9531827	0.17118542	14.142
-0.6967127	-7.4375877	0.06344634	14.161
0.6500258	-9.169792	0.80445176	14.212
2.172738	-9.035717	2.3834279	14.221
3.7122097	-9.179369	3.027468	14.242
4.380192	-11.95784	2.6036944	14.272
1.4185646	-14.149732	2.9269116	14.302
2.3235726	-13.111846	2.1978772	14.321
2.3989902	-11.326968	0.94690675	14.341
-1.7226281	-8.661025	-2.2050598	14.371
-3.2728736	-10.887632	-4.594473	14.392
-2.1523874	-18.971655	-1.8938135	14.421
-3.2094274	-19.6133	-1.8124107	14.441
-1.6795325	-16.121357	-3.6020765	14.472
1.508347	-11.575965	-0.78649527	14.491
3.7337575	-7.431602	3.8414967	14.522
3.1280246	-7.171831	2.3211784	14.541
2.5378537	-5.8717794	1.6017209	14.572
2.0015526	-3.5781345	1.8447324	14.592
0.51116204	-0.60453594	1.508347	14.622
0.23582886	-2.244564	2.9819782	14.641
1.5861586	-7.290344	4.0258503	14.671
2.3056161	-10.289082	1.7058687	14.692
0.29328972	-10.55843	-0.7302315	14.722
-0.4285621	-9.827001	2.267309	14.742
-0.16639702	-13.18846	2.7246015	14.772
-1.7369933	-16.943766	3.3135753	14.792
-1.5310919	-12.185289	3.0466216	14.822
-1.3623008	-8.765172	1.8495208	14.842
-0.29688102	-1.4149733	-1.6555905	14.872
-3.3159695	-7.135918	-3.3171666	14.892
-12.109872	-19.6133	-9.824607	14.922
-19.612701	-12.237962	-6.077681	14.942
-3.3530796	-5.4659624	10.006566	14.972
5.127183	-0.9900024	7.4735007	14.992
-0.29688102	-5.4911017	-0.5422867	15.022
-0.5315128	-8.39048	1.4437037	15.042
-4.5741224	-7.0581064	0.23822308	15.072
-0.82121116	-6.4882865	-1.6077064	15.092
1.5813702	-7.4387846	-1.5179238	15.122
2.0817583	-9.193734	1.7525556	15.145
1.3455414	-9.959879	2.9628246	15.157
1.3455414	-9.959879	2.9628246	15.157
1.5275006	-10.828975	2.992752	15.222
2.0949266	-11.668142	2.4947581	15.241
1.8914193	-9.483433	1.0714053	15.272
0.5255273	-4.775235	0.2693477	15.291
-1.7465701	-2.0937295	0.20829555	15.322
0.6380547	-8.244433	-3.855862	15.352
4.368221	-19.6133	-5.425261	15.371
8.210915	-19.6133	-6.2632318	15.391
-9.507375	-19.462465	-8.649054	15.422
-4.036624	-9.337387	-5.052963	15.441
3.9755719	-2.4025815	15.057135	15.472
5.459977	-3.776853	7.7703815	15.491
8.250419	-5.8382607	-1.8387469	15.522
5.0242324	-4.0880995	-0.80684596	15.541
0.78529817	0.17118542	1.9883845	15.572
-0.25498247	-2.5198972	3.1998506	15.602
0.90021986	-7.620744	0.93014735	15.622
0.16160862	-7.9822683	-0.7254431	15.641
-1.543063	-8.316259	0.6631939	15.672
-2.1033063	-9.470264	3.618836	15.702
-1.9728222	-14.320917	3.2273839	15.722
-3.204639	-14.306552	3.2501287	15.741
-3.0609868	-9.150639	3.4081461	15.772
-3.144784	-8.249222	-1.99437	15.791
-4.950012	-19.6133	-9.66659	15.822
-10.632649	-18.179174	-8.331821	15.842
-5.0242324	-6.0920463	4.021062	15.872
2.565387	-7.135918	3.1423898	15.892
1.2856863	-7.860164	1.4987702	15.921
-1.4915876	-7.952341	2.1799207	15.941
-5.225345	-7.0820484	1.9883845	15.972
-4.5394063	-5.657499	2.1547816	15.992
-0.59256494	-3.204639	1.3754689	16.022
0.47764325	-2.4732103	1.1336545	16.042
2.1308396	-5.7065797	-0.29927522	16.072
2.0841527	-9.89763	-0.6823475	16.092
1.388637	-11.878832	1.246182	16.122
0.29807812	-10.357317	2.3127987	16.142
-0.12090719	-9.828198	2.6779146	16.161
0.14963761	-10.784681	4.0414124	16.192
2.3439236	-14.67885	2.1452048	16.222
2.9999347	-13.18008	3.3530796	16.242
2.3930047	-7.395689	0.5554548	16.272
0.17597382	-8.310274	-3.952827	16.292
2.5941176	-11.294646	-3.252523	16.321
1.8543092	-18.385075	-3.2968156	16.342
-1.9728222	-19.6133	-5.0781016	16.372
-3.809175	-15.309723	-2.979584	16.391
0.78410107	-7.869741	3.1519666	16.422
2.0003555	-6.543353	2.5582044	16.442
4.8733974	-5.412093	0.9588778	16.472
5.255273	-4.55856	1.0295067	16.491
2.1942859	-1.8770541	0.5434838	16.521
-0.7505822	-1.6915035	1.4305356	16.542
-1.4341269	-3.678691	3.4356794	16.572
0.48722005	-6.575675	3.58412	16.592
1.2593501	-10.341754	0.33638534	16.622
-0.7529764	-10.611102	-0.30047232	16.642
-1.7441759	-10.073604	4.1695023	16.672
-1.7190368	-15.462952	2.859874	16.692
-3.751714	-15.811308	3.371036	16.722
-2.801216	-11.000159	3.6750996	16.742
-2.730587	-7.7189064	-4.1515455	16.772
-2.9029696	-16.266207	-3.4703953	16.792
-10.269928	-16.989256	-7.5201874	16.822
-12.472593	-11.5077305	-6.7109475	16.842
0.9756372	-6.0046577	3.4009635	16.882
0.5398925	-4.9655743	0.94451255	16.892
-2.847903	-5.779603	2.360683	16.921
-3.630807	-6.657078	1.2557588	16.942
-4.6279917	-6.3003416	0.45370123	16.972
-3.4284968	-5.3498435	-0.19632454	16.992
1.0139444	-4.405331	-0.78888947	17.022
2.6491842	-7.1849995	-0.7613561	17.041
1.4652514	-11.052833	1.3934253	17.071
2.420538	-11.629835	2.2780828	17.092
2.3690627	-10.494983	2.2505496	17.122
2.0374656	-8.01459	3.3159695	17.142
2.7880478	-9.96347	3.714604	17.161
4.092888	-12.856863	3.5230677	17.193
5.021838	-11.665748	2.2840683	17.222
3.0490158	-10.163386	1.8926164	17.242
-2.1859062	-9.139865	-4.733337	17.272
-0.41299978	-14.550761	-3.6008794	17.292
-0.6955156	-19.6133	-3.8881836	17.322
-1.3934253	-17.001226	-4.9559975	17.342
-0.3842694	-13.690045	-2.505532	17.372
0.760159	-9.466674	1.8471266	17.392
2.4827871	-5.878962	1.7142484	17.422
3.4596214	-5.2899885	1.2246342	17.442
3.7205894	-3.7241807	0.5650316	17.471
1.1827357	-1.7298107	0.17357962	17.492
-0.0047884034	-2.2421699	2.0973208	17.522
-0.45130703	-4.6339774	3.78643	17.542
1.7968484	-9.226056	1.9895816	17.572
0.4333505	-10.272323	0.48482585	17.591
-1.7609353	-10.26514	2.3810337	17.622
-2.4995465	-10.6637745	2.89459	17.641
-3.4632127	-16.281769	3.3123782	17.672
-3.6535518	-14.674062	4.036624	17.691
-1.6759412	-7.964312	-0.5518635	17.722
-2.9819782	-10.08318	-6.114791	17.752
-4.6339774	-19.395428	-9.431957	17.772
-12.7575035	-14.952987	-7.6746135	17.791
-9.810242	-9.555259	4.408922	17.822
0.260968	-8.018182	1.2785037	17.842
-1.009156	-5.0062757	2.3666685	17.872
-2.0374656	-4.97156	2.791639	17.892
-3.679888	-5.007473	2.4624364	17.922
-3.6499605	-5.3713913	1.0223241	17.942
-1.3838485	-3.7804444	-0.049081136	17.972
1.496376	-4.9428296	-1.340753	17.992
2.5905263	-11.247959	-0.6404489	18.022
2.0841527	-12.785037	0.36870706	18.042
2.304419	-12.64737	2.44448	18.072
2.3331497	-9.642648	2.6755204	18.102
2.7688942	-10.439917	3.168726	18.122
4.1120415	-12.143391	4.1371803	18.152
4.4639893	-11.956643	4.8817773	18.161
2.7976246	-11.288661	-0.4321534	18.193
-0.8355764	-11.767501	-4.155137	18.221
-1.8076223	-14.589068	-3.9719806	18.241
-3.858256	-17.039534	-5.08289	18.272
-0.48961425	-14.444219	-5.151125	18.292
0.8607155	-12.995727	0.59017074	18.322
1.0737995	-10.589554	3.311181	18.352
1.0187328	-8.792706	0.3184288	18.372
1.9452889	-6.6307416	0.63087213	18.392
3.8833952	-2.5785553	0.7673417	18.422
3.4332852	-1.7932571	0.6835446	18.441
0.4165911	-2.7485435	1.2880806	18.472
-0.16879122	-5.389348	2.4839842	18.491
0.24061728	-8.240842	2.5127146	18.522
0.81402856	-8.937555	0.51714754	18.542
0.34117374	-8.1881695	0.24779987	18.572
-0.5255273	-7.6889787	1.5466543	18.591
-2.0937295	-11.297041	2.1452048	18.621
-3.084929	-15.764621	4.3023806	18.642
-1.7274165	-15.989676	0.7433996	18.671
-3.881001	-15.841235	-4.9200845	18.692
-6.235698	-18.259378	-5.8322754	18.722
-7.9930425	-10.398018	-3.7816415	18.741
-2.4983494	-5.427655	2.27928	18.772
-1.8926164	-7.681796	1.1971009	18.792
-1.7717092	-10.6877165	0.866701	18.822
-2.3630772	-11.055226	0.39264908	18.841
-4.223372	-7.5932107	2.7593174	18.872
-2.6384103	-4.7907977	2.8981812	18.891
-0.9888053	-2.2744915	2.3882163	18.922
0.2896984	-3.015497	1.8112136	18.952
0.46806642	-5.5940523	0.78290397	18.972
0.90859956	-8.189367	-0.038307227	18.992
1.6041151	-9.356541	0.037110128	19.022
1.2785037	-9.31105	1.3634979	19.052
0.5351041	-8.690952	2.8167782	19.072
1.1360487	-10.334572	4.1120415	19.092
1.316811	-13.057976	3.5230677	19.121
2.9735985	-13.587094	3.2357635	19.141
3.8247373	-12.373235	2.5462334	19.161
1.7872716	-7.3226657	0.8607155	19.203
-4.0294414	-5.9639564	-1.3000516	19.222
-4.710592	-6.8067155	-4.19943	19.242
2.0242975	-18.800468	-3.5338416	19.272
2.871845	-19.6133	-3.9073372	19.291
-2.0458453	-15.052346	-4.667496	19.322
-1.1168951	-10.761936	0.1352724	19.342
1.1216835	-6.7133417	5.8717794	19.372
3.2692823	-6.682217	4.4005427	19.392
4.799177	-6.4308257	0.22984336	19.422
4.209007	-3.7960067	-0.41060558	19.442
0.2621651	-1.484405	1.2509704	19.471
-1.4269443	-4.841076	3.0873232	19.491
-0.4201824	-8.396465	3.0597897	19.522
1.2509704	-10.674548	1.6340426	19.542
-0.7015011	-9.694122	1.5442601	19.572
-2.019509	-8.366538	3.3327289	19.591
-1.8291701	-15.823279	4.3622355	19.622
-1.8830396	-16.806099	5.638345	19.641
-1.2198458	-10.09994	3.1028855	19.672
-0.81163436	-7.503428	-2.336741	19.702
-1.6436194	-18.838776	-8.98903	19.721
-11.431116	-18.793285	-9.77792	19.752
-17.78892	-7.0688806	-1.2150574	19.772
-6.1064115	-5.6982	5.628768	19.792
0.2896984	-5.6539073	1.3455414	19.822
-0.24181437	-6.0968347	1.7645266	19.842
-1.9764135	-6.090849	0.39504328	19.872
-4.4448357	-6.4344172	0.34835634	19.902
-3.0490158	-5.415684	-0.34596214	19.922
-0.22266077	-5.081693	-1.0199299	19.946
2.7114334	-7.3083005	-1.5502456	19.966
3.0310593	-10.749966	0.5303157	19.991
3.0681696	-12.623428	2.7341783	20.022
2.469619	-12.282255	2.3247697	20.041
1.388637	-10.043676	2.5498247	20.072
1.6352397	-11.98657	4.250905	20.091
4.699818	-12.349293	3.4680011	20.122
3.810372	-9.443929	1.3850456	20.145
1.6651673	-5.422867	-0.688333	20.164
-4.2784386	-6.1399302	-1.9632454	20.2
-3.846285	-8.586804	-3.4021606	20.211
2.966416	-19.6133	-3.5865142	20.255
2.966416	-19.6133	-3.5865142	20.255
-5.947197	-15.363592	-6.1219735	20.295
-1.5167267	-9.226056	0.061052144	20.321
1.5334862	-4.0701427	8.577228	20.342
5.81791	-5.2768207	1.2389994	20.372
6.1638722	-5.878962	0.7721301	20.392
2.541445	-2.9029696	0.4165911	20.422
0.60693014	-2.2397757	0.36750996	20.442
-1.2138603	-4.7884035	2.0937295	20.472
1.3611037	-7.4004774	2.2625206	20.492
1.8136078	-9.892841	-0.5542577	20.522
-2.1272483	-9.610326	0.545878	20.542
-4.0497923	-9.469068	2.943671	20.571
-2.801216	-13.435062	3.345897	20.592
-1.982399	-15.371972	3.4883518	20.622
-2.9352913	-12.221203	-1.1312603	20.642
-4.975151	-18.545486	-3.9815574	20.672
-9.091981	-12.623428	-2.9029696	20.691
-7.6470804	-5.3881507	-1.9309237	20.722
-2.15957	-5.710171	1.8148049	20.742
-2.303222	-11.250354	0.6943185	20.772
-2.9233203	-10.607511	0.82480246	20.792
-4.3418846	-7.1395097	3.1280246	20.821
-3.6332011	-5.7520695	3.6475663	20.842
-0.58657944	-3.1794999	2.1691468	20.872
-0.31483752	-3.2118216	0.79487497	20.891
-0.80804306	-5.807136	-0.36152446	20.922
0.8882488	-8.511387	-1.0175357	20.942
2.31639	-10.299856	-0.14844051	20.972
2.8072014	-10.238804	1.1707647	20.992
1.9405005	-9.94312	2.0219033	21.022
1.5215151	-10.529699	3.084929	21.041
0.80325466	-13.670892	3.192668	21.071
2.730587	-13.348871	3.5637693	21.091
4.3179426	-10.739192	2.5498247	21.122
1.946486	-7.302315	0.8451532	21.141
-1.8136078	-9.345766	-5.029021	21.162
-0.05865794	-16.907852	-3.5529952	21.197
-3.228581	-19.405005	-4.6830587	21.222
-3.3530796	-17.295713	-4.8662148	21.242
-0.02873042	-11.285069	0.7206547	21.272
2.586935	-8.305486	4.435259	21.292
4.608838	-7.135918	0.7015011	21.322
4.8099513	-6.0010667	0.8343793	21.342
3.728969	-5.070919	0.50158525	21.372
1.3359646	-3.4153287	-0.16400282	21.392
-2.4971523	-2.7497406	2.409764	21.422
-1.8746599	-4.4723687	4.4759603	21.441
2.1200657	-7.9631147	1.42455	21.472
1.9321208	-8.986636	0.7433996	21.492
0.1352724	-9.179369	2.1547816	21.522
-0.94810385	-8.694544	2.8898015	21.542
-1.5873557	-12.976573	2.267309	21.572
-2.3463178	-15.130157	3.9121256	21.602
-1.8531121	-13.883976	-2.8538885	21.622
-3.289633	-12.891579	-6.0285997	21.641
-7.029376	-18.696321	-6.554127	21.672
-11.671733	-11.992557	-5.297171	21.691
-4.1096473	-6.703765	2.6384103	21.722
0.48602295	-9.8198185	1.0522517	21.741
-0.2657564	-8.564059	1.5897499	21.772
-2.730587	-7.2388687	1.9033904	21.792
-4.650737	-5.0134583	1.9321208	21.822
-3.7660792	-4.4184995	1.7741034	21.852
-1.4927847	-3.1376014	1.2617443	21.871
1.4221559	-4.6926355	0.10414778	21.891
3.4344823	-9.097966	-0.4417302	21.922
3.3387144	-12.203246	0.8798691	21.952
2.8407204	-9.910798	1.3670892	21.972
2.15957	-8.2995	1.5981296	21.991
0.9600749	-9.15423	2.8048072	22.022
0.32202014	-10.723629	2.7150247	22.041
2.7581203	-14.213179	3.027468	22.072
5.74369	-14.036008	2.409764	22.092
3.466804	-11.190498	1.9859903	22.121
-2.2301989	-12.191275	-5.2564697	22.142
-2.4025815	-10.867282	-3.4680011	22.172
-2.111686	-11.943475	-0.30047232	22.197
-4.225766	-12.326548	-2.292448	22.222
-1.2593501	-12.173319	-3.2752678	22.241
2.4492683	-11.372458	1.8052281	22.272
4.6459484	-10.401609	2.219425	22.291
5.2624555	-10.192117	1.316811	22.322
3.2561142	-8.734048	1.2940661	22.341
2.0386627	-5.201403	0.8403648	22.372
-0.45250413	-2.9724014	1.2246342	22.391
0.7769185	-3.0909145	3.928885	22.422
1.8914193	-3.645172	3.8534677	22.442
3.9839516	-5.7005944	1.3670892	22.472
2.244564	-8.042124	-0.7182605	22.492
-1.8614918	-10.31063	0.8822633	22.522
-3.4225113	-10.478224	1.5179238	22.542
-2.8323407	-14.609419	3.693056	22.572
-2.0015526	-16.274586	5.7604494	22.602
0.30406362	-10.278308	0.7793127	22.622
-3.9923313	-12.53604	-5.543774	22.642
-7.77517	-19.6133	-6.4846954	22.672
-14.342465	-9.068039	-5.7748146	22.692
-6.341043	-2.516306	2.7748797	22.722
2.6635494	-5.60722	2.528277	22.742
-0.2777274	-8.579621	1.8231846	22.772
-3.927688	-9.091981	1.4185646	22.792
-5.7508726	-6.467936	2.2996306	22.822
-3.156755	-5.619191	2.304419	22.864
0.2633622	-3.0478187	1.733402	22.872
2.0015526	-3.2273839	0.6464345	22.892
0.7781156	-8.080431	-0.8631097	22.922
0.2669535	-10.156203	0.92296475	22.942
1.3227965	-10.627861	2.1763294	22.971
2.7162218	-10.073604	2.0614076	22.992
1.6280571	-9.168595	2.4169466	23.022
0.25857377	-12.382812	2.837129	23.041
1.3383588	-13.839683	3.8845923	23.072
2.930503	-11.378444	2.3211784	23.092
1.4221559	-8.74123	1.7142484	23.122
-0.90021986	-10.218452	-2.8491	23.141
0.59017074	-14.903906	-3.0023289	23.172
0.7733272	-14.903906	-3.0023289	23.172
0.10654198	-18.799273	-5.3342814	23.212
0.37229836	-16.085443	-3.1172507	23.242
1.0666169	-8.74961	2.870648	23.272
2.5701754	-6.4727244	0.82719666	23.292
3.3267434	-5.1882353	0.842759	23.322
3.3877954	-3.525462	0.81402856	23.341
1.2533646	-1.6903064	0.5518635	23.372
-0.81283146	-1.2617443	1.5957354	23.402
-1.1827357	-5.627571	3.288436	23.422
0.33039984	-8.487445	2.6036944	23.441
1.1264719	-10.582372	1.198298	23.472
-0.7422025	-9.48463	2.873042	23.492
-0.8463503	-8.992621	4.1012673	23.522
-1.0043676	-13.166912	3.8498764	23.552
-3.2213984	-15.811308	5.0278234	23.572
-1.9883845	-11.230003	2.4289176	23.591
-1.9081788	-10.502166	-8.455123	23.622
-2.8431146	-16.382324	-5.758055	23.642
-11.973403	-14.677653	-5.7808	23.671
-10.851719	-4.960786	0.94690675	23.692
2.409764	-7.169437	2.9532478	23.721
0.30765492	-7.457938	1.8471266	23.742
-2.2146366	-7.667431	1.423353	23.772
-4.274847	-7.551312	1.1719618	23.792
-4.06296	-6.0980315	2.1200657	23.821
-1.5107412	-5.0661306	0.8475474	23.842
1.377863	-3.7098155	-0.49919105	23.872
1.7836803	-6.5361705	-1.0247183	23.892
2.3295584	-10.304645	-0.51954174	23.922
2.622848	-11.246762	1.4030021	23.942
2.6024973	-9.8677025	1.910573	23.972
1.365892	-9.883265	0.7374141	23.992
-0.15442601	-13.1477585	3.6176388	24.022
-0.09935937	-13.850457	4.402937	24.042
2.135628	-11.609484	2.6527755	24.072
4.1359835	-10.077195	0.6943185	24.091
-1.6472107	-6.6187706	-1.685518	24.122
-2.942474	-7.8386164	-2.6013002	24.141
0.6703765	-14.228741	-2.384625	24.172
0.6703765	-19.6133	-4.4316673	24.204
0.108936176	-19.6133	-4.483143	24.224
-2.292448	-12.751518	-2.5582044	24.241
2.268506	-5.2564697	4.2185836	24.272
4.0785227	-4.3179426	3.4045548	24.291
5.1104236	-4.596867	-0.16879122	24.322
3.9815574	-4.581305	-0.090979666	24.341
-0.9648633	-2.2816741	0.9756372	24.372
-3.132813	-3.2357635	1.6938977	24.392
-1.6663644	-7.285556	3.2273839	24.422
1.4760253	-8.165425	2.956839	24.441
2.1068976	-10.1143055	0.78290397	24.472
-0.5363012	-10.759542	1.8112136	24.502
-1.3371617	-11.366472	3.799598	24.522
-1.1456255	-13.990518	3.8283286	24.542
-1.9871874	-14.244303	4.325125	24.572
-1.1001357	-10.169372	3.1591492	24.591
-7.2089415	-12.510901	-12.017695	24.622
-9.105149	-19.6133	-8.828619	24.642
-14.466964	-5.2444987	-4.2940006	24.672
0.09696517	-1.0271125	2.8323407	24.691
2.9233203	-2.9496565	3.942053	24.721
-1.30484	-4.235343	-0.51475334	24.752
-4.334702	-10.820595	-0.025139118	24.772
-6.3901243	-11.589133	0.17357962	24.792
-3.3494883	-7.0485296	2.8993783	24.822
0.62009823	-5.4085016	2.7365725	24.842
3.3159695	-2.9125464	0.5279215	24.872
3.5362358	-6.2345014	0.79008657	24.892
0.023942016	-9.631873	0.6584055	24.922
0.2885013	-9.977836	0.770933	24.942
1.1779473	-8.334216	0.9564836	24.972
2.3247697	-8.061277	2.030283	24.992
2.8263552	-7.881712	1.2677298	25.022
2.2254105	-10.1143055	0.7433996	25.042
0.61890113	-9.858126	2.3008277	25.072
1.2425907	-8.26239	0.11133038	25.092
1.435324	-7.442376	-1.4700398	25.111
-3.2070332	-3.5098996	0.48841715	25.142
-7.4830775	-8.816648	-2.2577322	25.172
-3.0119057	-19.6133	-2.7688942	25.197
-5.8334723	-19.6133	-3.004723	25.222
-9.2547865	-19.6133	-3.6355953	25.241
4.35625	-9.507375	1.4281414	25.272
6.539762	-4.0019083	8.167819	25.292
5.4899044	-8.220491	-2.0326772	25.322
1.6041151	-8.279149	-0.90141696	25.341
-1.9309237	-4.200627	1.7298107	25.372
-3.0969	-1.5406688	2.184709	25.392
-2.1667526	-3.9001546	2.2014685	25.422
-1.34195	-5.01705	1.7705121	25.442
-0.34356794	-4.441244	1.7166426	25.472
1.7764976	-5.8322754	2.9783869	25.492
1.4209588	-9.379285	3.21661	25.522
-0.50517654	-12.889185	1.4772224	25.542
-3.3291376	-13.772645	1.3970166	25.572
-3.5194764	-12.643779	3.83192	25.592
-1.1779473	-10.115502	0.6979098	25.622
-2.3798366	-9.661801	-3.0214825	25.642
-4.675876	-15.934609	-7.586028	25.671
-5.3821654	-13.700819	-3.7122097	25.692
-8.055291	-14.821305	-5.590461	25.721
-7.5094137	-10.014946	0.09696517	25.742
-3.4320881	-5.3103395	3.0885203	25.772
-1.8662802	-4.333505	-1.7657237	25.792
-3.2836475	-9.050082	-2.2481554	25.821
-3.192668	-10.764331	-3.1423898	25.842
-0.10414778	-10.746374	-2.6527755	25.872
3.3961751	-10.21965	-1.2294226	25.892
4.650737	-9.0429	-0.47165772	25.922
4.7141833	-8.084022	1.7884687	25.942
3.7828386	-8.763975	3.0298622	25.971
2.4384944	-10.31901	2.9532478	25.992
1.62686	-11.07438	3.1232362	26.022
1.946486	-10.97502	2.9352913	26.042
2.1619642	-10.131064	2.813187	26.072
1.733402	-9.744401	3.3566709	26.092
1.5526398	-9.562442	3.1974564	26.121
-2.086547	-11.604695	-1.2425907	26.142
-3.6092591	-12.017695	-1.2773066	26.172
-4.5753193	-11.35929	1.2042835	26.198
-4.0294414	-9.888053	0.7721301	26.211
1.4089876	-11.834539	1.3551182	26.241
2.7605145	-12.592304	1.9321208	26.258
0.8810662	-11.457452	0.35673606	26.294
0.712275	-10.794258	0.59735334	26.308
1.3467385	-8.683769	2.5342624	26.345
2.3235726	-8.14268	2.8550856	26.358
4.083311	-5.069722	2.4887726	26.395
-0.52073884	-4.5753193	2.8419175	26.421
-1.9201498	-5.0266266	3.0454245	26.445
-3.1998506	-5.662287	3.417723	26.458
-3.78643	-7.2783732	4.369418	26.494
-2.385822	-7.347805	3.7313633	26.508
1.2401965	-8.389283	3.8762126	26.545
1.3000516	-9.352949	4.0043025	26.558
-2.4995465	-12.071565	5.0302176	26.595
-3.2333694	-12.713211	6.1866174	26.608
-4.3538556	-13.04002	4.5645456	26.646
-4.876989	-9.911995	5.720945	26.666
-2.7485435	-8.170214	3.3159695	26.687
-5.33907	-8.586804	-6.7025676	26.71
-10.261548	-19.020735	-8.467094	26.746
-13.393165	-10.718841	-5.9160724	26.766
-5.4803276	-7.714118	-2.858677	26.787
2.693477	-5.163096	5.1247888	26.81
1.0414777	-2.9783869	-2.634819	26.846
-1.6484078	-6.1650696	-2.8538885	26.866
-5.2636523	-10.505757	-0.7577648	26.886
-6.9719152	-12.016499	0.7134721	26.91
3.383007	-7.771579	-1.0618285	26.946
6.6283474	-6.495469	0.37469256	26.966
5.795165	-8.323442	1.7489643	26.995
3.870227	-9.598354	2.0578163	27.008
0.8355764	-10.426748	0.79966336	27.045
0.5770026	-10.69849	1.1695676	27.055
1.8076223	-12.091916	1.6089035	27.094
1.982399	-11.836933	3.6774938	27.124
0.29209262	-11.382035	3.5649664	27.143
1.0187328	-9.987412	2.707842	27.173
1.1145009	-9.987412	2.707842	27.173
1.5957354	-17.124527	-1.5777789	27.222
-2.2182279	-17.985243	-2.0626047	27.242
-0.985214	-12.103887	-5.035006	27.272
2.2278047	-12.816162	-2.0147207	27.302
0.59136784	-11.587936	1.2258313	27.322
-1.1994951	-9.03452	-0.770933	27.342
-1.9285295	-6.4164605	-0.4417302	27.372
-0.093373865	-4.3538556	1.8531121	27.402
3.5470097	-3.1651347	0.5255273	27.422
3.5087025	-3.6846764	-0.6512229	27.441
0.37708676	-4.373009	3.2692823	27.472
-0.9636662	-5.1247888	4.771644	27.502
-0.6955156	-7.1670427	4.7405195	27.522
2.5031378	-9.752781	2.2505496	27.541
0.1340753	-12.79222	2.5438392	27.572
-3.8654387	-12.861651	3.6284127	27.591
-2.421735	-10.611102	4.618415	27.622
-1.650802	-10.964247	5.543774	27.641
-3.5075054	-11.410766	2.5139117	27.672
-6.731298	-13.75828	-5.427655	27.691
-10.289082	-19.6133	-8.4826565	27.722
-14.838065	-10.354922	-5.4180784	27.741
-6.775591	-2.956839	-1.5382746	27.772
0.961272	-2.8634653	2.89459	27.802
1.6089035	-5.7484784	0.7194576	27.822
-1.13964	-7.043741	0.439336	27.852
-6.325481	-7.0365586	1.7298107	27.871
-4.9081135	-6.221333	0.8511387	27.892
-1.067814	-4.308366	0.6823475	27.922
1.3144168	-4.685453	0.44771573	27.941
3.5996823	-8.439561	-0.62847793	27.972
1.8327614	-10.087969	0.47644615	27.991
1.4425066	-11.207258	0.7314286	28.022
1.400608	-11.479	1.0881647	28.052
1.0031705	-12.491747	1.7884687	28.072
1.3215994	-11.695675	2.1045034	28.092
0.8451532	-12.743138	3.714604	28.121
1.7525556	-10.68652	3.2465374	28.152
3.5613751	-8.159439	0.12330139	28.172
3.5613751	-8.159439	0.12330139	28.172
-1.448492	-4.829105	-0.9744401	28.212
-1.6328455	-13.196839	-3.751714	28.241
-0.17956513	-19.6133	-5.493496	28.272
-3.551798	-19.6133	-6.3362546	28.291
-2.2732944	-13.103466	-5.0385976	28.322
1.4173675	-7.4950485	1.282095	28.341
3.7205894	-4.5358152	4.0043025	28.372
5.0026846	-5.781997	0.088585466	28.392
2.6994624	-4.8482585	0.60453594	28.422
1.7142484	-3.8893807	0.62608373	28.442
-0.10654198	-3.9013517	0.6488287	28.472
-0.9828198	-6.295553	2.7401638	28.491
0.21787235	-8.559271	4.308366	28.522
0.80684596	-9.149442	3.892972	28.541
0.521936	-10.5440645	2.9376855	28.572
-0.077811554	-11.277887	2.1152773	28.592
-0.2741361	-12.290634	2.0590134	28.622
-2.6563668	-12.776657	5.185841	28.642
-4.7309427	-11.376049	3.8391025	28.672
-4.572925	-10.921151	-3.9348705	28.692
-5.7879825	-17.894264	-7.4028716	28.722
-8.41921	-19.384655	-8.219295	28.742
-10.187328	-5.029021	-0.47524905	28.772
0.10654198	-4.626795	4.0043025	28.792
-0.6931214	-5.753267	1.0761937	28.821
-2.2864625	-5.649119	1.0271125	28.842
-5.106832	-8.439561	0.7158663	28.872
-3.9013517	-8.397662	1.2533646	28.892
0.59136784	-5.795165	1.4796166	28.922
0.049081136	-3.240552	0.7158663	28.941
-0.5398925	-4.1276035	-0.49799395	28.972
0.33877954	-7.4735007	-0.91338795	28.992
1.0043676	-10.70687	1.2749124	29.022
1.9476831	-10.509348	1.7872716	29.042
1.5167267	-11.008539	1.7872716	29.072
0.7026982	-12.765883	3.2585084	29.092
2.006341	-14.614207	4.000711	29.122
4.7309427	-13.937845	4.167108	29.142
6.3601966	-9.532514	2.72939	29.172
5.6443305	-11.8896055	-4.608838	29.204
-1.7190368	-12.484565	-4.927267	29.224
-2.621651	-14.5567465	-3.323152	29.242
-3.466804	-15.49647	-4.5777135	29.272
-0.3172317	-12.410344	-3.1842883	29.291
2.717419	-9.940725	2.694674	29.322
3.489549	-8.963891	0.9504981	29.341
3.1435869	-8.342596	0.16759412	29.372
1.9213469	-6.6187706	1.115698	29.402
1.5765818	-2.2529438	-0.142455	29.422
0.7386112	-0.4249708	0.12689269	29.441
0.15083471	-3.454833	3.0753522	29.472
0.93373865	-6.075287	3.8127663	29.491
1.9069817	-9.544485	3.2034419	29.522
1.1097125	-12.937069	0.8595184	29.541
-0.8690952	-10.995371	1.5741876	29.572
-1.8387469	-9.127894	3.3806129	29.591
-3.83192	-15.187618	5.8825536	29.622
-3.916914	-15.586253	5.4527946	29.652
-2.5139117	-12.582727	-3.502717	29.672
-3.098097	-16.437391	-5.273229	29.691
-9.601946	-13.728353	-6.4068837	29.722
-7.9487495	-3.8893807	-1.4927847	29.741
-1.958457	-2.7700913	4.5633483	29.772
-0.4345476	-6.5960255	1.8004397	29.791
-0.51235914	-9.500193	-0.022744916	29.822
-2.882619	-8.615535	-0.06943185	29.841
-3.5661635	-5.7257333	1.1683705	29.872
-2.6036944	-4.23654	1.7812861	29.891
-1.8507179	-3.0609868	1.1384429	29.922
-0.20829555	-4.5118732	-0.079008654	29.952
0.91817635	-9.226056	-0.93852705	29.972
1.3862427	-10.9187565	0.047884032	29.992
1.9333179	-10.080787	1.6376339	30.022
1.9177556	-10.33098	1.4939818	30.052
1.0929531	-11.917139	2.955642	30.072
0.93972415	-14.057555	4.44723	30.092
4.6926355	-12.573151	4.1395745	30.112
6.8162923	-9.149442	2.3235726	30.142
1.2150574	-9.995792	-2.7497406	30.172
1.2150574	-9.995792	-2.7497406	30.172
1.2150574	-9.995792	-2.7497406	30.172
-2.6683378	-17.7554	-5.4623713	30.244
1.3503298	-13.757083	-2.2110453	30.272
2.7114334	-10.420763	2.682703	30.291
2.529474	-7.559692	0.58897364	30.322
2.0003555	-6.054936	-0.059855044	30.341
2.220622	-4.179079	0.973243	30.372
1.9153614	-2.9029696	-0.11252748	30.391
-0.8834604	-2.8766334	1.1540052	30.422
-1.2653356	-3.952827	2.2134395	30.442
-0.45010993	-7.5692687	3.0262709	30.472
0.700304	-9.472659	1.9273324	30.492
-0.50757074	-10.2735195	2.1871033	30.522
0.20590134	-9.730036	3.1196449	30.542
-0.8762778	-10.70687	3.582923	30.572
-2.3558946	-14.17966	3.834314	30.592
-2.9891608	-17.134104	-1.7118542	30.622
-3.4201171	-19.037495	-6.3589997	30.641
-11.060015	-14.093469	-5.807136	30.672
-5.159505	-6.1195793	-1.0606314	30.691
-0.6344634	-3.466804	3.954024	30.722
0.09935937	-4.9308586	2.0039468	30.742
1.2509704	-9.428367	-1.7070658	30.772
-4.507085	-7.6746135	1.1300632	30.792
-3.654749	-5.201403	3.1519666	30.822
-2.4420857	-4.9428296	2.8574798	30.842
-1.5837644	-4.1276035	1.7764976	30.872
-1.388637	-4.582502	0.80086046	30.891
2.055422	-7.565677	0.8295909	30.922
1.757344	-9.518148	0.81522566	30.942
0.90859956	-9.324219	0.5554548	30.972
0.1436521	-9.570822	1.1899183	30.992
0.19991584	-12.430696	1.7776948	31.022
0.5303157	-13.397953	3.6499605	31.042
1.3084313	-12.882002	3.8426938	31.072
6.969521	-10.156203	3.489549	31.092
7.335834	-9.050082	1.2569559	31.121
1.9572599	-7.667431	-0.17836803	31.141
-6.196194	-7.788338	-1.9405005	31.172
-8.285135	-7.788338	-1.9405005	31.172
2.19668	-19.6133	-4.185065	31.222
3.0621839	-19.6133	-5.1966147	31.242
0.09696517	-14.72434	-5.412093	31.272
-1.3383588	-8.063671	1.091756	31.292
1.0223241	-3.645172	5.602432	31.322
4.691438	-5.685032	1.3730747	31.342
5.255273	-6.2009826	-0.034715924	31.371
2.9233203	-4.473566	0.8607155	31.393
-0.31483752	-2.791639	1.2617443	31.412
-1.780089	-4.733337	2.6013002	31.442
1.163582	-8.488642	2.8562827	31.472
1.271321	-9.710882	0.2633622	31.492
0.33997664	-9.662998	1.6053122	31.522
-0.94570965	-8.8645315	3.1830912	31.543
-2.541445	-14.417883	1.4532804	31.573
-4.405331	-15.399506	5.895722	31.592
-3.539827	-12.577939	-4.679467	31.622
-4.249708	-13.883976	-6.1159883	31.642
-4.1216183	-19.6133	-5.5617304	31.672
-11.540052	-6.445191	-0.7685388	31.693
-4.807557	-3.0095115	3.0753522	31.712
0.5518635	-7.2783732	2.2505496	31.742
-1.3503298	-7.633912	-0.06703765	31.772
-3.168726	-7.5549035	-0.2777274	31.792
-5.5341973	-5.519832	1.4856021	31.822
-3.3183637	-4.5561657	1.4317327	31.843
-0.7398083	-3.3399115	0.94810385	31.861
1.5490485	-5.7017913	-1.0390835	31.892
2.3570917	-9.5971575	-1.103727	31.922
1.6543933	-11.016919	0.712275	31.942
1.8686744	-10.752359	1.958457	31.972
1.9991584	-10.213664	2.540248	31.992
0.9552865	-10.881647	3.3865983	32.022
0.6607997	-12.538434	3.1950622	32.042
5.088876	-12.1840925	3.560178	32.072
6.489484	-10.821792	2.5115175	32.092
2.3953989	-13.030443	-3.4620156	32.122
-1.2533646	-15.301343	-3.8905778	32.142
-5.955577	-17.062279	-4.2078094	32.172
-5.955577	-17.062279	-4.2078094	32.181
0.7134721	-11.523293	-1.9572599	32.221
2.5234885	-10.3453455	3.515885	32.242
2.802413	-8.3390045	0.075417355	32.272
2.882619	-7.0593038	-0.8631097	32.291
2.7210102	-5.109226	0.6536171	32.321
2.2625206	-3.5877113	0.45848963	32.341
-0.24779987	-2.4420857	0.59495914	32.372
-1.0570401	-4.3478703	2.7760768	32.391
-0.2693477	-7.825448	3.3854012	32.422
0.3854665	-8.479065	2.9616275	32.441
1.283292	-9.854534	1.6639702	32.472
-0.30286652	-10.30225	2.0578163	32.502
-1.6747441	-10.614694	0.45609543	32.522
-2.6288335	-14.053964	2.4420857	32.541
-2.6013002	-15.557523	6.007052	32.572
-0.78410107	-14.941015	1.5119383	32.602
-4.5358152	-16.968904	-5.2444987	32.622
-7.4256167	-19.145233	-3.8414967	32.641
-5.9783216	-2.835932	-1.0845734	32.672
-0.4405331	-2.7605145	2.4995465	32.692
0.47405192	-7.1610575	0.9588778	32.722
-0.6859388	-9.08001	-0.51595044	32.751
-6.4152637	-8.907627	0.03232172	32.772
-6.47033	-7.4232225	1.4460979	32.802
-0.7541735	-4.7309427	1.7154455	32.822
0.7517793	-4.26527	1.0977415	32.852
1.1791444	-3.9073372	0.8283938	32.872
1.9979613	-7.691373	0.31603462	32.892
1.3994108	-10.38485	0.85473	32.922
1.8902222	-9.7240505	2.1643584	32.941
1.9021933	-8.908825	2.5318682	32.972
1.6986861	-8.941146	3.071761	32.992
0.92775315	-13.12262	3.8857894	33.022
2.6384103	-15.095442	3.7205894	33.042
5.627571	-12.156559	2.9700072	33.072
3.2130187	-12.485762	-2.7605145	33.092
1.1875241	-13.444639	-5.068525	33.122
-1.8315643	-13.942634	-3.040636	33.142
-4.608838	-14.510059	-2.9221232	33.173
-3.4715924	-13.450625	-3.2812533	33.181
-3.4715924	-13.450625	-3.2812533	33.181
3.3075895	-9.967062	1.7633295	33.242
3.8750155	-8.645462	0.2801216	33.272
3.193865	-7.5070195	-0.22505496	33.291
1.0151415	-3.4464533	0.12928689	33.321
-1.1168951	-1.4652514	0.2813187	33.342
-0.6584055	-3.3423057	3.4620156	33.372
0.14844051	-4.63278	3.9695864	33.391
2.5115175	-8.560468	3.1364043	33.422
2.3187842	-11.361684	1.435324	33.442
-0.49200845	-10.388441	2.219425	33.472
-1.3934253	-9.053674	3.0885203	33.492
-1.5191209	-13.344083	3.4524388	33.522
-2.1440077	-15.737088	5.4264584	33.542
-1.9991584	-17.040731	-5.9962783	33.572
-5.5246205	-19.6133	-4.697424	33.592
-11.654974	-11.501745	-4.8626237	33.622
-9.14585	-5.747281	-3.8738184	33.641
0.8655039	-3.3075895	1.946486	33.672
0.5482722	-7.5561004	1.5310919	33.691
-2.086547	-10.389638	-0.9600749	33.721
-6.399701	-8.622718	0.6739678	33.752
-5.711368	-4.927267	2.7210102	33.772
-2.1799207	-4.131195	2.7629087	33.802
0.8846575	-3.4392707	1.7310078	33.822
0.46926352	-4.0641575	0.2789245	33.852
0.3890578	-7.3322425	0.11971009	33.872
0.58538234	-9.221268	-0.093373865	33.902
0.92535895	-10.505757	0.23702596	33.922
0.985214	-10.395624	1.4676456	33.952
1.946486	-10.448297	2.4313118	33.972
1.283292	-12.360066	3.618836	33.992
3.8151605	-13.4661875	3.1543608	34.022
4.8817773	-12.779052	3.180697	34.041
4.212598	-9.331401	2.0362685	34.072
-0.5530606	-10.675745	-3.2070332	34.102
-1.6831238	-12.926295	-3.503914	34.122
-1.4951789	-16.68998	-3.477578	34.152
-2.0027497	-16.326061	-4.687847	34.173
-1.1468226	-16.326061	-4.687847	34.181
1.0606314	-12.430696	-1.5753847	34.221
2.0135236	-7.705738	2.4899697	34.244
2.6503813	-6.7444663	1.6663644	34.275
2.980781	-5.282806	0.63087213	34.295
2.930503	-4.581305	0.22505496	34.324
0.023942016	-2.2002714	0.6787562	34.344
-1.6843209	-3.5972881	2.4588451	34.374
0.18435353	-6.851008	3.1004913	34.394
2.348712	-9.141062	2.1918917	34.425
1.7154455	-10.562021	0.6512229	34.444
0.5686229	-10.444705	1.1504139	34.457
-1.423353	-10.474632	3.1352072	34.496
-2.1452048	-14.041993	3.66672	34.516
-2.9855695	-14.7638445	5.9519854	34.536
-1.5071499	-11.238382	4.2317514	34.557
-3.4105403	-7.9212165	-8.917204	34.596
-1.0606314	-19.6133	-7.193379	34.616
-13.278243	-17.855957	-10.15381	34.636
-15.67005	-1.9812019	0.61171854	34.656
2.6252422	-4.367024	1.9919758	34.696
1.0115502	-5.485116	2.3870192	34.716
-1.4341269	-8.5700445	1.7848774	34.736
-5.529409	-9.374496	-0.51595044	34.757
-3.8486793	-5.729325	1.6663644	34.796
-1.0690111	-3.086126	-0.0011971008	34.816
2.8311436	-4.26527	-0.8559271	34.836
3.8642416	-5.884948	-0.8439561	34.856
0.6619968	-11.228806	0.9540894	34.896
1.4137762	-11.836933	2.6180596	34.916
1.7980455	-10.723629	1.7549498	34.936
1.7250223	-9.962274	2.5917234	34.957
1.8579005	-13.38239	2.7940333	34.996
4.0533834	-12.856863	2.6611552	35.016
4.891354	-9.54209	1.6256629	35.036
1.5095441	-6.293159	0.48482585	35.057
-0.8331822	-14.504074	-3.9372647	35.096
1.091756	-18.584991	-3.3614593	35.116
2.1428106	-19.6133	-5.422867	35.138
-1.198298	-17.91222	-6.1782374	35.156
-1.5837644	-13.043611	-3.0250738	35.178
-1.5837644	-13.043611	-3.0250738	35.178
4.6519337	-6.087258	0.20829555	35.249
4.912902	-5.6299653	-0.36511576	35.257
2.336741	-1.9991584	-0.31483752	35.294
-1.0366893	-1.970428	0.21787235	35.324
-1.9668367	-5.876568	2.9352913	35.343
-0.24420857	-7.9128366	2.2481554	35.374
0.93613285	-9.457097	1.1659763	35.393
-1.2856863	-9.589975	2.4181437	35.421
-1.1875241	-9.208099	3.3985693	35.452
-1.9369092	-14.592659	3.1136594	35.472
-2.0649989	-15.321693	5.819107	35.502
-0.7553706	-13.251906	1.0510546	35.522
-4.110844	-14.539987	-7.8446016	35.552
-10.6637745	-17.255013	-5.815516	35.572
-11.196485	-4.97156	-3.2824504	35.591
-3.3267434	-5.8358665	2.8742392	35.622
-1.0546459	-8.825027	1.8231846	35.642
-0.7290344	-9.00579	0.415394	35.672
-3.596091	-7.7847466	0.20709845	35.692
-4.7070007	-5.5748987	2.124854	35.722
-2.2050598	-4.76087	1.6723499	35.743
-0.20231004	-3.309984	0.34835634	35.771
0.48722005	-3.5350387	-0.2908955	35.792
2.1823149	-8.536526	-1.3826514	35.822
2.4504654	-10.554838	-0.20470424	35.842
2.6874914	-10.269928	1.816002	35.871
1.8950106	-11.061212	1.3227965	35.892
0.5279215	-10.56681	2.5234885	35.922
-0.1340753	-11.279084	4.783615	35.941
2.5342624	-12.835316	2.9712043	35.972
4.5406036	-10.880449	2.885013	35.992
0.58298814	-10.664971	-1.7106571	36.022
-1.555034	-11.805809	-4.280833	36.042
-0.7422025	-13.918692	-3.5901055	36.072
-0.79008657	-16.827646	-4.679467	36.091
-0.8870517	-17.702728	-6.3338604	36.122
-0.7649474	-15.237897	-1.389834	36.142
0.48602295	-8.288726	3.1136594	36.173
0.7098808	-8.288726	3.1136594	36.181
3.6595373	-4.522647	0.130484	36.221
4.4544125	-3.6978445	1.4053963	36.244
3.157952	-2.5318682	-0.3196259	36.272
-0.80325466	-2.8538885	0.81642276	36.292
-1.9644425	-5.064934	2.5354595	36.322
-1.9560628	-7.762002	2.4073699	36.342
-0.49679685	-10.196905	1.887828	36.372
-0.5638345	-10.374076	1.4101849	36.392
-0.439336	-9.297882	3.5745432	36.422
-0.63206923	-12.179304	3.2728736	36.442
-1.590947	-15.817293	3.9839516	36.472
-1.5777789	-14.751874	5.043386	36.492
-1.6232687	-13.441049	-5.2385135	36.522
-5.0122614	-19.425356	-2.6300306	36.542
-9.7084875	-7.043741	-4.357447	36.572
-7.013814	-3.70383	-2.0147207	36.592
-1.234211	-6.5337763	1.982399	36.622
-1.1480197	-9.01417	1.6723499	36.642
-3.940856	-8.957906	0.17477672	36.672
-4.9655743	-7.856573	1.7645266	36.692
-2.908955	-5.840655	2.528277	36.721
-0.6859388	-4.189853	2.4540567	36.742
-0.10295067	-3.7098155	1.6879122	36.772
0.15203181	-5.7664347	0.91817635	36.792
1.5167267	-10.004171	0.40581718	36.822
1.3982137	-10.13705	0.7637503	36.842
1.5119383	-8.967483	0.79487497	36.872
1.1767502	-8.643068	1.4460979	36.892
1.9069817	-10.149021	2.5773582	36.922
1.448492	-12.931084	2.895787	36.942
1.2210429	-12.984953	2.2972364	36.971
2.1643584	-11.6825075	2.291251	36.992
2.3953989	-13.020866	-2.8119898	37.022
0.16879122	-14.331692	-3.9552212	37.042
-0.997185	-13.396755	-3.3806129	37.072
-4.2078094	-14.026431	-2.171541	37.092
-1.9608512	-12.058397	-1.9369092	37.122
1.2904748	-11.592725	1.1803415	37.141
4.146757	-11.707646	-0.545878	37.173
4.390966	-10.840945	-0.09816227	37.181
1.863886	-6.3589997	0.093373865	37.22
1.1659763	-4.3179426	-0.415394	37.241
0.07182605	-3.6379895	-0.4237737	37.272
-0.9624691	-4.333505	0.8295909	37.291
-1.091756	-6.4427967	2.6036944	37.322
-0.8367735	-7.041347	2.1811178	37.342
-0.1436521	-8.819042	1.0893618	37.372
0.020350715	-9.25359	1.3634979	37.391
-0.61890113	-9.619903	3.4272997	37.422
-0.25857377	-9.957485	2.4552538	37.441
-1.483208	-12.494142	3.25372	37.472
-0.92296475	-13.18846	4.295198	37.492
-0.8511387	-13.194446	-0.08140286	37.522
-4.853047	-16.767792	-3.915717	37.542
-7.1287355	-15.999253	-4.6603136	37.572
-7.2783732	-4.9284644	-1.6819267	37.592
-1.234211	-3.9636009	2.135628	37.622
-0.18674773	-7.4088573	2.0626047	37.642
-0.78170687	-10.188525	1.7896658	37.672
-4.667496	-10.58716	1.4437037	37.692
-2.693477	-7.2209125	2.1823149	37.722
-0.06464344	-4.7417164	2.2637177	37.742
-0.5805939	-2.1416135	1.6567876	37.772
-0.7230489	-3.3997664	1.5035586	37.792
-0.5674258	-9.983821	0.22146365	37.822
1.1444284	-12.2319765	0.6907272	37.842
2.9867666	-8.306683	2.1440077	37.872
1.8124107	-6.716933	2.5306711	37.892
1.5693992	-8.676587	3.1639376	37.922
1.2916719	-11.917139	3.4105403	37.942
1.401805	-14.915876	2.0721815	37.972
1.8555063	-12.882002	3.5110967	37.992
0.8343793	-9.485827	1.4293385	38.021
-1.3156139	-10.573992	-3.9073372	38.042
1.1504139	-10.658986	-2.9412768	38.071
1.4616601	-13.445837	-1.9991584	38.092
-1.7190368	-16.373945	-3.9636009	38.122
-1.8938135	-16.587029	-3.7828386	38.142
-1.3623008	-13.528437	1.447295	38.162
0.48482585	-9.726444	1.5574282	38.181
2.4528596	-7.3322425	1.2318168	38.222
3.4572272	-6.6666546	1.3970166	38.242
1.7812861	-4.9943047	0.32920274	38.272
-0.7182605	-4.0976763	1.0654198	38.292
-2.160767	-4.9176903	2.9604304	38.322
-1.5813702	-6.223727	3.6020765	38.342
1.174356	-6.3482256	1.6005238	38.372
0.5602432	-6.4631476	1.1994951	38.392
-0.997185	-8.881291	2.6288335	38.422
-0.6739678	-11.63582	1.3371617	38.442
-0.011971008	-13.098678	1.6675615	38.472
-0.9684546	-12.633005	2.327164	38.492
-7.788338	-19.6133	-6.0836663	38.522
-11.83813	-19.6133	-3.2154129	38.542
-6.3206925	-3.83192	-2.3546975	38.572
-1.1264719	-1.0845734	-1.6950948	38.592
0.2645593	-6.397307	2.943671	38.622
-1.2785037	-11.3880205	0.59615624	38.642
-6.465542	-11.61547	-1.0749966	38.672
-4.88058	-10.782288	1.8363527	38.692
0.19273324	-6.171055	1.3108255	38.722
0.3842694	-4.855441	1.0845734	38.742
0.2801216	-6.256049	1.4173675	38.772
-0.6392518	-8.038532	2.0159178	38.792
1.5215151	-9.788693	2.0326772	38.822
2.3080103	-9.124303	2.4301147	38.842
1.5071499	-8.063671	2.8275523	38.871
0.34715924	-7.5584946	3.1639376	38.892
-0.21308395	-7.419631	2.8886044	38.922
0.78888947	-8.4647	2.5067291	38.942
1.70946	-10.129868	3.7098155	38.972
2.2744915	-10.509348	3.9803603	38.992
2.019509	-11.621455	1.733402	39.022
-4.209007	-12.405556	-0.25737667	39.042
-6.9108634	-10.073604	0.5267244	39.072
-2.8790276	-9.569624	0.2669535	39.092
-2.8119898	-11.781867	0.14604631	39.122
0.093373865	-14.579492	1.7166426	39.142
0.664391	-13.578715	2.846706	39.172
-0.09696517	-12.793417	0.5805939	39.181
-0.2657564	-8.9602995	0.7493851	39.222
-0.29568392	-7.9930425	1.5777789	39.236
0.079008654	-6.3721676	1.9596541	39.257
1.2892777	-5.0625396	2.0566192	39.295
0.89902276	-5.5509567	2.5270798	39.307
-2.3654714	-7.9834657	3.4356794	39.345
-2.7449522	-7.705738	3.1747115	39.357
-2.0602105	-6.671443	3.3315318	39.395
-2.0602105	-6.671443	3.3315318	39.407
-1.5454572	-8.380903	3.086126	39.446
-0.81283146	-10.514136	2.6024973	39.466
-0.9947908	-11.57836	1.5191209	39.486
-0.82001406	-11.348516	3.763685	39.509
-3.1723173	-11.402386	3.4368765	39.546
-2.8790276	-9.866506	3.2477345	39.566
-2.4037786	-11.09473	1.0402806	39.586
-4.4879313	-18.083405	-3.323152	39.608
-6.835446	-9.677363	-3.8546648	39.646
-7.541735	-8.061277	-5.377377	39.666
-5.813122	-4.4101195	-3.5553896	39.686
-1.8734628	-4.320337	0.7086837	39.708
0.5386954	-10.607511	-1.1204864	39.746
-0.6607997	-13.880384	-0.79128367	39.766
-2.930503	-13.164518	-0.82480246	39.786
-3.3662477	-11.563994	-0.61530983	39.808
0.22026655	-7.3442135	0.22266077	39.846
4.26527	-7.4842744	0.31124622	39.866
6.4631476	-8.487445	0.9564836	39.886
5.0014873	-9.604341	1.8148049	39.908
1.6256629	-8.157045	3.016694	39.946
2.099715	-7.442376	2.468422	39.966
2.2840683	-7.8972745	2.4648306	39.986
2.694674	-9.301474	2.9005754	40.008
1.1324574	-12.826936	2.6312277	40.046
0.7613561	-13.327324	3.1998506	40.066
1.3551182	-12.665327	4.1419687	40.087
3.2142158	-11.917139	2.6731262	40.108
-3.1771057	-15.823279	1.0342951	40.146
-8.516175	-13.747506	-0.18914193	40.166
-6.7253127	-8.367735	-1.5442601	40.186
-6.7253127	-8.367735	-1.5442601	40.186
4.793192	-11.434708	1.0582372	40.244
4.274847	-13.020866	1.3036429	40.259
-1.7369933	-9.714474	0.16759412	40.296
-1.4281414	-7.7105265	1.7465701	40.316
0.033518825	-7.417237	2.1152773	40.336
2.6910827	-7.487866	1.2808979	40.356
3.2836475	-4.3957543	2.8933928	40.396
2.0949266	-3.072958	3.8833952	40.416
0.82599956	-3.9636009	3.6535518	40.436
0.08259996	-6.0202203	4.4544125	40.457
1.0175357	-6.393716	4.143166	40.496
2.9867666	-6.471527	1.6699557	40.517
-0.11851298	-10.44231	2.2948422	40.544
-3.0430303	-13.603854	3.3363202	40.574
-5.0038815	-15.08347	5.6419363	40.594
-5.1104236	-14.539987	5.303157	40.624
-6.7109475	-16.233885	-1.7250223	40.644
-4.8602295	-19.6133	-3.7205894	40.674
-7.7201033	-14.144943	-8.488642	40.693
-7.0126166	-5.7843914	-6.6762314	40.724
-2.9604304	-1.721431	3.8474822	40.742
-0.7026982	-6.4763155	0.21547815	40.772
-0.62249243	-9.64145	-0.6392518	40.792
-3.775656	-8.513782	-0.24540567	40.822
-4.4999022	-7.359776	1.3371617	40.842
-4.3837833	-5.803545	2.3630772	40.872
-1.5957354	-5.2409077	1.7310078	40.902
1.9117701	-7.357382	0.45968673	40.922
3.5350387	-9.994595	1.5897499	40.952
3.537433	-8.825027	2.055422	40.972
2.8072014	-8.146272	2.3942018	40.991
1.3563153	-8.426393	3.4201171	41.022
0.760159	-10.839748	3.5122938	41.041
-0.32202014	-13.830106	2.3834279	41.072
2.0961237	-13.500903	4.6591167	41.092
4.355053	-10.647015	3.309984	41.122
2.755726	-10.505757	0.6596026	41.141
-1.8842367	-12.35887	-5.3019595	41.172
-2.2062569	-11.668142	-4.4208937	41.181
-2.2936451	-14.544775	-3.918111	41.222
-1.0295067	-16.245855	-3.6774938	41.242
-1.1707647	-15.267824	-0.12210429	41.272
-0.6464345	-11.797429	1.0953473	41.292
0.842759	-7.2089415	-1.021127	41.322
2.6048915	-4.759673	1.899799	41.342
4.2904096	-3.550601	1.1204864	41.372
2.480393	-3.3375173	0.04070143	41.392
0.11133038	-3.6942532	1.958457	41.422
-0.49559975	-4.847061	3.5098996	41.442
1.1994951	-6.3470287	3.2273839	41.472
2.219425	-7.6973586	2.6862943	41.491
0.8583213	-10.268731	1.8902222	41.522
-0.7278373	-10.378864	2.030283	41.552
-1.7393875	-9.751583	2.2146366	41.572
-2.6635494	-12.477382	1.9692309	41.591
-2.3930047	-12.428301	2.9017725	41.622
-4.408922	-14.047978	-7.0425444	41.642
-6.8043213	-19.6133	-7.6590514	41.672
-11.087548	-19.6133	-4.947618	41.692
-6.397307	-4.212598	0.12210429	41.722
-0.2741361	-4.3358994	2.2996306	41.742
0.6727707	-7.8446016	1.3970166	41.772
-0.4201824	-8.645462	-0.38067806	41.802
-2.6779146	-9.53012	0.7433996	41.822
-3.7780502	-8.526949	1.0247183	41.842
-2.7605145	-5.400122	2.1021092	41.872
0.1400608	-3.8666358	1.4856021	41.902
0.5386954	-4.9081135	0.5363012	41.922
0.49200845	-6.4499793	0.46327803	41.941
0.545878	-10.080787	0.32920274	41.972
1.3479356	-9.31943	1.5873557	41.991
1.8363527	-9.682152	1.6723499	42.022
1.7633295	-10.819398	2.1152773	42.041
1.22224	-11.948263	4.1276035	42.072
1.79206	-13.3225355	2.6036944	42.091
2.7748797	-11.309011	2.1799207	42.122
2.1643584	-8.64666	1.2737153	42.141
-0.7302315	-8.967483	-3.715801	42.172
-0.5470751	-9.337387	-3.525462	42.181
0.6619968	-16.191986	-3.9121256	42.222
0.7062895	-19.6133	-3.9875429	42.242
1.1791444	-16.156073	-3.6296098	42.272
0.5506664	-12.270284	0.8487445	42.291
1.9285295	-7.5453267	2.8431146	42.321
2.3918076	-6.915652	1.9644425	42.352
4.059369	-5.0002904	0.7086837	42.372
3.2453403	-2.2960393	0.4333505	42.392
1.0175357	-1.6519991	1.6879122	42.422
0.41060558	-4.584896	2.920926	42.442
0.36631286	-7.620744	2.2050598	42.472
-0.10055647	-9.896433	0.93254155	42.502
-0.8631097	-8.639477	1.5310919	42.522
-0.32321724	-7.28795	3.41892	42.552
-1.555034	-10.964247	1.8650831	42.572
-4.619612	-14.858416	2.8514943	42.602
-3.7014358	-15.215152	5.21936	42.622
-0.9720459	-11.7064495	1.9800048	42.642
-2.8538885	-11.795034	-6.005855	42.672
-3.241749	-19.6133	-7.4950485	42.691
-9.88925	-5.469554	-4.735731	42.722
-6.301539	-2.5941176	-1.2665327	42.752
1.3623008	-7.6267295	2.492364	42.772
-0.63087213	-9.053674	1.99437	42.792
-3.4739866	-8.65025	0.7745243	42.822
-5.647922	-7.639898	2.19668	42.841
-3.5913026	-7.323863	1.5873557	42.872
-0.7338228	-6.0118403	0.7445967	42.902
1.2354081	-3.702633	-0.5482722	42.922
1.8782512	-6.1626754	-0.9840169	42.952
1.2725182	-10.842142	-0.19153613	42.971
2.0925324	-11.405977	1.5382746	42.991
2.1667526	-10.643424	2.0171149	43.022
0.8523358	-9.554062	1.6555905	43.041
0.60453594	-10.359711	3.1244333	43.072
1.2330139	-12.594698	2.847903	43.102
4.0162735	-10.085575	3.2740707	43.122
4.6495395	-9.560047	2.6994624	43.142
1.8016368	-10.401609	-2.8431146	43.172
-0.29688102	-11.5951185	-5.01705	43.181
-1.3970166	-17.373524	-4.8039656	43.22
-3.4081461	-18.442535	-5.746084	43.244
-1.9201498	-13.921085	-4.5860934	43.272
1.4065934	-10.108319	2.2170308	43.291
3.4799721	-7.311892	0.08259996	43.322
3.8175547	-7.2005615	0.18555063	43.342
3.05141	-6.6271505	0.48841715	43.372
1.1647792	-5.543774	-0.9923966	43.402
-1.460463	-3.7960067	-0.08259996	43.422
-1.9991584	-4.8638206	2.3906105	43.452
0.46447513	-7.2233067	2.5689783	43.471
1.8626889	-7.7943234	1.2988545	43.491
0.7505822	-9.476251	1.9967642	43.522
0.06464344	-9.739613	1.9357121	43.541
-1.0833763	-8.005013	2.4361002	43.572
-1.6376339	-7.819463	1.4185646	43.602
-3.0178912	-14.85243	4.1144357	43.622
-2.0027497	-15.529989	4.667496	43.652
-0.8822633	-12.771869	-2.1523874	43.672
-2.8311436	-15.842433	-3.5218706	43.692
-7.487866	-14.202404	-5.5138464	43.722
-6.4068837	-5.7867856	-0.50876784	43.741
-2.669535	-6.491878	1.2366052	43.772
-0.47285482	-9.030929	0.7457938	43.802
-1.1408371	-9.677363	0.7182605	43.822
-4.1024647	-7.811083	1.2030864	43.852
-4.332308	-5.66947	2.469619	43.872
-2.2732944	-5.8083334	2.36188	43.892
-0.45370123	-4.6220064	0.90620536	43.922
-0.16998832	-4.892551	0.6931214	43.941
0.48602295	-7.513005	0.7433996	43.972
2.1703439	-9.174581	0.63206923	44.002
1.282095	-9.212888	1.0199299	44.022
0.7015011	-9.870096	1.7609353	44.052
0.9564836	-10.898406	2.220622	44.072
0.7625532	-11.761516	3.810372	44.092
1.745373	-12.697649	1.6591818	44.122
4.923676	-11.865664	2.1033063	44.152
1.1145009	-11.705252	-1.1492168	44.172
-1.650802	-12.466608	-4.6232033	44.181
-0.9983821	-15.249867	-3.1268275	44.222
-2.2768857	-16.701952	-3.916914	44.242
-2.741361	-14.026431	-4.8279076	44.272
0.7254431	-12.087128	-1.0809821	44.302
3.4680011	-8.706514	1.8890251	44.322
4.0282445	-8.158242	0.36750996	44.342
3.394978	-7.4507556	0.5746084	44.372
2.0638018	-5.913678	0.24660277	44.391
-0.24420857	-3.1052797	0.0035913025	44.422
-1.5215151	-3.1304188	1.9692309	44.442
-1.1791444	-5.3725886	3.5218706	44.471
0.23822308	-7.3190746	2.802413	44.492
2.2242134	-8.907627	1.9560628	44.522
1.4891934	-9.578004	1.6567876	44.541
-0.5243302	-8.388085	2.256535	44.572
-1.8543092	-9.194932	2.7736826	44.592
-3.2369606	-13.849259	2.0733786	44.622
-3.4955344	-15.841235	5.6670756	44.642
-0.58298814	-9.16261	0.9792285	44.672
-3.667917	-9.877279	-7.0904284	44.691
-6.3781533	-19.6133	-9.200917	44.721
-11.939884	-14.634558	-5.009867	44.741
-9.312247	-2.0386627	1.9716251	44.772
1.6771383	-4.2281604	2.0290859	44.792
-0.7589619	-5.0362034	1.2533646	44.822
-4.734534	-8.494628	0.009576807	44.852
-6.7731967	-9.368511	0.49200845	44.872
-4.0306387	-7.8290396	0.59974754	44.892
0.79607207	-4.2916064	-0.16519992	44.922
2.5845408	-5.446809	-0.25258827	44.942
1.8495208	-9.727641	0.11372458	44.971
1.7525556	-11.546038	1.4209588	44.991
2.3511062	-11.907562	2.327164	45.022
1.127669	-9.774328	2.3439236	45.041
1.3491327	-8.031349	3.1352072	45.072
2.0697873	-11.204864	2.3331497	45.102
3.2549171	-11.398794	2.1942859	45.122
3.928885	-10.945093	1.4293385	45.152
0.6799533	-8.566454	0.11372458	45.172
-4.3047748	-7.920019	-2.1763294	45.192
-0.90261406	-11.274296	-2.0171149	45.222
0.62847793	-18.814835	-3.5422213	45.242
0.9504981	-19.6133	-4.1515455	45.272
-2.2960393	-19.6133	-5.341464	45.292
-0.41060558	-9.41879	0.5386954	45.322
2.5222914	-5.650316	4.6040497	45.342
5.0182467	-5.6419363	1.3623008	45.372
4.5980644	-5.45878	0.7134721	45.392
2.4971523	-4.602853	1.0067618	45.422
-0.20709845	-3.4332852	0.90979666	45.442
-1.9955671	-4.9787426	2.6515784	45.472
0.25258827	-6.8581905	2.4744074	45.491
1.2557588	-8.25401	1.0043676	45.521
0.1352724	-8.584411	1.8710686	45.562
-2.147599	-9.546879	2.7497406	45.572
-1.9991584	-11.6669445	2.3654714	45.591
-3.8905778	-13.80377	3.2237926	45.622
-3.8498764	-13.396755	3.6487634	45.641
-2.7497406	-11.227609	-0.021547815	45.672
-2.0913353	-12.876017	-1.9297266	45.691
-4.957195	-16.17403	-7.097611	45.722
-9.998186	-9.655815	-5.7664347	45.741
-7.2508397	-4.7177744	4.134786	45.772
-0.7589619	-7.8290396	0.6679823	45.801
-0.088585466	-9.406818	1.5969325	45.822
-2.0159178	-9.662998	2.2493525	45.841
-4.173094	-7.5848308	2.871845	45.872
-2.27928	-5.7616463	2.5498247	45.902
-0.59256494	-3.5087025	1.6196774	45.922
-0.33997664	-3.5877113	0.9600749	45.952
-0.08140286	-7.800309	-0.47644615	45.972
0.92176765	-10.515334	-0.5722142	45.992
2.31639	-9.994595	2.1871033	46.022
2.4384944	-9.901221	1.8327614	46.041
2.8898015	-10.935516	0.92176765	46.072
0.58298814	-11.6669445	2.2984335	46.102
0.81043726	-9.834184	1.1121067	46.122
1.7812861	-8.842984	0.641646	46.142
-3.537433	-7.463924	-0.8355764	46.172
-6.1662664	-8.0924015	-3.4799721	46.191
-6.1662664	-8.0924015	-2.9233203	46.223
-3.027468	-19.6133	-0.7110779	46.243
-2.3558946	-18.128895	-2.6288335	46.272
2.6874914	-14.882358	-0.25258827	46.291
1.7657237	-8.900445	2.3247697	46.322
1.388637	-8.22528	2.2517467	46.342
1.2054806	-7.243657	1.1073183	46.372
0.89543146	-5.5641246	0.8355764	46.391
-0.33997664	-2.8898015	1.5167267	46.422
-1.5957354	-3.3207579	2.8407204	46.442
-1.6783354	-4.7776294	2.529474	46.472
-1.2401965	-5.631162	1.8842367	46.502
-1.590947	-6.1112	1.7070658	46.522
-0.6440403	-6.895301	2.31639	46.542
-0.37229836	-9.4295635	1.22224	46.572
-1.270124	-12.816162	1.5682021	46.591
-2.7856536	-14.686033	1.3323733	46.621
-3.5218706	-14.008474	-1.0426749	46.642
-5.9867015	-14.853627	-3.8474822	46.673
-6.0645127	-19.6133	-0.80564886	46.692
-2.5893292	-8.194156	-2.3295584	46.722
0.25737667	-4.542998	-2.4301147	46.741
0.79487497	-5.081693	0.51475334	46.772
-2.9819782	-5.8226986	-0.8391677	46.791
-7.9032598	-10.0664215	-2.7509377	46.822
-6.817489	-11.8896055	-2.930503	46.841
-2.542642	-11.988965	-4.355053	46.872
0.39264908	-10.38485	-4.819528	46.891
0.48961425	-7.6255326	-1.0869676	46.922
0.35673606	-8.208521	0.51834464	46.942
1.4640543	-9.548077	0.30406362	46.972
4.4915223	-8.560468	1.5981296	46.992
4.7405195	-8.408437	3.6894648	47.021
4.2401314	-9.303867	3.6379895	47.042
2.3894134	-9.01776	3.5194764	47.072
2.8072014	-9.412804	3.8666358	47.092
0.78888947	-10.1226845	2.835932	47.122
0.17956513	-10.065224	3.003526	47.142
0.015562311	-9.557653	2.586935	47.172
-0.748188	-8.452729	-0.16160862	47.192
-12.959814	-6.95755	-4.1024647	47.222
-6.0728927	-9.916783	-0.25139117	47.243
1.9572599	-14.79497	2.9508536	47.272
3.3985693	-19.6133	1.1540052	47.292
0.93613285	-15.340847	-2.706645	47.322
-1.163582	-8.832211	2.8754363	47.342
1.5490485	-6.307524	3.2908301	47.372
2.8514943	-7.0245876	0.59974754	47.392
3.0765493	-6.183026	0.29209262	47.422
1.9357121	-4.9907136	2.0757728	47.442
-0.60932434	-5.923255	3.5853171	47.471
-2.2146366	-7.101202	2.7222073	47.491
-2.9867666	-8.579621	3.6655228	47.522
-2.3439236	-8.65025	4.533421	47.552
0.10055647	-8.286332	3.371036	47.572
0.842759	-9.494206	3.2992098	47.592
-3.110068	-13.01488	5.097255	47.622
-5.8203044	-14.00608	6.6307416	47.652
-5.258864	-13.776237	6.2979474	47.672
-5.1463366	-11.965023	4.2796354	47.691
-6.695385	-15.011644	-0.8762778	47.721
-7.4244194	-13.620613	-0.47764325	47.752
-5.768829	-5.1690817	-3.7852328	47.772
-3.4009635	-4.5441947	-2.7605145	47.802
-2.8107927	-7.4950485	-0.31483752	47.822
-2.0398598	-10.496181	-0.9516952	47.842
-2.779668	-9.692925	-0.12449849	47.872
-2.908955	-8.579621	0.08738836	47.892
-2.099715	-6.7648168	-0.34237084	47.922
-1.1252748	-6.0740895	-0.05267244	47.952
-0.39863458	-6.637924	0.088585466	47.972
0.15203181	-7.8865004	-0.16519992	47.992
1.1468226	-8.868123	1.2210429	48.022
2.7617116	-9.209297	1.9488802	48.052
3.5877113	-10.247183	2.4313118	48.072
2.6671407	-10.866084	2.8419175	48.091
1.8255788	-10.332177	3.4512417	48.122
2.110489	-11.02889	2.9233203	48.141
1.079785	-13.897143	2.4911668	48.172
0.724246	-12.947843	3.4919431	48.192
1.1540052	-11.616667	3.41892	48.222
-0.40940848	-11.403583	-3.2501287	48.244
0.16519992	-12.0093155	-2.6611552	48.272
-2.9867666	-13.994109	-1.685518	48.292
-3.3746274	-12.428301	-2.790442	48.322
-2.8802247	-12.460623	-1.8447324	48.352
0.07062895	-11.153389	2.054225	48.372
2.348712	-9.568427	0.92416185	48.402
3.807978	-8.318654	-0.45250413	48.421
2.492364	-6.1985884	1.2234371	48.441
0.35194764	-3.1364043	1.3000516	48.472
-0.15801731	-2.7688942	1.5071499	48.491
0.40701428	-4.4544125	3.168726	48.522
0.7733272	-6.007052	3.301604	48.541
1.2593501	-7.6530657	3.8989575	48.572
0.81283146	-9.307459	1.4413095	48.592
-0.31124622	-11.420342	1.0199299	48.622
-5.09127	-12.28824	3.5661635	48.652
-5.171476	-14.975732	6.030994	48.672
-3.1830912	-13.573927	5.269638	48.702
-3.989937	-14.05157	-4.4795513	48.722
-4.390966	-17.06108	-1.8710686	48.752
-8.170214	-10.907983	-4.8386817	48.771
-5.8466406	-3.5793316	-2.942474	48.791
-0.8415619	-6.70975	1.8351556	48.822
-0.50038815	-10.03769	0.22744916	48.852
-1.4867992	-10.723629	-1.4820108	48.871
-3.1986535	-9.012972	1.283292	48.892
-2.3630772	-6.0501475	2.5941176	48.922
-1.3599066	-4.358644	2.3235726	48.952
-1.4808137	-3.321955	1.6519991	48.972
-2.1392193	-5.04578	0.8690952	48.991
-1.4664485	-7.539341	0.8463503	49.022
-0.52073884	-9.308656	1.174356	49.041
1.0187328	-10.119094	1.9656396	49.072
2.0207062	-9.127894	2.4516625	49.102
1.6986861	-8.748413	4.167108	49.122
1.0259154	-9.698911	4.7644615	49.142
1.7884687	-12.406754	2.086547	49.172
5.0362034	-14.227544	1.411382	49.192
5.0362034	-14.227544	1.411382	49.192
-1.3718776	-10.269928	-1.2725182	49.242
-2.6874914	-9.435549	-3.6643257	49.275
1.3682863	-10.0664215	-0.82240826	49.295
0.41180268	-14.320917	-2.5330653	49.319
-1.389834	-17.281347	-4.07134	49.344
-1.5275006	-13.150153	0.25498247	49.372
1.1587936	-9.020155	2.741361	49.401
2.9903579	-7.3909006	1.9273324	49.422
3.632004	-6.2285156	0.8619126	49.441
2.3546975	-3.4213142	-0.04070143	49.472
-0.031124622	-2.160767	0.7398083	49.491
-1.3108255	-4.43885	3.110068	49.522
-0.031124622	-7.098808	3.107674	49.552
1.9835961	-10.1621895	2.5881321	49.572
1.3132197	-12.130223	0.9828198	49.592
-1.1815386	-9.968259	3.2381577	49.622
-1.7429788	-10.754754	3.2202013	49.652
-2.0350714	-16.030378	3.9468415	49.672
-3.5553896	-16.869545	0.89184016	49.702
-7.2951326	-19.6133	-7.4351935	49.722
-11.347319	-12.884397	-3.1136594	49.741
-6.429629	-1.8195933	-0.17717093	49.772
0.6548142	-5.2648497	1.1216835	49.802
-0.7182605	-9.100361	1.9081788	49.822
-1.4568717	-12.385205	-1.2174516	49.842
-6.563704	-8.2169	1.3694834	49.871
-4.4280763	-4.1659107	2.9843724	49.892
-1.1887212	-1.4520833	2.8682537	49.922
0.21547815	-1.9081788	2.669535	49.941
-0.35314476	-5.088876	0.25378537	49.972
0.2657564	-7.9152308	-0.35553896	50.002
0.878672	-9.876082	-0.40821138	50.012
0.48841715	-9.368511	1.2389994	50.044
1.9536686	-10.21965	2.9400797	50.072
2.2385786	-10.601525	3.453636	50.091
1.946486	-12.990938	2.9173348	50.122
3.192668	-14.030022	3.6463692	50.141
3.9743748	-12.488156	2.9951463	50.165
2.0099323	-9.907207	-1.0055647	50.194
2.0099323	-9.907207	-1.0055647	50.194
-1.8243817	-14.416685	-3.4955344	50.242
-3.3650506	-18.169598	-2.315193	50.262
-1.9967642	-14.71237	-3.0418332	50.291
2.2529438	-10.437522	0.51834464	50.321
2.6970682	-9.494206	1.484405	50.341
3.2788591	-8.707711	1.7884687	50.372
2.8048072	-7.3202715	1.7968484	50.391
2.3642743	-2.7964275	0.5566519	50.422
0.40821138	-0.6512229	0.7505822	50.442
-0.760159	-4.0426097	3.1160536	50.472
0.037110128	-5.1259856	3.5422213	50.502
2.2625206	-7.6590514	2.585738	50.522
0.9684546	-10.5285015	-0.45489833	50.541
-1.4867992	-11.262324	2.1559787	50.572
-3.1376014	-11.581951	2.6264393	50.602
-3.0095115	-15.395914	4.477157	50.622
-2.493561	-14.948198	5.245696	50.641
-1.3467385	-12.229582	-3.7948096	50.672
-3.2872388	-17.958906	-6.8569937	50.692
-9.351752	-10.608707	-4.280833	50.722
-7.7667904	-1.7836803	0.6967127	50.752
-0.6907272	-5.1475334	1.3682863	50.772
1.1611878	-9.1350765	0.59855044	50.792
0.58657944	-10.521319	0.4201824	50.822
-6.4008985	-7.553706	1.8243817	50.842
-3.6882677	-4.5178585	2.9400797	50.872
-2.1308396	-4.07134	2.5689783	50.892
0.5746084	-3.2357635	0.89782566	50.921
0.78170687	-5.6802435	-0.22864626	50.942
1.3874398	-9.300277	-0.25019407	50.972
1.0486604	-9.853337	0.9888053	50.991
1.2162545	-10.053253	1.9321208	51.022
1.8231846	-10.81461	2.420538	51.042
1.7429788	-12.285846	3.2728736	51.072
1.7178397	-14.135366	2.4037786	51.092
4.0426097	-12.187684	3.8726213	51.122
3.4859576	-9.331401	1.7190368	51.141
2.5103204	-7.523779	-1.2389994	51.172
-2.574964	-9.636662	-6.6642604	51.192
0.31004912	-18.13967	-2.7449522	51.222
-0.35793316	-18.772936	-3.466804	51.243
-0.25498247	-13.290214	-3.8007953	51.272
0.736217	-12.051214	-1.5777789	51.292
2.8694508	-8.148665	4.011485	51.322
4.0078936	-7.5070195	2.2493525	51.341
3.3746274	-4.9763484	0.79607207	51.372
2.03148	-1.578976	0.005985504	51.402
0.008379706	-1.1228806	0.44891283	51.423
-0.5542577	-4.128801	3.0011318	51.442
1.8231846	-8.040926	1.7465701	51.472
2.8095956	-10.234015	-0.7026982	51.492
-1.3551182	-9.702502	1.3970166	51.522
-2.3403323	-8.708909	3.9911342	51.543
-2.7748797	-9.812635	3.2704794	51.562
-2.8072014	-15.576676	4.64116	51.592
-1.0737995	-15.573085	-1.0079589	51.622
-3.669114	-19.6133	-6.8007298	51.641
-7.85777	-12.813767	-4.811148	51.672
-10.121488	-5.583278	-2.3642743	51.693
-2.2122424	-0.21667525	1.0749966	51.712
-0.12569559	-6.5385647	1.2330139	51.742
-2.3235726	-9.665392	-1.0953473	51.772
-6.803124	-8.724471	0.039504327	51.791
-6.4416	-6.5146227	1.8219875	51.822
-2.5917234	-5.391742	2.5019407	51.843
-0.11731588	-4.4819455	1.8938135	51.873
0.47884035	-4.531027	0.6859388	51.901
1.3239936	-8.870518	0.61291564	51.921
1.2378023	-9.837775	0.82719666	51.941
1.2126632	-9.239224	0.3184288	51.972
0.5267244	-9.120711	0.92775315	51.991
0.7098808	-11.130644	2.7617116	52.021
0.8487445	-12.706028	4.2078094	52.052
2.5115175	-13.280637	2.2984335	52.072
3.4799721	-12.374432	2.7593174	52.092
4.820725	-10.761936	0.18914193	52.122
-0.50876784	-13.357251	-4.959589	52.152
-2.9879637	-12.495338	-2.7353754	52.171
-3.3997664	-12.8927765	-1.5239093	52.192
-3.3997664	-12.8927765	-1.5239093	52.192
1.5849615	-11.534067	-1.99437	52.252
4.8243165	-12.2224	-0.34955344	52.272
4.283227	-11.326968	0.3890578	52.292
1.3838485	-8.426393	1.2198458	52.322
0.5315128	-5.9160724	0.34835634	52.342
0.40342298	-3.052607	-0.48362875	52.372
-0.20470424	-1.9081788	0.5518635	52.402
0.2801216	-5.4049106	2.72939	52.421
0.6799533	-7.2352777	2.5246856	52.441
1.0474633	-9.8437605	1.0067618	52.472
0.31364042	-10.326192	0.6751649	52.502
-0.9684546	-9.144653	2.8072014	52.522
-0.035913024	-8.955511	2.554613	52.542
-0.2717419	-14.598645	4.2521024	52.572
-0.23463176	-15.392323	5.121197	52.591
-2.9161377	-12.406754	-3.667917	52.622
-5.6443305	-13.800179	-5.7963624	52.641
-9.266758	-15.67843	-5.187038	52.672
-10.3453455	-5.54138	-3.0059202	52.691
0.49320555	-4.947618	1.282095	52.722
1.0366893	-7.065289	0.91219085	52.742
-0.6691794	-8.133103	1.4664485	52.772
-5.9244523	-9.337387	0.81642276	52.791
-3.7134068	-7.973889	1.3263878	52.822
0.18914193	-6.187814	1.541866	52.841
0.9792285	-4.4328647	0.47165772	52.872
0.1400608	-4.5513773	0.2837129	52.892
-0.878672	-7.81228	-0.01436521	52.922
-0.81761986	-9.346964	-0.12689269	52.942
1.043872	-9.578004	2.3642743	52.972
1.9919758	-9.929952	2.1906946	52.991
1.8435353	-11.562798	2.9029696	53.022
1.5526398	-12.949039	2.5617957	53.041
3.2620997	-13.953407	3.3542767	53.071
3.9719806	-11.20247	2.9137435	53.092
-1.520318	-7.386112	0.8451532	53.122
-3.5122938	-8.901642	-5.8909335	53.141
-0.8846575	-16.889896	-4.4017396	53.172
0.60693014	-19.6133	-3.027468	53.192
0.60693014	-19.6133	-3.0801406	53.223
1.115698	-11.956643	-1.6807296	53.243
3.3542767	-5.068525	3.1974564	53.271
3.727772	-4.4759603	3.8235402	53.291
3.193865	-4.8865657	0.6356605	53.322
1.5693992	-4.8757915	0.016759412	53.342
-0.48722005	-3.8283286	0.19273324	53.372
-2.7162218	-5.571307	1.4532804	53.392
-1.400608	-7.926005	2.3953989	53.422
-0.3842694	-8.51019	2.1703439	53.442
0.38187516	-10.455479	2.1703439	53.472
-1.4975731	-11.534067	2.6886885	53.492
-2.5330653	-11.012131	4.06296	53.522
-1.3575124	-11.7064495	5.6563015	53.552
-1.6783354	-12.233173	5.00867	53.572
-3.6104562	-13.138182	-1.0342951	53.592
-4.7177744	-17.110163	-2.4133554	53.622
-7.523779	-14.69561	-4.1144357	53.652
-2.835932	-5.482722	-1.1145009	53.672
-1.3395559	-5.6586957	2.469619	53.692
-1.483208	-7.410054	0.58777654	53.722
-1.3431472	-8.819042	-0.4285621	53.752
-4.522647	-8.690952	1.1480197	53.772
-4.10845	-7.291541	2.3355439	53.792
-2.0769699	-5.626374	2.3391352	53.822
-0.45609543	-5.112818	2.2409728	53.852
-0.7062895	-5.5844755	0.81043726	53.872
-1.0474633	-6.578069	0.5470751	53.892
1.0007763	-8.574833	0.9672575	53.922
1.9309237	-9.568427	1.1492168	53.942
2.0721815	-9.830592	1.578976	53.972
1.4161704	-9.0716305	2.2840683	54.002
1.2294226	-8.421604	3.1232362	54.021
1.3036429	-10.315418	3.1675289	54.041
2.007538	-12.109872	2.0913353	54.072
2.6192567	-11.780669	1.8854338	54.091
2.60968	-10.573992	1.1228806	54.122
-0.34237084	-8.643068	1.0534488	54.152
-3.027468	-9.445126	-2.5330653	54.171
1.3156139	-10.819398	-1.6819267	54.191
1.3156139	-10.819398	-1.6819267	54.191
0.8762778	-19.43972	-3.1519666	54.242
-0.59136784	-15.223532	-0.7553706	54.272
1.2318168	-9.949105	1.186327	54.292
3.4141316	-6.1447186	1.1432313	54.322
3.726575	-5.5737014	1.271321	54.342
3.3925838	-6.137536	0.22744916	54.379
0.92416185	-6.0525417	-0.17238252	54.392
-1.1671734	-7.007828	-0.04189853	54.422
-1.1791444	-8.48984	0.58657944	54.442
-0.79008657	-9.585187	2.2301989	54.472
-0.022744916	-9.2787285	1.3706805	54.492
0.011971008	-8.504205	1.3623008	54.522
0.22385786	-8.306683	2.6360161	54.542
-0.94570965	-9.93474	1.70946	54.572
-2.5210943	-11.836933	2.7641058	54.591
-2.2984335	-9.0081835	2.553416	54.622
-0.93613285	-6.528988	3.1531637	54.642
1.186327	-9.240421	-3.1998506	54.672
1.4544775	-19.6133	-10.180145	54.692
-9.890448	-11.548432	-10.609905	54.722
-5.529409	-1.946486	7.6351094	54.742
0.9900024	-1.3132197	3.8007953	54.772
3.0765493	-5.815516	2.7629087	54.802
0.8655039	-11.868058	-0.92057055	54.822
-4.3514614	-10.2735195	-0.81402856	54.852
-4.2904096	-7.517793	-0.1604115	54.872
-1.4065934	-6.7360864	1.0103531	54.892
0.59136784	-6.38773	0.6655881	54.922
1.6807296	-6.939594	0.11372458	54.942
1.3958195	-8.881291	-0.33159694	54.971
0.9983821	-9.961076	0.89662856	55.001
0.8738836	-11.3138	0.6679823	55.022
0.90500826	-12.155362	0.19512744	55.052
1.0127473	-14.057555	2.019509	55.072
2.3594859	-12.258312	2.7461493	55.092
4.8243165	-10.278308	1.9333179	55.122
3.8774097	-9.198523	1.5310919	55.142
0.7026982	-10.396821	-3.4284968	55.172
-1.9740193	-11.397597	-6.0597243	55.192
-0.12210429	-12.901155	-2.9376855	55.222
-1.5179238	-12.287044	-1.8411411	55.243
0.1412579	-13.098678	-2.0697873	55.272
1.2330139	-13.340492	-1.0139444	55.292
1.5526398	-11.567586	0.29328972	55.322
2.0829554	-9.223662	1.0043676	55.342
1.6328455	-6.9731126	0.37229836	55.372
1.745373	-5.21098	0.16519992	55.392
1.0378864	-4.68665	0.027533319	55.422
0.12330139	-5.5006785	0.5363012	55.441
-0.4333505	-8.528147	1.7034745	55.472
-0.5638345	-8.711303	1.6077064	55.492
-0.830788	-7.6147585	0.8475474	55.522
-2.315193	-7.243657	1.7549498	55.542
-2.3894134	-7.335834	3.417723	55.571
-0.8331822	-9.095572	2.693477	55.592
-0.6943185	-10.278308	-0.61530983	55.622
-0.8463503	-10.080787	0.7170634	55.652
-2.2301989	-14.0312195	-4.4077253	55.672
-3.5242648	-19.6133	-2.1284454	55.691
-11.281479	-19.6133	1.4796166	55.722
-7.776367	-9.038112	-3.5685577	55.742
2.8898015	-1.6316484	1.6053122	55.771
3.333926	-3.9456444	0.29807812	55.792
-4.414908	-10.601525	-1.7729063	55.822
-7.943961	-11.900379	-1.7836803	55.842
-9.859323	-11.547235	0.61411273	55.872
-3.6739025	-10.290278	-0.28491	55.891
0.581791	-6.9348054	-0.581791	55.922
0.51235914	-6.603208	-1.151611	55.941
-0.93373865	-8.455123	-0.9660604	55.972
-2.8083985	-9.85214	0.33039984	55.992
-2.1440077	-9.55047	-0.85473	56.021
-0.12449849	-9.024943	-2.1535845	56.042
-0.8810662	-9.239224	-1.5131354	56.072
-2.753332	-9.768343	-2.3080103	56.092
-2.4588451	-10.970232	-1.2521675	56.122
1.5346833	-11.7148285	0.8463503	56.142
4.832696	-10.512939	1.4377182	56.172
0.8678981	-9.038112	1.7944542	56.192
0.8678981	-9.038112	1.7944542	56.224
-5.717354	-11.601105	1.1827357	56.244
-3.774459	-12.307394	1.103727	56.271
-1.1540052	-10.516531	1.6915035	56.292
0.7721301	-7.548918	2.4133554	56.321
0.6955156	-5.932832	2.6036944	56.341
-0.6380547	-5.6096144	2.9987376	56.372
-2.327164	-6.2644286	3.083732	56.391
-4.0940847	-7.7799582	3.669114	56.422
-3.8905778	-8.977059	2.6324248	56.442
-2.1619642	-9.929952	3.0418332	56.472
-1.4341269	-10.573992	3.9348705	56.492
-1.7872716	-11.801021	4.0162735	56.522
-3.50152	-12.998121	6.3242836	56.541
-4.4580035	-11.69807	4.911705	56.572
-5.3019595	-10.833763	0.37469256	56.592
-7.129933	-10.844537	-2.5965118	56.622
-6.7504516	-9.821015	-1.6101006	56.642
-4.570531	-7.019799	-4.673482	56.672
-2.3355439	-5.9292407	-4.661511	56.692
-0.60693014	-9.13388	-2.3942018	56.722
0.2621651	-11.016919	-2.336741	56.742
-0.45130703	-10.406398	-1.9273324	56.772
-1.7932571	-9.25359	-2.5031378	56.792
-3.4093432	-8.475474	-2.681506	56.822
-2.7868507	-7.8027034	-1.9069817	56.842
0.18555063	-8.614338	-3.2597055	56.872
1.6531962	-9.457097	-3.335123	56.892
2.4708161	-9.846154	-1.067814	56.922
4.0258503	-9.995792	0.6392518	56.942
4.2413282	-9.847352	1.7860745	56.972
4.5058875	-10.317812	3.084929	56.992
4.047398	-11.659762	2.220622	57.022
3.4715924	-12.218808	2.4672248	57.042
1.6555905	-11.965023	2.7700913	57.072
-0.038307227	-11.85489	2.054225	57.092
-0.34835634	-10.71525	0.3172317	57.122
-3.6391866	-13.103466	-3.693056	57.142
-2.4959552	-12.989741	-2.6599581	57.172
-2.0254946	-11.723208	-0.8343793	57.192
-2.0254946	-11.723208	-0.8343793	57.192
0.61770403	-8.8777	0.21308395	57.244
2.3822308	-11.377247	0.4297592	57.272
0.48722005	-10.959458	-1.2952632	57.292
0.6715736	-8.9519205	-0.8355764	57.322
1.483208	-6.7145386	0.6440403	57.342
2.160767	-3.3243492	2.0254946	57.372
1.6304513	-3.465607	2.2888567	57.392
0.641646	-7.5345526	3.4919431	57.422
0.23223756	-8.514978	3.2501287	57.442
-1.3108255	-9.036914	3.4380736	57.472
-1.4413095	-7.6734166	3.6092591	57.492
0.10295067	-7.789535	2.861071	57.522
-0.2693477	-10.389638	3.7181952	57.542
-3.7696705	-13.934254	4.0378213	57.572
-4.1982327	-15.021221	4.9057193	57.591
-3.6391866	-12.4869585	5.5138464	57.622
-2.861071	-11.145009	0.91937345	57.642
-3.3327289	-17.517178	-3.5805287	57.672
-6.540959	-15.245079	-4.4556093	57.692
-8.3868885	-6.0142345	-5.3163247	57.722
-2.8526914	-2.789245	2.1691468	57.742
0.9828198	-8.655039	1.0749966	57.772
-0.09935937	-11.572374	-0.5638345	57.792
-5.481525	-10.010158	0.6596026	57.821
-5.9878983	-9.066842	1.4041992	57.842
-3.2956185	-5.9627595	1.1145009	57.871
0.39624038	-4.685453	0.60214174	57.892
1.4784195	-4.8027687	-0.25498247	57.912
0.90859956	-5.109226	-0.31124622	57.94
0.36032736	-7.337031	0.9744401	57.955
1.8064252	-10.157401	1.7298107	57.991
2.4875755	-10.419566	1.6891093	58.022
0.89303726	-10.279505	2.315193	58.042
0.077811554	-10.627861	3.6619315	58.072
0.9780314	-12.429498	2.8742392	58.092
2.942474	-13.15973	2.4863784	58.122
3.4572272	-12.120646	2.4959552	58.142
0.545878	-15.101427	-2.9472623	58.172
-0.60453594	-16.12854	-3.8786068	58.192
-0.60453594	-16.12854	-3.8786068	58.192
-6.885724	-13.217191	-3.3542767	58.242
0.17717093	-7.821857	1.2150574	58.271
3.7062242	-8.374918	1.7298107	58.292
2.8311436	-10.691308	-1.1324574	58.321
0.2813187	-9.5013895	-0.79726917	58.342
-0.79248077	-6.477513	0.8774749	58.372
-0.63206923	-5.282806	0.5781997	58.392
1.2785037	-3.6343982	1.721431	58.422
2.2517467	-4.662708	2.4420857	58.442
2.1428106	-6.3697734	2.4983494	58.471
0.50876784	-7.2484455	3.2381577	58.492
-0.93134445	-7.451953	3.882198	58.522
-0.46088383	-6.7384806	3.4105403	58.542
0.9540894	-8.319851	2.0470424	58.572
0.14844051	-10.251971	1.2904748	58.592
-2.244564	-11.694478	2.6611552	58.622
-2.7688942	-13.4195	2.8443117	58.642
-1.769315	-13.778631	3.74094	58.672
-0.36990416	-10.882844	-0.17357962	58.692
-4.0557775	-19.6133	-5.1523223	58.722
-6.9719152	-19.6133	-6.184223	58.742
-5.8933277	-4.0138793	0.10534488	58.772
-0.8343793	-4.6603136	2.492364	58.792
3.3494883	-8.755595	4.1814733	58.822
0.58897364	-8.598776	0.39863458	58.842
-6.599617	-8.283937	0.90141696	58.872
-7.2963295	-6.453571	1.9859903	58.892
-3.976769	-5.6000376	0.6572084	58.922
-0.7158663	-3.8067808	-0.5554548	58.942
3.716998	-5.5222263	-1.3611037	58.971
2.6779146	-8.603564	-0.6428431	58.992
0.6572084	-10.625467	2.3259668	59.022
1.543063	-10.224439	2.8443117	59.042
0.79487497	-10.499771	1.8303672	59.072
-0.046686932	-10.796653	1.8411411	59.092
0.6392518	-12.567164	3.788824	59.122
2.1212628	-12.61026	2.5378537	59.142
3.5661635	-10.540473	1.8315643	59.172
3.515885	-10.023325	0.7386112	59.192
3.515885	-10.023325	0.7386112	59.192
-3.9396589	-10.029311	-4.185065	59.241
0.80804306	-15.720328	-2.778471	59.272
1.5873557	-17.201141	-3.3854012	59.291
1.4544775	-17.550695	-3.4344823	59.322
1.1145009	-14.762648	-1.9416976	59.352
1.2054806	-8.981848	1.5705963	59.372
0.93493575	-6.493075	2.7281928	59.391
1.769315	-4.9021277	0.094570965	59.422
1.6903064	-4.811148	-0.47046062	59.441
1.5622166	-2.4708161	0.80205756	59.472
0.79248077	-3.0262709	2.1787236	59.502
0.6859388	-5.695806	3.9947255	59.522
1.5981296	-7.08564	3.807978	59.542
0.9552865	-9.284714	1.2916719	59.571
-0.14963761	-10.028113	1.5622166	59.602
-2.1906946	-10.43872	4.5621514	59.622
-3.2680852	-14.094666	1.5227122	59.641
-4.2880154	-14.105439	5.237316	59.672
-2.4708161	-13.174095	-2.3008277	59.691
-2.6396074	-15.661671	-4.522647	59.722
-5.0493712	-19.6133	-7.1227503	59.741
-7.715315	-5.5880666	-0.47285482	59.772
-3.8283286	-5.2169657	1.400608	59.802
-1.0498575	-10.341754	1.6531962	59.821
-0.5674258	-10.108319	1.079785	59.841
-3.0370448	-8.282741	0.48602295	59.872
-4.8733974	-5.722142	1.839944	59.902
-2.1176715	-3.8067808	2.1643584	59.922
-0.9672575	-3.6966474	2.110489	59.942
-1.0857705	-5.628768	0.076614454	59.972
-0.6859388	-6.5349736	-0.12449849	59.991
1.827973	-9.388862	0.2837129	60.022