-0.29568392	-9.600749	1.8782512	0.197
-0.15562311	-9.67856	1.6771383	0.247
-0.34356794	-9.534908	1.6280571	0.297
-0.08140286	-9.552865	1.7884687	0.346
-0.2861071	-9.757569	1.3742718	0.397
-0.15442601	-9.572019	1.5059528	0.446
-0.25617957	-9.522937	1.5286977	0.496
-0.5243302	-9.8437605	1.2006922	0.547
-0.010773907	-9.463082	1.5035586	0.597
0.05626374	-9.601946	1.1575965	0.646
-0.439336	-9.870096	0.91937345	0.698
-0.7661445	-9.842564	1.021127	0.749
-0.10055647	-9.532514	1.3120226	0.798
-0.09816227	-9.458294	1.1049241	0.848
0.2801216	-9.5492735	0.91219085	0.9
-0.10414778	-9.894038	1.0690111	0.94
-0.49440265	-9.879673	1.0761937	0.961
-0.10654198	-9.750386	1.5334862	1.047
0.47884035	-9.566033	0.9516952	1.097
0.25857377	-9.443929	1.5622166	1.147
-0.15322891	-9.67018	1.2952632	1.195
-0.12689269	-9.536105	1.400608	1.245
-0.2657564	-9.568427	1.5837644	1.295
-0.6847417	-9.730036	0.2825158	1.345
-0.29807812	-10.140641	-0.63087213	1.395
0.81642276	-11.597513	1.2378023	1.445
0.22744916	-11.04565	-0.7445967	1.495
-0.48003745	-7.8984714	-0.059855044	1.545
0.21308395	-9.153033	3.0178912	1.595
0.3196259	-12.491747	0.16280572	1.645
-1.5897499	-8.962694	0.9768343	1.695
-0.19033903	-7.7488337	1.7046716	1.746
-0.59376204	-9.14585	0.47524905	1.795
-1.340753	-8.659827	1.4939818	1.845
-1.6998832	-8.6095495	1.4437037	1.895
-1.3694834	-9.494206	2.4241292	1.945
-0.39384618	-10.87207	1.4496891	1.978
-0.4405331	-9.694122	2.0506337	2.047
-3.489549	-15.939398	-0.973243	2.095
-6.283582	-7.8302364	-2.1571758	2.145
-0.9876082	-6.659472	1.7286136	2.195
-5.509058	-11.02889	-1.685518	2.245
-1.7681179	-7.869741	1.0115502	2.295
-1.7525556	-6.9958572	-0.6823475	2.345
-2.8311436	-9.825804	-0.034715924	2.395
0.8511387	-9.812635	-0.30526072	2.445
0.748188	-9.041702	0.8415619	2.495
0.47165772	-8.802282	0.45609543	2.545
-0.15322891	-9.576807	-0.047884032	2.598
-0.60333884	-10.617087	0.7015011	2.645
0.6500258	-11.02889	0.19393034	2.695
-1.1420342	-13.254301	-0.46806642	2.745
-0.24779987	-11.77229	-3.2860417	2.795
-3.1196449	-6.1662664	-3.1974564	2.845
0.090979666	-8.367735	0.20470424	2.895
1.7681179	-12.865243	0.93493575	2.945
0.033518825	-10.679337	-1.5179238	2.975
-0.22505496	-8.340201	1.5741876	3.045
-1.6304513	-8.752005	0.80924016	3.095
-1.186327	-8.283937	0.8295909	3.145
-0.51595044	-7.943961	1.7441759	3.195
-1.3730747	-9.130288	1.6136919	3.245
-0.92057055	-9.31105	1.186327	3.295
-3.3770216	-10.644621	1.115698	3.345
-0.52073884	-14.385561	2.7940333	3.395
-4.808754	-10.831368	-2.456451	3.445
-3.1040826	-6.271611	0.9911995	3.495
-1.7142484	-6.941988	-1.5813702	3.545
-3.4799721	-11.128249	-2.267309	3.595
-3.2740707	-10.473435	0.5805939	3.645
-1.4041992	-8.329428	0.41299978	3.695
-1.0977415	-9.0476885	-0.017956512	3.745
0.062249243	-9.356541	-0.32441434	3.795
0.427365	-9.118318	0.6943185	3.845
-0.6380547	-9.301474	0.15801731	3.895
-0.37469256	-9.518148	0.4309563	3.945
0.82121116	-10.119094	0.020350715	3.978
1.2138603	-11.317391	0.5530606	4.045
-2.3690627	-12.592304	-0.63087213	4.096
-0.60333884	-11.438298	-1.6017209	4.146
-2.328361	-7.4842744	-2.0518308	4.196
-2.1308396	-5.631162	-0.91697925	4.246
0.17597382	-12.150574	2.834735	4.296
-1.6579847	-11.190498	-1.5227122	4.346
-0.90381116	-8.471883	0.8726865	4.396
-0.5351041	-8.063671	1.3515269	4.446
-1.922544	-8.452729	1.4520833	4.496
-1.6184803	-8.292317	2.0614076	4.552
-0.7374141	-9.150639	1.067814	4.598
-1.9093759	-9.710882	0.29209262	4.648
-1.5849615	-9.352949	-0.5351041	4.698
1.0103531	-10.790668	2.1212628	4.748
-2.8167782	-15.603012	0.15083471	4.8
-7.5668745	-11.694478	-1.6759412	4.84
-2.0470424	-5.6060233	1.328782	4.9
-2.6156654	-7.405266	-1.1623849	4.94
-3.7086184	-9.363723	-3.3375173	4.98
-2.9783869	-10.7116585	-1.1695676	5.047
-1.9033904	-9.212888	-2.0087352	5.097
-1.3455414	-8.576031	-1.0606314	5.147
-0.80086046	-10.032902	-1.4030021	5.197
-0.08020575	-10.03769	-1.1420342	5.248
0.31124622	-8.962694	0.130484	5.298
0.878672	-9.7479925	-0.5363012	5.348
0.59735334	-9.885659	-0.035913024	5.398
-0.08379706	-9.779117	0.5793968	5.44
-0.5315128	-9.944317	0.6955156	5.5
0.32680854	-10.336966	0.6548142	5.545
-0.5494693	-12.734758	-0.59735334	5.596
-1.4975731	-9.93474	-2.754529	5.647
-2.5198972	-4.5741224	-2.8993783	5.697
1.0474633	-11.343728	1.685518	5.747
-0.7697359	-11.304223	-0.7649474	5.795
-0.81043726	-9.40203	-0.9816227	5.845
-0.34715924	-9.121908	1.6160861	5.895
-2.360683	-8.379706	0.5255273	5.945
-1.851915	-8.221688	1.8052281	5.975
-0.6703765	-9.376891	1.6915035	6.045
-0.8379706	-8.931569	2.1583729	6.095
-1.650802	-9.437943	0.06823475	6.145
-2.554613	-11.043256	3.2992098	6.195
-0.20111294	-13.526043	-0.5243302	6.245
-7.3549876	-10.275913	-0.4405331	6.295
-3.751714	-6.7731967	0.47285482	6.345
-3.3518825	-7.9631147	-2.5187001	6.395
-2.27928	-9.284714	-1.389834	6.445
-1.0702082	-10.491392	-1.0809821	6.495
-0.1376666	-8.822633	1.1779473	6.545
-0.91937345	-9.582792	-0.8487445	6.595
-1.0654198	-8.775947	0.4213795	6.645
-0.077811554	-9.440337	-0.29448682	6.695
0.2896984	-9.388862	0.61171854	6.745
-0.009576807	-9.624691	-0.03232172	6.795
-1.2904748	-10.133459	-0.2885013	6.845
-0.062249243	-9.5385	0.2837129	6.895
0.31004912	-10.520123	0.6476316	6.945
0.49559975	-14.03481	-2.0458453	6.985
-1.8543092	-9.704897	-2.610877	7.045
-1.1264719	-6.2392898	-1.210269	7.095
-0.770933	-7.7081323	-1.5658079	7.145
-0.89543146	-13.30817	0.8487445	7.195
-1.1695676	-10.596737	-2.3020248	7.245
0.095768064	-8.146272	1.3431472	7.295
-0.17238252	-8.313866	0.58777654	7.345
-1.4041992	-8.798691	1.13964	7.395
-0.6787562	-7.8529816	1.5490485	7.445
-1.2797008	-9.024943	1.0749966	7.495
-1.0043676	-10.3453455	1.151611	7.545
-1.9369092	-9.809045	1.532289	7.595
-0.46567222	-12.308591	1.5646108	7.645
-5.2840033	-12.697649	-2.219425	7.695
-3.4751837	-6.631939	0.6607997	7.745
-1.9812019	-6.719327	-1.033098	7.795
-2.6240451	-10.3453455	-3.357868	7.845
-3.1411927	-10.38485	-0.16519992	7.895
-1.1803415	-9.074024	-0.03232172	7.945
-0.427365	-8.84059	-0.090979666	7.985
-0.81881696	-9.143456	0.046686932	8.046
-0.046686932	-9.750386	0.40821138	8.095
-0.9876082	-10.143036	0.29209262	8.145
-0.51954174	-8.931569	2.1272483	8.195
-0.30286652	-9.421184	-0.6631939	8.245
-1.4915876	-12.600683	-0.5410896	8.295
-1.6938977	-12.304999	-1.7753005	8.345
0.7565677	-6.591237	-1.5777789	8.395
1.2066777	-7.4842744	2.743755	8.445
-1.0785879	-11.804611	0.8798691	8.495
-3.371036	-9.580399	0.533907	8.545
-0.49320555	-8.112753	1.0271125	8.595
-0.91937345	-8.37013	1.9716251	8.645
-2.6982653	-9.129091	1.2413936	8.695
-2.9604304	-8.461109	1.2006922	8.745
-1.3599066	-9.937134	3.0945058	8.795
-2.5929205	-9.7563715	0.23822308	8.845
-0.6560113	-10.316615	2.15957	8.895
-5.4899044	-11.208455	0.0011971008	8.945
-5.81791	-12.48217	-1.887828	8.985
-0.80564886	-7.368156	-1.0606314	9.045
-2.2122424	-7.297527	-0.91458505	9.095
-3.2908301	-10.657789	-2.8419175	9.145
-3.335123	-9.5385	-0.8643068	9.195
-1.8626889	-8.979453	-0.59376204	9.245
-1.283292	-9.226056	-0.439336	9.295
-1.30484	-9.648633	-0.31364042	9.345
-0.9828198	-9.885659	-1.2066777	9.395
-1.2066777	-9.688137	-0.5291186	9.445
-0.14604631	-9.507375	-1.4437037	9.495
0.24660277	-10.080787	-0.25857377	9.545
1.4305356	-9.506178	0.35194764	9.595
0.10654198	-9.8042555	0.4249708	9.645
0.47644615	-10.597934	1.2401965	9.695
-0.6488287	-11.267113	-0.23582886	9.747
-1.614889	-9.289502	-0.1316811	9.798
-1.7477672	-5.493496	-2.0757728	9.848
-0.439336	-10.012551	1.460463	9.898
-0.32561144	-12.36246	0.7350199	9.948
-1.2282255	-10.04607	-0.6356605	9.987
0.089782566	-8.746018	2.5953147	10.047
-1.3694834	-8.3868885	1.2940661	10.097
-2.2026656	-8.103176	2.1883004	10.147
-2.2481554	-8.7053175	2.4408886	10.197
-1.5729905	-9.238028	2.0326772	10.245
-2.0242975	-9.338584	1.2952632	10.295
-2.4624364	-10.851719	2.8203697	10.345
-3.0801406	-13.821727	1.2401965	10.395
-3.335123	-10.535685	-1.2976574	10.445
-1.3455414	-6.229713	0.5650316	10.495
-2.5222914	-8.862138	-2.5474305	10.545
-2.5091233	-9.519346	-3.2740707	10.595
-2.8095956	-9.500193	0.005985504	10.645
-2.1140802	-9.473856	-0.62249243	10.695
-0.9708488	-8.966286	-0.05626374	10.747
-1.0582372	-9.196129	-0.079008654	10.798
-0.62368953	-9.459491	0.30166942	10.848
-0.19033903	-9.202114	0.5267244	10.898
0.20470424	-9.339781	0.78410107	10.948
-0.29448682	-9.93474	0.11851298	10.988
0.48961425	-8.881291	0.91817635	11.049
0.25977087	-10.793061	0.82599956	11.097
0.24061728	-13.77504	-0.46208093	11.147
-0.12569559	-12.512098	-2.6324248	11.196
-1.4269443	-7.047333	-1.8926164	11.247
-0.6871359	-5.5150437	-1.258153	11.295
0.020350715	-12.091916	0.36391866	11.345
-1.3910311	-11.8094	-0.45848963	11.395
0.49081135	-8.503007	-0.25258827	11.445
0.59855044	-7.9236107	1.661576	11.495
-1.6915035	-9.083601	1.0199299	11.545
-1.1061212	-8.479065	2.0338743	11.595
-0.46806642	-8.293514	1.2952632	11.645
-0.7565677	-9.68694	1.6567876	11.695
-2.6001031	-9.849746	0.034715924	11.745
0.22744916	-10.676943	3.7732618	11.795
0.7194576	-13.318944	0.12330139	11.845
-6.432023	-12.367249	-2.066196	11.895
-3.6990416	-6.4751186	0.7685388	11.945
-3.8881836	-6.1890116	0.11252748	11.985
-2.566584	-9.773131	-0.89303726	12.045
-1.8171991	-10.642226	0.90500826	12.095
-0.81761986	-9.215282	0.6631939	12.145
-0.89184016	-8.871715	0.4417302	12.195
-0.4333505	-8.804677	0.5638345	12.245
-0.2777274	-9.720459	0.24779987	12.295
-0.79487497	-9.42238	0.061052144	12.345
-0.6500258	-9.291897	0.81761986	12.395
-0.6715736	-10.159795	-0.23343466	12.445
0.16639702	-9.894038	0.5374983	12.495
-0.82240826	-9.916783	0.40701428	12.545
-1.5466543	-12.889185	-0.34117374	12.595
-0.5231331	-11.924321	-1.3958195	12.645
-1.9955671	-9.762358	-1.9955671	12.695
-1.1336545	-6.968324	-1.7357962	12.745
-1.1180922	-6.265626	-1.151611	12.795
-1.4161704	-12.543222	2.2529438	12.845
-1.1456255	-10.693702	-1.8459295	12.895
-0.46088383	-8.883685	1.2880806	12.945
-0.39504328	-8.504205	1.1468226	12.985
-2.0159178	-8.324639	2.1092918	13.045
-1.8698715	-8.743625	1.4760253	13.095
-2.0231004	-8.634688	1.6412252	13.145
-1.3874398	-9.059659	1.079785	13.195
-1.650802	-8.937555	-0.0023942017	13.245
0.10534488	-17.435774	0.7565677	13.295
-4.1659107	-10.854114	-3.4560301	13.345
-4.373009	-5.282806	2.6084828	13.395
-3.788824	-9.363723	-2.565387	13.445
-2.7820623	-8.980651	-0.8355764	13.495
-1.1336545	-10.736797	0.62249243	13.545
-1.3215994	-9.818622	0.24660277	13.595
-1.673547	-8.708909	-0.30885202	13.645
-1.3862427	-9.7863	-0.88944596	13.695
0.3854665	-9.958682	-0.22505496	13.745
0.30047232	-9.115923	0.7445967	13.795
0.08140286	-9.706094	0.10295067	13.845
0.2777274	-9.630676	-0.10295067	13.895
-0.4381389	-9.982624	0.4417302	13.945
-1.2497733	-9.044097	0.60214174	13.985
-1.352724	-10.949882	-0.2789245	14.04
-1.5693992	-12.430696	-0.7110779	14.095
-2.0925324	-9.288305	-1.2018893	14.145
-0.89782566	-8.588001	-2.1787236	14.195
-1.8136078	-6.551733	-1.3682863	14.245
-1.590947	-9.739613	1.2689269	14.295
0.4309563	-10.845734	-0.14844051	14.345
-0.81761986	-10.548853	0.79367787	14.395
-0.015562311	-8.692149	1.5298948	14.445
-0.48362875	-8.833407	2.0350714	14.495
-1.5095441	-8.978256	1.9644425	14.545
-1.4341269	-8.680179	2.2744915	14.595
-1.3994108	-8.206126	1.9309237	14.645
-1.8698715	-10.524911	0.51355624	14.695
-2.6791117	-10.041282	1.4437037	14.745
0.7769185	-10.808623	4.0414124	14.795
-1.1899183	-12.083536	-0.15203181	14.845
-5.1104236	-8.744822	0.088585466	14.895
-5.033809	-7.952341	-0.12090719	14.945
-5.315128	-8.291121	-1.3072342	14.985
-2.4181437	-9.17099	-1.6472107	15.046
-0.2885013	-9.625888	-0.92775315	15.095
-1.5969325	-9.828198	0.65242	15.145
-1.1121067	-9.208099	-0.49200845	15.195
-0.9576807	-9.059659	0.39863458	15.245
-0.7098808	-9.512163	0.027533319	15.295
0.07062895	-9.516952	0.19393034	15.345
0.46208093	-9.153033	0.15562311	15.395
0.17956513	-9.915586	-0.45489833	15.445
-1.283292	-10.231621	-0.22505496	15.495
-0.5686229	-9.2787285	1.1312603	15.545
-0.18195933	-12.410344	-0.35673606	15.595
1.0953473	-13.4422455	-2.9496565	15.645
-0.5722142	-7.586028	-0.49200845	15.695
-1.541866	-5.807136	-1.6531962	15.745
0.22026655	-8.383297	0.6823475	15.795
-1.1013328	-13.40753	0.12808979	15.845
-0.33279404	-11.101913	-3.4811692	15.895
0.89902276	-8.556877	1.423353	15.945
0.095768064	-8.49343	-0.4249708	15.985
-1.3000516	-8.303091	0.8810662	16.045
-0.9900024	-8.079233	0.9804256	16.095
-1.1372458	-9.048885	0.7134721	16.145
-1.0654198	-9.868899	1.1671734	16.195
-1.4616601	-9.768343	0.47644615	16.245
0.20829555	-12.095507	1.7262194	16.295
-4.674679	-13.494918	-3.156755	16.345
-3.264494	-8.129512	1.5454572	16.395
-2.6503813	-6.339846	-0.45609543	16.445
-2.5378537	-8.802282	-2.0733786	16.495
-2.2517467	-10.412383	-1.958457	16.545
-3.2680852	-9.640253	0.50517654	16.595
-1.3587095	-9.006987	0.59735334	16.645
-0.6488287	-8.689755	-0.02633622	16.695
-0.016759412	-9.512163	0.31603462	16.745
-0.5554548	-9.334992	0.46926352	16.795
-1.0139444	-9.227253	0.7445967	16.845
-0.6991069	-10.004171	0.21787235	16.895
0.08259996	-9.721656	0.4357447	16.945
0.4249708	-9.640253	-0.51595044	16.985
-1.1324574	-13.375208	0.15322891	17.045
-1.0965444	-13.95221	-3.3566709	17.089
-0.7350199	-6.432023	-1.3239936	17.148
-1.0043676	-4.2341456	1.1803415	17.198
0.47884035	-11.852495	2.1176715	17.248
-1.5095441	-13.420697	-2.6036944	17.297
-1.412579	-8.513782	0.6500258	17.348
-1.590947	-7.9702973	0.20350714	17.398
-2.0470424	-8.911219	0.5758055	17.448
-0.89543146	-8.832211	1.7872716	17.498
-0.5650316	-8.883685	0.9828198	17.54
-0.18914193	-9.623494	0.78888947	17.6
-1.4173675	-10.272323	-0.22385786	17.64
0.22266077	-10.133459	2.1811178	17.7
0.94810385	-10.368091	1.1097125	17.74
-6.2979474	-13.012486	-2.634819	17.8
-4.4663835	-7.1287355	-0.21308395	17.84
-1.6496049	-6.4583592	0.6584055	17.9
-2.7269957	-10.70687	-3.8833952	17.94
-3.0789435	-11.220427	-1.6998832	17.981
-1.9309237	-9.419987	-1.0043676	18.047
-1.6304513	-8.634688	0.039504327	18.096
-1.4580688	-8.889671	-0.35553896	18.14
-0.6596026	-9.85214	-0.2896984	18.2
-0.6344634	-9.712079	-0.45370123	18.24
-0.32561144	-9.442732	0.1316811	18.3
0.49200845	-9.850943	-0.33877954	18.34
-0.15322891	-9.738416	0.30526072	18.4
-0.6679823	-10.1143055	0.15083471	18.44
-0.93014735	-9.879673	0.88944596	18.5
-0.49799395	-9.776723	1.1791444	18.54
-1.3072342	-13.28782	-0.89064306	18.6
-1.0965444	-12.308591	-1.6519991	18.64
-2.2541409	-6.655881	-2.0470424	18.7
-1.8076223	-5.4264584	-2.5965118	18.74
-0.61291564	-11.166556	0.78888947	18.797
-0.5554548	-12.849681	-0.25737667	18.84
0.35434186	-9.9550905	-1.5191209	18.9
0.24540567	-8.672996	2.1547816	18.94
-2.4396915	-8.995016	1.3096284	18.997
-1.0498575	-9.758766	2.0685902	19.047
-0.5267244	-8.719683	1.8926164	19.097
-1.9680338	-7.776367	2.135628	19.14
-2.6144683	-8.499416	0.11252748	19.199
-2.2469583	-11.477803	0.48482585	19.24
2.8491	-9.379285	2.7712884	19.3
-0.6560113	-13.026852	1.3850456	19.341
-8.012196	-9.1255	-1.0055647	19.401
-3.7014358	-6.7241154	2.0626047	19.439
-2.9101522	-8.480263	-0.736217	19.5
-1.7884687	-9.3182335	-1.2246342	19.539
-1.8064252	-10.606314	-1.6400281	19.6
-3.1399956	-10.453085	0.79128367	19.639
-0.997185	-9.436746	-1.1671734	19.7
-0.4321534	-8.661025	0.28491	19.74
-0.05865794	-10.001778	-0.35793316	19.799
0.45968673	-9.651027	0.41180268	19.84
0.25617957	-9.464279	0.31124622	19.9
0.60333884	-9.200917	0.45729253	19.94
0.23343466	-9.385271	0.6751649	19.98
-0.8678981	-9.54209	0.9540894	20.047
0.33877954	-10.374076	0.7015011	20.097
-0.44771573	-13.40753	-1.0354922	20.148
-1.2557588	-11.252748	-2.244564	20.197
-1.5981296	-8.15106	-1.3515269	20.239
-0.3866636	-5.9783216	-2.172738	20.3
-0.18794483	-10.220847	0.6619968	20.34
-0.47285482	-12.457031	-0.79846627	20.4
0.48482585	-9.781511	-1.5634137	20.44
0.5566519	-8.656237	1.2629414	20.5
-1.2162545	-8.917204	-0.33518824	20.54
-1.2234371	-8.148665	1.6316484	20.6
-1.0319009	-8.15106	0.7410054	20.64
-1.0402806	-9.357738	1.1587936	20.7
-1.2545617	-10.779893	1.2030864	20.74
-0.5327099	-10.619482	3.1376014	20.8
1.3790601	-12.479776	1.1240777	20.84
-5.645528	-10.745177	-0.45010993	20.899
-4.4424415	-7.785944	0.9624691	20.94
-3.217807	-6.539762	-0.8451532	20.98
-1.1587936	-9.698911	-1.9297266	21.047
-2.717419	-11.087548	-0.36990416	21.097
-1.2413936	-8.917204	0.6368576	21.14
-0.17597382	-8.919599	0.30885202	21.2
-0.02873042	-8.743625	0.35913026	21.24
0.5410896	-9.405622	0.46806642	21.3
-0.8367735	-9.440337	0.11252748	21.34
-1.353921	-9.812635	0.007182605	21.4
-0.7266402	-9.8198185	-0.30526072	21.44
-0.6787562	-9.607931	0.4213795	21.5
-0.5602432	-12.138602	0.985214	21.54
0.7038953	-13.102269	-3.6343982	21.6
-1.2078748	-9.898827	-3.1986535	21.639
-0.997185	-6.1423244	-0.32680854	21.7
-0.2633622	-6.1566896	-0.7589619	21.74
-0.6679823	-13.573927	0.9959879	21.8
-0.023942016	-11.951855	-1.6328455	21.84
0.22744916	-8.89446	1.7657237	21.9
0.29568392	-8.500613	1.1779473	21.94
-0.9576807	-8.971074	0.15682021	21.98
-1.0259154	-7.8422074	1.1264719	22.047
-1.2054806	-8.536526	1.3467385	22.097
-0.6607997	-10.287885	0.92775315	22.14
0.40581718	-9.481039	0.38307226	22.2
-0.035913024	-10.45069	1.3024458	22.24
-7.2987237	-13.5930805	-3.5170822	22.3
-2.4408886	-7.025785	0.34835634	22.34
-2.1571758	-5.997475	0.076614454	22.4
-4.807557	-10.132261	-3.1950622	22.44
-2.7341783	-10.597934	0.260968	22.5
-2.6982653	-9.504981	-0.095768064	22.54
-1.4640543	-8.908825	-1.3790601	22.6
-1.8866309	-9.258378	-0.94211835	22.64
1.1073183	-9.745598	0.16160862	22.7
0.4405331	-9.451111	0.3866636	22.74
-0.24420857	-9.31105	0.8738836	22.8
-0.2669535	-9.8042555	-0.11851298	22.84
-0.06344634	-10.166978	0.20709845	22.9
-2.2170308	-9.657013	0.7386112	22.94
-1.816002	-13.154942	-0.2813187	23.0
-2.5893292	-11.264719	-2.7126305	23.047
-0.44532153	-8.577228	-2.3175871	23.11
-0.08738836	-5.887342	-1.7908629	23.147
-0.961272	-8.064868	2.598906	23.197
-1.2030864	-12.50731	-0.17477672	23.245
-0.6955156	-9.90601	-1.4053963	23.295
-0.31124622	-8.001422	2.517503	23.345
-1.4030021	-9.435549	1.0271125	23.396
-0.6512229	-9.103952	1.1013328	23.445
-1.7836803	-9.446322	1.9680338	23.495
-1.6519991	-9.379285	1.471237	23.545
0.4417302	-8.859743	2.2038627	23.595
-0.25498247	-10.572795	0.724246	23.645
-4.009091	-15.349227	0.59974754	23.695
-3.5625722	-7.8589673	-2.4971523	23.745
-3.3195608	-6.3793507	3.904943	23.795
-4.4328647	-10.303447	-2.12246	23.845
-1.5298948	-8.428787	0.02873042	23.895
-0.58538234	-8.972271	-0.009576807	23.945
-1.578976	-10.8229885	-0.61770403	23.995
-1.9321208	-9.336189	-0.24420857	24.046
-2.3463178	-9.021352	-0.52073884	24.095
-0.8846575	-9.526528	-0.61171854	24.145
-0.22385786	-9.503783	-0.14963761	24.195
0.5243302	-9.378088	0.10295067	24.245
0.1412579	-9.740809	-0.15083471	24.295
-0.21787235	-10.061633	-0.32680854	24.345
-1.1540052	-10.261548	0.5542577	24.395
-0.130484	-10.254366	0.61171854	24.445
-1.9321208	-14.881161	-3.1256304	24.495
-1.2018893	-8.838196	-0.35194764	24.545
-1.5346833	-6.4224463	-2.2062569	24.595
-1.2497733	-7.0006456	-0.6943185	24.645
-1.5155296	-10.491392	0.17597382	24.695
-0.581791	-12.501324	-0.6536171	24.745
-0.48243165	-9.836577	-1.2330139	24.795
-0.7613561	-8.243237	1.9033904	24.845
-2.610877	-8.619126	1.7465701	24.895
-1.5059528	-9.533711	1.7501614	24.945
-2.0039468	-9.052477	0.6560113	24.995
-2.3175871	-8.628703	1.3156139	25.046
-2.4887726	-9.082404	1.0714053	25.095
-1.3922282	-9.609129	1.520318	25.145
0.076614454	-9.909601	2.5019407	25.195
-1.496376	-9.606734	2.2601264	25.245
-4.07134	-14.233529	0.19991584	25.295
-4.9763484	-9.593566	-1.6065093	25.345
-1.4903905	-6.3865333	1.7166426	25.395
-3.2357635	-9.192537	-1.8602947	25.445
-1.9237411	-9.568427	-1.9045875	25.495
-0.79966336	-9.198523	-0.78888947	25.545
-2.0745757	-10.103531	-0.0035913025	25.595
-0.49081135	-9.1590185	-0.21308395	25.645
-0.4261679	-8.718486	0.15083471	25.695
-0.7015011	-9.512163	-0.020350715	25.745
-0.16160862	-9.651027	-0.033518825	25.795
0.12210429	-9.234436	0.33877954	25.845
0.37708676	-9.6845455	-0.21068975	25.895
-0.7769185	-10.375273	-0.8403648	25.945
0.34596214	-9.580399	0.45489833	25.995
0.21547815	-10.588357	1.6101006	26.045
-0.90021986	-12.276269	1.2114661	26.104
-0.17357962	-12.047623	-2.504335	26.145
-1.6256629	-8.957906	-1.9117701	26.205
-0.25737667	-5.9771247	-1.9261353	26.245
-0.48602295	-10.241198	-0.076614454	26.295
-0.8367735	-12.494142	0.9995792	26.345
0.18076223	-9.793482	-1.412579	26.395
0.6584055	-8.5700445	1.4688427	26.445
-0.90740246	-8.895657	0.41060558	26.495
-1.0115502	-8.542512	1.5251064	26.545
-0.3842694	-8.37013	1.3275849	26.595
-0.49200845	-9.258378	1.3060371	26.645
-2.1428106	-11.063606	0.7290344	26.695
-2.2756886	-9.417592	1.5765818	26.745
1.328782	-10.479421	1.757344	26.795
-4.935647	-13.42788	-1.5095441	26.845
-4.1503487	-9.339781	0.094570965	26.895
-2.304419	-5.722142	-0.961272	26.945
-3.2429461	-8.774749	-1.4999673	26.995
-1.6747441	-9.868899	-2.3116016	27.046
-2.3594859	-10.109517	0.34715924	27.095
-1.4652514	-9.180567	1.1492168	27.145
-0.9672575	-8.645462	0.641646	27.195
-0.81283146	-9.214086	-0.08619126	27.245
-0.5363012	-9.664195	0.15801731	27.295
-0.32202014	-9.141062	0.5291186	27.345
-0.51116204	-9.642648	0.1364695	27.395
-1.0067618	-10.080787	-0.23822308	27.445
0.30526072	-9.461885	0.49320555	27.495
-1.578976	-11.829751	0.01436521	27.545
0.06344634	-13.253103	-2.327164	27.595
-0.6392518	-9.6845455	-1.6005238	27.645
-0.90859956	-7.4232225	-0.23582886	27.696
-1.6843209	-7.005434	-2.4708161	27.747
-1.8327614	-9.355343	-0.110133275	27.795
0.37469256	-13.3225355	0.82719666	27.845
-0.33997664	-9.731233	-2.0841527	27.895
-0.023942016	-7.599196	2.7868507	27.945
-1.1384429	-9.076419	0.11252748	27.995
-1.1851299	-9.343372	1.7872716	28.046
-0.8463503	-8.546103	1.4269443	28.095
-0.36631286	-8.801085	1.9656396	28.145
-0.59136784	-9.878476	1.2904748	28.195
-1.1540052	-9.677363	1.543063	28.245
1.1994951	-14.106636	2.5689783	28.295
-4.0976763	-11.851298	-3.0178912	28.345
-4.748899	-6.06571	1.673547	28.395
-3.7780502	-8.4587145	-0.25019407	28.445
-3.98874	-9.563639	-3.4967315	28.495
-2.006341	-7.5213847	1.0019734	28.545
-1.4389153	-10.8948145	1.2868834	28.595
-1.4580688	-9.999383	0.46088383	28.645
-1.6747441	-8.492233	-0.04309563	28.695
-1.6867151	-9.781511	-1.0307038	28.745
-1.1695676	-9.781511	-0.25139117	28.795
-0.8607155	-9.836577	-0.077811554	28.845
-0.6775591	-9.803059	-0.6775591	28.895
-1.0761937	-9.871294	0.35194764	28.945
-1.1755531	-9.248801	1.1779473	28.995
-0.50397944	-9.562442	0.59017074	29.046
0.41060558	-9.479841	0.8487445	29.095
-2.4289176	-12.260707	-1.7405846	29.145
-1.9261353	-11.172543	0.23223756	29.196
-0.81881696	-8.110358	-0.7565677	29.245
0.08020575	-8.045714	-4.5801077	29.295
-1.8435353	-7.739257	0.9528923	29.345
-1.1707647	-11.3880205	0.62488663	29.395
0.062249243	-11.152191	-2.5965118	29.445
-0.5422867	-9.613917	1.5131354	29.495
-0.29688102	-9.617508	0.6859388	29.545
0.062249243	-7.6015906	3.4344823	29.595
-0.8619126	-7.4842744	3.3662477	29.645
-2.030283	-9.55885	0.4405331	29.695
-3.13401	-9.713276	1.2413936	29.745
-0.39863458	-9.88925	1.4329298	29.795
-0.4189853	-9.91798	2.4361002	29.845
-1.7286136	-11.538856	1.4185646	29.895
-4.7429137	-10.972627	-0.01316811	29.945
-3.8043866	-7.795521	0.45968673	30.005
-3.3327289	-8.127118	-0.10654198	30.045
-3.4883518	-9.490616	-1.4030021	30.095
-1.6304513	-9.108741	-1.5861586	30.145
-1.6041151	-10.097546	-0.19991584	30.195
-1.472434	-9.830592	0.2693477	30.245
-0.48362875	-9.083601	-0.11372458	30.295
-0.49679685	-9.31943	-0.06584055	30.345
-0.23822308	-9.574412	0.1436521	30.395
0.11252748	-9.659407	0.11372458	30.445
0.7577648	-9.105149	0.34715924	30.495
-0.06584055	-9.890448	-0.62129533	30.545
-0.62728083	-9.998186	-0.6619968	30.595
-0.40342298	-9.56723	-0.29568392	30.645
-0.4381389	-10.527305	0.94930094	30.695
-0.33399114	-13.095086	-1.472434	30.745
-0.664391	-10.772711	-1.9788077	30.795
-1.4628572	-7.0066314	-1.6807296	30.845
0.89423436	-5.7281275	-1.7824832	30.895
0.2693477	-12.099098	1.3120226	30.945
-0.5506664	-14.167688	-0.961272	30.996
1.2246342	-9.794679	-0.8355764	31.045
1.0007763	-7.878121	1.5526398	31.095
-1.6998832	-8.449138	0.17836803	31.145
-1.0989386	-8.670602	1.6005238	31.195
-0.80924016	-8.1642275	0.8343793	31.245
-0.79966336	-9.791088	0.81881696	31.295
-1.4640543	-9.752781	0.24779987	31.345
-1.2437878	-8.967483	1.3036429	31.395
0.93134445	-10.372879	2.4229321	31.445
0.009576807	-12.334928	0.7338228	31.495
-6.3793507	-13.041217	-1.3694834	31.545
-2.4384944	-6.2644286	0.39264908	31.595
-2.4384944	-6.817489	-0.0011971008	31.645
-1.7369933	-9.946711	-2.2936451	31.695
-2.6192567	-10.602722	-0.260968	31.745
-2.135628	-9.340978	1.3156139	31.795
-0.6967127	-8.761581	0.10414778	31.845
-0.8882488	-8.347384	0.60932434	31.895
-0.16400282	-9.821015	-0.5781997	31.945
-0.39624038	-9.3661175	-0.04070143	31.995
-0.51834464	-9.060856	0.32800564	32.045
-0.1376666	-9.873688	-0.30885202	32.095
-0.044292733	-9.749189	0.39384618	32.145
0.20350714	-9.873688	-1.3311762	32.196
-2.384625	-10.851719	2.1619642	32.245
0.49081135	-12.162544	-1.3096284	32.295
-0.4297592	-11.917139	-2.4229321	32.345
-2.1200657	-7.9942393	-0.51355624	32.395
-0.093373865	-8.013393	-1.721431	32.445
-1.6807296	-7.0545154	-2.6252422	32.495
-1.6555905	-11.283873	0.8834604	32.545
-0.6476316	-12.318168	-0.47046062	32.595
0.41180268	-8.90643	-0.093373865	32.645
0.6895301	-7.892486	1.3826514	32.695
-1.2126632	-9.370906	0.6572084	32.745
-1.423353	-8.7125	0.7589619	32.795
-1.246182	-8.6813755	0.60214174	32.845
-0.8774749	-10.03769	0.94092125	32.895
-0.8463503	-9.25359	0.8355764	32.945
-1.079785	-9.132683	1.316811	32.996
0.40821138	-9.242816	0.6895301	33.045
-1.1611878	-14.866796	-0.62009823	33.095
-6.4846954	-11.717223	-3.903746	33.145
-0.6536171	-4.569334	3.4560301	33.195
-2.1990743	-7.607576	-0.8810662	33.245
-4.3059716	-10.619482	-3.928885	33.295
-2.348712	-9.862914	0.9935937	33.345
-2.4779987	-9.782708	-0.8619126	33.395
-2.4013844	-8.7771435	-0.36870706	33.445
-1.7070658	-8.990228	-0.46806642	33.495
-0.2621651	-9.856929	-0.4237737	33.545
-0.45370123	-9.077616	0.50517654	33.595
-0.095768064	-9.707291	-0.08499416	33.645
0.5530606	-9.682152	-0.7290344	33.695
0.12808979	-9.665392	0.4141969	33.745
-2.3750482	-9.92636	0.5386954	33.795
-0.4441244	-9.153033	1.6208745	33.845
-2.2780828	-12.473791	-0.6871359	33.895
-1.0366893	-11.7064495	-1.7896658	33.945
-2.2266076	-8.65863	-2.7940333	33.995
-1.2042835	-6.1902084	-3.90614	34.045
0.58418524	-8.945934	-1.0366893	34.095
0.1352724	-12.249933	1.3347675	34.145
0.5650316	-10.658986	-2.2469583	34.195
0.28491	-9.082404	1.5406688	34.245
-1.3742718	-8.652645	0.52073884	34.295
-1.2318168	-9.351752	1.4808137	34.345
-0.29807812	-8.500613	1.7609353	34.395
-0.7302315	-8.495825	2.0147207	34.445
-0.5363012	-9.028535	1.0773908	34.495
-0.8487445	-10.263943	0.51116204	34.545
1.282095	-11.6430025	2.96881	34.595
-3.3746274	-13.175292	-1.4089876	34.645
-5.392939	-7.394492	-1.697489	34.695
-5.2636523	-7.881712	2.2577322	34.745
-5.553351	-9.169792	-4.0617633	34.795
-2.4887726	-7.809886	-1.2797008	34.845
-1.8806454	-10.237606	-2.6539726	34.895
-1.0905589	-10.132261	-1.0606314	34.945
-0.4225766	-9.5253315	-1.5191209	35.006
-0.37229836	-9.54209	-1.0283096	35.045
-0.22505496	-9.653421	-0.9983821	35.095
-0.08499416	-9.515755	-0.25498247	35.145
0.8762778	-9.277532	-0.24660277	35.199
0.78529817	-9.5971575	-0.7290344	35.245
-0.60693014	-9.497798	0.5315128	35.295
-1.697489	-10.445902	0.22984336	35.345
-1.009156	-9.829395	0.9696517	35.395
-1.3958195	-11.134235	0.4417302	35.445
-0.82719666	-13.23395	-2.657564	35.495
-2.6420016	-10.377667	-2.5953147	35.545
-1.5167267	-4.782418	-2.397793	35.595
2.6204538	-8.146272	-0.21068975	35.645
0.94092125	-12.185289	-0.23343466	35.695
-0.47764325	-11.208455	-1.2174516	35.745
-0.008379706	-8.7125	0.842759	35.795
-0.92296475	-8.635885	0.093373865	35.845
-1.1575965	-8.892065	1.42455	35.895
-1.614889	-8.680179	1.0546459	35.945
-1.1779473	-8.4347725	1.246182	35.995
-0.9648633	-8.883685	1.7441759	36.045
-1.7549498	-10.00896	1.0905589	36.095
-1.638831	-9.709685	1.4401124	36.145
0.85473	-10.873267	1.9500773	36.195
-4.582502	-14.257471	-0.7266402	36.245
-3.977966	-8.979453	-0.9840169	36.295
-2.8790276	-6.143522	-0.2885013	36.345
-2.5378537	-8.62152	-2.3247697	36.395
-2.3020248	-10.939108	-2.7940333	36.445
-2.4887726	-9.890448	2.0326772	36.495
-0.58657944	-9.197326	0.5602432	36.545
-0.7781156	-8.562862	0.9923966	36.595
-0.17717093	-9.214086	0.260968	36.645
-0.19991584	-9.842564	0.29568392	36.695
-0.80325466	-9.16261	0.700304	36.745
0.034715924	-10.086772	0.1388637	36.795
-0.25617957	-9.8677025	0.6548142	36.845
-0.48961425	-9.3421755	0.40462008	36.895
-1.471237	-9.593566	1.7274165	36.945
1.6196774	-11.737574	-0.24420857	36.995
1.0666169	-12.476185	-2.3930047	37.045
-0.4249708	-10.33098	-2.1643584	37.095
0.5746084	-7.880515	-1.0462662	37.145
-0.8583213	-6.967127	-1.7788919	37.195
-1.3275849	-10.235212	1.0869676	37.245
-1.3180081	-12.340913	-0.60573304	37.295
-0.985214	-8.921992	-0.8403648	37.345
0.16519992	-8.321048	1.4568717	37.395
-1.6220716	-9.260772	0.24420857	37.445
-1.7537527	-8.615535	1.3371617	37.495
-1.4532804	-8.240842	1.0007763	37.545
-1.2737153	-9.27394	1.0546459	37.595
-1.5179238	-9.76116	0.80325466	37.645
-1.3263878	-9.300277	0.4249708	37.695
0.034715924	-9.668983	1.4820108	37.745
-1.6567876	-16.309301	0.07182605	37.795
-4.286818	-9.8916445	-1.9967642	37.845
-0.08619126	-5.804742	1.2976574	37.895
-3.977966	-7.8469963	-2.1775265	37.945
-4.197036	-10.067618	-2.7353754	37.996
-2.0410569	-10.62427	-0.053869538	38.045
-3.0346506	-9.308656	0.37708676	38.095
-1.7753005	-8.423999	-0.11252748	38.145
-1.4269443	-9.161413	0.09816227	38.195
-0.4213795	-9.800665	0.07182605	38.245
-0.21428105	-9.220071	0.45250413	38.295
-0.3890578	-9.332599	0.49559975	38.345
-0.39384618	-9.696517	0.40462008	38.395
0.18076223	-9.562442	0.80804306	38.445
-0.4237737	-10.107122	-0.6536171	38.495
-2.1176715	-10.7116585	0.94092125	38.545
-1.0271125	-13.747506	-1.6879122	38.595
-1.3814543	-9.65821	-1.8459295	38.645
-1.0247183	-6.5457473	-1.6184803	38.695
-1.4425066	-6.3578024	-0.5746084	38.745
-1.9357121	-10.84334	2.6599581	38.795
-0.6464345	-12.300211	-1.8255788	38.845
-0.19512744	-8.796297	0.8583213	38.895
-0.60094464	-8.534132	1.8052281	38.945
-1.8507179	-8.239645	1.9405005	38.995
-1.2844892	-8.7053175	1.9117701	39.045
-0.9780314	-8.599973	1.553837	39.095
-0.78769237	-9.570822	1.7034745	39.145
-1.5215151	-9.337387	-0.12330139	39.195
-0.2633622	-10.242394	3.537433	39.246
-2.8874073	-15.35641	-1.1731589	39.295
-2.8909986	-10.032902	-0.9804256	39.345
-4.759673	-6.861782	0.46447513	39.395
-5.0362034	-8.938752	-2.1260512	39.445
-3.2836475	-8.3390045	-2.4121583	39.495
-1.472434	-10.647015	-1.1240777	39.545
-1.4449008	-10.356119	-1.4640543	39.595
-1.6316484	-8.684967	-0.770933	39.645
-1.352724	-9.504981	-1.7322049	39.695
-0.5374983	-10.012551	-1.0965444	39.745
-0.08738836	-9.691729	-0.4237737	39.795
-0.08140286	-9.601946	-0.3184288	39.845
0.22625206	-9.807847	-0.5231331	39.895
0.24420857	-9.703699	0.23942018	39.945
-0.59495914	-9.968259	0.51235914	40.015
-0.81283146	-9.329007	0.15442601	40.043
0.023942016	-9.653421	1.62686	40.104
-3.2489316	-13.163321	-0.51954174	40.144
-0.6548142	-12.10269	-1.8986019	40.204
-0.8583213	-6.39611	-2.5127146	40.244
-0.61052144	-4.7560816	-1.7597382	40.285
-1.1839328	-12.144588	1.7776948	40.345
0.14844051	-10.451887	-1.0833763	40.397
2.160767	-9.306262	0.5590461	40.447
-0.48123455	-9.101558	1.7202339	40.497
-1.1575965	-9.185355	1.1133038	40.547
0.6979098	-9.374496	1.5059528	40.595
-0.1448492	-9.150639	1.0809821	40.645
-0.038307227	-9.621099	2.3989902	40.695
-0.2765303	-10.144233	1.8914193	40.745
-1.602918	-9.9790325	1.8100165	40.795
-3.6631286	-13.749901	-2.5833437	40.845
-5.117606	-9.696517	0.6607997	40.895
-3.4344823	-6.691794	-0.5279215	40.945
-1.1887212	-7.368156	-0.973243	40.995
-2.4863784	-11.801021	-1.3838485	41.045
-1.7956513	-8.732851	0.12090719	41.095
-0.6619968	-9.14226	-0.22026655	41.145
-1.1971009	-9.246407	0.01436521	41.195
0.04189853	-9.130288	0.046686932	41.245
-0.2621651	-9.387665	-0.18076223	41.295
-0.5315128	-8.965088	0.19273324	41.345
-1.4616601	-10.511743	-0.8523358	41.395
-0.59855044	-10.010158	-0.4249708	41.445
0.48362875	-9.915586	-0.7529764	41.495
-0.01436521	-12.717999	0.35194764	41.545
0.49320555	-13.097481	-2.5498247	41.595
-1.1994951	-8.48984	-1.2030864	41.645
-0.58897364	-7.335834	-1.3299791	41.695
-1.3599066	-7.429208	-2.4839842	41.745
-2.7210102	-11.413159	1.3132197	41.795
-0.34715924	-12.220005	-1.1923125	41.845
0.1436521	-8.878897	-0.007182605	41.895
0.18315643	-8.180987	0.8511387	41.945
-1.1420342	-9.193734	0.7649474	41.995
-1.0402806	-8.347384	1.0474633	42.045
-1.0953473	-8.453926	1.282095	42.095
-1.6160861	-9.367314	0.8834604	42.145
-2.2744915	-10.075998	-0.21308395	42.195
-0.60453594	-10.13705	2.6874914	42.245
0.05267244	-14.268245	-0.3878607	42.295
-5.052963	-10.692505	-1.0594343	42.345
-2.1452048	-5.861006	-0.260968	42.395
-2.5773582	-7.5549035	-0.50158525	42.445
-3.1507695	-10.085575	-2.6204538	42.495
-3.1423898	-11.004948	-0.6560113	42.545
-1.5215151	-9.138668	0.7433996	42.595
-0.5506664	-8.456321	-0.059855044	42.645
-0.10534488	-8.762778	0.18674773	42.695
-0.08379706	-9.925163	-0.30166942	42.745
-1.2078748	-9.068039	0.40342298	42.795
-1.0474633	-9.449914	0.2705448	42.845
-0.5291186	-10.207679	-0.01436521	42.895
0.06943185	-9.861717	-0.45489833	42.945
-1.8626889	-10.456676	0.36511576	42.995
-0.10175357	-13.43626	-0.94930094	43.045
-0.90740246	-10.510546	-2.5905263	43.095
-1.0606314	-7.368156	-0.427365	43.145
-1.4939818	-7.297527	-1.697489	43.195
-2.244564	-8.747216	1.3491327	43.245
0.15442601	-14.055161	-0.11971009	43.295
-1.590947	-10.18254	-2.4911668	43.345
-0.22984336	-7.4136457	2.7593174	43.395
-0.8762778	-8.215703	0.5805939	43.445
-1.6543933	-9.15423	2.0242975	43.495
-0.5315128	-8.50181	1.5227122	43.545
-1.0881647	-9.587581	1.4544775	43.595
-0.9672575	-9.764751	1.0989386	43.645
-0.9744401	-9.840169	0.91338795	43.695
0.62728083	-11.320983	2.7138276	43.745
-4.631583	-13.631388	-2.9113493	43.795
-4.4340615	-7.3873096	1.4173675	43.845
-3.834314	-7.0820484	-0.3196259	43.895
-4.296395	-9.283517	-1.7729063	43.945
-0.9864111	-9.050082	-0.9624691	43.995
-0.7505822	-10.6398325	-0.45130703	44.055
-1.8136078	-9.275137	-0.095768064	44.095
-1.6089035	-8.957906	-0.6655881	44.145
-0.94092125	-9.64145	-0.7757214	44.195
-0.79487497	-9.691729	-0.08619126	44.245
-0.47046062	-9.640253	-0.35793316	44.295
-0.5626374	-9.361329	0.6356605	44.345
-0.8295909	-9.919178	0.33518824	44.395
0.016759412	-9.765948	0.92176765	44.445
-0.48362875	-9.414001	0.5422867	44.495
-1.13964	-9.2069025	0.7086837	44.545
-0.2777274	-12.056003	-1.4149733	44.595
-2.0506337	-12.512098	-1.3730747	44.645
-1.5251064	-8.969876	-0.7314286	44.695
-0.35793316	-7.8182654	-0.7589619	44.745
-2.4851813	-7.813477	0.06943185	44.795
-1.448492	-10.896012	1.0869676	44.845
-0.9528923	-10.873267	-0.3842694	44.895
-0.8643068	-8.799889	1.0462662	44.945
-1.5239093	-8.304289	1.5215151	45.006
-1.9093759	-8.395268	1.7848774	45.045
-2.3582888	-8.986636	1.3335704	45.095
-1.602918	-9.847352	1.4161704	45.145
-0.1316811	-10.858902	0.08499416	45.195
-1.3850456	-8.186973	1.9967642	45.245
-0.50996494	-8.699332	1.8136078	45.295
-2.2373815	-14.709975	1.2964603	45.345
-3.894169	-9.947908	-1.7549498	45.395
-3.4105403	-6.906075	1.5215151	45.445
-3.5649664	-9.451111	-0.6727707	45.495
-1.9883845	-8.747216	-0.9888053	45.545
-1.0618285	-9.489418	0.51475334	45.595
-1.8555063	-10.767922	0.08379706	45.645
-1.543063	-9.160215	0.8834604	45.695
-1.0893618	-9.329007	0.049081136	45.745
-0.47405192	-9.604341	0.3172317	45.795
0.29328972	-9.504981	0.81522566	45.845
0.48362875	-9.508572	0.93972415	45.895
0.06344634	-9.566033	0.04070143	45.945
-0.04070143	-9.992201	-0.11971009	45.995
-0.94690675	-9.704897	0.36272156	46.045
-0.82121116	-9.252393	0.79726917	46.095
-0.6548142	-9.631873	1.0690111	46.145
-0.4297592	-9.634268	1.7932571	46.195
-1.721431	-13.357251	-1.2054806	46.245
-1.1312603	-12.084733	-2.421735	46.295
-1.0426749	-8.519767	-1.2976574	46.345
-0.038307227	-6.8007298	-2.0697873	46.395
0.47046062	-8.7771435	-1.0845734	46.445
0.05746084	-11.416751	2.4277205	46.495
1.1827357	-10.99178	-0.7685388	46.545
0.533907	-9.233239	0.7194576	46.595
-0.973243	-8.623915	0.33997664	46.645
-1.99437	-8.917204	1.1180922	46.695
-1.1061212	-8.588001	1.3132197	46.745
-1.2653356	-8.718486	0.79846627	46.795
-0.91578215	-10.177752	0.7793127	46.845
-1.3634979	-10.346542	1.1947067	46.895
-0.15083471	-8.447941	2.705448	46.945
0.12210429	-8.89446	1.5813702	46.995
-1.8136078	-12.686874	1.8794483	47.045
-4.644751	-12.63899	-2.48159	47.095
-1.520318	-6.223727	1.2665327	47.145
-2.3139958	-7.017405	-0.35673606	47.195
-1.7381904	-10.271125	-1.4760253	47.245
-2.220622	-10.31901	-1.8207904	47.299
-3.4799721	-9.441534	2.3175871	47.345
-1.2976574	-9.24521	-0.40102878	47.385
-1.1767502	-8.599973	0.5267244	47.436
-0.1400608	-9.610326	-0.020350715	47.497
-0.12808979	-9.184157	0.6871359	47.546
0.019153614	-9.16261	0.7290344	47.596
-0.4441244	-10.201694	-0.5327099	47.646
-0.037110128	-9.725247	1.0881647	47.696
-0.15083471	-9.831789	0.06823475	47.746
-0.06344634	-14.568717	-0.46806642	47.796
-0.44771573	-12.294226	-2.870648	47.846
-1.3958195	-7.2089415	-1.1444284	47.896
-0.3878607	-6.187814	-1.4460979	47.946
-1.2030864	-8.304289	-0.9900024	47.996
-1.3144168	-12.944251	2.1643584	48.047
0.50397944	-11.128249	-1.3910311	48.096
1.0977415	-8.444349	1.9740193	48.146
-0.770933	-8.935161	0.47764325	48.196
-1.6280571	-8.836999	1.5358804	48.246
-1.0941502	-7.8757267	1.1575965	48.296
-1.2725182	-9.054871	1.4927847	48.346
-1.1204864	-10.224439	1.0139444	48.396
-1.7345991	-9.244013	0.0011971008	48.446
2.268506	-10.401609	3.333926	48.496
-1.0833763	-16.323668	-1.1288661	48.547
-5.625177	-8.735245	-1.1408371	48.596
-1.4556746	-5.6060233	1.1348516	48.646
-4.296395	-8.854955	-2.267309	48.696
-0.8619126	-9.988609	-0.92296475	48.746
-2.006341	-10.0903635	1.7621324	48.796
-2.315193	-9.369708	0.2801216	48.846
-1.2761095	-8.9758625	-0.5566519	48.896
-0.22026655	-8.930372	0.24061728	48.947
0.08020575	-9.721656	0.47285482	48.996
-0.3878607	-9.103952	0.59974754	49.047
-0.1436521	-9.338584	0.61052144	49.096
-0.2693477	-9.617508	-0.18076223	49.146
-0.6751649	-10.408792	-0.22385786	49.197
-0.89902276	-9.588778	0.22146365	49.246
-0.49320555	-9.216479	1.0905589	49.297
-0.5315128	-11.502942	-1.0833763	49.346
0.36272156	-12.6461735	-1.0582372	49.396
-0.08499416	-9.387665	-1.0965444	49.446
0.3184288	-8.643068	-0.23463176	49.496
-1.2270284	-8.659827	-0.80325466	49.546
-2.8658595	-8.239645	-1.1899183	49.597
-1.7070658	-11.0695915	1.6591818	49.646
0.45848963	-11.818976	0.2873042	49.696
-0.59376204	-8.696938	0.7386112	49.746
-1.1707647	-8.760384	1.7585411	49.796
-1.2318168	-8.850166	1.7441759	49.846
-1.7872716	-8.763975	2.8526914	49.896
-1.3946224	-8.615535	2.3630772	49.946
-2.5151088	-8.139089	1.0307038	49.996
-0.8319851	-9.083601	2.1631613	50.047
-0.1364695	-16.785748	1.4209588	50.096
-2.2349873	-7.8027034	-1.6256629	50.146
-3.335123	-7.1706343	2.89459	50.196
-4.334702	-11.224017	-2.5067291	50.247
-3.3279405	-8.186973	-0.5446809	50.297
-0.90141696	-9.021352	-1.3575124	50.346
-1.2066777	-10.460267	-0.25498247	50.396
-1.471237	-9.356541	-0.22026655	50.446
-1.9009962	-9.234436	-0.6428431	50.496
-1.3263878	-9.725247	-0.9935937	50.546
-0.04189853	-9.810242	-0.23223756	50.596
0.2837129	-9.551667	-0.035913024	50.646
0.40821138	-9.358934	0.50517654	50.697
0.36152446	-9.787497	-0.7182605	50.746
-0.7062895	-9.910798	0.46567222	50.796
-0.08020575	-9.23683	0.7266402	50.847
0.9888053	-9.224859	0.7745243	50.896
-0.7793127	-10.6877165	1.5406688	50.946
-0.29688102	-13.255498	-1.7226281	50.996
-0.9720459	-11.332953	-1.8507179	51.049
-1.9871874	-7.2807674	-2.2732944	51.097
-0.6536171	-6.8869214	-2.7006595	51.146
-2.055422	-10.111911	-1.6136919	51.196
0.108936176	-11.215638	1.5191209	51.246
0.85473	-10.481815	-1.6663644	51.296
0.045489833	-8.566454	0.51954174	51.347
-0.5410896	-8.701726	1.1121067	51.396
-1.1719618	-8.919599	1.6460136	51.446
-1.0606314	-8.822633	1.0773908	51.496
-0.8331822	-9.051279	1.3670892	51.546
-1.0953473	-9.209297	1.5825673	51.596
-2.6886885	-10.526108	0.36391866	51.646
-2.6982653	-14.647726	-0.4189853	51.696
-4.6926355	-8.998607	-1.0295067	51.746
-3.333926	-7.28795	1.8447324	51.797
-2.5582044	-6.969521	-1.6651673	51.847
-2.6659436	-10.7116585	-3.0178912	51.896
-3.5996823	-9.679757	-0.8367735	51.946
-1.198298	-9.1590185	-0.5398925	51.996
-0.45729253	-8.756793	-0.2753332	52.05
0.1604115	-8.993818	-0.30166942	52.097
-0.37588966	-9.51336	-0.45130703	52.147
-0.6823475	-9.0429	0.09935937	52.197
-0.11971009	-9.284714	-0.09935937	52.246
-1.0175357	-10.535685	-0.8738836	52.297
-0.009576807	-9.835381	-0.5793968	52.346
-0.8355764	-11.298238	0.4405331	52.387
0.33279404	-12.29662	-2.1823149	52.447
-0.80086046	-10.389638	-2.0901382	52.497
-2.3630772	-6.317101	-1.9261353	52.547
-1.5346833	-7.4136457	-0.7457938	52.597
-1.2593501	-12.039244	0.51954174	52.647
-0.89662856	-11.166556	-2.859874	52.697
-0.090979666	-8.813056	0.5781997	52.746
0.20350714	-8.876503	0.24899697	52.796
-0.60094464	-9.045294	1.2988545	52.847
-0.9995792	-8.246828	1.2497733	52.897
-1.2413936	-8.670602	1.352724	52.946
-1.4568717	-9.279925	1.1384429	52.996
-1.3742718	-9.220071	1.0773908	53.026
-0.5722142	-9.147048	0.40462008	53.096
-1.6089035	-13.214796	1.7884687	53.146
-7.177817	-12.564771	-4.3993454	53.196
-2.0913353	-4.38498	2.5031378	53.246
-2.2756886	-6.825869	0.11851298	53.297
-2.9951463	-10.605117	-3.4380736	53.346
-3.1376014	-10.237606	0.9696517	53.397
-1.6843209	-9.093178	0.8607155	53.446
-1.1432313	-8.842984	0.1400608	53.496
-0.80325466	-8.452729	0.04189853	53.546
-0.20470424	-10.183737	-0.4225766	53.596
-0.82360536	-8.981848	0.48961425	53.646
-0.7457938	-9.386468	0.37469256	53.696
-0.8391677	-10.257957	-0.23822308	53.746
-0.78769237	-9.326612	0.20111294	53.796
-2.0853498	-9.951499	0.22146365	53.847
-0.5434838	-12.497733	-0.9768343	53.897
0.61291564	-11.927913	-1.7429788	53.946
-1.6879122	-8.750807	-0.7218518	53.996
-1.1755531	-8.403648	-0.5446809	54.027
-1.1611878	-7.902063	-2.4995465	54.097
-3.4644098	-9.085996	0.8415619	54.146
0.0023942017	-12.3876	-0.18674773	54.197
-0.39384618	-10.26514	-0.7577648	54.247
0.12689269	-8.469488	1.4341269	54.296
-0.92176765	-8.917204	0.6907272	54.346
-1.7190368	-8.531737	1.508347	54.396
-1.0773908	-8.210915	1.2533646	54.446
-1.1324574	-9.467871	0.9792285	54.496
-0.20949265	-9.951499	0.545878	54.546
-0.23463176	-10.005369	-0.22266077	54.597
1.2533646	-11.224017	2.9831753	54.646
-1.496376	-14.246697	-1.5191209	54.696
-5.66109	-7.9152308	-1.0055647	54.746
-4.4687777	-6.554127	3.016694	54.797
-3.0825348	-10.981006	-3.881001	54.847
-1.7058687	-8.039729	-1.3694834	54.896
-1.5095441	-9.850943	-0.5746084	54.946
-0.50637364	-10.821792	-0.11851298	55.007
-0.8822633	-9.603143	0.055066638	55.026
-2.067393	-9.475053	-0.91937345	55.096
-1.282095	-9.629479	-0.3196259	55.146
-1.246182	-9.483433	-0.35075054	55.196
-0.5279215	-9.534908	-0.21308395	55.246
0.8619126	-9.714474	-0.65242	55.296
1.103727	-9.68694	-0.142455	55.346
-0.31603462	-10.160992	0.33039984	55.396
-0.50517654	-9.238028	0.5386954	55.446
0.40342298	-9.77792	0.439336	55.496
0.04309563	-10.679337	0.35793316	55.546
-0.23463176	-12.435484	-0.7074866	55.596
-0.8595184	-9.745598	-0.5291186	55.646
-1.8171991	-8.651448	-0.6356605	55.696
-0.6332663	-6.9371996	-1.9656396	55.746
-0.59615624	-9.427169	1.1204864	55.796
-0.60214174	-12.36246	1.8124107	55.847
0.034715924	-10.697293	-0.5386954	55.896
0.45968673	-8.790312	1.8842367	55.946
-2.099715	-8.439561	1.3108255	55.996
-3.2513258	-9.150639	1.7980455	56.026
-0.8463503	-8.617929	1.6927006	56.096
-0.60453594	-8.091205	1.4269443	56.146
-2.1320367	-10.02572	1.5705963	56.196
-1.7932571	-9.925163	0.51595044	56.246
-0.5482722	-10.344149	2.7593174	56.296
0.016759412	-8.819042	2.0003555	56.346
-0.4177882	-9.454702	2.9747956	56.397
-5.6467247	-13.383588	-2.256535	56.446
-4.3478703	-7.6829934	0.16400282	56.496
-1.8902222	-8.236053	1.0929531	56.546
-2.920926	-9.361329	-1.3036429	56.596
-0.2693477	-9.24521	-1.1563994	56.646
-1.5358804	-10.529699	-0.32800564	56.696
-2.0278888	-10.172963	0.6871359	56.746
-0.22385786	-8.641871	-0.20470424	56.796
-0.7015011	-8.9519205	0.32321724	56.847
-0.47644615	-9.992201	0.045489833	56.896
-0.01436521	-9.473856	0.20350714	56.946
0.1376666	-9.387665	0.24660277	56.996
0.45010993	-9.455899	0.08738836	57.026
-1.4568717	-10.149021	-0.21547815	57.097
-0.878672	-9.095572	0.29688102	57.146
-1.1587936	-10.109517	0.7230489	57.196
-0.12569559	-12.609063	-0.8631097	57.246
0.49320555	-12.897565	-2.6360161	57.297
-1.9153614	-8.129512	-1.9847932	57.346
-1.0474633	-6.384139	-1.1336545	57.396
-0.5398925	-8.10557	-2.5270798	57.446
-0.9935937	-12.459426	1.091756	57.496
-0.49799395	-11.602302	-1.8459295	57.546
0.39264908	-7.8529816	1.6903064	57.596
-0.24301147	-9.068039	0.16519992	57.646
-2.1272483	-9.718064	0.5494693	57.696
-2.1547816	-8.452729	0.63087213	57.746
-1.5023615	-9.062054	0.842759	57.796
-1.875857	-9.121908	0.92535895	57.847
-1.1947067	-9.293094	1.5933412	57.896
-1.0869676	-9.063251	1.5406688	57.946
-1.1731589	-9.8437605	1.5682021	57.996
-1.2653356	-12.307394	2.3762453	58.026
-3.977966	-10.953473	-2.4049757	58.096
-1.5275006	-5.153519	0.78888947	58.146
-2.3666685	-7.5644803	-1.0283096	58.196
-2.1739352	-11.247959	-2.870648	58.246
-3.4500446	-9.520543	1.780089	58.296
-1.6543933	-9.303867	0.21428105	58.346
-1.2234371	-8.585608	0.18195933	58.396
-0.45609543	-9.169792	-0.4249708	58.446
0.02633622	-9.94312	-0.44651863	58.496
-0.5255273	-9.082404	0.521936	58.546
-0.11372458	-9.497798	0.2669535	58.596
-1.0857705	-10.238804	-0.29688102	58.646
0.15682021	-9.625888	0.36990416	58.696
-0.8690952	-10.497377	-0.48722005	58.746
-1.4903905	-12.386402	-0.58657944	58.799
-0.581791	-11.52449	-1.7405846	58.849
-1.4796166	-8.669404	-0.8702923	58.896
-1.3120226	-7.777564	-1.1683705	58.946
-1.9381063	-7.1287355	-2.385822	58.996
-2.1667526	-8.599973	-0.7505822	59.026
0.61650693	-12.938266	-1.0223241	59.097
-0.6943185	-9.457097	-1.2557588	59.146
-0.5758055	-7.216124	1.9261353	59.196
-1.3862427	-9.312247	0.8678981	59.247
-1.2294226	-8.761581	1.3599066	59.296
-0.8295909	-8.66701	1.0941502	59.346
-1.2593501	-9.629479	1.2318168	59.398
-0.37588966	-9.996989	0.7026982	59.446
-0.736217	-10.120291	1.5813702	59.496
0.6679823	-10.526108	2.0973208	59.546
-4.3287168	-13.623008	-2.1499932	59.596
-4.368221	-8.01459	0.38187516	59.646
-2.7497406	-6.8641763	1.0390835	59.696
-3.3997664	-9.465476	-1.6460136	59.746
-2.2816741	-9.020155	-1.9632454	59.796
-2.0015526	-9.768343	-0.6560113	59.846
-2.420538	-10.469844	-0.31004912	59.896
-0.9923966	-8.486248	-0.044292733	59.946
-1.0618285	-9.084799	-0.5770026	59.996
-0.997185	-9.67018	-0.6560113	60.027