3.7301662	1.2497733	9.148245	0.098
3.9013517	1.115698	9.176975	0.148
3.7481227	1.1791444	9.238028	0.198
3.8283286	1.2641385	9.348161	0.248
3.7205894	1.2797008	9.240421	0.298
3.9025488	1.1611878	9.099164	0.348
3.9145198	1.1228806	9.124303	0.398
4.0857053	1.1300632	9.202114	0.448
4.247314	1.0702082	9.077616	0.498
4.072537	1.1575965	9.16261	0.548
4.0378213	1.1815386	9.136273	0.598
3.894169	1.2545617	9.185355	0.648
3.8247373	1.115698	9.184157	0.698
3.738546	1.0857705	9.175778	0.748
3.8546648	1.1168951	9.17099	0.788
4.0318356	1.1073183	9.172187	0.848
4.0785227	1.1492168	9.063251	0.888
4.0521865	1.163582	9.185355	0.948
4.096479	1.0749966	9.107543	0.978
3.9791632	1.1324574	9.118318	1.048
3.9025488	1.0498575	9.188946	1.099
3.9827545	0.9720459	8.965088	1.148
4.321534	0.9816227	9.160215	1.199
4.0701427	1.0235212	9.024943	1.248
3.9133227	0.90859956	9.027337	1.288
3.9133227	0.90859956	9.027337	1.288
3.9671922	0.89543146	9.083601	1.399
3.5984852	0.7541735	9.045294	1.448
3.5625722	1.0594343	9.355343	1.487
4.0078936	1.0354922	9.333796	1.54
3.775656	0.5602432	9.020155	1.608
5.149928	0.7445967	9.1590185	1.638
4.8578353	0.59855044	8.723274	1.698
3.0059202	-0.7134721	7.5561004	1.735
4.179079	0.81642276	9.4535055	1.799
5.5725045	0.6871359	8.7053175	1.858
3.2848446	0.2885013	7.892486	1.888
4.9404354	0.7374141	8.680179	1.948
6.393716	0.8439561	8.503007	1.969
6.0489507	1.258153	8.202535	2.019
6.0489507	1.258153	8.202535	2.019
7.3466077	1.6543933	6.613982	2.14
7.747637	1.2030864	6.7803793	2.2
8.301894	1.283292	5.8454432	2.241
8.128315	0.60693014	5.0374002	2.289
8.949526	0.5303157	3.9923313	2.339
9.471462	0.48003745	4.5753193	2.401
9.813833	0.50038815	3.5936968	2.448
9.572019	-0.12808979	2.4265234	2.498
9.39365	0.11492168	3.417723	2.548
9.267955	0.22505496	3.0789435	2.589
9.313444	0.44891283	3.5661635	2.64
9.155427	0.31364042	3.7457285	2.699
9.002198	0.50637364	4.098873	2.749
9.050082	0.545878	4.2916064	2.798
8.779537	0.6955156	4.924873	2.849
8.305486	0.94451255	4.853047	2.898
8.101978	0.6895301	5.2564697	2.948
8.201338	0.70509243	5.5377884	2.978
7.5106106	2.2337902	6.0740895	3.048
8.257602	1.0857705	6.683414	3.098
7.3442135	1.436521	6.31351	3.149
7.1646485	1.2653356	6.503849	3.189
7.1407065	1.2162545	6.9587474	3.249
7.645883	1.7058687	7.207744	3.299
7.5572977	1.1204864	6.6905966	3.349
6.791153	0.22864626	6.9611416	3.398
4.7058034	-0.28491	7.374141	3.449
4.5058875	0.19512744	8.647857	3.498
4.6579194	0.45370123	9.074024	3.549
3.822343	0.688333	9.091981	3.599
3.4799721	-0.009576807	8.893262	3.651
3.655946	1.4772224	9.703699	3.688
4.5142674	1.5466543	8.827422	3.738
3.9803603	1.4389153	9.283517	3.788
3.608062	0.6572084	8.842984	3.848
3.2980127	1.1073183	9.483433	3.893
2.586935	0.50876784	9.14585	3.949
2.586935	0.50876784	9.14585	3.949
1.9847932	0.24660277	8.677784	4.048
1.9847932	0.24660277	8.677784	4.048
3.321955	1.4185646	9.838972	4.141
3.321955	1.3730747	9.26556	4.28
4.2102036	1.3730747	9.26556	4.28
4.2102036	1.3730747	9.26556	4.28
4.2102036	1.3730747	9.26556	4.28
4.2102036	1.3730747	9.26556	4.28
4.2102036	1.3730747	9.26556	4.28
4.2102036	1.3730747	9.26556	4.493
4.879383	0.8595184	9.294291	4.548
4.2640734	0.78888947	9.4535055	4.598
3.1866825	0.23104046	9.358934	4.648
2.5103204	0.35913026	9.452309	4.698
2.4061728	0.39743748	9.475053	4.718
2.4061728	0.39743748	9.475053	4.718
2.4061728	0.39743748	9.475053	4.718
2.4061728	0.39743748	9.475053	4.718
2.4061728	0.39743748	9.475053	4.718
2.2960393	0.07182605	9.617508	4.987
3.0107086	-0.008379706	9.674969	5.048
3.359065	-0.2789245	9.683349	5.098
3.383007	-0.22266077	9.775525	5.148
3.4033577	-0.25857377	9.835381	5.188
3.0813377	-0.6847417	9.569624	5.248
3.0813377	-0.6787562	9.289502	5.308
3.1028855	-1.0929531	9.441534	5.348
3.4081461	-0.8678981	9.461885	5.398
3.5924997	-0.92535895	9.144653	5.448
3.4284968	-1.1061212	9.226056	5.498
3.515885	-1.2306197	9.169792	5.548
3.582923	-1.1312603	9.27394	5.598
3.594894	-1.1336545	9.40203	5.648
3.5051112	-1.1204864	9.427169	5.698
3.4560301	-1.1192893	9.1255	5.748
3.4093432	-1.2677298	8.942344	5.795
3.5661635	-1.0498575	9.368511	5.841
3.7193923	-1.0474633	9.209297	5.89
3.7002387	-0.91578215	9.240421	5.941
3.6774938	-0.9840169	9.131485	5.972
3.9013517	-0.6392518	9.758766	6.049
3.7229836	-1.2306197	9.151836	6.098
3.5206735	-1.0342951	9.323022	6.148
3.6248214	-0.89423436	9.074024	6.198
3.6248214	-0.89423436	9.074024	6.198
3.6248214	-0.89423436	9.074024	6.198
3.6248214	-0.89423436	9.074024	6.198
3.6248214	-0.89423436	9.074024	6.198
3.6248214	-0.89423436	9.074024	6.198
3.4261026	-0.90381116	9.343372	6.501
3.4368765	-0.90381116	9.343372	6.501
3.750517	-0.2681506	9.497798	6.591
3.6882677	-0.1400608	9.354146	6.648
3.7984009	-0.021547815	9.412804	6.688
3.8259344	-0.02633622	9.460688	6.738
3.8187518	-0.050278235	9.427169	6.789
3.716998	-0.11492168	9.28232	6.851
3.6272156	-0.06344634	9.370906	6.89
3.6499605	0.06943185	9.251195	6.948
3.705027	0.10175357	9.502586	6.998
3.763685	0.095768064	9.488221	7.048
3.8654387	0.076614454	9.363723	7.099
3.821146	0.020350715	9.307459	7.146
3.775656	0.08140286	9.244013	7.199
3.5649664	0.095768064	9.244013	7.248
3.6595373	0.15682021	9.314642	7.288
3.9121256	-0.008379706	9.36492	7.358
3.952827	0.1352724	9.339781	7.388
3.8869865	0.089782566	9.312247	7.438
3.9624038	0.2777274	9.232041	7.498
4.092888	0.08140286	9.13388	7.548
3.9839516	0.19512744	9.3026705	7.6
3.9264908	0.12449849	9.481039	7.649
4.068946	0.24420857	9.297882	7.698
3.655946	0.031124622	9.391256	7.729
3.5458126	-0.0035913025	9.279925	7.799
3.4225113	0.0011971008	9.582792	7.85
3.3638535	-0.08619126	9.706094	7.888
3.0095115	0.047884032	9.548077	7.948
3.0178912	0.17238252	9.540894	7.999
3.003526	0.1400608	9.506178	8.033
3.667917	0.20111294	9.965864	8.088
6.447585	-0.31244332	9.044097	8.148
2.6180596	-0.36511576	8.532935	8.192
3.2561142	0.19991584	9.606734	8.248
3.465607	-0.16759412	9.064447	8.288
2.5677812	-0.47285482	9.64983	8.36
2.5354595	-0.4285621	9.68694	8.389
1.9668367	-0.2825158	9.727641	8.448
1.6412252	-0.02633622	9.743204	8.489
1.8327614	0.17238252	9.879673	8.548
1.9416976	0.32800564	10.031705	8.598
2.0697873	-0.009576807	9.661801	8.642
2.006341	0.18435353	10.032902	8.696
1.9369092	-0.074220255	9.830592	8.748
1.9309237	0.30526072	10.351331	8.798
1.9919758	0.5614403	10.505757	8.83
2.3786395	-0.0023942017	9.938332	8.892
0.82001406	0.32441434	9.386468	8.949
1.2497733	0.5530606	9.628283	8.998
1.2497733	0.5530606	9.628283	8.998
0.59735334	0.25617957	10.168175	9.099
0.80804306	0.2765303	10.278308	9.141
0.80086046	0.31244332	10.07121	9.288
1.3359646	0.48362875	10.07121	9.288
1.3359646	0.48362875	10.07121	9.288
1.3431472	0.4369418	10.060435	9.322
1.2150574	0.25977087	9.8198185	9.399
0.7757214	0.20949265	9.7803135	9.448
0.59136784	0.30286652	9.900024	9.501
0.80804306	0.2633622	9.831789	9.548
0.8822633	0.09816227	9.463082	9.609
0.760159	-0.07182605	9.174581	9.648
1.1875241	-0.010773907	9.885659	9.698
1.7190368	0.21787235	10.354922	9.748
2.1092918	0.23104046	10.43872	9.768
2.1092918	0.23104046	10.43872	9.768
2.1092918	0.23104046	10.43872	9.768
2.1092918	0.23104046	10.43872	9.768
2.4516625	-0.06584055	9.838972	9.998
2.5761611	-0.027533319	9.883265	10.048
2.5151088	-0.19991584	9.794679	10.098
2.409764	-0.130484	9.76954	10.149
2.2218192	-0.08499416	9.829395	10.198
2.171541	-0.062249243	9.718064	10.248
2.2301989	-0.12569559	9.600749	10.298
2.6994624	0.03232172	9.854534	10.348
3.0442274	-0.010773907	9.988609	10.398
2.8335378	-0.0011971008	9.770737	10.448
2.859874	0.130484	9.609129	10.498
2.895787	0.22266077	9.533711	10.549
2.8275523	0.2861071	9.5732155	10.598
2.6779146	0.21188685	9.7863	10.648
2.7006595	0.24301147	9.82341	10.676
2.7006595	0.24301147	9.82341	10.676
2.7006595	0.24301147	9.82341	10.676
2.5905263	0.25737667	9.589975	10.848
2.6623523	0.32561144	9.721656	10.898
2.6839	0.31244332	9.834184	10.948
2.7449522	0.36391866	9.740809	10.998
2.7449522	0.4165911	9.671378	11.048
2.6192567	0.21308395	9.601946	11.098
2.9233203	0.31124622	9.51336	11.148
2.7090392	0.16160862	9.390059	11.198
2.6288335	0.037110128	9.323022	11.248
3.6355953	0.4369418	9.655815	11.299
3.9707835	0.33039984	9.388862	11.348
4.256891	0.45968673	9.036914	11.438
4.620809	0.45968673	9.036914	11.438
4.7297454	-0.0011971008	8.852561	11.498
4.820725	0.019153614	8.5700445	11.538
4.775235	-0.20231004	8.507795	11.598
5.3713913	-0.1436521	8.711303	11.648
5.7867856	-0.21667525	8.653842	11.698
5.8693852	-0.22984336	8.2169	11.748
5.922058	-0.21667525	7.973889	11.798
6.0944405	-0.21428105	7.9391727	11.839
6.0944405	-0.21428105	7.9391727	11.839
6.0944405	-0.21428105	7.9391727	11.839
5.699397	-0.33279404	8.222886	11.998
5.4384294	-0.35075054	8.374918	12.048
5.604826	-0.2873042	8.2276745	12.098
5.470751	-0.18794483	8.3390045	12.148
5.475539	-0.2885013	8.269572	12.198
5.377377	-0.35793316	8.279149	12.248
5.2409077	-0.4321534	8.337808	12.299
5.4563856	-0.23582886	8.732851	12.348
5.831078	-0.33399114	8.535329	12.389
5.831078	-0.33399114	8.535329	12.389
5.831078	-0.33399114	8.535329	12.389
5.831078	-0.33399114	8.535329	12.389
5.5521536	-0.4429273	8.283937	12.599
5.3366756	-0.4189853	8.536526	12.658
5.04578	-0.38067806	8.699332	12.698
4.665102	-0.3196259	8.841787	12.739
4.176685	-0.25617957	8.880095	12.798
3.9252937	-0.2645593	8.957906	12.848
3.9193082	-0.24181437	9.027337	12.869
3.9193082	-0.24181437	9.027337	12.869
3.9193082	-0.24181437	9.027337	12.869
4.733337	-0.06823475	9.0429	13.079
4.739322	-0.17597382	8.937555	13.101
4.197036	-0.08738836	9.064447	13.148
3.8534677	-0.25498247	9.003395	13.198
3.2692823	-0.17357962	9.297882	13.251
3.0573955	-0.142455	9.49301	13.298
2.9221232	-0.10055647	9.555259	13.348
2.5605986	-0.051475335	9.578004	13.4
2.5605986	-0.051475335	9.578004	13.4
2.5605986	-0.051475335	9.578004	13.4
2.5605986	-0.051475335	9.578004	13.4
2.5605986	-0.051475335	9.578004	13.4
2.5605986	-0.051475335	9.578004	13.4
2.9005754	-0.78410107	9.488221	13.708
2.825158	-0.62728083	9.351752	13.748
2.4025815	-0.58897364	9.242816	13.799
2.4660277	-0.6847417	9.4774475	13.842
2.6850972	-0.61770403	9.7563715	13.896
2.7665	-0.5662287	9.763555	13.948
2.6850972	-0.51595044	9.730036	13.959
2.6850972	-0.51595044	9.730036	13.959
3.2561142	-0.6344634	9.522937	14.108
3.2585084	-0.40821138	9.763555	14.148
2.4732103	-0.34476504	9.642648	14.198
1.9800048	-0.21428105	9.842564	14.249
2.2541409	-0.1400608	9.791088	14.298
2.348712	-0.08259996	9.981427	14.348
2.0829554	-0.36631286	10.007763	14.398
2.1547816	-0.24540567	9.667787	14.448
1.899799	-0.34117374	9.745598	14.491
1.899799	-0.34117374	9.745598	14.491
1.899799	-0.34117374	9.745598	14.491
1.7908629	-0.0011971008	10.420763	14.668
2.100912	-0.18315643	10.237606	14.698
1.7717092	0.11492168	9.738416	14.748
1.0402806	0.90859956	9.862914	14.798
0.60693014	0.5602432	9.850943	14.865
0.35434186	0.60932434	9.92636	14.88
0.35434186	0.60932434	9.92636	14.88
0.35434186	0.60932434	9.92636	14.88
0.35434186	0.60932434	9.92636	14.88
0.35434186	0.6512229	9.998186	15.105
0.6871359	0.59136784	9.998186	15.148
0.6500258	0.47524905	10.290278	15.198
0.63206923	0.6859388	10.1226845	15.248
0.7422025	0.5267244	9.911995	15.298
0.6572084	0.10295067	9.752781	15.348
0.81402856	-0.005985504	9.8916445	15.388
0.81402856	-0.005985504	9.8916445	15.388
0.81402856	-0.005985504	9.8916445	15.388
0.81402856	-0.005985504	9.8916445	15.388
0.81402856	-0.005985504	9.8916445	15.388
2.8766334	-0.272939	9.88925	15.648
3.1124623	-0.25139117	9.80665	15.698
2.9891608	-0.14724341	9.715671	15.718
2.9891608	-0.14724341	9.715671	15.718
2.9891608	-0.14724341	9.715671	15.718
2.943671	-0.22984336	9.7084875	15.918
2.5330653	-0.18674773	9.770737	15.948
2.778471	-0.32202014	9.787497	15.998
2.8203697	-0.36750996	9.77792	16.018
3.2369606	-0.36750996	9.671378	16.1
3.095703	-0.4141969	9.442732	16.148
3.3446999	-0.16160862	9.260772	16.192
3.0897174	-0.07062895	9.368511	16.238
3.0897174	-0.07062895	9.368511	16.238
3.1483753	-0.33399114	9.470264	16.358
3.4512417	-0.36391866	9.442732	16.398
3.9097314	-0.31244332	9.354146	16.448
4.143166	-0.24420857	9.127894	16.478
4.143166	-0.24420857	9.127894	16.478
4.143166	-0.24420857	9.127894	16.478
4.143166	-0.24420857	9.127894	16.478
4.1826706	-0.29448682	9.340978	16.748
4.0318356	-0.4165911	9.325416	16.748
4.0533834	-0.2705448	9.174581	16.788
4.0533834	-0.2705448	9.174581	16.788
4.0533834	-0.2705448	9.174581	16.788
4.0533834	-0.2705448	9.174581	16.788
4.0414124	-0.3172317	9.124303	16.998
4.0414124	-0.36511576	9.129091	17.019
4.156334	-0.39025488	9.151836	17.098
4.3538556	-0.3842694	9.075222	17.148
4.5406036	-0.36631286	8.924387	17.198
4.594473	-0.36990416	8.834604	17.238
4.7907977	-0.37229836	8.882488	17.298
4.8279076	-0.37588966	8.9279785	17.341
4.819528	-0.39264908	8.859743	17.388
4.819528	-0.39264908	8.859743	17.388
4.7261543	-0.49679685	8.813056	17.513
4.818331	-0.48123455	8.687361	17.548
4.7381253	-0.61530983	8.710106	17.589
4.8362875	-0.59735334	8.793902	17.648
4.8123455	-0.5758055	8.735245	17.698
4.935647	-0.5674258	8.694544	17.741
4.924873	-0.58418524	8.637083	17.798
4.9895163	-0.62368953	8.692149	17.848
4.9823337	-0.6619968	8.553286	17.898
5.0397944	-0.7505822	8.598776	17.948
5.0397944	-0.7505822	8.598776	17.948
5.1583076	-0.94570965	8.51857	18.013
5.565322	-0.5398925	8.507795	18.098
5.439626	-0.6823475	8.343793	18.148
5.603629	-0.15322891	8.585608	18.198
5.7137623	-0.6787562	8.610746	18.248
5.4408236	-0.79248077	8.445546	18.294
4.987122	-0.37588966	8.404845	18.346
4.831499	-0.41060558	8.768764	18.4
4.679467	-0.427365	8.811859	18.448
4.7070007	-0.23104046	8.811859	18.498
4.557363	-0.34596214	8.900445	18.548
4.770447	-0.25617957	8.983045	18.598
4.697424	-0.31124622	8.793902	18.65
4.5382094	-0.35075054	8.754398	18.698
4.4460325	-0.37349546	8.828619	18.748
4.4603977	-0.48841715	8.916007	18.798
4.408922	-0.46806642	9.027337	18.849
4.417302	-0.39983168	9.060856	18.9
4.402937	-0.36272156	9.056067	18.948
4.35625	-0.45370123	9.022549	18.998
4.3059716	-0.45489833	9.020155	19.018
4.320337	-0.4345476	9.051279	19.098
4.158728	-0.50517654	9.088389	19.159
4.1252093	-0.45848963	9.143456	19.188
4.224569	-0.51116204	9.214086	19.278
3.9719806	-0.48003745	9.229648	19.299
4.080917	-0.4261679	9.218874	19.348
4.0533834	-0.36990416	9.19972	19.398
3.9073372	-0.31364042	9.212888	19.448
3.751714	-0.4165911	9.26556	19.498
3.655946	-0.2837129	9.414001	19.548
3.466804	-0.37708676	9.448717	19.598
3.5302503	-0.31483752	9.5492735	19.658
3.2022448	-0.11252748	9.7324295	19.698
3.2944214	-0.16879122	9.727641	19.748
3.1148565	-0.24181437	9.461885	19.798
3.1016884	-0.016759412	9.485827	19.842
2.9604304	-0.092176765	9.581595	19.898
2.861071	-0.11851298	9.478644	19.948
2.7940333	-0.24181437	9.637859	19.998
2.778471	-0.22505496	9.770737	20.018
2.6491842	0.17118542	9.787497	20.098
2.3235726	0.23702596	9.774328	20.148
2.2421699	0.21308395	9.65821	20.198
2.030283	0.23223756	9.816227	20.238
2.006341	0.30885202	9.801862	20.298
1.6867151	0.60812724	10.040085	20.348
1.6220716	0.48482585	9.718064	20.398
1.5059528	0.45968673	9.757569	20.448
1.1312603	0.50637364	9.848549	20.498
1.1552023	0.46447513	9.976639	20.548
1.1923125	0.34237084	9.902418	20.598
1.3467385	0.736217	10.014946	20.649
1.460463	0.59615624	9.999383	20.698
1.5298948	0.7062895	10.156203	20.748
1.6136919	0.5542577	9.861717	20.798
1.4856021	0.6931214	9.884461	20.848
1.4053963	0.6871359	9.821015	20.898
1.3994108	0.521936	10.024523	20.948
1.0115502	0.63206923	9.872491	20.998
0.94570965	0.7015011	9.950302	21.018
1.3012487	0.6452374	9.880871	21.088
1.0929531	0.8619126	9.506178	21.149
1.0510546	0.5530606	9.40203	21.193
1.2892777	0.21667525	10.079589	21.248
1.7597382	0.09696517	10.175357	21.298
2.0087352	0.17238252	10.102334	21.341
2.2984335	0.1376666	10.109517	21.398
2.7269957	0.4189853	9.980229	21.448
2.8491	0.1328782	9.78989	21.498
2.7114334	-0.11492168	9.775525	21.548
2.705448	-0.005985504	9.81503	21.598
2.1691468	-0.016759412	9.652225	21.649
2.1092918	0.130484	9.716867	21.691
2.5007436	-0.18435353	9.870096	21.75
2.4791958	-0.22266077	9.745598	21.799
2.6013002	-0.30286652	9.554062	21.849
2.682703	-0.5674258	9.651027	21.89
3.489549	-0.1316811	9.591172	21.948
3.702633	-0.06703765	9.536105	21.968
3.8235402	-0.48243165	9.417592	22.058
4.0976763	-0.70509243	9.428367	22.098
3.7481227	-0.5279215	8.987833	22.148
3.9109285	-0.46088383	9.106346	22.198
3.810372	-0.5674258	9.32781	22.248
3.7960067	-0.56982	9.196129	22.298
3.6092591	-0.688333	9.127894	22.349
3.7086184	-0.78410107	9.081207	22.399
3.7696705	-0.7577648	9.167398	22.45
4.2544966	-0.78649527	8.9602995	22.499
4.4424415	-0.93014735	8.718486	22.548
4.8781857	-0.7757214	8.571242	22.599
5.2863975	-0.81402856	8.359355	22.639
6.0345855	-0.51954174	8.201338	22.692
6.053739	-0.37588966	8.392874	22.728
5.403713	-0.7350199	8.309077	22.788
5.4384294	-0.58538234	8.279149	22.838
5.5940523	-0.641646	8.34499	22.888
5.686229	-0.78649527	8.052897	22.948
5.931635	-0.688333	7.836222	22.999
6.0345855	-0.60573304	7.9212165	23.019
6.339846	-0.34117374	7.771579	23.1
6.3949127	-0.20231004	7.668628	23.148
6.3925185	-0.14963761	7.7667904	23.198
6.4906807	-0.21428105	7.619547	23.249
6.573281	-0.1388637	7.7189064	23.298
6.585252	-0.21667525	7.643489	23.348
6.3913217	-0.30406362	7.6147585	23.385
6.277597	-0.40581718	7.776367	23.446
6.289568	-0.3196259	7.8829093	23.528
6.167464	0.017956512	7.9092455	23.548
6.3338604	0.21188685	7.953538	23.598
6.337452	0.1340753	7.8745294	23.618
5.973533	0.11731588	8.098388	23.698
5.7424927	0.07062895	8.24563	23.748
5.6419363	0.093373865	8.293514	23.798
5.315128	0.108936176	8.277952	23.834
5.2421045	-0.34955344	8.305486	23.899
5.2301335	-0.22026655	8.451532	23.95
5.425261	0.19512744	8.699332	23.988
5.425261	0.19512744	8.699332	24.016
4.969166	0.022744916	8.391677	24.099
4.8698063	0.077811554	8.486248	24.141
4.5286326	0.10295067	8.789114	24.189
4.4663835	0.31364042	8.908825	24.412
4.6351743	0.31364042	8.908825	24.412
4.6351743	0.31364042	8.908825	24.412
4.6351743	0.31364042	8.908825	24.412
4.745308	0.34596214	8.889671	24.437
4.63278	0.37110126	8.944737	24.499
4.5022964	0.35434186	9.038112	24.545
4.158728	0.25857377	9.103952	24.598
3.879804	0.2741361	9.138668	24.644
3.5314474	0.2669535	9.223662	24.688
3.3973722	0.33997664	9.307459	24.748
3.738546	0.557849	9.5492735	24.798
4.119224	0.5315128	9.408015	24.839
3.8498764	0.4285621	9.139865	24.897
3.549404	0.2753332	9.398438	24.949
3.4081461	0.25019407	9.345766	24.999
3.4763808	0.1448492	9.595961	25.028
3.4763808	0.1448492	9.595961	25.028
3.738546	-0.16400282	9.101558	25.148
3.7301662	-0.17956513	8.996213	25.202
3.7325604	-0.19033903	9.068039	25.248
3.7241807	-0.11252748	9.053674	25.298
3.645172	-0.08619126	9.200917	25.348
4.1706996	-0.47405192	9.508572	25.398
4.039018	-0.40940848	9.400833	25.439
3.8893807	-0.25737667	9.136273	25.488
4.175488	-0.25258827	9.205706	25.553
4.092888	-0.2885013	9.01417	25.603
4.3155484	-0.1376666	9.143456	25.646
4.0581717	0.08379706	8.991425	25.691
3.834314	-0.3172317	9.285912	25.748
4.2940006	-0.40821138	9.215282	25.798
4.0306387	-0.22744916	9.004593	25.839
4.429273	-0.21547815	9.099164	25.898
4.489128	-0.29209262	8.979453	25.944
4.710592	-0.40701428	8.8884735	25.993
4.903325	-0.4201824	8.930372	26.029
5.0122614	-0.37948096	8.710106	26.082
4.687847	-0.46567222	8.525752	26.148
4.5322237	-0.5303157	8.698134	26.192
4.7680526	-0.5231331	8.899248	26.241
4.6591167	-0.9947908	8.814254	26.29
4.8985367	-0.7218518	8.793902	26.342
5.011064	-1.0163386	8.718486	26.4
5.386954	-1.13964	8.028955	26.432
5.305551	-0.25378537	8.431181	26.498
5.74369	-0.34476504	7.8517847	26.548
6.4152637	0.31244332	7.949947	26.598
6.573281	-0.130484	7.681796	26.648
6.2584434	-0.5506664	7.7189064	26.698
5.792771	-0.4369418	7.667431	26.748
6.361394	-0.21428105	8.118738	26.798
7.017405	0.29328972	7.479486	26.848
6.777985	0.094570965	7.3202715	26.898
7.0820484	0.059855044	7.2699933	26.948
7.2783732	0.022744916	7.2484455	26.998
7.2149267	0.08259996	7.5549035	27.028
7.321469	-0.053869538	7.265205	27.098
6.733692	0.23822308	7.1347213	27.148
6.420052	-0.04189853	7.776367	27.198
6.281188	-0.04309563	7.867347	27.248
6.143522	-0.17357962	7.819463	27.298
5.6826377	-0.11611878	8.015787	27.348
5.391742	-0.095768064	8.172607	27.398
4.999093	-0.15442601	8.452729	27.448
4.679467	0.037110128	8.808268	27.498
4.4699745	-0.1412579	8.937555	27.548
4.572925	-0.10055647	8.920795	27.598
4.5860934	-0.045489833	8.6299	27.648
4.8937483	-0.06823475	8.584411	27.698
5.213374	-0.1328782	8.62152	27.748
5.0625396	0.03232172	8.605958	27.798
5.068525	0.2717419	8.962694	27.849
5.01705	0.39264908	8.846576	27.901
4.7560816	0.24899697	8.950723	27.951
4.408922	0.19512744	9.00579	28.001
4.238934	0.06703765	9.059659	28.022
3.514688	-0.20350714	9.192537	28.098
3.9336734	0.49679685	8.016984	28.148
3.881001	0.6584055	9.114726	28.2
3.5769374	0.47644615	9.574412	28.243
3.774459	0.58538234	9.715671	28.298
3.7672763	0.7326257	9.52174	28.348
3.3877954	0.8283938	9.470264	28.398
4.024653	0.712275	9.817424	28.448
3.6894648	0.89662856	9.43914	28.498
4.1826706	0.78290397	8.9758625	28.548
3.0298622	1.3359646	9.076419	28.598
3.0765493	1.423353	9.41879	28.648
2.8634653	1.42455	9.657013	28.698
2.8574798	1.5490485	9.599552	28.748
2.4672248	1.4688427	9.668983	28.797
2.432509	1.3323733	9.514558	28.847
2.4121583	1.3611037	9.619903	28.898
2.7090392	1.2569559	9.540894	28.95
2.731784	1.4736311	9.721656	28.997
2.5246856	1.590947	9.625888	29.028
2.0709844	1.4508862	9.599552	29.098
1.9919758	1.5047557	9.855731	29.148
1.8938135	1.3395559	9.797073	29.198
1.7932571	1.543063	9.946711	29.358
1.6903064	1.543063	9.946711	29.358
1.6903064	1.543063	9.946711	29.358
1.769315	1.7010803	9.921572	29.398
2.086547	0.7745243	9.55047	29.448
2.5929205	0.8487445	9.848549	29.498
2.5845408	1.2282255	9.703699	29.548
2.992752	0.9528923	9.414001	29.598
3.0262709	0.81642276	9.856929	29.648
3.1028855	1.1192893	9.568427	29.699
2.9364884	1.1791444	9.679757	29.748
2.5605986	0.89303726	9.846154	29.798
2.6013002	0.91697925	9.487024	29.848
2.6611552	1.0414777	9.5385	29.897
2.907758	0.9947908	9.53012	29.947
3.1256304	0.6655881	9.3661175	30.0
3.1878796	0.5530606	9.388862	30.031
3.582923	0.30286652	9.518148	30.098
3.9707835	0.35793316	9.524135	30.147
3.9109285	0.5374983	9.5971575	30.198
3.6894648	0.35194764	9.300277	30.248
3.6343982	0.5243302	9.193734	30.297
3.7720647	0.62967503	9.259575	30.348
3.7361517	0.5734113	9.3661175	30.398
3.8750155	0.4321534	9.284714	30.448
4.060566	0.49320555	9.288305	30.498
3.9073372	0.38067806	9.241618	30.548
3.8271315	0.22744916	9.148245	30.598
3.7804444	0.36272156	9.123106	30.648
3.7972038	0.2633622	9.051279	30.698
3.8833952	0.18555063	9.009381	30.748
3.916914	-0.005985504	8.858546	30.798
4.5154643	0.008379706	8.889671	30.847
5.2444987	0.23104046	8.645462	30.898
5.183447	-0.044292733	8.722076	30.947
5.470751	0.28491	8.224083	30.998
5.959168	0.45370123	8.358158	31.027
6.3745623	0.51595044	7.9691005	31.098
6.232107	0.39264908	7.9427643	31.148
5.9663506	0.2873042	7.9487495	31.198
5.9639564	0.45968673	8.127118	31.248
5.8909335	0.46806642	8.099585	31.298
5.756858	0.439336	8.103176	31.348
5.837064	0.39863458	8.153454	31.398
5.901707	0.3854665	8.009802	31.448
5.577293	0.46088383	8.322245	31.498
5.8226986	0.32321724	8.145074	31.548
5.819107	0.22625206	8.2037325	31.598
5.521029	0.23822308	8.285135	31.648
5.457583	0.24181437	8.301894	31.698
5.2684407	0.2837129	8.425196	31.748
4.9799395	0.272939	8.665813	31.798
4.629189	0.30765492	8.718486	31.848
4.8362875	0.18435353	8.585608	31.898
5.386954	0.037110128	8.763975	31.948
5.080496	0.05746084	8.66701	31.998
4.996699	0.260968	8.686164	32.027
5.390545	0.19273324	8.063671	32.098
5.2804117	0.49081135	8.441956	32.148
5.681441	0.35314476	8.722076	32.198
5.270835	0.08499416	8.566454	32.248
5.115212	0.10534488	8.896853	32.298
4.665102	0.1388637	8.623915	32.348
4.4113164	0.15682021	8.890868	32.398
4.7620673	0.16519992	9.024943	32.448
4.674679	0.2753332	8.761581	32.498
4.629189	0.23104046	8.881291	32.548
4.7405195	-0.095768064	8.916007	32.598
4.7177744	0.038307227	8.8777	32.648
4.984728	0.037110128	9.077616	32.698
4.5777135	-0.03232172	9.108741	32.748
4.2425256	0.24779987	8.950723	32.797
4.212598	0.18914193	8.941146	32.848
4.0019083	0.2777274	9.050082	32.898
3.6008794	0.25019407	9.3733	32.948
3.7337575	0.30286652	9.465476	32.998
3.8043866	0.38067806	9.386468	33.028
3.551798	0.50876784	9.367314	33.097
3.78643	0.36631286	9.269152	33.148
3.6415808	0.1316811	9.329007	33.198
3.4272997	0.3184288	9.386468	33.248
3.1890767	0.33518824	9.49301	33.297
2.9269116	0.34955344	9.502586	33.348
2.8491	0.5363012	9.622296	33.398
3.0502129	0.50876784	9.540894	33.558
3.1783028	0.5602432	9.540894	33.558
3.1783028	0.5602432	9.540894	33.558
3.667917	0.58298814	9.460688	33.598
2.4588451	0.6488287	9.745598	33.648
2.7102363	0.65242	9.490616	33.698
2.4121583	0.6631939	9.57561	33.748
2.4001873	0.81283146	9.817424	33.797
2.110489	0.6404489	9.730036	33.848
2.184709	0.62608373	9.65821	33.899
2.3080103	0.5327099	9.564836	33.948
2.2828712	0.58657944	9.572019	33.998
2.2361844	0.5674258	9.588778	34.028
2.7940333	0.50996494	9.8916445	34.097
2.6324248	0.6380547	9.7084875	34.148
2.8119898	0.52073884	9.688137	34.197
2.8491	-0.10654198	9.701305	34.458
3.0310593	-0.10654198	9.701305	34.458
3.0310593	-0.10654198	9.701305	34.458
3.0310593	-0.10654198	9.701305	34.458
3.0310593	-0.10654198	9.701305	34.468
3.345897	-0.1448492	9.701305	34.498
3.4117374	0.023942016	9.544485	34.548
3.608062	-0.10175357	9.515755	34.597
3.7098155	-0.22625206	9.464279	34.648
3.5470097	-0.21667525	9.344569	34.698
3.276465	-0.108936176	9.481039	34.748
3.3506854	-0.20470424	9.372103	34.798
3.514688	-0.18195933	9.299079	34.848
3.5745432	-0.11971009	9.2787285	34.899
3.6727054	-0.130484	9.348161	34.948
4.074931	-0.17238252	9.330204	34.998
4.107253	-0.2693477	9.294291	35.028
4.2461166	-0.46447513	9.416395	35.098
4.1479545	-0.4309563	9.0081835	35.148
3.7421372	-0.3854665	8.746018	35.198
4.1742907	-0.50278234	9.036914	35.248
4.712986	-0.48482585	9.004593	35.298
5.149928	-0.4165911	8.890868	35.347
5.403713	-0.45848963	8.663419	35.398
5.2181625	-0.260968	8.639477	35.448
5.4049106	-0.10534488	8.360553	35.498
5.42167	-0.15682021	8.335413	35.548
5.104438	-0.2813187	8.395268	35.598
5.207389	-0.30645782	8.408437	35.648
4.661511	-0.521936	8.476671	35.698
5.5377884	-0.06823475	8.622718	35.748
5.662287	0.088585466	8.439561	35.798
5.485116	-0.01316811	8.469488	35.847
5.687426	0.021547815	8.22528	35.899
5.7269306	-0.11611878	8.230068	35.948
5.649119	-0.15682021	8.141483	35.998
5.6670756	-0.272939	8.166622	36.028
5.559336	-0.35913026	8.214506	36.088
5.729325	-0.18076223	8.24563	36.148
5.934029	-0.10654198	8.210915	36.198
5.8693852	-0.260968	8.012196	36.248
5.719748	-0.2873042	8.020576	36.298
5.543774	-0.2873042	8.031349	36.347
5.4779334	-0.14724341	8.422802	36.398
5.4025164	-0.18195933	8.461109	36.448
5.547365	-0.17357962	8.401254	36.498
5.74369	-0.21667525	8.198944	36.548
5.747281	-0.29807812	8.219295	36.598
5.657499	-0.30645782	8.124723	36.648
5.7137623	-0.19632454	8.385692	36.698
5.5258174	-0.22505496	8.35337	36.749
5.523423	-0.28491	8.342596	36.798
5.4671597	-0.29688102	8.37013	36.848
5.282806	-0.3854665	8.330625	36.898
5.2516813	-0.04309563	8.548497	36.948
5.57849	-0.12808979	8.578424	36.998
5.5258174	-0.24301147	8.498219	37.027
5.368997	-0.19752164	8.479065	37.098
5.141548	-0.15442601	8.495825	37.148
4.685453	-0.20470424	8.647857	37.198
4.4879313	-0.32800564	8.698134	37.248
4.832696	-0.2633622	9.0081835	37.298
4.9895163	-0.007182605	8.91481	37.348
4.8003745	0.16879122	8.853758	37.398
4.546589	-0.009576807	8.736442	37.448
4.344279	-0.044292733	8.856153	37.498
4.131195	-0.045489833	9.229648	37.548
4.253299	0.15442601	9.472659	37.598
4.3526587	0.12210429	9.26556	37.648
4.024653	0.10175357	9.185355	37.698
3.9600096	0.15203181	9.200917	37.748
4.0761285	0.079008654	9.289502	37.798
4.31914	0.11492168	9.636662	37.848
3.6643257	0.16400282	9.7479925	37.898
3.4105403	0.027533319	9.107543	37.948
2.9592333	0.23942018	9.26556	37.998
2.8119898	0.25617957	9.239224	38.038
2.4672248	0.2765303	9.55047	38.098
2.5390508	0.034715924	9.652225	38.148
2.7234044	0.5805939	9.97185	38.198
2.4492683	0.5446809	9.314642	38.248
2.48159	0.7302315	9.654618	38.298
2.586935	0.81522566	9.967062	38.348
2.468422	0.7338228	9.792285	38.398
2.457648	0.6943185	9.540894	38.587
2.3331497	0.5638345	9.847352	38.587
2.3331497	0.5638345	9.847352	38.587
2.3463178	0.557849	9.831789	38.598
2.2780828	0.59256494	9.685743	38.648
2.3355439	0.60094464	9.655815	38.698
2.4732103	0.6452374	9.793482	38.748
3.0059202	0.3172317	9.810242	38.798
2.7401638	0.6392518	9.662998	38.848
2.2301989	0.6667852	9.617508	38.898
2.3391352	0.6667852	9.865308	38.948
2.4265234	0.5781997	9.662998	38.998
2.5797524	0.58657944	9.653421	39.038
2.6994624	0.4189853	9.700109	39.098
2.6408045	0.2741361	9.580399	39.148
2.754529	0.23104046	9.7563715	39.198
2.6300306	0.40102878	9.702502	39.248
2.7880478	0.5267244	9.616311	39.308
3.0538042	0.2813187	9.449914	39.348
3.1663318	0.24899697	9.578004	39.398
3.654749	0.055066638	9.586384	39.448
3.6703112	-0.07182605	9.3661175	39.498
3.6008794	-0.08379706	9.593566	39.548
3.429694	0.01436521	9.332599	39.598
2.9843724	0.30166942	9.330204	39.648
3.477578	0.19153613	9.379285	39.698
3.6487634	0.14604631	9.357738	39.748
3.6332011	0.11851298	9.137471	39.798
3.7684734	-0.11851298	9.232041	39.848
4.1096473	0.04189853	9.509769	39.898
4.128801	-0.15682021	9.337387	39.948
3.9743748	0.04189853	9.291897	39.998
3.9193082	0.007182605	9.294291	40.038
3.6595373	0.01316811	9.211691	40.098
3.657143	-0.044292733	9.312247	40.148
3.618836	0.015562311	9.109938	40.198
3.6044707	-0.18195933	9.218874	40.248
3.807978	-0.21428105	9.281123	40.298
4.173094	-0.033518825	9.012972	40.348
4.4208937	0.035913024	8.802282	40.398
4.7309427	-0.3196259	8.9758625	40.448
5.279215	-0.1376666	8.798691	40.498
5.161899	-0.10175357	8.744822	40.548
5.2085857	-0.1436521	8.616732	40.598
5.097255	0.010773907	8.505402	40.647
4.9164934	-0.06464344	8.505402	40.698
5.12838	0.023942016	8.596381	40.748
5.4025164	-0.020350715	8.566454	40.799
5.3713913	0.005985504	8.536526	40.848
5.427655	0.15083471	8.608353	40.898
5.3594203	0.029927522	8.560468	40.948
5.2409077	0.045489833	8.416816	40.998
5.1906295	0.094570965	8.534132	41.037
5.0362034	0.10654198	8.637083	41.088
4.996699	0.15801731	8.607155	41.148
5.0038815	0.015562311	8.7125	41.198
5.0026846	0.0035913025	8.718486	41.248
4.995502	-0.16519992	8.520964	41.298
4.9416323	-0.12928689	8.760384	41.347
5.00867	-0.094570965	8.644265	41.398
4.945224	-0.2861071	8.425196	41.448
5.055357	-0.4189853	8.74961	41.498
5.2397103	-0.2681506	8.631097	41.548
5.09127	-0.16639702	8.613141	41.598
4.993108	-0.051475335	8.693346	41.648
4.9069166	-0.12330139	8.674192	41.698
4.8602295	-0.17357962	8.620323	41.748
4.772841	-0.30526072	8.797494	41.798
4.8781857	-0.3866636	8.878897	41.848
4.987122	-0.30166942	8.7292595	41.898
4.9200845	-0.35434186	8.807071	41.948
5.0517654	-0.39624038	8.750807	41.998
4.8973393	-0.35194764	8.731653	42.037
4.8027687	-0.39624038	8.784326	42.098
4.6662993	-0.47046062	8.977059	42.148
4.6124296	-0.50397944	8.993818	42.198
4.4759603	-0.45370123	8.905233	42.248
4.5777135	-0.4225766	8.924387	42.298
4.751293	-0.32202014	8.977059	42.348
4.673482	-0.415394	8.9519205	42.398
4.248511	-0.36750996	8.908825	42.438
4.0078936	-0.2837129	9.228451	42.5
3.8666358	-0.2837129	9.31943	42.56
3.7229836	-0.17836803	9.28232	42.598
3.8953662	-0.12808979	9.276335	42.648
3.915717	0.061052144	9.351752	42.698
3.5182793	0.15322891	9.235633	42.748
3.5697548	0.4333505	9.581595	42.797
3.3602622	0.36750996	9.441534	42.848
2.837129	0.21428105	9.500193	42.898
3.0609868	0.48722005	9.671378	42.948
3.0789435	0.40581718	9.788693	42.998
2.8048072	0.23223756	9.448717	43.038
2.552219	0.58298814	9.534908	43.098
2.6671407	0.4429273	9.765948	43.148
2.4947581	0.5398925	9.625888	43.198
2.7593174	0.61770403	9.838972	43.248
3.0334535	0.2657564	9.677363	43.298
1.9285295	0.7194576	9.613917	43.348
1.9776106	0.6619968	9.791088	43.398
2.147599	0.50996494	9.987412	43.577
2.055422	0.46567222	9.992201	43.588
2.055422	0.46567222	9.992201	43.588
2.1021092	0.4237737	9.929952	43.597
2.0518308	0.46327803	9.837775	43.647
1.9165585	0.25498247	9.720459	43.697
1.7525556	0.4417302	9.53012	43.747
1.6879122	0.6667852	9.794679	43.798
2.018312	0.48602295	9.865308	43.848
2.018312	0.47165772	9.775525	43.898
2.0853498	0.6572084	10.01734	43.948
2.0350714	0.533907	9.662998	43.998
2.111686	-0.23463176	9.586384	44.038
2.4516625	-0.23223756	9.904813	44.098
2.5390508	-0.095768064	9.7863	44.148
2.6874914	0.10654198	9.706094	44.198
2.991555	-0.16759412	9.494206	44.248
3.1172507	-0.39264908	9.629479	44.507
2.6384103	-0.39264908	9.629479	44.507
2.6384103	-0.39264908	9.629479	44.507
2.6384103	-0.39264908	9.629479	44.507
2.6384103	-0.39264908	9.629479	44.507
2.6994624	-0.47405192	9.603143	44.548
2.5270798	-0.32441434	9.544485	44.598
2.920926	-0.51475334	9.5385	44.648
3.321955	-0.641646	9.514558	44.698
3.7900212	-0.5351041	9.403227	44.748
4.1982327	-0.6512229	9.242816	44.798
4.098873	-0.51714754	9.257181	44.848
3.881001	-0.5243302	9.27394	44.898
3.9576154	-0.62249243	9.2308445	44.947
3.465607	-0.5674258	9.26556	44.998
3.5757403	-0.50517654	9.4295635	45.038
3.5889084	-0.63087213	9.428367	45.098
3.5805287	-0.6955156	9.180567	45.148
3.9252937	-0.6667852	9.054871	45.198
4.5286326	-0.4285621	8.728063	45.248
4.596867	-0.61411273	8.937555	45.298
4.7764325	-0.36750996	8.957906	45.348
4.83509	-0.3878607	8.760384	45.398
5.044583	-0.2741361	8.702923	45.448
5.269638	-0.31483752	8.532935	45.498
5.306748	-0.30286652	8.407239	45.548
5.5270147	-0.32800564	8.39048	45.598
5.7760115	-0.31004912	8.24563	45.647
5.9268465	-0.31483752	8.180987	45.698
5.946	-0.3172317	8.031349	45.748
5.9843073	-0.2837129	8.067263	45.798
6.0166287	-0.39743748	7.9906483	45.848
5.8717794	-0.37828386	7.9391727	45.898
5.9639564	-0.25737667	8.061277	45.948
6.23091	-0.25258827	8.013393	45.998
6.0441623	-0.23223756	7.878121	46.038
5.9507885	-0.47405192	7.867347	46.101
6.147113	-0.31483752	7.7847466	46.15
6.315904	-0.521936	7.669825	46.2
6.579266	-0.47884035	7.4244194	46.25
6.575675	-0.39743748	7.3897038	46.301
6.7348895	-0.36870706	7.4687123	46.342
6.5708866	-0.63206923	7.441179	46.382
6.5924344	-0.39743748	7.821857	46.442
6.5361705	-0.14724341	7.457938	46.502
6.683414	-0.16400282	7.741651	46.549
6.229713	-0.142455	7.77517	46.6
6.0465565	-0.11372458	8.079233	46.649
5.8717794	-0.16400282	8.118738	46.7
5.614403	-0.36511576	8.054094	46.748
5.475539	-0.19273324	8.3150625	46.799
5.6335564	-0.2908955	8.230068	46.848
5.568913	-0.11971009	8.341399	46.898
5.1942205	-0.23104046	8.3150625	46.948
5.21098	-0.31603462	8.364143	46.998
5.245696	-0.30047232	8.48146	47.038
5.3941364	-0.2861071	8.318654	47.097
5.2421045	-0.39384618	8.300697	47.148
5.225345	-0.260968	8.0445175	47.198
5.3438582	-0.20949265	8.643068	47.248
5.662287	-0.24301147	8.811859	47.298
5.4779334	-0.32441434	8.303091	47.348
5.2421045	-0.50637364	8.449138	47.398
5.345055	-0.51595044	8.672996	47.438
5.318719	-0.46088383	8.602366	47.498
4.993108	-0.25378537	8.793902	47.548
5.0625396	-0.2861071	8.943541	47.598
4.9308586	-0.079008654	9.011775	47.648
4.4639893	-0.4165911	8.829816	47.697
4.322731	-0.09935937	9.166202	47.748
4.158728	-0.36990416	9.114726	47.798
3.8127663	0.4429273	9.674969	47.848
3.9935284	-0.6332663	9.0716305	47.898
2.7700913	0.19393034	9.020155	47.948
3.2944214	0.29209262	9.55885	47.998
3.3494883	0.17836803	9.624691	48.038
3.0071173	0.48123455	9.49301	48.101
2.9137435	0.5602432	9.715671	48.148
2.767697	0.6679823	9.677363	48.197
2.5330653	0.78290397	9.718064	48.247
1.9668367	0.7469909	9.860519	48.298
1.769315	0.8415619	9.847352	48.348
1.4808137	0.9576807	9.817424	48.398
1.3491327	0.91817635	9.890448	48.547
1.0857705	1.1013328	9.890448	48.547
1.0857705	1.1013328	9.890448	48.547
1.2270284	1.1456255	10.072407	48.597
1.8267759	1.3383588	10.28549	48.648
0.9552865	1.2042835	9.884461	48.698
-0.20111294	1.1432313	9.51336	48.748
0.019153614	1.1947067	9.932345	48.798
0.089782566	1.3180081	9.856929	48.848
-0.025139118	1.0941502	9.945514	48.898
0.23343466	1.2401965	9.94312	48.948
0.49440265	1.3180081	10.040085	48.997
0.6691794	1.3263878	10.079589	49.038
0.7074866	1.2641385	9.973047	49.098
0.7254431	1.2976574	9.970653	49.148
0.58897364	1.1073183	9.928755	49.198
0.62608373	1.0594343	9.898827	49.247
0.4441244	1.0690111	10.010158	49.298
0.81402856	1.4053963	10.092757	49.348
0.91578215	1.1240777	9.884461	49.438
1.2042835	1.0522517	9.904813	49.447
1.3072342	0.91697925	9.864111	49.498
0.89303726	0.81522566	9.841366	49.548
1.42455	0.80445176	9.986216	49.598
1.6819267	0.7649474	10.121488	49.648
1.7968484	0.6332663	10.155006	49.698
2.136825	0.7038953	10.01734	49.748
2.2062569	0.5770026	9.880871	49.798
2.2457612	0.45489833	9.811439	49.848
2.1559787	0.2669535	9.7958765	49.898
2.19668	0.33518824	9.659407	49.952
2.0410569	0.05746084	9.739613	50.001
2.2290018	0.2765303	9.883265	50.048
2.6731262	0.2621651	9.913192	50.098
3.028665	-0.020350715	9.643845	50.148
3.157952	-0.007182605	9.605537	50.197
3.1495724	-0.08140286	9.676167	50.248
3.252523	-0.04309563	9.585187	50.298
3.2752678	-0.18195933	9.510966	50.347
3.110068	-0.25498247	9.603143	50.398
3.0885203	-0.19871874	9.605537	50.448
3.0250738	-0.09816227	9.544485	50.498
3.1028855	-0.30286652	9.471462	50.548
3.2357635	-0.2705448	9.465476	50.598
3.4835634	0.046686932	9.348161	50.648
3.3279405	-0.29927522	9.31105	50.698
3.8151605	-0.641646	9.284714	50.747
4.425682	-0.37588966	9.160215	50.798
4.4113164	-0.41180268	9.08001	50.848
4.572925	-0.37229836	8.959103	50.898
4.582502	-0.31244332	8.938752	50.948
4.545392	-0.320823	8.9998045	50.998
4.39336	-0.34117374	9.044097	51.048
4.331111	-0.30526072	8.887277	51.098
4.2556934	-0.46088383	8.929175	51.148
4.0916905	-0.35793316	8.9124155	51.197
3.8905778	-0.36631286	9.100361	51.248
5.0996494	-0.52073884	8.802282	51.298
5.245696	-0.33399114	8.39886	51.348
5.4384294	-0.38067806	8.267179	51.397
5.90889	-0.24779987	8.145074	51.448
5.9687448	-0.33039984	8.111555	51.498
5.674258	-0.260968	8.230068	51.548
5.8813562	-0.3878607	8.072051	51.598
6.117185	-0.2681506	8.013393	51.648
6.135142	-0.30047232	7.813477	51.698
6.0585275	-0.25977087	7.699753	51.748
6.303933	-0.15322891	7.6770077	51.798
6.3003416	-0.130484	7.9355817	51.848
6.1926026	-0.1376666	7.943961	51.898
6.2464724	-0.20709845	7.835025	51.948
6.045359	-0.29927522	7.9116397	51.998
6.157887	-0.25617957	7.776367	52.048
6.155493	-0.2705448	7.716512	52.098
6.314707	-0.24061728	7.8290396	52.148
6.3721676	-0.016759412	7.86615	52.198
6.0980315	-0.2693477	7.8625584	52.248
6.307524	-0.34237084	7.86615	52.298
5.9567738	-0.22026655	7.856573	52.348
5.961562	0.0023942017	7.8793178	52.398
6.053739	-0.35913026	8.163031	52.448
5.6527104	-0.56982	8.066066	52.497
5.4144874	-0.31244332	8.479065	52.548
5.3606176	-0.21308395	8.573636	52.598
5.0134583	-0.36511576	8.631097	52.648
5.0840874	-0.2837129	8.561666	52.698
5.0960584	-0.25977087	8.555679	52.748
5.032612	-0.20231004	8.63828	52.797
4.8602295	-0.1388637	8.767567	52.849
4.7656584	-0.11252748	8.86932	52.898
4.605247	-0.16519992	8.9519205	52.947
4.414908	-0.34955344	9.016563	52.998
4.4580035	-0.31004912	9.046491	53.047
4.31914	-0.22266077	9.001001	53.098
4.27365	-0.15801731	9.01417	53.148
4.1826706	-0.0023942017	9.13388	53.198
4.0821137	0.055066638	9.202114	53.248
3.882198	0.12210429	9.326612	53.297
3.716998	0.077811554	9.408015	53.348
3.4105403	0.12928689	9.446322	53.398
3.2393548	0.22864626	9.408015	53.567
2.7162218	0.31364042	9.408015	53.567
2.7162218	0.31364042	9.408015	53.567
2.5270798	0.59256494	9.461885	53.597
2.7724855	0.7074866	9.630676	53.648
2.6120741	0.7146692	9.752781	53.698
2.505532	0.6715736	9.781511	53.748
2.5306711	0.6847417	9.688137	53.797
2.349909	0.6404489	9.765948	53.848
2.160767	0.6943185	9.7863	53.898
1.9524715	0.6955156	9.698911	53.947
2.2649148	0.6715736	10.097546	53.998
2.4552538	0.4381389	9.623494	54.047
1.970428	0.61770403	9.534908	54.099
1.7717092	0.5279215	9.586384	54.148
1.7310078	0.59136784	9.68694	54.198
1.9129672	0.61171854	9.922769	54.248
2.0003555	0.5542577	9.928755	54.297
2.0602105	0.35673606	9.56723	54.348
2.372654	-0.055066638	9.659407	54.567
2.9700072	0.2825158	9.659407	54.567
2.9700072	0.2825158	9.659407	54.567
2.9700072	0.2825158	9.659407	54.567
2.96881	0.4165911	9.683349	54.598
3.2465374	0.35673606	9.697714	54.647
3.525462	0.29688102	9.660604	54.698
3.477578	0.25378537	9.64145	54.748
3.393781	0.2777274	9.458294	54.798
3.1591492	0.17477672	9.398438	54.848
3.0933087	0.30286652	9.503783	54.898
2.9939492	0.28491	9.495404	54.948
2.7808652	0.35793316	9.8042555	54.998
2.9939492	-0.22625206	9.269152	55.048
3.3674448	-0.47644615	9.458294	55.099
3.669114	-0.34117374	9.325416	55.148
3.690662	-0.320823	9.032125	55.198
4.1862617	-0.4297592	8.935161	55.248
4.483143	-0.7230489	9.155427	55.298
4.712986	-0.46327803	9.346964	55.348
5.282806	-0.81881696	8.838196	55.398
4.981137	-0.31364042	8.208521	55.448
4.581305	-0.4141969	8.669404	55.498
4.675876	-0.36750996	8.625112	55.548
4.909311	-0.4225766	8.626308	55.598
5.1379566	-0.6811504	8.707711	55.648
5.4324436	-0.82001406	8.412027	55.697
5.463568	-0.7577648	8.237251	55.748
5.233725	-0.80564886	8.298303	55.798
5.8358665	-0.5770026	8.516175	55.848
5.722142	-0.48722005	8.560468	55.898
5.040992	-0.4297592	8.404845	55.948
5.433641	-0.30286652	8.337808	55.998
5.5401826	-0.37469256	8.1319065	56.048
5.7784057	-0.48961425	8.016984	56.098
5.9878983	-0.5710171	8.001422	56.147
6.1890116	-0.5650316	7.979874	56.198
6.408081	-0.51235914	7.813477	56.248
6.2704144	-0.47405192	7.800309	56.298
6.482301	-0.46567222	7.824251	56.348
6.2943563	-0.41180268	7.6506715	56.398
6.209362	-0.5410896	8.058883	56.448
6.47033	-0.3842694	8.0684595	56.498
6.26802	-0.33039984	7.7344685	56.548
5.5018754	-0.45609543	8.232463	56.598
5.4863133	-0.30885202	8.583213	56.648
5.1559134	-0.4441244	8.5700445	56.698
4.823119	-0.59974754	8.517372	56.747
5.0362034	-0.60453594	8.815451	56.798
5.0876784	-0.557849	8.317456	56.848
4.1838675	-0.39983168	8.833407	56.898
4.6363716	-0.16998832	8.932767	56.95
4.542998	-0.35434186	8.841787	57.0
4.4927197	-0.48841715	8.944737	57.041
4.2999864	-0.58418524	9.030929	57.098
4.092888	-0.688333	8.926781	57.148
4.047398	-0.7422025	8.967483	57.198
4.367024	-0.34117374	9.390059	57.248
4.283227	-0.16400282	8.9363575	57.298
4.027047	-0.2705448	9.209297	57.348
4.274847	-0.29568392	9.275137	57.398
3.6894648	-0.19393034	9.272743	57.448
3.7181952	-0.1400608	9.349358	57.498
3.5984852	-0.22026655	9.473856	57.548
3.6272156	0.053869538	9.55885	57.598
3.2094274	0.12090719	9.637859	57.648
2.919729	0.47046062	9.660604	57.698
2.4408886	0.19991584	9.555259	57.748
2.2493525	0.59017074	9.836577	57.798
1.8267759	0.37229836	9.792285	57.847
1.5921441	0.7589619	9.96347	57.898
1.412579	0.5446809	9.755175	57.938
1.2725182	0.7625532	9.834184	58.0
1.5765818	0.7350199	9.838972	58.04
1.270124	0.7290344	9.911995	58.098
1.4041992	0.9504981	10.058042	58.148
1.412579	0.7254431	9.764751	58.198
1.5191209	0.65242	9.866506	58.248
1.4460979	0.7541735	9.970653	58.298
1.292869	0.7338228	9.859323	58.348
1.3850456	0.7182605	9.922769	58.398
1.5478514	0.61411273	9.139865	58.547
1.5729905	0.06464344	9.139865	58.547
1.5729905	0.06464344	9.139865	58.547
1.8459295	0.20709845	10.060435	58.598
1.8806454	0.40581718	9.797073	58.648
2.1320367	0.30406362	10.005369	58.698
2.5773582	0.34237084	9.953894	58.748
2.5318682	0.30526072	9.7719345	58.798
2.5115175	0.18794483	9.783905	58.848
2.4432828	0.035913024	9.712079	58.898
2.3523033	0.031124622	9.746795	58.947
2.2709002	0.11133038	9.916783	58.998
2.36188	0.35553896	9.883265	59.048
2.1152773	0.029927522	9.543288	59.098
2.1751323	0.20709845	9.874885	59.148
2.6300306	0.22146365	9.878476	59.198
2.4361002	0.01436521	9.680955	59.248
2.56419	0.04070143	9.776723	59.298
2.7126305	0.011971008	9.77792	59.348
2.6551697	0.045489833	9.745598	59.398
2.706645	-0.045489833	9.702502	59.448
2.7138276	-0.061052144	9.623494	59.508
2.8658595	-0.020350715	9.661801	59.548
2.9496565	-0.16160862	9.552865	59.598
3.0178912	-0.2753332	9.458294	59.648
3.240552	-0.24779987	9.631873	59.698
3.4141316	-0.4405331	9.502586	59.748
3.6655228	-0.38187516	9.374496	59.798
4.0258503	-0.47884035	9.3026705	59.848
3.7672763	-0.7781156	8.980651	59.898
3.977966	-0.5662287	9.14585	59.948
4.2437224	-0.22864626	9.244013	59.997
4.3598413	-0.33039984	9.039309	60.048