3.7972038	0.81402856	9.192537	0.197
3.3889925	1.0007763	9.326612	0.247
3.4237084	0.9624691	9.411607	0.297
3.3734303	0.91338795	9.463082	0.356
3.311181	0.93732995	9.390059	0.406
3.3399115	0.9588778	9.283517	0.447
3.4045548	0.9828198	9.32781	0.497
3.775656	1.0905589	9.455899	0.546
4.0342298	1.2138603	9.112331	0.597
3.7062242	0.92895025	9.637859	0.646
4.092888	0.81881696	8.784326	0.698
2.3594859	1.0869676	9.587581	0.748
3.1184478	0.89303726	9.579201	0.798
3.107674	0.79487497	9.43076	0.848
2.992752	0.8403648	9.228451	0.9
2.5773582	0.19512744	9.372103	0.939
2.6659436	0.11851298	9.106346	0.96
3.1136594	0.11133038	9.6845455	1.047
2.834735	-0.09696517	8.998607	1.097
3.6391866	0.8834604	9.712079	1.147
4.8422728	1.1683705	8.341399	1.197
4.214992	0.5446809	8.180987	1.245
7.097611	1.033098	7.6949644	1.295
5.5868697	0.4249708	8.09719	1.345
6.4008985	0.60932434	7.929596	1.395
7.04015	1.1575965	6.623559	1.445
7.5824366	1.1252748	5.9148755	1.495
8.189367	1.0821792	5.118803	1.545
8.793902	0.9516952	4.92607	1.595
9.610326	0.9864111	3.8726213	1.646
10.080787	0.47764325	2.7700913	1.695
9.973047	0.10654198	2.942474	1.745
9.853337	0.061052144	1.0366893	1.795
9.174581	0.10414778	1.352724	1.845
9.475053	0.12928689	0.8774749	1.895
9.471462	-0.23942018	-0.15682021	1.945
9.834184	-0.17597382	-0.22146365	1.965
9.909601	-0.1364695	-0.093373865	2.039
9.886856	-0.16400282	-0.7134721	2.095
10.06283	0.029927522	-0.5374983	2.145
9.7084875	-0.18435353	-0.41180268	2.195
9.922769	-0.04309563	0.12569559	2.245
9.825804	-0.16639702	-0.6572084	2.295
9.868899	0.044292733	-0.4297592	2.345
9.718064	0.22864626	0.17956513	2.395
9.598354	0.20829555	0.022744916	2.445
9.533711	0.027533319	0.7685388	2.495
9.974244	-0.1388637	0.60932434	2.545
9.554062	-0.19153613	1.7872716	2.595
9.504981	0.29328972	3.3961751	2.646
9.029732	-0.07182605	3.454833	2.695
8.937555	0.20949265	5.201403	2.745
8.735245	0.3842694	5.351041	2.795
8.526949	0.59376204	5.5461683	2.845
8.445546	0.62129533	5.861006	2.895
8.189367	0.59495914	5.8634	2.945
8.016984	0.47405192	6.405687	2.997
6.4619503	0.8810662	7.529764	3.045
6.4020953	0.8331822	8.4587145	3.095
5.3366756	0.94331545	9.0716305	3.145
3.8977604	1.2270284	9.186552	3.195
3.1364043	1.2904748	9.374496	3.245
1.9632454	1.1133038	9.566033	3.295
0.37948096	1.0414777	10.120291	3.345
-0.8834604	1.5035586	9.903615	3.395
-1.780089	1.2366052	9.500193	3.445
-1.9057846	1.0307038	8.860941	3.495
-2.706645	0.19632454	9.044097	3.545
-3.6643257	0.3878607	8.649054	3.595
-4.3023806	0.31483752	8.971074	3.645
-6.051345	0.11731588	8.433576	3.695
-4.772841	0.35673606	8.556877	3.745
-4.465186	-0.05746084	7.9128366	3.795
-5.765238	0.10654198	8.3868885	3.845
-5.2409077	0.47764325	8.316259	3.895
-5.499481	0.59974754	8.626308	3.945
-5.506664	0.7613561	8.6813755	3.975
-4.4448357	0.7230489	8.51019	4.047
-4.9643774	0.16400282	8.671799	4.097
-3.0789435	0.8702923	8.76996	4.147
-3.1914709	0.92655605	9.235633	4.197
-3.098097	0.92655605	9.27394	4.247
-2.6874914	1.1109096	9.554062	4.297
-2.1883004	1.0031705	9.652225	4.347
-1.3838485	0.866701	9.9790325	4.397
-0.094570965	0.9636662	10.389638	4.447
1.0582372	0.8319851	9.829395	4.497
1.3227965	0.79966336	9.835381	4.54
2.0626047	0.8403648	10.224439	4.595
2.2744915	0.7649474	10.25676	4.645
2.384625	0.4141969	9.8437605	4.695
2.3475149	0.30526072	9.617508	4.745
3.3806129	0.12689269	9.350554	4.795
4.1096473	0.34835634	8.706514	4.845
5.3235073	-0.7445967	7.979874	4.895
6.471527	-0.16759412	7.9595237	4.945
7.8876977	0.16639702	7.121553	4.975
7.9331875	0.031124622	6.2979474	5.045
8.021772	0.29209262	5.7017913	5.095
7.85777	0.48362875	5.257667	5.145
9.059659	0.4249708	4.6495395	5.195
10.022128	0.21068975	3.430891	5.245
10.408792	0.33638534	3.2345665	5.296
9.424775	-0.025139118	3.371036	5.356
9.460688	-0.50637364	1.8171991	5.395
9.604341	-0.46447513	1.5239093	5.445
9.738416	-0.557849	1.0115502	5.495
9.803059	-0.7541735	0.58298814	5.545
9.548077	-0.4213795	0.49559975	5.595
10.0029745	-0.427365	0.51116204	5.645
10.089166	-0.16519992	0.2741361	5.695
9.830592	-0.009576807	1.0666169	5.745
9.674969	-0.19033903	1.3599066	5.795
9.692925	-0.46567222	3.0238767	5.845
9.263166	-0.5793968	3.0226796	5.895
9.175778	-0.78050977	4.262876	5.945
8.689755	-0.5758055	4.594473	5.975
8.9842415	-0.29328972	5.3259015	6.045
7.920019	-0.34955344	6.364985	6.095
8.118738	-0.2717419	7.073669	6.145
7.904457	-0.5793968	7.574057	6.195
6.991069	-0.2908955	7.478289	6.245
6.5230026	0.4369418	8.441956	6.295
5.758055	1.3551182	8.954314	6.345
5.104438	1.2689269	10.028113	6.395
4.691438	1.0510546	8.772355	6.445
5.3043537	0.46327803	7.8446016	6.495
5.01705	1.0989386	7.8757267	6.535
4.6579194	1.2066777	8.973468	6.588
3.8654387	2.1499932	8.119935	6.647
4.569334	2.694674	7.4830775	6.697
3.3423057	2.813187	7.3059063	6.747
3.2668881	2.7808652	6.8905125	6.797
3.4847605	3.6475663	6.137536	6.847
2.682703	3.5853171	6.429629	6.897
2.823961	3.654749	7.639898	6.947
4.23654	4.0761285	8.06008	6.977
4.3861775	1.1683705	7.019799	7.047
4.155137	1.0905589	9.859323	7.097
3.5242648	1.3120226	10.69849	7.147
3.2225955	0.31004912	9.312247	7.197
1.389834	-1.638831	10.5680065	7.247
3.2082303	-1.2773066	12.060791	7.297
3.004723	-2.135628	10.96305	7.347
2.1140802	-1.5873557	10.559627	7.397
2.0242975	-0.5279215	9.36492	7.447
1.8926164	-0.3890578	8.882488	7.497
2.3906105	-1.0079589	8.810662	7.547
3.1603463	-1.1683705	8.787917	7.597
4.4125137	-1.4257472	8.383297	7.647
4.0521865	-1.1719618	8.016984	7.697
6.203377	-0.2908955	8.365341	7.747
7.884106	-0.581791	7.551312	7.797
7.0305734	-0.15083471	7.1981673	7.847
7.843405	-0.1364695	6.283582	7.897
8.7125	0.45370123	6.1303535	7.947
7.9068513	0.39743748	4.973954	7.977
8.465898	-0.06464344	4.43885	8.047
9.129091	0.92895025	3.9121256	8.097
9.428367	0.2705448	3.028665	8.146
9.898827	0.12689269	1.258153	8.197
10.120291	0.51595044	1.5753847	8.247
9.952697	0.19752164	0.8846575	8.297
10.267534	0.45010993	0.5267244	8.347
10.313024	0.48003745	0.8343793	8.397
9.610326	0.2801216	0.35553896	8.447
10.108319	0.38187516	1.1623849	8.497
10.007763	0.63087213	2.0901382	8.546
10.085575	0.6835446	4.2796354	8.597
9.461885	0.21906945	3.4021606	8.647
9.033323	-0.20231004	5.1223946	8.697
7.8948803	0.050278235	5.7903767	8.747
7.717709	0.1364695	6.6762314	8.797
8.198944	0.39145198	7.347805	8.847
7.2221093	0.59017074	6.969521	8.897
6.9826894	0.272939	7.517793	8.947
7.2939353	-0.22026655	7.4268136	8.977
5.007473	-0.37588966	8.118738	9.047
3.2441432	-0.37948096	8.706514	9.097
1.3515269	0.58418524	10.693702	9.147
0.79726917	0.7697359	10.43872	9.197
0.81163436	0.9768343	9.470264	9.247
-2.754529	0.6356605	9.186552	9.297
-3.0346506	0.93014735	9.040505	9.347
-3.4213142	0.91338795	8.823831	9.397
-4.4220905	0.63206923	8.66701	9.447
-4.4699745	-0.05746084	8.656237	9.497
-4.5274353	-0.05865794	8.491036	9.547
-4.6339774	-0.6691794	7.884106	9.597
-5.3366756	-0.6823475	7.8625584	9.647
-6.143522	-0.16160862	8.330625	9.697
-5.8801594	0.7793127	8.62152	9.747
-5.446809	0.5602432	8.604761	9.797
-4.7141833	0.34596214	8.494628	9.847
-3.204639	0.1328782	8.738836	9.897
-3.5913026	-0.6536171	8.860941	9.947
-2.1272483	-0.6811504	7.85777	9.977
1.8339585	1.0426749	11.127052	10.046
1.9141643	0.075417355	10.597934	10.097
2.4744074	0.19273324	9.909601	10.147
3.6990416	0.108936176	9.807847	10.197
4.9679685	0.22146365	10.924743	10.247
6.564901	-0.32800564	10.268731	10.296
6.479907	-0.23822308	10.205285	10.347
6.3087215	0.79726917	9.507375	10.397
5.8215013	2.3582888	8.977059	10.447
6.5026517	2.0853498	7.97748	10.497
6.9767036	2.6862943	8.111555	10.548
3.3686419	3.2800562	6.6989765	10.597
3.7936125	3.7672763	4.844667	10.647
3.8833952	3.265691	5.233725	10.697
3.2620997	2.920926	3.1256304	10.747
1.8219875	2.5941176	4.80636	10.797
5.8322754	2.4313118	6.566098	10.847
6.443994	0.5410896	8.846576	10.897
6.767211	3.071761	10.579977	10.947
6.302736	3.7421372	13.633781	10.977
5.6108117	0.35553896	10.15381	11.047
4.295198	0.23582886	9.294291	11.097
6.364985	1.021127	8.768764	11.147
6.47033	0.15442601	6.254852	11.197
5.3582234	0.047884032	4.722563	11.247
6.423643	0.94690675	8.949526	11.297
7.6530657	0.81522566	5.1247888	11.347
9.514558	0.78050977	5.032612	11.397
8.918402	1.1492168	4.367024	11.447
9.715671	0.9876082	4.459201	11.497
9.864111	0.9684546	2.1440077	11.547
9.81503	0.90859956	1.5574282	11.596
10.05445	0.9672575	-0.017956512	11.647
10.171766	0.78888947	0.047884032	11.697
10.29387	1.1109096	0.9540894	11.747
10.267534	0.50038815	-0.46567222	11.797
10.512939	1.3012487	1.0690111	11.847
10.147824	1.1384429	1.3156139	11.897
9.437943	-0.36152446	1.8052281	11.958
9.653421	-0.30286652	1.8662802	11.974
9.308656	-0.2717419	4.4723687	12.047
8.884883	-0.017956512	5.4049106	12.097
8.133103	-0.50517654	5.0876784	12.147
7.571663	0.22026655	7.6482773	12.197
7.5968018	-0.22266077	6.7001734	12.247
7.398083	0.37229836	8.306683	12.297
6.8306575	-0.076614454	7.7069354	12.347
5.595249	0.32321724	8.166622	12.397
5.4025164	0.32561144	8.865729	12.446
4.4879313	-0.40222588	8.542512	12.497
1.127669	0.1316811	9.736021	12.547
-0.59855044	-0.0047884034	9.564836	12.597
-2.3439236	-0.20470424	10.059238	12.647
-0.7697359	1.0594343	9.2787285	12.697
-2.0326772	-0.24899697	8.2516165	12.747
-4.722563	0.1448492	8.677784	12.797
-4.981137	-0.8523358	8.1402855	12.847
-5.5521536	-0.9540894	8.583213	12.897
-5.261258	-0.7374141	8.354567	12.947
-3.78643	0.3196259	8.859743	12.987
-4.867412	0.60573304	8.791509	13.047
-3.1771057	0.2669535	9.411607	13.097
-2.0829554	0.031124622	9.334992	13.147
-0.33638534	-0.11492168	9.880871	13.197
1.1528081	-0.18914193	10.080787	13.247
2.2098482	-0.4345476	9.856929	13.297
3.9492357	-1.2892777	9.489418	13.347
4.5896845	-1.1791444	9.129091	13.397
4.650737	-1.4053963	8.469488	13.447
4.617218	-2.0925324	6.981492	13.497
5.2540755	-1.1683705	6.3350577	13.546
8.11395	-0.073023155	5.8837504	13.597
9.569624	-0.8750807	5.4408236	13.647
10.41358	-0.48722005	4.268862	13.697
10.708067	-0.39264908	1.9764135	13.747
10.342952	-0.52073884	0.8834604	13.797
9.860519	-0.31364042	-0.2885013	13.847
10.15381	0.23582886	0.019153614	13.897
10.115502	0.22864626	0.1328782	13.947
10.277111	0.14963761	0.18555063	13.987
10.245986	0.005985504	0.4345476	14.047
10.068815	0.32202014	1.1085154	14.097
8.956709	-0.6895301	0.8810662	14.147
10.189722	0.6392518	3.763685	14.197
9.973047	-0.031124622	4.098873	14.247
9.752781	-1.3491327	2.528277	14.297
9.369708	-0.61291564	5.6910176	14.347
9.343372	-1.1121067	4.2173862	14.397
9.515755	-0.59615624	5.445612	14.447
9.010578	-0.5566519	5.201403	14.497
6.6403184	-1.0390835	6.637924	14.547
6.385336	-0.91099375	7.465121	14.596
6.4882865	-1.3587095	7.6027875	14.647
2.184709	-0.36272156	10.269928	14.697
0.78410107	-0.6500258	10.222044	14.747
-0.08140286	-0.7793127	11.63582	14.797
0.22864626	-1.0259154	11.543644	14.847
-1.4293385	-1.8734628	10.078392	14.897
-2.815581	0.021547815	10.825383	14.947
-0.48841715	0.9528923	9.276335	14.987
-2.6479871	1.5729905	7.9032598	15.047
-3.9228995	1.8938135	6.2345014	15.097
-1.1420342	2.2278047	7.5082164	15.147
-2.3690627	2.3391352	4.414908	15.197
-2.9149406	3.6655228	8.497022	15.247
-2.397793	2.4660277	6.8641763	15.297
-0.8619126	1.9189527	10.414778	15.347
-1.5071499	0.59256494	10.178948	15.398
-2.067393	0.5638345	12.810176	15.447
-0.18435353	-0.22984336	11.965023	15.497
0.5434838	-1.3323733	10.866084	15.547
2.0817583	-0.7026982	10.132261	15.597
3.630807	-1.0259154	9.307459	15.647
3.942053	-1.6041151	8.692149	15.697
4.811148	-1.578976	8.543709	15.747
6.081272	-1.2306197	7.6051817	15.797
5.804742	-1.2485762	8.032547	15.847
7.5405383	-0.9983821	8.677784	15.902
8.301894	-0.8655039	6.435614	15.947
8.238448	-1.4221559	4.035427	15.987
9.749189	-1.2150574	5.032612	16.046
9.69532	-0.12330139	2.6396074	16.097
11.399991	-0.3878607	4.7381253	16.146
10.262746	0.60333884	2.5785553	16.197
8.736442	2.5091233	1.9249382	16.247
9.190144	2.1906946	2.0506337	16.297
6.8366427	2.2182279	0.93852705	16.347
7.8505874	2.8119898	1.4760253	16.397
9.269152	2.6312277	1.0809821	16.447
8.661025	1.8483237	0.6464345	16.497
9.060856	1.4341269	2.4193408	16.547
11.7148285	2.2840683	4.606444	16.597
10.878056	2.529474	5.305551	16.647
9.155427	0.92057055	9.235633	16.697
6.7600284	-2.7808652	7.171831	16.746
6.1447186	-1.8698715	7.728483	16.797
5.815516	-0.36511576	7.15986	16.847
5.007473	-0.7685388	7.639898	16.897
5.5509567	-0.51235914	6.6989765	16.947
5.7520695	-0.7182605	7.1981673	16.977
5.9902925	-0.39743748	8.305486	17.047
5.959168	-0.80684596	9.252393	17.097
5.365406	-0.59136784	10.486604	17.147
6.587646	-1.5215151	9.581595	17.197
1.7657237	-1.2126632	9.437943	17.246
1.3431472	-0.12928689	9.764751	17.297
0.009576807	0.18555063	9.528923	17.347
-0.5446809	0.63206923	9.545682	17.397
-1.8674773	0.11731588	8.866926	17.447
-3.229778	-0.18794483	8.939949	17.497
-3.9576154	-0.1376666	8.627506	17.547
-5.12838	-0.12210429	8.597578	17.597
-6.0046577	0.2717419	8.2037325	17.647
-6.187814	0.34237084	8.024167	17.697
-6.2021794	0.1364695	7.5704656	17.747
-5.8203044	0.23942018	7.285556	17.797
-4.855441	0.50517654	8.057686	17.847
-4.4364557	0.78410107	8.37372	17.897
-3.5625722	0.22625206	8.938752	17.947
-2.5797524	0.095768064	10.093954	17.987
-0.49799395	-0.415394	10.426748	18.047
0.65242	-0.9756372	10.444705	18.097
1.5119383	-1.4257472	10.200497	18.147
2.0506337	-1.7441759	9.362526	18.197
3.5625722	-1.7286136	8.9040365	18.247
5.2504845	-1.1731589	8.274361	18.297
6.0465565	-1.2449849	7.20535	18.347
7.120356	-1.7788919	6.7624226	18.397
6.3949127	-2.054225	7.5309615	18.447
8.558074	-1.8531121	6.469133	18.497
8.734048	-0.30765492	5.9172697	18.547
7.821857	0.033518825	5.804742	18.597
9.998186	0.7038953	4.2281604	18.647
9.594764	0.6440403	2.5198972	18.697
9.26556	0.6679823	1.4341269	18.747
9.524135	1.1420342	0.019153614	18.797
9.478644	0.8834604	-0.45489833	18.847
9.5732155	0.9864111	-0.4429273	18.896
10.529699	2.0219033	0.59855044	18.947
9.883265	1.3826514	-0.46567222	18.987
10.350134	0.7158663	2.2014685	19.047
10.752359	-0.0023942017	3.7576995	19.097
10.415975	-1.2270284	5.434838	19.147
8.200141	-1.447295	6.063316	19.197
7.351396	-1.2282255	7.40766	19.247
7.7368627	-0.7469909	6.992266	19.297
7.603985	-0.5734113	6.615179	19.347
7.4208283	-0.58777654	6.2021794	19.397
6.671443	-0.15801731	6.467936	19.447
5.9507885	-0.48602295	7.575254	19.497
4.4196963	-1.6436194	8.4587145	19.547
2.8431146	-1.1001357	11.003751	19.597
2.5438392	-0.9672575	11.265916	19.647
0.25139117	-0.5434838	10.499771	19.697
-0.9876082	-0.09935937	9.433155	19.747
-2.6120741	-0.06584055	9.655815	19.797
-3.9228995	-1.340753	8.819042	19.847
-5.6946087	-1.6196774	7.785944	19.897
-5.044583	-0.11372458	7.98586	19.947
-5.2624555	0.021547815	4.5274353	19.987
-8.985439	0.6500258	3.289633	20.04
-6.7624226	1.0785879	6.1770406	20.097
-6.991069	0.7745243	5.159505	20.147
-6.5804634	0.62009823	6.4104753	20.197
-6.6606693	0.8882488	8.435969	20.247
-5.183447	0.39384618	9.385271	20.297
-2.098518	0.20231004	10.933122	20.347
-0.34356794	-0.29688102	11.221623	20.397
0.89423436	-0.5805939	10.585963	20.447
2.3127987	-0.8738836	10.159795	20.497
2.9652188	-0.8714894	9.48463	20.547
4.3514614	-0.760159	9.174581	20.597
3.643975	-0.61171854	9.074024	20.647
4.349067	-0.8487445	9.433155	20.697
3.8187518	-0.92775315	8.153454	20.747
5.969942	-1.0690111	9.54209	20.797
4.7285485	-1.0055647	8.350976	20.847
8.760384	-0.11851298	7.1766195	20.898
6.953959	0.8762778	5.4671597	20.947
7.9188223	0.7074866	5.2983685	20.987
10.922348	0.088585466	3.1854854	21.047
10.020931	0.842759	2.135628	21.097
8.977059	1.2916719	0.5602432	21.147
9.011775	1.863886	0.49320555	21.197
9.136273	3.0131028	1.1528081	21.247
10.240001	3.1232362	1.5825673	21.297
10.6877165	2.9867666	0.5279215	21.347
9.610326	1.3742718	-0.12449849	21.397
8.603564	1.3132197	3.9875429	21.447
10.0664215	1.3718776	5.317522	21.497
10.43872	-0.12090719	4.909311	21.547
9.138668	-0.59615624	5.412093	21.597
7.4711065	-0.6392518	7.241263	21.647
6.7719994	-0.94451255	7.2783732	21.697
5.792771	-0.6344634	7.6650367	21.747
6.8893156	0.033518825	8.439561	21.797
6.2009826	-0.4237737	9.018958	21.847
4.554969	-1.5598224	9.187749	21.897
4.868609	-1.9069817	9.6845455	21.947
3.6008794	-0.35553896	9.185355	21.987
1.6208745	1.6543933	9.419987	22.047
0.5482722	0.91219085	9.126697	22.097
0.25617957	1.3970166	8.450335	22.147
2.099715	2.8981812	7.711724	22.197
1.7609353	2.9257145	6.5684924	22.247
0.031124622	3.3566709	5.2002063	22.297
-0.5602432	2.315193	4.0402155	22.347
-0.48841715	1.2234371	8.933964	22.397
4.7309427	1.055843	11.230003	22.447
6.4499793	-0.93254155	14.399926	22.497
5.1822495	-0.5758055	15.131354	22.547
9.306262	-0.45609543	12.518084	22.597
5.7975593	0.039504327	8.670602	22.647
4.2317514	-0.1400608	7.2304893	22.697
1.5155296	1.9153614	7.6111674	22.747
1.3670892	1.1133038	8.678981	22.797
1.0115502	1.0426749	10.012551	22.847
-1.091756	0.93613285	10.927136	22.897
-1.8411411	0.6703765	10.837354	22.947
-2.6850972	0.14963761	10.133459	22.987
-5.3163247	0.110133275	7.777564	23.047
-5.5725045	0.581791	6.1207767	23.097
-7.5920134	0.2705448	6.131551	23.147
-7.5848308	1.163582	6.752846	23.196
-7.478289	-0.36750996	6.0525417	23.247
-6.009446	0.25378537	8.149862	23.297
-5.2325277	0.5434838	8.590396	23.347
-4.10845	0.46447513	9.175778	23.397
-2.5330653	0.88944596	9.719262	23.447
-1.6041151	1.1767502	9.81503	23.497
0.82001406	-0.037110128	9.187749	23.547
1.7681179	-1.4496891	9.124303	23.597
3.550601	-1.246182	9.631873	23.647
4.4520183	-1.2569559	10.225636	23.697
4.449624	-1.4137762	9.677363	23.747
3.8762126	-1.353921	8.356961	23.797
6.7229185	-1.1085154	7.788338	23.847
6.0405707	-1.7621324	7.9691005	23.897
5.707777	0.11611878	6.944382	23.947
7.854179	0.2693477	7.7213006	23.997
7.8996687	-0.8690952	5.0146556	24.047
8.992621	-0.046686932	3.2202013	24.097
10.133459	0.18555063	3.3794158	24.147
10.129868	0.973243	1.1133038	24.197
10.733206	1.1216835	-0.9528923	24.247
9.131485	1.7441759	0.5734113	24.297
9.849746	1.9512744	0.04070143	24.347
10.207679	1.2246342	-0.78170687	24.397
10.878056	1.2401965	1.508347	24.447
10.742783	0.93134445	1.3611037	24.497
10.286688	-0.5255273	3.3159695	24.547
9.7479925	-0.40222588	4.745308	24.597
9.502586	-0.44891283	5.2804117	24.647
8.051701	-0.8415619	5.7987566	24.697
6.669049	0.05626374	6.88333	24.747
7.479486	0.11851298	7.1191587	24.797
7.6171527	0.11372458	6.6606693	24.847
6.7229185	-0.6572084	7.560889	24.897
6.47033	-0.6835446	8.807071	24.947
5.6826377	-1.7956513	9.227253	24.997
3.5302503	-1.8327614	8.49343	25.047
1.1432313	0.17956513	9.442732	25.097
0.36750996	0.2873042	9.624691	25.147
-1.3311762	-0.095768064	9.193734	25.197
-3.4763808	0.36032736	9.283517	25.247
-3.86903	1.1097125	9.715671	25.297
-3.2561142	-0.007182605	8.143877	25.346
-7.16824	-0.260968	6.3865333	25.398
-8.128315	0.19871874	6.6534867	25.447
-6.5218053	-0.37828386	6.3482256	25.497
-7.5944076	0.22505496	6.4248405	25.547
-7.5321584	0.2681506	6.063316	25.597
-7.9487495	-0.09935937	7.3418193	25.647
-6.8881183	0.40462008	7.025785	25.698
-5.843049	0.37948096	8.295909	25.747
-4.1024647	-0.40462008	8.154651	25.797
-2.7353754	-1.0953473	8.561666	25.847
-1.4065934	-0.82480246	9.526528	25.897
-0.17357962	-0.9888053	10.354922	25.947
0.7529764	-1.0522517	10.927136	25.997
1.7645266	-0.5626374	10.9822035	26.047
3.7445314	-0.1448492	9.452309	26.097
3.7924154	-0.7529764	9.404425	26.147
4.5202527	-1.2964603	8.423999	26.197
4.9548006	-1.271321	8.858546	26.246
4.8757915	-0.7769185	7.503428	26.297
6.343437	-0.6799533	7.301118	26.347
6.6546836	-0.415394	6.4344172	26.397
7.953538	-2.0266917	6.8653736	26.447
8.955511	-0.35194764	5.305551	26.497
10.766725	0.59376204	1.5753847	26.547
10.46745	0.35314476	3.8965633	26.599
10.093954	0.2669535	1.2150574	26.65
10.000581	0.45609543	0.80684596	26.701
9.509769	0.40701428	0.7649474	26.75
9.884461	-0.046686932	-0.020350715	26.802
10.643424	0.33877954	2.2984335	26.841
10.1143055	0.47644615	1.4161704	26.902
9.877279	0.30047232	2.0721815	26.941
10.141838	0.34476504	3.3722332	26.983
9.639056	-0.007182605	4.0533834	27.048
8.920795	0.18315643	5.2325277	27.099
8.899248	-0.6811504	6.3230867	27.149
7.9942393	-0.90979666	6.903681	27.199
5.129577	-1.2785037	9.44752	27.246
5.3043537	-2.2768857	9.259575	27.297
5.723339	-1.3383588	9.55885	27.347
3.7948096	0.82240826	8.954314	27.397
3.05141	0.7589619	9.515755	27.447
3.8750155	1.7489643	9.338584	27.496
1.922544	1.9165585	7.6003933	27.547
2.1691468	2.1906946	7.2448545	27.597
1.5514427	3.2357635	6.10282	27.648
0.78170687	4.220978	7.337031	27.702
0.1388637	2.2948422	6.181829	27.747
1.673547	2.882619	8.045714	27.797
1.2042835	2.966416	9.94312	27.847
2.719813	0.6703765	11.810597	27.897
3.2788591	-1.6998832	14.289793	27.947
2.171541	-0.7613561	14.304158	27.997
0.93014735	-0.08140286	12.788629	28.048
1.2114661	0.18435353	10.915166	28.097
-0.062249243	0.5770026	8.2995	28.147
-1.2150574	-0.06703765	7.4136457	28.197
-2.991555	-0.4141969	7.32506	28.247
-5.01705	-0.770933	7.2939353	28.297
-7.8865004	-0.5722142	7.669825	28.347
-7.2687964	0.18555063	8.526949	28.397
-8.1402855	0.18674773	7.273585	28.447
-8.596381	0.29688102	7.2580223	28.497
-7.6506715	0.010773907	6.4583592	28.547
-6.8665705	-0.16998832	6.728904	28.597
-4.4077253	-0.94211835	6.244078	28.647
-4.72376	0.016759412	8.494628	28.697
-2.4468741	0.005985504	9.508572	28.747
-1.1540052	-0.25139117	9.460688	28.797
-1.1180922	-0.2705448	9.470264	28.847
0.0047884034	-0.61411273	10.633847	28.897
2.2218192	-1.2126632	10.785878	28.947
3.453636	-1.6843209	10.207679	28.997
4.602853	-1.5526398	9.015367	29.048
4.984728	-1.377863	7.8086886	29.097
3.6762967	-1.7070658	7.7081323	29.147
6.3542113	-0.2908955	6.0118403	29.197
7.5944076	-0.89782566	6.233304	29.247
8.237251	-1.4879963	7.3873096	29.297
10.803835	0.18435353	5.2852	29.347
10.697293	0.93972415	0.7254431	29.397
10.200497	-0.866701	1.8423382	29.447
8.905233	0.48482585	0.9983821	29.497
9.55885	0.58777654	-1.3503298	29.547
9.494206	0.9660604	-1.553837	29.597
10.3932295	1.3359646	-0.6859388	29.647
10.878056	1.2773066	-0.89064306	29.697
11.379641	1.0881647	-0.9564836	29.747
11.085154	1.2605472	0.48243165	29.797
9.212888	0.41180268	1.7513585	29.847
10.662578	0.24899697	3.4249055	29.897
9.938332	-1.5047557	2.919729	29.947
7.6722193	-1.1815386	5.354632	29.997
7.6375036	-1.0019734	6.543353	30.047
7.1754227	-1.4317327	6.362591	30.097
6.6965823	-0.80445176	8.037335	30.147
8.075643	-0.50876784	8.143877	30.197
5.925649	-0.91937345	7.275979	30.247
5.66947	-1.2246342	9.473856	30.297
6.0130377	-0.7098808	7.8493905	30.357
0.6655881	-0.21428105	9.763555	30.407
0.60214174	0.20949265	9.579201	30.447
-0.23822308	-0.2777274	8.684967	30.497
-2.9520507	-1.1061212	8.86932	30.547
-5.081693	-0.2908955	8.7771435	30.607
-4.2042184	0.16759412	8.346188	30.647
-6.0226145	0.7589619	8.084022	30.697
-6.1303535	0.9636662	7.016208	30.747
-7.7679873	0.25019407	6.6187706	30.797
-6.980295	0.45729253	6.882133	30.847
-6.5804634	0.8643068	8.109161	30.897
-6.019023	0.4441244	8.219295	30.947
-5.100847	0.19033903	8.492233	30.997
-3.2369606	0.37469256	8.956709	31.048
-2.2182279	-0.557849	9.235633	31.097
-0.58298814	-0.48003745	9.532514	31.147
1.1300632	-1.7525556	9.755175	31.197
2.3702598	-1.6400281	9.69532	31.247
3.3387144	-1.6256629	9.588778	31.297
3.6008794	-1.471237	9.508572	31.347
4.185065	-1.2066777	8.842984	31.397
5.1475334	-1.258153	8.813056	31.447
5.8813562	-1.0378864	7.3442135	31.497
5.9878983	-0.94810385	6.867768	31.547
9.141062	-1.7357962	5.3127337	31.597
8.620323	-0.545878	4.662708	31.647
9.400833	-0.40102878	3.4332852	31.697
9.969456	-0.29209262	1.6089035	31.75
10.328587	0.45250413	1.009156	31.8
10.673351	0.6931214	1.1994951	31.849
10.386047	0.2896984	0.9540894	31.9
10.710462	0.33159694	0.6871359	31.942
10.831368	0.61171854	0.007182605	32.002
10.523713	0.6607997	-0.7374141	32.049
9.799467	-0.4261679	0.40462008	32.099
8.603564	-0.47405192	1.7058687	32.15
8.918402	-0.9540894	3.8618474	32.199
10.126276	0.19632454	7.1766195	32.247
9.313444	0.1448492	5.8442464	32.297
8.841787	0.33399114	7.3669586	32.347
7.560889	0.07062895	6.220136	32.397
7.3992805	-0.037110128	6.95755	32.447
5.1762643	-0.4249708	8.707711	32.497
4.923676	-0.08379706	9.3733	32.547
2.873042	-0.088585466	8.998607	32.597
-0.39025488	0.12090719	9.23683	32.647
-0.010773907	-0.09816227	8.121132	32.697
-5.604826	-0.45729253	8.401254	32.747
-3.7553053	0.24301147	8.01459	32.797
-4.900931	0.48722005	8.423999	32.847
-6.927623	0.29807812	8.2037325	32.897
-7.0605006	-0.60214174	7.33344	32.947
-6.9527617	-0.7649474	6.859388	32.987
-7.076063	0.58538234	6.9743094	33.047
-7.064092	0.16998832	6.0285997	33.097
-8.790312	0.7457938	7.252037	33.147
-3.3423057	0.5470751	7.2819643	33.197
-3.265691	0.046686932	8.12233	33.247
-1.447295	-0.010773907	9.662998	33.297
1.4161704	-0.4285621	10.000581	33.347
2.790442	-1.2330139	10.491392	33.397
4.0533834	-1.2306197	9.69532	33.447
6.8043213	-1.0019734	9.277532	33.497
6.183026	-0.5758055	9.11712	33.547
3.9983168	-0.7637503	8.1642275	33.597
6.9743094	-2.4001873	7.7572136	33.647
6.007052	-2.2062569	7.675811	33.697
4.5681367	-2.007538	5.8705826	33.747
6.5840545	-1.0402806	4.900931	33.797
9.781511	-0.48243165	3.4141316	33.847
10.589554	-0.46686932	1.2378023	33.897
11.378444	0.91697925	1.0366893	33.947
12.005724	0.49919105	-0.6991069	33.997
10.919954	0.047884032	-1.5741876	34.047
10.779893	0.02633622	0.12689269	34.1
10.103531	-0.39384618	-0.25378537	34.15
9.959879	-0.40342298	-0.25378537	34.2
9.340978	-0.7529764	1.198298	34.25
9.871294	-1.3587095	1.8974048	34.3
8.797494	-1.6184803	2.3068132	34.35
9.320627	-0.39743748	4.9679685	34.4
9.868899	-0.60932434	4.811148	34.45
8.444349	-0.7086837	5.449203	34.5
7.8625584	-0.39863458	6.7133417	34.542
7.301118	-0.7793127	6.077681	34.602
7.0593038	-0.0035913025	8.802282	34.641
8.413225	0.090979666	8.635885	34.681
7.049727	-0.10055647	8.511387	34.742
5.4922986	-0.49679685	6.9288197	34.802
1.946486	-0.51235914	7.2472486	34.841
-0.7326257	-0.8451532	9.233239	34.902
-1.4987702	-1.0498575	10.311827	34.941
-2.645593	-1.0007763	9.610326	35.002
-3.1148565	-1.6460136	9.509769	35.049
-4.4484267	-0.7745243	8.535329	35.099
-5.040992	-0.7015011	7.621941	35.149
-5.5509567	-1.3156139	7.8613615	35.199
-5.231331	-1.0319009	7.9355817	35.247
-4.88058	-0.92535895	7.845799	35.297
-4.237737	-0.961272	8.291121	35.347
-3.288436	0.095768064	9.449914	35.397
-1.8962077	-0.46208093	9.459491	35.447
-1.0187328	-0.62728083	10.588357	35.497
1.4305356	-1.4772224	10.527305	35.547
2.597709	-1.5478514	9.809045	35.597
3.8833952	-1.3862427	9.392453	35.647
5.069722	-1.602918	9.959879	35.7
4.1120415	-1.459266	8.499416	35.747
3.3854012	-1.0821792	8.75799	35.797
2.1703439	-1.258153	6.621165	35.847
4.772841	-1.0474633	6.787562	35.897
8.613141	-0.35553896	7.553706	35.942
10.58716	-0.32800564	4.999093	35.989
9.196129	-0.6907272	3.4009635	36.047
11.173739	-0.9900024	2.1751323	36.085
9.345766	0.7230489	-0.8487445	36.147
10.155006	0.5686229	0.8643068	36.197
11.300632	1.0127473	-0.21906945	36.247
11.182119	-0.10295067	-1.9835961	36.297
10.655395	-0.3196259	-0.32441434	36.347
10.444705	0.23582886	0.7182605	36.397
8.834604	0.22625206	1.7729063	36.447
9.609129	0.8391677	4.0186677	36.497
10.850522	0.2633622	2.705448	36.547
7.326257	-0.36870706	4.8745947	36.597
6.9479733	-0.33159694	8.740033	36.647
6.82946	-0.688333	8.714894	36.7
6.1040173	-0.34715924	7.0688806	36.747
6.3661823	-0.63206923	7.8888946	36.797
6.870162	0.49200845	8.145074	36.847
7.9188223	-1.8614918	8.700529	36.897
5.889736	-1.9919758	8.552089	36.947
5.9759274	0.15442601	9.291897	36.998
5.0002904	0.6428431	9.157822	37.047
4.155137	0.34835634	8.823831	37.097
3.4680011	1.5310919	9.291897	37.147
2.100912	2.4504654	6.9252286	37.196
0.1316811	2.9233203	6.4427967	37.247
-0.78769237	3.3123782	6.853402	37.297
-1.0402806	2.7760768	5.899313	37.347
2.1045034	3.5817258	7.33344	37.397
1.8650831	2.0578163	9.639056	37.447
1.7058687	0.10055647	13.163321	37.497
2.5845408	-3.7325604	15.213955	37.547
1.1001357	-2.7485435	13.940239	37.597
0.6955156	-1.0115502	11.4837885	37.647
1.0235212	-1.3347675	8.213309	37.697
-1.7788919	-1.8662802	6.2500634	37.747
-1.7788919	0.23463176	7.6387005	37.797
-3.8498764	-0.78888947	7.5285673	37.847
-7.2233067	-0.9900024	7.487866	37.897
-9.018958	-0.9923966	8.42759	37.947
-9.1255	-1.1683705	8.504205	37.997
-9.1255	-1.1683705	8.504205	38.007
-6.4523735	-1.3754689	7.3406224	38.097
-5.81791	-1.401805	7.335834	38.147
-4.4783545	-1.1168951	7.9667063	38.197
-4.4520183	-0.6715736	8.572439	38.247
-4.6136265	-0.2693477	6.7839704	38.297
-2.184709	-0.8678981	11.626244	38.347
-1.079785	-0.5267244	9.731233	38.397
0.9528923	-1.8782512	10.490194	38.447
2.111686	-1.483208	10.16578	38.497
3.0238767	-1.4329298	9.770737	38.547
3.3171666	-2.0135236	9.531317	38.597
2.8179753	-2.0494366	9.257181	38.647
3.5075054	-2.2122424	9.057265	38.697
3.6762967	-1.5334862	7.619547	38.747
5.6299653	-1.9572599	7.097611	38.797
5.7520695	-0.8523358	7.169437	38.847
7.4854717	-0.81283146	6.728904	38.897
8.708909	-0.5315128	6.101623	38.947
9.11712	0.6452374	4.8817773	38.997
11.030087	-0.8403648	4.262876	39.047
10.606314	0.16639702	2.5582044	39.097
10.714052	0.3890578	2.2110453	39.147
9.7324295	0.20231004	1.7764976	39.197
9.921572	0.41299978	2.385822	39.247
9.774328	0.07062895	1.6771383	39.297
9.588778	0.11492168	3.4237084	39.346
9.627085	0.061052144	4.5441947	39.397
8.74123	-0.90740246	5.5341973	39.447
7.8062944	-1.0115502	6.077681	39.497
9.022549	-0.8619126	6.7827735	39.547
7.1909847	-2.5617957	5.4504004	39.597
6.5984197	-2.042254	7.249643	39.647
6.495469	-2.0410569	7.9906483	39.697
6.6427126	-2.565387	8.033744	39.747
6.220136	-1.411382	9.734824	39.797
5.901707	-1.3742718	8.931569	39.847
3.3746274	-1.4413095	8.838196	39.897
0.9576807	-1.2006922	8.186973	39.947
0.22146365	-0.28491	8.839393	39.997
-1.8890251	-0.15562311	7.8529816	40.047
-3.83192	-0.80325466	8.591593	40.097
-4.0904937	-0.5434838	9.694122	40.147
-6.0980315	-1.0259154	8.655039	40.197
-5.8634	-0.80445176	7.4866686	40.247
-7.4387846	-0.18674773	6.3601966	40.297
-8.091205	-0.2885013	6.2584434	40.347
-8.282741	-0.09696517	5.8921304	40.397
-8.207323	0.19871874	6.1758432	40.447
-8.443152	-0.22266077	5.2085857	40.497
-6.4044895	0.90740246	8.91481	40.547
-4.477157	-0.35434186	7.303512	40.607
-3.241749	-0.2717419	8.577228	40.647
-1.8986019	-0.5518635	9.257181	40.697
0.8295909	-0.40102878	10.562021	40.747
1.2761095	-0.32680854	11.444284	40.797
3.4081461	-1.4568717	10.222044	40.847
5.5940523	-2.5833437	9.580399	40.897
6.623559	-0.94570965	9.592369	40.947
5.0062757	-1.1097125	9.324219	40.997
3.3638535	-1.5717934	8.534132	41.047
2.873042	-2.1080947	8.438364	41.097
5.4527946	-1.7477672	6.8893156	41.147
6.0166287	-0.2669535	6.089652	41.197
8.231265	1.2042835	5.523423	41.247
8.978256	0.8714894	4.4807487	41.297
10.2974615	0.62368953	3.2130187	41.347
10.850522	0.034715924	1.4999673	41.397
9.900024	-0.49440265	0.63087213	41.447
10.766725	0.6955156	1.3060371	41.497
10.70687	0.9504981	1.0546459	41.547
10.675745	0.521936	1.2844892	41.597
11.416751	1.2054806	1.1240777	41.647
9.354146	-0.2621651	0.94930094	41.697
8.883685	-1.4640543	3.2573113	41.747
9.216479	-1.769315	4.9943047	41.797
9.239224	-1.543063	5.9603653	41.847
7.9152308	-1.1755531	6.719327	41.897
8.656237	-0.36511576	7.6985555	41.947
7.9104424	-0.94810385	7.703344	41.998
6.3566055	-2.4061728	9.374496	42.044
3.2225955	-1.8662802	7.1634517	42.097
3.132813	1.7022774	12.706028	42.147
2.9269116	1.3814543	8.350976	42.197
0.7206547	-0.7134721	9.119514	42.247
0.6679823	1.0043676	10.000581	42.297
0.8523358	2.9867666	9.7863	42.347
-0.439336	2.27928	8.244433	42.397
-0.61171854	2.3702598	6.7025676	42.447
0.40342298	2.622848	7.6829934	42.497
0.6440403	2.3894134	6.727707	42.547
0.4201824	1.4532804	8.465898	42.597
0.19991584	2.4025815	9.700109	42.647
-2.2996306	1.328782	10.338163	42.697
-8.329428	-0.4165911	9.16261	42.747
-8.740033	-0.5470751	11.565191	42.797
-7.1466923	0.24660277	9.105149	42.847
-7.145495	-0.074220255	6.963536	42.897
-7.345411	-0.770933	5.8933277	42.947
-7.2472486	-0.17118542	6.303933	42.997
-7.442376	0.021547815	6.6044054	43.047
-8.50181	-0.07062895	6.6427126	43.097
-8.058883	0.6823475	7.856573	43.147
-7.0940194	0.7733272	7.6255326	43.197
-6.6056023	0.30166942	7.4375877	43.247
-4.3035774	-0.21308395	7.8505874	43.297
-2.3822308	-0.557849	8.230068	43.347
-2.0626047	-1.0402806	8.698134	43.397
-1.3946224	-0.8858546	9.7863	43.447
-0.7218518	-0.8678981	10.208876	43.497
1.6196774	-1.3515269	10.8708725	43.547
2.0937295	-1.9285295	9.417592	43.597
5.81791	-1.3275849	9.534908	43.646
5.2636523	-0.5554548	9.3421755	43.697
6.397307	-1.5478514	8.249222	43.747
4.7141833	-2.2122424	7.2747817	43.797
4.9296613	-2.2481554	7.785944	43.847
6.0489507	-1.7621324	8.228871	43.897
7.6650367	-0.90859956	6.8043213	43.947
9.179369	-1.4496891	6.1076083	43.997
7.3406224	0.02633622	4.871003	44.047
8.512584	0.19273324	2.5929205	44.097
9.394848	-0.12928689	1.4951789	44.147
9.569624	1.2018893	1.6136919	44.197
10.485406	0.79367787	1.6376339	44.247
11.44189	1.0319009	0.46686932	44.297
10.807426	1.0199299	1.1731589	44.347
11.34253	1.3634979	3.2106245	44.397
9.351752	0.90979666	3.4560301	44.447
9.1590185	-1.1360487	5.2600613	44.497
7.4723034	-1.7022774	6.805518	44.547
6.9144545	-2.1811178	7.4627266	44.597
6.0118403	-2.1871033	7.9188223	44.647
5.985504	-2.396596	8.692149	44.697
5.5341973	-1.6184803	8.47308	44.747
4.2281604	-1.0462662	8.564059	44.797
2.8694508	-0.878672	9.463082	44.847
2.1033063	-0.94690675	8.901642	44.897
1.9488802	-1.2330139	9.712079	44.947
-0.045489833	-1.8770541	8.576031	44.997
-2.5845408	-1.6112977	8.015787	45.047
-3.8522706	-0.8487445	8.882488	45.097
-6.093243	0.7793127	8.461109	45.147
-6.482301	0.6488287	8.043321	45.197
-6.0956373	0.062249243	6.943185	45.247
-7.8039002	0.34356794	6.303933	45.297
-7.872135	0.20949265	6.573281	45.347
-8.459911	-0.16998832	5.93762	45.397
-8.078036	0.3842694	6.5241995	45.447
-9.0429	0.94092125	6.839037	45.497
-6.882133	0.1364695	6.979098	45.547
-6.2740054	-0.075417355	7.501034	45.607
-4.818331	-0.7410054	7.5968018	45.647
-3.681085	-1.2090719	8.613141	45.697
-2.042254	-1.4401124	8.802282	45.747
-0.90141696	-2.2098482	9.370906	45.796
0.6572084	-2.3020248	10.068815	45.847
1.8016368	-2.018312	10.038888	45.897
2.2301989	-2.0685902	10.472239	45.947
4.96318	-1.471237	9.570822	45.997
4.3646297	-1.8962077	8.671799	46.047
5.7760115	-2.2242134	8.2169	46.097
5.305551	-1.9093759	6.999449	46.147
5.3103395	-1.7944542	7.368156	46.197
8.632295	-2.385822	7.3466077	46.247
7.5764513	-1.7729063	4.9224787	46.297
8.961497	-0.45250413	3.6858735	46.347
10.280702	-0.2777274	5.398925	46.397
8.520964	-0.4333505	2.5965118	46.447
8.435969	-1.1552023	1.1971009	46.497
10.207679	0.61411273	1.9357121	46.547
9.645041	1.6220716	0.61411273	46.597
10.031705	0.6679823	1.1336545	46.647
11.383232	1.3204023	1.3108255	46.697
11.127052	0.5506664	0.6548142	46.747
10.287885	-1.0474633	1.4520833	46.797
9.369708	0.34715924	2.7605145	46.847
9.680955	1.1492168	6.1076083	46.897
9.03452	-0.31244332	5.543774	46.947
7.37055	-1.0019734	5.949591	46.997
6.7600284	-1.4041992	6.6367273	47.047
5.93762	-1.602918	6.999449	47.097
5.1786585	-1.7310078	7.350199	47.147
8.647857	-0.9708488	9.770737	47.197
8.676587	-0.80564886	7.5070195	47.248
5.342661	-0.8403648	7.97748	47.297
6.196194	-1.1240777	8.669404	47.347
4.1299977	-1.1599907	8.129512	47.397
0.770933	-1.151611	9.058462	47.447
-1.1348516	-1.2593501	8.082825	47.497
-2.6611552	0.12449849	9.89763	47.547
-2.1679497	0.8331822	10.065224	47.597
-4.5777135	-0.34476504	8.678981	47.647
-4.9763484	-0.11372458	7.7320743	47.697
-6.5241995	-0.14963761	9.060856	47.747
-4.984728	-0.16160862	6.101623	47.797
-6.683414	0.11252748	7.1909847	47.847
-7.7248917	0.25857377	5.0757074	47.898
-7.477092	0.82719666	6.7133417	47.946
-6.503849	1.0067618	8.000225	47.997
-5.81791	0.46447513	8.124723	48.047
-5.4144874	0.5327099	8.281544	48.097
-4.2796354	-0.29328972	8.328231	48.147
-2.7952304	0.22744916	9.214086	48.197
-0.25019407	0.5781997	10.014946	48.247
0.5494693	-0.545878	10.2974615	48.297
1.7262194	-0.92176765	11.001357	48.347
2.565387	-0.90620536	10.262746	48.397
2.0829554	-1.3694834	10.415975	48.447
2.4756045	-1.1216835	11.332953	48.497
4.3993454	-1.4676456	11.021708	48.547
6.537368	-2.814384	10.6637745	48.597
6.5026517	0.7469909	7.3549876	48.647
6.2608376	1.3730747	8.743625	48.697
7.2927384	0.641646	6.3889275	48.747
6.578069	2.480393	7.988254	48.797
5.33907	2.4672248	6.716933	48.847
4.534618	2.1619642	5.0505686	48.897
3.7936125	3.0442274	4.9344497	48.947
2.0518308	3.596091	4.5022964	48.997
1.282095	2.743755	5.4743423	49.047
6.941988	1.9608512	8.921992	49.097
7.97748	2.304419	12.4702	49.147
5.2480903	-1.412579	13.526043	49.197
-0.34596214	-3.0418332	12.179304	49.247
3.357868	-0.34117374	11.198878	49.297
6.0345855	-0.19871874	8.671799	49.347
3.5924997	-1.2653356	7.5788455	49.397
4.6399627	-1.3024458	5.7784057	49.447
6.1004257	0.076614454	5.306748	49.497
7.454347	0.25139117	6.931214	49.547
8.892065	0.5542577	4.973954	49.597
10.087969	0.12808979	4.3406878	49.647
9.903615	0.1316811	3.1854854	49.697
11.014524	-0.39983168	1.5059528	49.747
9.797073	0.8355764	3.406949	49.797
9.908403	1.3072342	1.757344	49.847
9.868899	0.748188	2.4157495	49.897
10.199299	0.89902276	2.870648	49.947
10.390836	0.58897364	3.3854012	49.997
10.05445	-0.24540567	2.731784	50.017
8.655039	-1.6771383	6.1183825	50.097
8.476671	-2.2026656	6.161478	50.147
7.339425	-1.9871874	6.813898	50.197
5.932832	-1.1288661	7.976283	50.247
5.5246205	-0.90141696	8.012196	50.297
4.914099	-1.3814543	8.157045	50.347
3.642778	-1.0761937	8.707711	50.397
2.8383262	-0.688333	9.355343	50.447
3.4404678	-1.6436194	9.944317	50.497
1.8052281	-0.91578215	8.774749	50.547
0.2777274	-0.5446809	9.035717	50.597
-2.397793	-1.4796166	9.214086	50.647
-4.8542438	-1.2797008	9.099164	50.697
-5.6539073	-1.2330139	9.240421	50.747
-5.6563015	-1.6807296	7.4866686	50.797
-6.35062	-1.2797008	7.410054	50.847
-6.9731126	-0.21787235	6.525397	50.897
-7.645883	0.15801731	6.8905125	50.947
-8.1163435	0.521936	6.5337763	50.997
-7.8158712	1.3072342	6.528988	51.047
-6.8581905	0.8511387	7.192182	51.097
-6.3661823	0.10295067	6.839037	51.147
-5.398925	-0.1352724	8.189367	51.197
-3.8618474	-0.2717419	9.2547865	51.247
-2.1930888	-1.2126632	9.566033	51.297
-1.2066777	-1.673547	9.973047	51.347
-0.89782566	-1.3706805	10.468647	51.397
-0.020350715	-1.4999673	10.240001	51.447
0.9708488	-1.3982137	9.850943	51.497
1.3275849	-1.6819267	9.668983	51.547
1.5179238	-1.3694834	9.792285	51.597
2.1763294	-1.614889	8.803479	51.647
3.810372	-1.8830396	7.9990277	51.697
5.1259856	-1.5825673	8.323442	51.747
5.5282116	-1.3192052	6.884527	51.797
8.605958	-1.0737995	6.375759	51.847
10.059238	-0.6727707	6.339846	51.897
9.726444	-0.094570965	5.1798553	51.947
9.634268	0.4441244	2.8263552	51.997
8.827422	1.0618285	2.7688942	52.048
9.172187	1.6555905	1.9524715	52.097
8.968679	1.7369933	1.435324	52.147
10.189722	1.6220716	1.0295067	52.197
11.620258	1.0785879	1.3551182	52.246
11.081563	0.91219085	0.7278373	52.297
10.204087	0.6847417	2.123657	52.347
9.985018	1.1947067	3.2022448	52.397
9.216479	0.32321724	4.1060557	52.447
8.534132	-0.60693014	4.253299	52.497
7.8733325	-0.7589619	5.913678	52.547
7.538144	-1.4628572	5.8358665	52.597
8.26239	-1.3431472	7.61835	52.647
7.025785	-0.8511387	7.7344685	52.697
6.197391	-0.3854665	8.51019	52.747
5.4504004	-1.270124	8.627506	52.797
3.78643	-1.483208	9.088389	52.847
2.5701754	-1.6304513	9.446322	52.897
1.8435353	-1.2916719	9.923966	52.947
0.91219085	-1.1240777	8.195353	52.997
-0.50757074	-1.0881647	7.727286	53.017
-3.3255463	-0.4237737	9.25359	53.097
-4.985925	-0.11611878	8.349778	53.147
-6.123171	-0.18195933	8.725668	53.197
-6.4272346	-0.48722005	7.21373	53.247
-6.872556	0.1436521	7.267599	53.298
-7.422025	0.020350715	6.364985	53.347
-7.955932	0.34237084	6.099229	53.397
-8.236053	0.5327099	6.157887	53.447
-8.875306	0.92296475	6.1004257	53.497
-8.441956	0.5746084	6.167464	53.547
-7.505822	1.1133038	6.5960255	53.597
-6.68102	0.17477672	5.837064	53.647
-4.8638206	-0.022744916	7.9391727	53.697
-2.5605986	-0.21667525	9.564836	53.747
-1.8579005	-0.9696517	9.326612	53.797
-0.94570965	-1.2210429	10.387244	53.847
0.39025488	-0.85473	11.083957	53.897
1.3395559	-1.365892	11.546038	53.947
2.56419	-1.30484	10.449493	53.997
2.0901382	-1.0378864	8.803479	54.047
2.767697	-1.6328455	8.470686	54.097
1.9955671	-1.4065934	8.573636	54.146
2.3403323	-0.50397944	9.066842	54.197
5.783194	-2.3762453	8.625112	54.247
5.7760115	-1.9369092	8.48984	54.297
6.9719152	-1.5514427	7.6147585	54.347
8.724471	-1.8435353	5.6766524	54.396
8.470686	0.02873042	6.493075	54.447
7.189788	-0.090979666	4.945224	54.498
9.255983	-0.60932434	4.048595	54.547
9.67856	0.8391677	3.6092591	54.597
9.690532	1.0247183	2.906561	54.647
9.983821	1.6460136	2.5797524	54.697
9.701305	1.8243817	2.1440077	54.747
10.254366	2.0374656	2.8323407	54.797
10.691308	1.8363527	2.505532	54.847
10.266336	0.6548142	3.084929	54.897
10.514136	-0.11971009	3.9743748	54.947
8.702923	-2.1021092	5.5102553	54.997
9.166202	-1.0235212	6.3230867	55.048
8.12592	-1.0977415	6.408081	55.097
7.180211	-1.9416976	6.554127	55.147
5.21098	-1.6436194	6.530185	55.197
4.308366	-1.1372458	7.837419	55.247
3.0083144	-1.3323733	9.446322	55.297
2.730587	-1.1504139	10.121488	55.347
0.22625206	-1.0402806	9.865308	55.397
-0.8379706	-0.40581718	10.929531	55.447
-1.6591818	-1.2006922	9.853337	55.5
-3.3303347	-0.9780314	9.76954	55.55
-3.4213142	-0.2765303	7.3777328	55.597
-4.9895163	-0.8367735	8.871715	55.647
-5.2899885	-0.59017074	7.380127	55.697
-6.621165	-0.5542577	6.673837	55.747
-8.038532	-0.78888947	6.2129536	55.797
-8.724471	0.110133275	5.7520695	55.847
-8.506598	0.7433996	6.3889275	55.897
-9.060856	0.32321724	4.2556934	55.947
-8.1402855	1.6292542	6.1746464	55.997
-5.542577	1.2808979	8.492233	56.05
-3.5434184	0.80445176	8.165425	56.097
-1.5143325	-0.36391866	9.1255	56.147
-1.2306197	-1.1336545	9.564836	56.197
1.6531962	-1.4951789	10.432734	56.247
2.8550856	-1.3108255	11.162966	56.297
3.6750996	-0.47285482	10.548853	56.347
3.9564183	-0.09696517	10.409989	56.397
3.1268275	0.12449849	8.7951	56.447
4.361038	-0.62488663	6.8785415	56.497
5.318719	-0.641646	7.20535	56.547
7.0126166	-0.78888947	6.1076083	56.597
7.374141	-0.45489833	7.1059904	56.647
8.9758625	-1.033098	6.3793507	56.697
10.936713	0.59376204	4.3514614	56.747
9.975441	0.60932434	3.764882	56.797
8.901642	0.18315643	2.0901382	56.847
9.479841	0.2789245	-0.17717093	56.897
9.179369	0.6931214	-0.997185	56.947
9.872491	1.0702082	0.25019407	56.997
10.898406	0.94810385	-0.25258827	57.05
10.881647	0.5494693	-0.3172317	57.097
10.930728	1.0642227	1.1540052	57.147
10.553641	1.0055647	2.754529	57.197
9.629479	0.16160862	4.056975	57.247
9.411607	-0.5231331	4.97156	57.297
9.312247	-0.10414778	6.314707	57.347
7.8027034	-0.130484	6.3566055	57.397
5.753267	-1.5011644	6.3865333	57.447
5.722142	-0.7350199	8.876503	57.497
4.280833	-1.6627731	6.9587474	57.547
3.3255463	-1.6256629	7.620744	57.596
3.8534677	-0.45968673	10.55005	57.647
3.3063924	-1.8028339	9.498995	57.697
1.376666	-1.7932571	9.692925	57.748
-0.5554548	-1.3120226	10.222044	57.797
-2.2768857	-1.5993267	9.264363	57.847
-4.152743	-1.4532804	8.459911	57.897
-5.318719	-1.4508862	7.627927	57.947
-5.6826377	-1.9524715	7.1071877	57.997
-6.0082493	-1.0307038	7.6746135	58.027
-8.094796	0.41299978	6.1423244	58.097
-8.293514	0.6596026	5.2385135	58.147
-9.88925	1.7178397	6.351817	58.197
-9.54209	1.2988545	6.5337763	58.247
-8.161834	0.92057055	7.047333	58.297
-6.5816603	0.37469256	7.1969705	58.347
-5.410896	-0.15562311	7.3873096	58.397
-4.3957543	-0.78888947	7.6255326	58.447
-2.5139117	-0.8343793	8.335413	58.497
-1.5945383	-1.483208	8.900445	58.547
-0.25977087	-1.4532804	10.116699	58.597
1.2042835	-1.4784195	11.215638	58.647
2.4037786	-2.0039468	11.018116	58.696
3.8845923	-1.3215994	10.437522	58.748
3.3961751	-1.436521	8.76637	58.797
4.687847	-1.4544775	7.511808	58.847
4.8362875	-0.92535895	6.7767878	58.897
5.9292407	-1.4041992	5.7269306	58.947
8.455123	-1.4676456	7.937976	58.997
7.716512	-0.60932434	7.1885905	59.027
10.224439	-1.5741876	3.7924154	59.097
10.326192	0.5662287	1.7968484	59.147
10.274716	0.1316811	0.7613561	59.197
9.900024	0.58777654	-2.1978772	59.247
9.196129	1.1240777	-0.6572084	59.297
10.289082	1.5191209	-0.2885013	59.348
10.515334	1.7010803	-1.3970166	59.397
10.751163	1.376666	-0.4345476	59.447
11.579556	1.0307038	0.4189853	59.497
9.922769	-0.46806642	1.2270284	59.547
7.8039002	-2.3211784	5.9005103	59.597
8.804677	-2.2361844	7.8876977	59.647
7.72968	-2.681506	7.2113357	59.697
6.8749504	-1.9548657	8.462306	59.748
7.3083005	-1.5191209	8.064868	59.797
5.861006	-2.3798366	6.897695	59.846
1.9237411	-1.7106571	6.862979	59.897
0.664391	-1.3802572	9.259575	59.947
-0.14844051	-0.9816227	9.813833	59.997
-1.5825673	-1.435324	9.753978	60.027