1.2737153	-9.069236	3.4476504	0.046
1.2126632	-9.1590185	3.702633	0.102
1.5370775	-9.528923	3.9683893	0.142
0.35194764	-9.169792	3.867833	0.193
0.11372458	-8.665813	3.8606503	0.243
0.14604631	-9.181764	3.9504328	0.302
-0.5746084	-8.318654	4.5645456	0.343
-0.08259996	-8.0924015	4.5645456	0.393
-0.7314286	-8.379706	4.9787426	0.452
-0.92416185	-7.9248075	5.0385976	0.493
-0.5327099	-8.1319065	5.378574	0.543
-0.17357962	-8.24563	5.080496	0.596
-0.6440403	-8.392874	4.59567	0.642
-0.59017074	-8.318654	4.084508	0.692
-0.5267244	-8.596381	4.0976763	0.742
-0.0023942017	-8.76996	3.5984852	0.802
0.007182605	-9.764751	3.514688	0.842
0.6332663	-9.702502	3.9875429	0.891
0.8774749	-9.928755	2.918532	0.932
0.8355764	-8.747216	3.4967315	0.992
1.7142484	-9.214086	2.2637177	1.042
1.8016368	-9.824607	2.1392193	1.092
1.8818425	-9.411607	2.3116016	1.141
2.3882163	-9.623494	3.1376014	1.192
2.007538	-9.356541	1.543063	1.242
2.373851	-8.978256	2.385822	1.302
1.9656396	-9.615114	1.6412252	1.342
1.6711528	-9.5492735	0.3196259	1.391
2.1978772	-9.593566	2.0961237	1.452
2.5187001	-9.701305	0.15083471	1.492
2.0111294	-9.704897	1.4197617	1.542
3.1040826	-9.424775	1.127669	1.592
2.0087352	-9.385271	1.1312603	1.642
1.8579005	-9.113529	2.9640217	1.702
1.5310919	-9.356541	2.8526914	1.742
1.0283096	-9.415198	2.5067291	1.802
1.0833763	-9.503783	2.767697	1.842
1.2389994	-9.415198	2.8778305	1.892
0.9840169	-9.004593	3.9480386	1.932
1.1444284	-8.926781	3.7840357	1.97
1.2030864	-9.466674	3.7181952	2.042
0.8702923	-9.636662	3.6224272	2.095
0.25258827	-9.1255	3.0585926	2.137
0.47524905	-8.307879	4.098873	2.194
0.06943185	-8.462306	4.414908	2.245
0.40821138	-8.790312	4.8494554	2.295
-0.439336	-9.516952	4.739322	2.346
-0.33279404	-8.659827	4.619612	2.39
0.2813187	-8.459911	3.8426938	2.447
-0.712275	-8.586804	4.3023806	2.49
-0.6667852	-8.627506	4.0677485	2.536
-0.8762778	-8.930372	4.1539397	2.593
-1.13964	-8.60117	4.188656	2.644
-1.0378864	-8.446744	4.247314	2.694
-1.388637	-8.025364	4.0653543	2.744
0.6512229	-8.625112	5.1547165	2.801
-0.4297592	-9.132683	3.3722332	2.852
-0.50876784	-9.0081835	3.1950622	2.892
0.14844051	-9.384073	3.4632127	2.932
-0.24420857	-9.17099	2.7509377	2.992
0.04189853	-9.185355	2.920926	3.042
0.05267244	-9.534908	2.7329812	3.092
-0.2681506	-9.358934	2.3570917	3.142
0.10295067	-9.730036	2.3666685	3.191
-0.23104046	-9.743204	2.006341	3.242
1.2856863	-10.235212	1.4556746	3.291
0.92296475	-9.56723	0.51355624	3.342
0.7086837	-9.856929	0.62368953	3.402
1.1324574	-9.801862	0.9540894	3.441
0.80924016	-9.673772	0.8331822	3.492
0.6799533	-9.7719345	1.0319009	3.542
0.9840169	-9.600749	0.6584055	3.602
1.3934253	-9.629479	0.25617957	3.652
1.1683705	-9.654618	0.061052144	3.692
0.6727707	-9.725247	-0.4297592	3.742
0.8738836	-9.655815	-0.16400282	3.791
1.1252748	-9.661801	0.015562311	3.852
0.91937345	-9.710882	-0.79726917	3.892
1.1671734	-9.713276	-0.92655605	3.942
1.8375498	-9.475053	-0.60812724	3.995
1.2521675	-9.944317	-0.92057055	4.042
0.59615624	-9.739613	-0.6811504	4.092
0.7206547	-9.783905	-0.3878607	4.142
0.7469909	-9.554062	-0.19273324	4.192
0.5662287	-9.710882	-0.17238252	4.242
0.7206547	-9.865308	-0.01436521	4.303
0.81761986	-9.800665	0.051475335	4.342
0.40342298	-9.673772	-0.095768064	4.392
0.748188	-9.585187	0.47046062	4.442
0.81881696	-9.659407	0.50876784	4.492
0.6907272	-9.945514	0.4429273	4.542
0.47884035	-9.770737	0.8595184	4.602
0.61052144	-9.904813	0.7278373	4.642
0.47884035	-9.898827	0.6476316	4.692
0.34476504	-9.859323	1.1911154	4.742
-0.11372458	-10.070012	0.8631097	4.802
-0.3890578	-9.180567	2.1799207	4.841
-0.9600749	-9.024943	1.685518	4.892
-1.055843	-9.551667	2.1416135	4.942
-1.1300632	-9.227253	1.8626889	5.022
-1.1540052	-9.208099	1.9907787	5.042
-1.0295067	-9.543288	1.9093759	5.092
-1.282095	-9.240421	1.6136919	5.142
-1.6472107	-9.160215	1.9393034	5.202
-1.270124	-9.360131	3.0550013	5.241
0.82240826	-10.283096	2.6539726	5.302
-1.2988545	-9.147048	1.1420342	5.341
-0.31004912	-9.382876	2.741361	5.392
-0.7398083	-9.56723	1.555034	5.442
-0.80924016	-9.1829605	2.3822308	5.502
-0.92655605	-9.069236	2.4851813	5.542
-1.8255788	-9.448717	2.4169466	5.602
-0.36750996	-9.683349	2.6013002	5.642
0.49440265	-9.999383	1.5885528	5.691
0.2669535	-9.725247	0.9576807	5.742
0.2861071	-9.700109	1.0510546	5.792
0.5255273	-9.842564	0.81881696	5.842
-0.21308395	-9.726444	0.8678981	5.892
-0.25617957	-9.588778	1.460463	5.941
-0.019153614	-9.800665	1.1288661	6.002
0.6751649	-9.65821	1.0354922	6.042
0.35793316	-9.709685	0.5614403	6.091
0.7422025	-9.751583	0.19512744	6.152
0.50876784	-9.640253	-0.10055647	6.191
0.7529764	-9.7240505	0.08499416	6.252
1.0773908	-9.759963	-0.1376666	6.292
0.59615624	-9.716867	-0.39624038	6.342
0.9648633	-9.716867	-0.24420857	6.392
1.0845734	-9.783905	-0.41060558	6.442
1.1145009	-9.598354	-0.5303157	6.492
1.6053122	-9.89763	-0.5793968	6.542
0.50637364	-9.234436	-0.094570965	6.602
0.025139118	-9.998186	-0.81402856	6.642
0.25139117	-9.758766	-0.04070143	6.692
0.009576807	-9.69532	-0.49200845	6.741
0.60573304	-10.222044	-0.5267244	6.802
0.40940848	-9.652225	-0.7781156	6.842
0.1364695	-9.465476	-0.8379706	6.892
0.34835634	-9.755175	0.6859388	6.941
-0.107739076	-10.110714	-0.35913026	6.992
0.029927522	-10.241198	-0.10534488	7.043
0.51235914	-10.166978	0.45968673	7.092
-0.19752164	-9.287108	0.19632454	7.141
-0.9888053	-9.123106	1.1408371	7.192
-0.92895025	-9.4774475	0.91937345	7.242
-1.0259154	-9.774328	1.0546459	7.292
-1.1683705	-9.600749	0.92775315	7.342
-0.7697359	-9.56723	0.9816227	7.391
-0.9876082	-9.662998	1.0630256	7.442
-0.59136784	-9.451111	1.0414777	7.492
-0.8499416	-9.842564	0.92057055	7.542
-1.1899183	-9.537302	0.8643068	7.592
-1.091756	-9.642648	0.80086046	7.642
-0.93732995	-9.599552	1.520318	7.691
-0.9947908	-9.490616	1.5239093	7.742
-1.1504139	-9.494206	1.2425907	7.792
-1.3551182	-9.326612	1.2988545	7.841
-1.2389994	-9.409213	1.769315	7.892
-0.59376204	-9.801862	1.6723499	7.942
-0.2885013	-10.127473	1.7130513	7.992
-1.0965444	-8.84059	1.6771383	8.047
-0.5434838	-9.392453	2.4600422	8.092
-0.25857377	-9.692925	1.2892777	8.142
-0.16759412	-10.024523	1.6304513	8.191
0.039504327	-10.032902	1.1659763	8.242
-0.6823475	-9.301474	1.3060371	8.292
0.47046062	-10.111911	-0.32800564	8.341
0.61052144	-9.718064	1.3275849	8.392
0.25498247	-9.793482	0.6703765	8.442
0.8678981	-9.734824	0.49919105	8.492
0.6667852	-9.792285	1.0893618	8.542
0.088585466	-9.7803135	0.81522566	8.592
0.8607155	-9.548077	0.12449849	8.642
1.7262194	-9.792285	0.7374141	8.692
1.2892777	-9.457097	0.7505822	8.741
1.827973	-9.635465	0.12449849	8.792
1.3072342	-9.516952	0.40581718	8.842
1.1336545	-9.720459	-0.31004912	8.891
1.2904748	-9.721656	0.02873042	8.942
1.151611	-9.617508	-0.2621651	8.993
1.0726024	-9.504981	0.073023155	9.042
1.115698	-9.655815	-0.23942018	9.092
1.364695	-9.731233	0.0047884034	9.141
1.0989386	-9.7863	-0.24420857	9.192
1.3180081	-9.647436	0.12210429	9.242
1.13964	-9.746795	0.24779987	9.291
1.2282255	-9.7240505	0.0023942017	9.342
1.2078748	-9.740809	0.15322891	9.392
1.4329298	-9.801862	0.32441434	9.442
0.997185	-9.515755	0.011971008	9.492
0.7134721	-9.691729	0.50637364	9.542
0.5686229	-9.794679	0.6835446	9.592
-0.08738836	-9.847352	0.05267244	9.641
-0.23463176	-9.728839	0.7218518	9.692
0.50996494	-9.991004	0.748188	9.742
0.16160862	-9.901221	0.49081135	9.792
0.5386954	-9.8437605	0.5590461	9.842
0.49679685	-9.710882	0.8559271	9.892
-0.5566519	-9.49301	0.6859388	9.941
-0.7745243	-9.673772	1.2270284	9.993
-1.1959038	-9.64145	1.234211	10.053
-1.1563994	-9.561244	1.4161704	10.092
-1.1719618	-9.457097	1.4269443	10.142
-1.103727	-9.31105	1.6555905	10.192
-1.234211	-9.532514	1.4772224	10.241
-1.1228806	-9.411607	1.7082629	10.292
-1.4305356	-9.488221	1.3994108	10.342
-1.1312603	-9.454702	1.7705121	10.392
-1.1432313	-9.417592	1.5346833	10.442
-1.0773908	-9.594764	1.5490485	10.491
-0.8499416	-9.469068	1.7932571	10.542
-0.7661445	-9.271546	1.5239093	10.592
-1.2030864	-9.824607	1.4460979	10.642
-0.79367787	-9.441534	1.7226281	10.692
-0.82719666	-9.560047	1.5514427	10.742
-0.8475474	-9.471462	1.5478514	10.792
-0.700304	-9.759963	1.4089876	10.842
-0.062249243	-9.837775	1.2689269	10.891
-0.51834464	-9.497798	1.0881647	10.942
-0.35913026	-9.5971575	1.1097125	10.993
-0.16280572	-9.837775	0.9911995	11.042
-0.16759412	-9.361329	1.4209588	11.091
0.21667525	-10.171766	1.0271125	11.141
-0.5781997	-9.697714	0.076614454	11.192
-0.16280572	-9.472659	0.5781997	11.242
0.08140286	-9.837775	0.32441434	11.292
-0.093373865	-9.753978	0.16280572	11.342
-0.33518824	-9.627085	0.10295067	11.391
-0.10055647	-9.753978	0.077811554	11.442
0.35075054	-9.700109	0.22385786	11.492
0.6332663	-9.865308	-0.034715924	11.542
0.7206547	-9.868899	-0.2813187	11.592
0.8355764	-9.552865	-0.48722005	11.641
1.0773908	-9.7479925	-0.5446809	11.692
1.1420342	-9.688137	-0.4225766	11.742
1.5478514	-9.64145	-0.2873042	11.792
1.3515269	-9.657013	-0.5291186	11.842
1.2066777	-9.646238	-0.48123455	11.891
1.2246342	-9.69532	-0.5446809	11.942
1.3275849	-9.635465	-0.32680854	11.992
1.2174516	-9.585187	-0.6392518	12.041
0.7026982	-9.759963	-0.58777654	12.091
0.8798691	-9.604341	-0.35553896	12.142
0.7254431	-9.809045	-0.61171854	12.192
0.58897364	-9.642648	-0.3196259	12.242
0.45370123	-9.787497	-0.50757074	12.292
0.5482722	-9.728839	0.023942016	12.341
0.60573304	-9.685743	-0.4213795	12.392
-0.2741361	-9.961076	-0.41180268	12.442
-0.19632454	-9.946711	-0.36631286	12.492
0.45968673	-9.704897	-0.04309563	12.541
0.47884035	-10.152613	0.63087213	12.592
0.45609543	-9.8198185	0.47764325	12.642
0.44891283	-9.415198	1.0546459	12.692
-0.04309563	-9.835381	0.7422025	12.742
-0.439336	-9.603143	0.8487445	12.791
-0.2837129	-9.469068	1.2114661	12.842
-0.7098808	-9.595961	0.6835446	12.891
-1.0941502	-9.527725	0.6560113	12.942
-1.0414777	-9.774328	0.82719666	12.992
-1.3108255	-9.688137	0.6751649	13.042
-1.3982137	-9.412804	0.80924016	13.091
-1.5478514	-9.367314	0.8283938	13.141
-1.292869	-9.464279	1.4449008	13.192
-1.412579	-9.490616	1.1121067	13.241
-0.9564836	-9.514558	1.1671734	13.292
-0.8690952	-9.688137	0.9708488	13.342
-1.163582	-9.469068	0.8367735	13.392
-0.8403648	-9.307459	1.22224	13.442
-1.2018893	-9.403227	1.1456255	13.491
-1.1719618	-9.367314	1.2401965	13.542
-0.9756372	-9.822212	0.9876082	13.592
0.09935937	-9.792285	1.520318	13.642
-0.16759412	-10.117896	-0.34237084	13.692
-0.09935937	-9.721656	0.6859388	13.741
-0.272939	-9.751583	0.095768064	13.792
-0.1448492	-9.944317	0.80445176	13.842
-0.15442601	-9.64983	0.78649527	13.892
-0.4417302	-9.794679	0.58418524	13.942
0.29927522	-9.894038	0.6344634	13.992
0.24061728	-9.532514	0.3184288	14.042
-0.007182605	-9.91439	0.17357962	14.092
0.24420857	-9.779117	-0.6560113	14.141
0.48362875	-9.68694	-0.14604631	14.192
0.6907272	-9.864111	-0.4189853	14.242
0.7194576	-9.607931	-0.22146365	14.291
0.61171854	-9.781511	-0.7493851	14.342
0.46327803	-9.709685	-0.47644615	14.392
0.7170634	-9.691729	-0.70509243	14.442
0.7793127	-9.576807	-0.7493851	14.492
0.8810662	-9.605537	-0.50397944	14.541
0.39025488	-9.694122	-0.6512229	14.592
0.029927522	-9.736021	-0.24301147	14.642
0.5243302	-9.8916445	-1.0546459	14.692
0.5374983	-9.813833	-0.59615624	14.742
0.62129533	-9.884461	-0.8595184	14.791
2.0362685	-9.737218	-0.842759	14.842
1.4532804	-9.531317	-0.18914193	14.892
-0.011971008	-9.562442	0.21428105	14.942
0.16759412	-9.923966	0.15203181	14.992
-0.12928689	-9.572019	0.49200845	15.053
0.4321534	-9.848549	0.9876082	15.092
0.18076223	-10.092757	0.14724341	15.141
1.3515269	-10.953473	0.04189853	15.192
-0.1376666	-9.716867	-0.82360536	15.242
0.29448682	-8.394072	2.7665	15.291
-0.8619126	-9.300277	0.59256494	15.342
-0.5303157	-9.478644	2.2984335	15.392
-0.5793968	-9.534908	1.2737153	15.442
-0.89543146	-9.568427	1.5634137	15.492
-0.6356605	-9.583989	1.590947	15.541
-0.6859388	-9.463082	1.5765818	15.592
-0.7326257	-9.471462	1.7250223	15.642
-0.79128367	-9.691729	1.6998832	15.691
-1.0127473	-9.379285	1.5849615	15.742
-0.8523358	-9.491813	1.8531121	15.792
-1.0474633	-9.324219	1.6136919	15.842
-0.81522566	-9.713276	1.5957354	15.891
-0.5231331	-9.690532	1.8171991	15.942
-0.6667852	-9.579201	1.4389153	15.992
-0.6703765	-9.406818	1.5574282	16.043
-0.7134721	-9.320627	1.5263035	16.092
-0.50397944	-9.400833	1.6436194	16.141
-0.37588966	-9.646238	1.6543933	16.192
-0.760159	-9.461885	0.9660604	16.242
0.62847793	-10.386047	1.7393875	16.292
0.05626374	-10.031705	0.08020575	16.341
0.47046062	-9.51336	0.45010993	16.392
0.49559975	-9.892841	0.32680854	16.441
0.5554548	-9.497798	-0.037110128	16.492
-0.23942018	-10.006566	0.2825158	16.542
0.5554548	-9.803059	-0.15322891	16.592
0.7170634	-9.537302	0.08619126	16.642
0.80086046	-9.885659	0.17717093	16.691
0.80445176	-9.562442	-0.7565677	16.742
0.80445176	-9.7240505	-0.38067806	16.792
1.0462662	-9.793482	-0.6991069	16.842
0.9648633	-9.662998	-0.7589619	16.892
1.2605472	-9.683349	-0.4237737	16.942
1.2042835	-9.570822	-0.8415619	16.992
1.174356	-9.692925	-0.7793127	17.043
1.1444284	-9.603143	-0.8846575	17.092
1.198298	-9.619903	-0.90261406	17.141
1.1216835	-9.588778	-0.9947908	17.192
1.2270284	-9.570822	-0.8295909	17.242
1.0522517	-9.696517	-1.1121067	17.292
1.3227965	-9.625888	-0.91338795	17.341
0.6943185	-9.742006	-0.80924016	17.392
0.9911995	-9.676167	-1.1204864	17.441
0.6967127	-9.568427	-0.16998832	17.492
0.6667852	-9.715671	-1.021127	17.542
0.81642276	-9.718064	-0.5231331	17.592
0.93373865	-9.740809	-0.44891283	17.642
0.81522566	-9.713276	-0.81761986	17.691
0.7661445	-9.738416	-0.46327803	17.742
0.8810662	-9.788693	-0.18914193	17.792
0.6476316	-9.496601	-0.092176765	17.842
0.32321724	-9.78989	-0.005985504	17.892
0.40222588	-9.812635	0.24181437	17.942
0.21787235	-9.733627	0.23104046	17.989
0.22864626	-9.809045	0.5770026	18.042
0.18555063	-9.714474	0.7613561	18.092
0.17597382	-9.755175	1.1504139	18.141
0.074220255	-9.696517	0.92655605	18.192
-0.36032736	-9.502586	0.82719666	18.242
-0.20709845	-9.385271	1.7860745	18.292
-0.62608373	-9.398438	1.033098	18.342
-0.80445176	-9.923966	1.3024458	18.392
-0.56982	-9.516952	1.4041992	18.442
-0.6679823	-9.593566	1.0809821	18.492
-0.37469256	-9.674969	1.2689269	18.544
-0.439336	-9.556456	0.90141696	18.594
-0.5554548	-9.657013	0.760159	18.644
-0.6871359	-9.519346	1.2629414	18.694
-0.12090719	-9.449914	1.9716251	18.737
0.11611878	-9.79827	1.5358804	18.796
-0.14604631	-9.555259	1.6891093	18.837
-0.33758244	-9.609129	1.401805	18.896
-0.12928689	-9.471462	1.673547	18.937
-0.29807812	-9.659407	1.4149733	18.996
-0.08499416	-9.446322	1.5717934	19.036
-0.3866636	-9.992201	0.4381389	19.096
0.1364695	-9.739613	0.6799533	19.137
0.32441434	-9.738416	0.9828198	19.196
0.2753332	-9.775525	0.830788	19.237
0.272939	-9.704897	0.91937345	19.296
0.16280572	-9.733627	0.9576807	19.337
0.062249243	-9.564836	0.79128367	19.396
0.1376666	-9.624691	0.51235914	19.437
0.4225766	-9.877279	0.60333884	19.497
0.2765303	-9.752781	-0.22864626	19.537
0.5566519	-9.813833	-0.04070143	19.596
0.80445176	-9.673772	-0.09816227	19.637
0.8355764	-9.829395	-0.2789245	19.696
0.81163436	-9.630676	-0.5470751	19.737
0.89902276	-9.76954	-0.4345476	19.796
0.6655881	-9.645041	-0.7062895	19.837
0.985214	-9.69532	-0.51834464	19.896
1.1264719	-9.765948	-0.7673417	19.936
1.1264719	-9.765948	-0.7673417	19.936
1.0654198	-9.797073	-0.37469256	20.044
0.6811504	-9.544485	-0.32920274	20.094
0.7410054	-9.77792	-0.34476504	20.136
0.4381389	-9.962274	-0.35913026	20.196
0.2908955	-10.01734	-0.59974754	20.237
1.0534488	-9.540894	-0.15562311	20.296
0.7098808	-9.696517	0.047884032	20.337
-0.23942018	-9.855731	0.011971008	20.396
-0.05746084	-9.526528	0.41060558	20.437
0.24301147	-9.801862	0.7613561	20.496
-0.23942018	-9.66659	0.5398925	20.542
-0.08259996	-9.745598	1.0067618	20.593
0.15562311	-9.77792	0.7314286	20.644
-0.079008654	-9.751583	0.6512229	20.693
0.025139118	-9.615114	0.7326257	20.736
0.14604631	-9.586384	1.0905589	20.796
-0.09696517	-9.788693	1.0462662	20.837
-0.24899697	-9.700109	1.3730747	20.896
-0.3890578	-9.646238	1.3084313	20.937
-0.4417302	-9.655815	1.3970166	20.997
-0.7457938	-9.736021	0.7170634	21.044
-0.51714754	-9.227253	2.0961237	21.094
-0.33159694	-9.61272	2.3008277	21.136
-0.7266402	-9.490616	1.5993267	21.196
-0.48003745	-9.378088	2.219425	21.237
-0.5650316	-9.51336	1.8626889	21.296
-0.50038815	-9.545682	2.086547	21.336
-0.37110126	-9.376891	1.757344	21.396
-0.22864626	-9.5971575	2.2409728	21.437
-0.533907	-9.428367	1.9333179	21.496
-0.30765492	-9.340978	2.1691468	21.542
-0.39264908	-9.56723	1.8507179	21.593
-0.32920274	-9.536105	1.863886	21.636
-0.23702596	-9.651027	1.7597382	21.696
-0.2741361	-9.518148	1.8339585	21.737
-0.24779987	-9.55047	1.8004397	21.796
-0.36391866	-9.5253315	1.6998832	21.837
-0.1316811	-9.580399	1.5454572	21.896
0.6679823	-10.445902	1.5059528	21.937
0.010773907	-9.081207	0.7577648	21.999
-0.20829555	-9.083601	1.5562311	22.036
0.21667525	-10.068815	1.151611	22.096
0.29209262	-9.689334	0.93852705	22.137
0.1448492	-9.782708	0.91697925	22.196
0.18794483	-9.835381	0.7493851	22.237
0.19393034	-9.69532	0.81881696	22.296
0.39624038	-9.745598	0.7374141	22.337
0.16998832	-9.770737	0.6332663	22.396
0.49559975	-9.665392	0.9959879	22.437
0.32441434	-9.628283	0.5470751	22.496
0.45609543	-9.765948	0.5410896	22.542
0.6775591	-9.631873	0.36272156	22.593
0.5542577	-9.677363	0.36032736	22.636
1.0055647	-9.719262	0.23104046	22.696
0.700304	-9.61272	0.035913024	22.737
0.8403648	-9.7479925	-0.06703765	22.796
0.9588778	-9.688137	-0.06344634	22.837
0.91578215	-9.697714	-0.1376666	22.896
1.0127473	-9.66659	-0.15083471	22.937
1.0163386	-9.634268	-0.09935937	22.96
0.6428431	-9.79827	-0.35673606	23.043
0.90500826	-9.746795	-0.1448492	23.094
1.6531962	-9.682152	0.055066638	23.136
0.92655605	-9.809045	-0.33758244	23.196
0.6548142	-9.631873	-0.095768064	23.237
0.7625532	-9.817424	0.09816227	23.296
0.6536171	-9.871294	0.22744916	23.337
0.91099375	-9.635465	0.08738836	23.396
0.48123455	-9.830592	-0.04309563	23.437
0.49799395	-9.631873	0.29209262	23.497
0.59017074	-9.69532	0.8463503	23.544
0.5363012	-9.702502	0.6476316	23.593
0.062249243	-9.779117	0.8331822	23.645
0.18674773	-9.653421	1.3000516	23.693
0.37828386	-9.574412	1.2330139	23.736
0.25139117	-9.667787	1.1851299	23.796
0.25498247	-9.721656	1.1312603	23.837
0.39743748	-9.685743	1.1959038	23.896
0.30526072	-9.645041	1.2198458	23.937
0.18315643	-9.667787	1.246182	24.0
0.37708676	-9.716867	1.5753847	24.036
0.108936176	-9.522937	1.8183962	24.096
-0.023942016	-9.618706	1.483208	24.137
-0.033518825	-9.500193	1.9081788	24.196
0.093373865	-9.551667	1.7298107	24.236
-0.1328782	-9.588778	1.7058687	24.296
-0.19273324	-9.479841	1.7549498	24.337
-0.34955344	-9.551667	1.6448165	24.396
-0.19033903	-9.360131	2.146402	24.437
0.2753332	-9.962274	1.8064252	24.496
-0.04070143	-9.589975	1.5155296	24.537
-0.108936176	-9.613917	1.769315	24.596
0.077811554	-9.518148	1.7932571	24.637
-0.077811554	-9.707291	1.6232687	24.696
-0.46806642	-9.7240505	1.5981296	24.737
-0.07062895	-9.457097	1.816002	24.796
-0.10654198	-9.630676	1.6496049	24.837
-0.1352724	-9.555259	1.3874398	24.896
-0.055066638	-9.79827	1.2653356	24.937
0.088585466	-9.817424	1.4820108	25.002
0.088585466	-9.775525	1.3455414	25.056
0.18555063	-9.944317	0.6332663	25.094
0.20470424	-9.7479925	0.29927522	25.136
0.24061728	-9.726444	0.6859388	25.196
0.5410896	-9.682152	0.33758244	25.236
0.23104046	-9.883265	0.4333505	25.296
0.2741361	-9.706094	0.6560113	25.336
0.17238252	-9.7084875	0.8391677	25.396
0.24181437	-9.688137	0.5781997	25.437
0.37588966	-9.609129	0.5758055	25.496
0.47644615	-9.676167	0.50757074	25.537
0.4189853	-9.77792	0.15322891	25.596
0.44771573	-9.770737	0.10654198	25.657
0.47165772	-9.774328	-0.0035913025	25.693
0.5267244	-9.605537	0.06823475	25.737
0.736217	-9.688137	-0.11252748	25.797
0.6823475	-9.690532	-0.17717093	25.837
0.6667852	-9.797073	-0.2837129	25.896
0.63206923	-9.613917	-0.34237084	25.937
0.7529764	-9.701305	-0.20829555	26.001
0.62608373	-9.633071	-0.38187516	26.044
0.5602432	-9.522937	-0.17836803	26.096
1.0342951	-9.884461	-0.45370123	26.143
0.8714894	-9.810242	-0.20829555	26.194
0.9888053	-9.854534	-0.051475335	26.244
0.49081135	-9.929952	0.30047232	26.294
0.664391	-9.691729	0.079008654	26.352
0.7745243	-9.763555	0.33758244	26.392
1.2114661	-9.623494	0.51954174	26.442
0.5686229	-9.816227	-0.010773907	26.502
0.40581718	-9.816227	0.82360536	26.541
0.2813187	-9.759963	0.8295909	26.602
0.37469256	-9.664195	1.1671734	26.652
0.2741361	-9.750386	1.0857705	26.692
0.36631286	-9.526528	0.997185	26.752
0.6452374	-9.625888	1.5298948	26.792
0.47644615	-9.604341	1.5478514	26.842
0.08140286	-9.380483	1.9249382	26.902
0.22984336	-9.689334	1.8579005	26.952
0.050278235	-9.609129	1.4664485	26.999
0.019153614	-9.5013895	1.365892	27.041
0.34117374	-9.8916445	1.6005238	27.102
-0.075417355	-9.671378	1.5179238	27.142
-0.22744916	-9.604341	1.614889	27.191
-0.1412579	-9.351752	2.0614076	27.242
-0.03232172	-9.361329	2.1080947	27.292
0.12928689	-9.615114	2.1200657	27.342
0.10175357	-9.533711	2.2469583	27.392
0.08020575	-9.574412	1.6843209	27.441
-0.11372458	-9.624691	1.8914193	27.492
-0.16160862	-9.516952	1.6017209	27.542
-0.2717419	-9.552865	1.7848774	27.592
-0.108936176	-9.500193	1.8830396	27.642
-0.108936176	-9.588778	1.6938977	27.692
-0.076614454	-9.585187	1.9800048	27.743
-0.06464344	-9.504981	1.8291701	27.792
-0.11133038	-9.622296	1.8195933	27.841
-0.022744916	-9.593566	1.6771383	27.892
-0.1388637	-9.668983	1.2940661	27.942
-0.22146365	-9.618706	1.5346833	27.992
0.11252748	-9.80665	1.2521675	28.042
0.06344634	-9.752781	1.1204864	28.091
0.22864626	-9.467871	1.3299791	28.141
0.142455	-9.76954	1.043872	28.192
0.38307226	-9.5971575	1.0187328	28.242
0.37588966	-9.842564	1.0139444	28.292
0.45968673	-9.615114	0.8882488	28.342
0.60214174	-9.625888	0.7721301	28.392
0.4417302	-9.634268	0.7386112	28.442
0.61171854	-9.776723	0.36391866	28.491
0.58298814	-9.662998	0.23582886	28.542
1.0067618	-9.592369	0.2633622	28.592
0.6979098	-9.715671	0.2645593	28.642
0.6847417	-9.710882	0.02873042	28.692
0.7493851	-9.703699	-0.15442601	28.741
0.81402856	-9.688137	-0.22864626	28.792
0.9696517	-9.749189	-0.40102878	28.842
1.1552023	-9.719262	-0.50158525	28.892
1.13964	-9.629479	-0.50038815	28.942
1.2114661	-9.697714	-0.59017074	28.993
1.2880806	-9.611523	-0.4261679	29.041
1.2509704	-9.659407	-0.39983168	29.091
1.0342951	-9.633071	-0.29448682	29.142
1.0881647	-9.698911	0.011971008	29.191
0.79487497	-9.792285	-0.23223756	29.242
0.6787562	-9.749189	-0.15682021	29.292
1.1611878	-9.589975	0.0011971008	29.341
1.1480197	-9.668983	-0.017956512	29.392
0.6452374	-9.690532	-0.1412579	29.442
0.62967503	-9.828198	0.20949265	29.492
0.89303726	-9.734824	0.22385786	29.542
0.9935937	-9.749189	0.18914193	29.592
0.8834604	-9.816227	0.33039984	29.642
0.60693014	-9.827001	0.60333884	29.692
0.021547815	-10.169372	-0.23343466	29.741
1.174356	-9.519346	1.2964603	29.792
0.5746084	-9.463082	2.3247697	29.842
-0.24181437	-9.478644	1.6232687	29.892
-0.0011971008	-9.526528	2.1631613	29.942
0.14604631	-9.572019	2.2278047	29.993
-0.20709845	-9.434352	1.9045875	30.053
-0.22625206	-9.508572	1.9991584	30.092
-0.16400282	-9.297882	2.1284454	30.142
-0.37708676	-9.518148	1.9500773	30.191
-0.25378537	-9.519346	2.3762453	30.242
-0.320823	-9.398438	2.2014685	30.292
-0.41180268	-9.479841	2.4887726	30.342
-0.19991584	-9.385271	2.4061728	30.392
-0.25977087	-9.503783	2.4181437	30.441
-0.20111294	-9.507375	2.396596	30.492
-0.06823475	-9.368511	2.2230163	30.542
-0.20949265	-9.4774475	2.5258827	30.592
0.016759412	-9.506178	2.1068976	30.642
-0.06823475	-9.546879	2.2709002	30.692
-0.02633622	-9.349358	2.4552538	30.742
-0.045489833	-9.42238	2.2768857	30.792
-0.044292733	-9.599552	1.9093759	30.842
0.20470424	-9.636662	1.8339585	30.892
0.17956513	-9.412804	2.147599	30.941
0.1388637	-9.49301	1.757344	30.972
0.22744916	-9.510966	1.9620483	31.042
0.38307226	-9.634268	1.7310078	31.092
0.2777274	-9.702502	1.5646108	31.141
0.5315128	-9.696517	1.2856863	31.192
0.40462008	-9.763555	1.1827357	31.241
0.34715924	-9.677363	0.92775315	31.292
0.59136784	-9.65821	1.3323733	31.341
0.60333884	-9.79827	0.7625532	31.392
0.49440265	-9.672575	0.92775315	31.442
0.79128367	-9.816227	0.62368953	31.491
0.81402856	-9.726444	0.24660277	31.542
0.9552865	-9.680955	0.46926352	31.592
1.0223241	-9.552865	0.58897364	31.642
1.0654198	-9.762358	0.37349546	31.692
1.2509704	-9.653421	0.4357447	31.741
1.0414777	-9.730036	0.32441434	31.792
0.8475474	-9.6845455	0.075417355	31.842
1.2521675	-9.662998	0.10654198	31.892
1.4293385	-9.510966	0.5374983	31.942
1.7513585	-9.757569	0.090979666	31.997
1.721431	-9.648633	-0.18195933	32.042
1.067814	-9.76954	-0.2705448	32.092
1.0690111	-9.605537	0.23463176	32.142
0.94211835	-9.743204	0.008379706	32.191
0.8331822	-9.728839	0.5231331	32.242
0.9888053	-9.736021	0.23582886	32.292
1.0175357	-9.770737	0.7110779	32.342
1.1312603	-9.659407	0.8631097	32.391
0.20949265	-9.483433	0.7793127	32.442
0.7445967	-9.838972	0.736217	32.492
0.41180268	-9.871294	0.91338795	32.542
0.32202014	-10.126276	0.89662856	32.592
-0.10534488	-9.640253	0.22385786	32.652
0.35553896	-9.506178	1.388637	32.692
0.33638534	-9.628283	1.0103531	32.742
0.36750996	-9.615114	1.650802	32.792
-0.3878607	-9.664195	1.9189527	32.842
-0.12808979	-9.488221	2.0290859	32.891
-0.25378537	-9.437943	1.8794483	32.942
-0.110133275	-9.384073	2.2493525	32.998
-0.1340753	-9.394848	2.1380222	33.052
-0.23942018	-9.416395	2.0147207	33.102
-0.40462008	-9.509769	2.337938	33.141
-0.2777274	-9.41041	2.207454	33.192
-0.053869538	-9.569624	2.2182279	33.252
-0.095768064	-9.589975	2.0925324	33.292
-0.21428105	-9.609129	2.0614076	33.341
-0.48722005	-9.645041	1.8339585	33.402
-0.36631286	-9.54209	1.9608512	33.442
-0.51116204	-9.648633	1.6005238	33.491
-0.46686932	-9.568427	1.9273324	33.542
-0.48243165	-9.586384	2.1823149	33.602
-0.4381389	-9.376891	2.1392193	33.642
-0.33039984	-9.397242	2.231396	33.692
-0.1436521	-9.65821	2.232593	33.741
-0.037110128	-9.585187	2.2637177	33.802
-0.12569559	-9.454702	2.1308396	33.842
-0.15442601	-9.604341	2.134431	33.892
-0.142455	-9.55885	1.9416976	33.952
0.03232172	-9.555259	1.7513585	34.002
-0.2705448	-9.586384	1.6017209	34.052
-0.11731588	-9.908403	1.6699557	34.092
-0.22625206	-9.647436	1.5167267	34.152
-0.29209262	-9.285912	1.7465701	34.192
-0.19033903	-9.5013895	1.5717934	34.242
-0.37588966	-9.4535055	1.6819267	34.302
-0.18435353	-9.703699	1.5227122	34.342
-0.16998832	-9.57561	1.115698	34.402
-0.06344634	-9.907207	1.2761095	34.442
0.6847417	-10.247183	0.80804306	34.492
0.23582886	-9.755175	-0.18674773	34.541
0.49679685	-9.588778	0.93493575	34.602
0.6919243	-9.762358	0.82480246	34.641
0.33159694	-9.877279	0.9744401	34.702
0.37588966	-9.53012	1.13964	34.742
0.58538234	-9.586384	1.0462662	34.792
0.49200845	-9.594764	1.033098	34.841
0.37708676	-9.7084875	0.6440403	34.892
0.39264908	-9.85214	0.50278234	34.942
0.22864626	-9.636662	0.4309563	34.972
0.88944596	-9.7719345	0.37708676	35.052
0.7182605	-9.709685	0.2813187	35.102
0.60693014	-9.721656	0.29328972	35.142
0.521936	-9.68694	0.6679823	35.202
0.11372458	-9.812635	0.44532153	35.242
0.5315128	-9.557653	1.0163386	35.302
0.50757074	-9.991004	0.6392518	35.341
0.47046062	-9.844957	0.82001406	35.391
0.33159694	-9.744401	0.9564836	35.441
0.664391	-9.91798	1.1611878	35.492
0.49440265	-9.782708	1.0833763	35.541
0.19033903	-9.764751	1.2737153	35.592
0.12569559	-9.702502	1.7310078	35.641
0.05746084	-9.4535055	1.520318	35.692
0.18914193	-9.545682	1.7812861	35.742
-0.027533319	-9.619903	1.6603789	35.792
-0.23582886	-9.592369	1.6639702	35.842
-0.130484	-9.498995	1.9428947	35.892
-0.17836803	-9.637859	1.9680338	35.942
-0.046686932	-9.797073	1.7705121	35.972
-0.7098808	-9.417592	1.7381904	36.042
-0.7637503	-9.489418	1.8387469	36.092
-0.5590461	-9.367314	1.9572599	36.142
-0.7422025	-9.560047	1.887828	36.202
-0.5518635	-9.489418	2.0614076	36.242
-0.2885013	-9.497798	1.9608512	36.302
-0.2873042	-9.427169	1.9752164	36.352
-0.14844051	-9.51336	2.098518	36.392
-0.4165911	-9.52174	1.8579005	36.442
-0.33997664	-9.334992	2.0506337	36.502
0.30286652	-9.578004	2.110489	36.542
-0.18674773	-10.068815	1.6208745	36.592
-0.3196259	-9.431957	1.9285295	36.641
0.14604631	-9.5971575	1.8255788	36.702
0.04070143	-9.659407	1.6879122	36.742
-0.06943185	-9.700109	1.282095	36.792
-0.18076223	-9.740809	1.3000516	36.841
-0.17118542	-9.503783	1.4568717	36.892
-0.21667525	-9.925163	1.1288661	36.941
-0.36032736	-9.512163	1.4568717	36.972
-0.088585466	-9.781511	1.4939818	37.042
-0.2741361	-10.016143	0.8882488	37.092
0.12090719	-9.706094	1.0199299	37.142
0.36870706	-9.619903	0.89543146	37.202
0.31244332	-9.652225	0.56982	37.242
0.45370123	-9.606734	0.5363012	37.291
0.60094464	-9.947908	0.39025488	37.342
0.37708676	-9.7240505	0.46327803	37.392
0.5351041	-9.617508	0.34356794	37.452
0.6488287	-9.733627	0.31004912	37.492
0.7410054	-9.709685	0.16160862	37.542
0.7350199	-9.689334	0.2825158	37.591
0.91578215	-9.821015	0.095768064	37.642
1.0905589	-9.765948	-0.023942016	37.702
0.7433996	-9.634268	0.33638534	37.742
0.78529817	-9.77792	0.10175357	37.791
0.49559975	-9.794679	0.2633622	37.842
0.1376666	-9.873688	-0.07062895	37.892
0.023942016	-9.588778	0.2825158	37.954
0.78290397	-9.5732155	0.8643068	37.972
0.7290344	-9.840169	0.5542577	38.042
0.16280572	-9.776723	0.320823	38.093
0.25498247	-9.690532	0.92416185	38.142
0.47405192	-9.728839	1.0845734	38.192
0.16280572	-9.701305	1.1755531	38.242
0.25737667	-9.874885	0.7074866	38.292
0.7577648	-9.700109	1.2689269	38.342
0.4237737	-9.628283	1.0690111	38.392
0.30286652	-9.745598	0.8822633	38.442
0.21188685	-9.727641	1.1552023	38.492
0.090979666	-9.694122	1.5298948	38.542
0.01436521	-9.655815	1.6041151	38.592
-0.12689269	-9.55885	1.4652514	38.641
-0.051475335	-9.455899	1.9476831	38.692
-0.11133038	-9.606734	1.7705121	38.742
-0.16759412	-9.49301	1.8614918	38.792
-0.107739076	-9.51336	1.757344	38.841
-0.21667525	-9.51336	1.7082629	38.892
-0.076614454	-9.441534	2.1332338	38.942
-0.48961425	-9.898827	2.123657	38.972
0.1604115	-9.2308445	2.4899697	39.041
0.15083471	-9.428367	2.4540567	39.093
0.32321724	-9.53012	2.7150247	39.142
0.12330139	-8.933964	2.9987376	39.191
-0.33159694	-9.467871	2.3894134	39.242
0.094570965	-9.503783	3.2022448	39.292
0.18914193	-9.064447	3.039439	39.342
0.61770403	-9.469068	2.6288335	39.392
0.22984336	-9.386468	2.4756045	39.441
0.25019407	-9.36492	2.9245174	39.492
0.2861071	-9.534908	2.7880478	39.542
0.36511576	-9.075222	2.707842	39.592
0.51595044	-9.931149	3.1483753	39.642
0.17477672	-8.932767	2.0901382	39.692
0.40701428	-9.461885	2.6192567	39.742
0.748188	-9.743204	2.2385786	39.791
0.581791	-9.671378	2.3008277	39.841
0.866701	-9.546879	2.2505496	39.892
1.2330139	-9.579201	1.7621324	39.942
1.2617443	-9.433155	1.8722657	39.982
1.8471266	-9.48463	2.0039468	40.053
1.6843209	-9.443929	1.7776948	40.093
1.70946	-9.424775	1.7753005	40.142
1.2318168	-9.5492735	1.6807296	40.192
1.5131354	-9.534908	1.6256629	40.241
1.3706805	-9.583989	1.4879963	40.292
1.5634137	-9.497798	1.5969325	40.342
1.5933412	-9.57561	1.5981296	40.392
1.7178397	-9.368511	1.6089035	40.442
1.7633295	-9.508572	1.8471266	40.491
1.8411411	-9.3421755	1.6077064	40.542
1.6484078	-9.431957	1.8052281	40.592
1.7753005	-9.588778	1.6077064	40.642
1.6843209	-9.621099	1.5514427	40.692
1.8770541	-9.576807	1.5658079	40.741
1.448492	-9.645041	1.5693992	40.792
0.9959879	-9.356541	1.7405846	40.842
0.7577648	-9.672575	1.8938135	40.892
0.48243165	-9.720459	1.6005238	40.942
0.46327803	-9.57561	1.9812019	40.982
0.90381116	-9.585187	2.054225	41.042
0.7158663	-9.5253315	1.7405846	41.091
0.6859388	-9.489418	1.958457	41.142
0.29927522	-9.599552	2.0003555	41.192
0.14604631	-9.42238	2.4432828	41.241
0.36990416	-9.4535055	2.6443958	41.292
0.2801216	-9.487024	2.4313118	41.341
0.24899697	-9.288305	2.2888567	41.392
0.4381389	-9.807847	2.1978772	41.442
0.017956512	-9.423578	2.0925324	41.492
0.17956513	-9.564836	2.0566192	41.542
0.12808979	-9.515755	2.219425	41.591
-0.06584055	-9.441534	1.8986019	41.642
0.17357962	-9.434352	2.8778305	41.692
-0.095768064	-9.19972	2.3882163	41.742
-0.32441434	-9.408015	2.4971523	41.792
-0.09816227	-9.411607	2.6539726	41.842
-0.10175357	-9.367314	2.27928	41.892
0.20829555	-9.536105	2.337938	41.942
0.079008654	-9.494206	2.195483	41.982
0.12569559	-9.540894	2.2756886	42.042
0.093373865	-9.587581	2.1452048	42.091
0.1604115	-9.532514	2.2122424	42.142
0.074220255	-9.690532	1.9141643	42.192
-0.32441434	-9.599552	1.7118542	42.241
-0.110133275	-9.344569	1.8543092	42.292
-0.049081136	-9.5385	1.804031	42.342
-0.36870706	-9.694122	1.8052281	42.392
-0.4417302	-9.469068	1.6256629	42.442
-0.08619126	-9.637859	1.9129672	42.492
-0.17477672	-9.654618	1.4520833	42.542
0.18914193	-9.466674	1.6627731	42.592
0.427365	-9.79827	1.2737153	42.641
0.055066638	-9.840169	0.7745243	42.692
-0.039504327	-9.628283	1.0726024	42.742
0.24899697	-9.700109	1.163582	42.792
0.2896984	-9.664195	1.2078748	42.842
0.2693477	-9.664195	1.1204864	42.891
0.1604115	-9.818622	0.9756372	42.942
0.0011971008	-9.803059	0.5374983	42.982
0.3196259	-9.674969	0.82599956	43.043
0.32800564	-9.76116	0.6572084	43.091
0.23582886	-9.715671	0.8595184	43.142
0.12210429	-9.629479	0.7158663	43.192
0.23343466	-9.66659	0.9648633	43.242
0.093373865	-9.739613	0.6464345	43.292
0.08499416	-9.694122	0.79367787	43.342
0.1376666	-9.654618	0.89184016	43.391
0.29568392	-9.683349	0.9720459	43.452
0.10175357	-9.782708	0.8343793	43.492
-0.15322891	-9.774328	0.80445176	43.541
0.34237084	-9.76954	1.3802572	43.592
0.7793127	-9.812635	1.1073183	43.642
0.2861071	-9.752781	1.043872	43.692
0.051475335	-9.640253	1.4449008	43.742
0.08619126	-9.557653	1.4173675	43.802
0.19153613	-9.637859	1.7190368	43.842
-0.10295067	-9.528923	1.8471266	43.902
-0.21667525	-9.671378	1.7405846	43.942
0.0035913025	-9.655815	1.6400281	43.982
0.12210429	-9.647436	1.7705121	44.042
0.30406362	-9.654618	1.6112977	44.091
0.18315643	-9.900024	1.5598224	44.142
-0.33039984	-9.64983	1.5729905	44.192
-0.05865794	-9.43914	2.0482395	44.241
-0.19632454	-9.390059	2.1894975	44.292
-0.34835634	-9.41879	2.2888567	44.352
-0.3890578	-9.208099	2.504335	44.392
-0.130484	-9.379285	2.4779987	44.442
-0.19512744	-9.433155	2.4887726	44.502
-0.07062895	-9.674969	2.2589293	44.542
-0.01436521	-9.537302	2.1703439	44.602
-0.2753332	-9.515755	2.006341	44.642
-0.20350714	-9.593566	2.2361844	44.692
-0.30765492	-9.470264	2.1930888	44.741
-0.28491	-9.459491	2.2242134	44.792
-0.16519992	-9.734824	2.1990743	44.842
0.04189853	-9.726444	1.7896658	44.892
-0.23942018	-9.618706	1.7836803	44.942
-0.45848963	-9.461885	1.8926164	44.982
-0.62488663	-9.580399	2.1619642	45.052
-0.6500258	-9.504981	2.0829554	45.092
-0.5267244	-9.356541	2.0578163	45.142
-0.6655881	-9.587581	2.018312	45.192
-0.46327803	-9.306262	1.9788077	45.241
-0.16280572	-9.762358	1.5885528	45.292
-0.5494693	-9.660604	1.520318	45.342
-0.11372458	-9.720459	1.6938977	45.402
0.21906945	-9.653421	1.4915876	45.442
0.51475334	-9.6845455	1.447295	45.502
0.37828386	-9.728839	1.4197617	45.542
0.3842694	-9.67856	1.2761095	45.592
0.46447513	-9.672575	1.7597382	45.642
0.56982	-9.659407	1.2569559	45.692
0.6344634	-9.688137	1.2785037	45.752
0.89064306	-9.694122	1.2856863	45.792
0.700304	-9.628283	1.3838485	45.842
0.89543146	-9.718064	0.93254155	45.892
0.82001406	-9.6845455	1.389834	45.952
0.439336	-9.455899	1.875857	45.982
0.2741361	-9.734824	1.1791444	46.042
0.6607997	-9.621099	1.8219875	46.092
0.39863458	-9.91798	1.3467385	46.152
0.5470751	-9.746795	1.7310078	46.192
0.48602295	-9.471462	1.8411411	46.252
0.41180268	-9.594764	1.6915035	46.292
0.7673417	-9.582792	1.6579847	46.342
0.5279215	-9.503783	2.0829554	46.392
0.39025488	-9.554062	2.0925324	46.442
0.1448492	-9.822212	1.7872716	46.502
0.25019407	-9.706094	2.0769699	46.542
0.039504327	-9.336189	2.006341	46.592
0.2717419	-9.691729	2.3678656	46.642
0.36631286	-9.556456	2.0087352	46.692
-0.10055647	-9.528923	2.505532	46.741
-0.5494693	-9.442732	2.0697873	46.801
-0.20709845	-9.399636	2.5594015	46.842
-0.34835634	-9.637859	2.505532	46.902
-0.16879122	-9.291897	2.4109612	46.942
-0.09935937	-9.385271	2.542642	46.982
-0.1328782	-9.603143	2.3798366	47.052
-0.34117374	-9.654618	2.0171149	47.091
-0.34117374	-9.40203	2.2601264	47.142
-0.34356794	-9.528923	2.268506	47.191
-0.62249243	-9.299079	2.3092074	47.242
-0.61770403	-9.431957	2.360683	47.302
-0.5590461	-9.408015	2.4301147	47.342
-0.61291564	-9.330204	2.5246856	47.392
-0.92416185	-8.876503	2.742558	47.452
-0.6368576	-9.059659	2.9712043	47.492
0.33399114	-10.048465	2.834735	47.542
-0.20590134	-9.570822	1.4664485	47.592
0.29328972	-9.562442	2.3558946	47.642
0.055066638	-9.433155	1.733402	47.692
-0.010773907	-9.546879	2.2050598	47.752
-0.0035913025	-9.785102	2.0231004	47.792
-0.29328972	-9.677363	1.4293385	47.852
0.0035913025	-9.55885	2.1978772	47.892
0.15322891	-9.862914	1.4568717	47.942
-0.23822308	-9.676167	1.4772224	47.982
-0.4249708	-9.628283	1.9393034	48.052
-0.25857377	-9.394848	1.780089	48.102
-0.49679685	-9.348161	2.2948422	48.152
-0.45489833	-9.600749	1.9859903	48.192
-0.20709845	-9.736021	1.9500773	48.242
0.01436521	-9.465476	2.1416135	48.291
0.25498247	-9.524135	1.5562311	48.342
0.5410896	-9.634268	1.5897499	48.402
0.5410896	-9.749189	1.3311762	48.442
0.61171854	-9.676167	1.388637	48.492
0.7170634	-9.657013	1.3826514	48.541
0.60693014	-9.662998	1.4317327	48.602
0.81642276	-9.759963	1.2797008	48.642
0.60812724	-9.625888	1.2354081	48.692
0.7230489	-9.696517	1.3730747	48.752
0.45370123	-9.698911	1.1911154	48.791
0.23463176	-9.82341	1.1959038	48.842
0.2693477	-9.680955	1.5777789	48.892
0.50158525	-9.442732	1.8950106	48.942
0.8738836	-9.51336	1.9692309	48.982
0.24301147	-9.871294	1.0594343	49.041
0.06703765	-9.664195	1.4820108	49.092
0.4189853	-9.868899	1.6771383	49.152
0.39624038	-9.660604	1.6998832	49.191
0.9552865	-9.556456	2.3223755	49.242
0.8870517	-9.454702	2.6659436	49.291
0.4177882	-9.263166	2.790442	49.342
0.30166942	-9.487024	2.9460652	49.402
0.2801216	-9.32781	2.6839	49.442
-0.18195933	-9.059659	2.8898015	49.492
-0.092176765	-9.431957	2.8670566	49.541
0.37469256	-9.417592	3.0538042	49.592
0.2705448	-9.168595	3.335123	49.642
0.06584055	-9.166202	3.301604	49.702
0.16879122	-9.070433	3.6260185	49.742
0.1604115	-9.193734	3.5637693	49.791
0.047884032	-8.992621	3.6966474	49.842
-0.04189853	-8.990228	3.7445314	49.892
-0.05746084	-9.121908	3.763685	49.942
-0.21787235	-8.949526	3.7313633	49.982
-0.051475335	-9.051279	3.679888	50.053
-0.06344634	-8.931569	3.776853	50.092
-0.049081136	-9.044097	3.7361517	50.141
0.0023942017	-8.8884735	3.7936125	50.192
0.108936176	-9.126697	3.8163576	50.242
0.1316811	-9.024943	3.7349546	50.292
0.29209262	-9.113529	3.6355953	50.342
0.18555063	-9.127894	3.441665	50.391
0.20231004	-9.28232	3.645172	50.442
1.021127	-9.629479	3.321955	50.492
0.581791	-9.330204	2.670732	50.542
0.50876784	-9.099164	2.9951463	50.591
0.7565677	-9.403227	2.9580362	50.642
0.34476504	-9.326612	2.7940333	50.692
0.2861071	-9.43076	3.2968156	50.742
0.36032736	-9.283517	2.858677	50.792
0.4357447	-9.411607	3.157952	50.842
0.45370123	-9.483433	2.6120741	50.891
0.545878	-9.340978	2.790442	50.942
0.6679823	-9.291897	2.825158	50.992
0.5662287	-9.479841	2.847903	51.042
0.6739678	-9.43076	2.9005754	51.102
0.7134721	-9.360131	2.5905263	51.142
1.0151415	-9.42238	2.991555	51.192
0.61291564	-9.306262	2.3558946	51.241
0.50996494	-9.324219	2.9496565	51.292
0.6380547	-9.340978	2.8443117	51.342
0.62129533	-9.3733	2.6599581	51.392
0.5434838	-9.363723	2.7269957	51.452
0.6787562	-9.295488	2.7210102	51.491
0.6368576	-9.349358	2.565387	51.542
0.8451532	-9.518148	2.7868507	51.592
0.712275	-9.546879	2.5438392	51.642
0.7433996	-9.461885	2.6396074	51.692
0.7553706	-9.5385	2.7700913	51.742
0.6536171	-9.339781	2.6767175	51.802
0.6548142	-9.537302	2.814384	51.842
0.46686932	-9.49301	2.895787	51.892
0.46926352	-9.330204	2.707842	51.952
0.5446809	-9.2787285	3.1316159	51.992
0.5398925	-9.396045	2.9137435	52.043
0.2669535	-9.339781	3.028665	52.092
0.35075054	-9.272743	3.193865	52.142
0.2861071	-9.313444	3.1627405	52.191
0.22026655	-9.178172	3.2932243	52.242
0.06344634	-9.334992	3.2609026	52.292
0.021547815	-9.141062	3.157952	52.342
-0.0023942017	-9.173384	3.4249055	52.392
0.011971008	-9.153033	3.4093432	52.441
-0.14844051	-9.1255	3.3123782	52.492
-0.260968	-9.165004	3.3087866	52.541
-0.10055647	-9.15423	3.4404678	52.592
-0.062249243	-9.046491	3.5326445	52.642
0.051475335	-9.208099	3.5218706	52.702
0.051475335	-9.121908	3.4033577	52.742
0.272939	-9.481039	3.4979286	52.792
0.18195933	-9.121908	3.2848446	52.841
-0.20709845	-8.996213	3.3854012	52.892
-0.10534488	-9.222465	3.5984852	52.952
-0.027533319	-9.235633	3.252523	52.991
0.022744916	-9.271546	3.3135753	53.043
0.18315643	-9.332599	3.0693667	53.092
0.2825158	-9.390059	3.0214825	53.138
0.15682021	-9.332599	3.0131028	53.203
0.33518824	-9.227253	2.966416	53.242
0.22266077	-9.2547865	3.25372	53.292
0.48003745	-9.408015	2.9269116	53.342
0.36511576	-9.372103	2.837129	53.392
0.48841715	-9.436746	2.9472623	53.442
0.6548142	-9.551667	2.554613	53.492
0.6560113	-9.613917	2.4253263	53.552
0.5674258	-9.437943	2.6862943	53.602
0.6380547	-9.436746	2.5067291	53.642
0.61770403	-9.458294	2.4612393	53.692
0.59974754	-9.478644	2.4600422	53.742
0.6919243	-9.466674	2.4839842	53.792
0.7577648	-9.497798	2.3403323	53.842
0.79367787	-9.457097	2.4037786	53.902
0.81642276	-9.4535055	2.36188	53.942
0.8367735	-9.403227	2.4827871	53.992
1.0726024	-9.440337	2.195483	54.052
0.91697925	-9.5253315	2.2888567	54.092
1.0247183	-9.466674	2.2361844	54.142
0.9564836	-9.516952	2.3247697	54.192
0.7757214	-9.604341	2.384625	54.242
0.46208093	-9.510966	2.4013844	54.292
0.58657944	-9.417592	2.2936451	54.341
0.9828198	-9.600749	2.3630772	54.392
1.0642227	-9.552865	2.1547816	54.442
0.7577648	-9.599552	2.4995465	54.492
0.39743748	-9.570822	2.172738	54.542
0.39025488	-9.405622	2.7593174	54.592
0.37349546	-9.532514	2.670732	54.642
0.36750996	-9.425972	2.6252422	54.692
0.2813187	-9.31105	2.8646624	54.742
0.4333505	-9.411607	2.8538885	54.792
0.2669535	-9.264363	2.942474	54.852
0.19033903	-9.414001	3.0669725	54.892
-0.094570965	-9.349358	2.8419175	54.942
-0.08738836	-9.127894	3.0095115	54.992
-0.1316811	-9.326612	3.1747115	55.052
-0.1604115	-9.088389	3.0933087	55.092
-0.06943185	-9.204509	3.4500446	55.142
0.25737667	-9.561244	2.9233203	55.192
0.19153613	-9.003395	3.084929	55.242
0.21188685	-9.333796	3.1591492	55.292
-0.10414778	-9.14226	3.1172507	55.342
-0.05865794	-9.203311	3.3901896	55.392
-0.19153613	-9.094376	3.3542767	55.442
0.35194764	-9.522937	3.383007	55.492
0.079008654	-9.161413	3.0358477	55.542
0.14604631	-9.17099	3.1723173	55.592
0.18315643	-9.591172	3.3327289	55.642
-0.14604631	-8.921992	2.7641058	55.692
-0.0047884034	-9.19134	3.4859576	55.742
0.11971009	-9.722853	2.9700072	55.792
0.4357447	-9.179369	2.8670566	55.842
-0.22385786	-9.533711	2.6300306	55.892
0.077811554	-9.190144	2.5354595	55.942
0.22266077	-9.308656	2.8634653	55.992
0.30166942	-9.479841	2.5079262	56.043
0.39743748	-9.53012	2.5689783	56.092
0.094570965	-9.532514	2.1667526	56.142
0.23463176	-9.51336	2.3523033	56.192
0.40821138	-9.593566	2.0697873	56.242
0.25019407	-9.617508	2.1033063	56.292
0.37708676	-9.54209	2.2828712	56.342
0.58418524	-9.409213	2.148796	56.392
0.50278234	-9.64983	2.2517467	56.442
0.6847417	-9.355343	1.9021933	56.492
0.8774749	-9.640253	2.043451	56.542
0.79966336	-9.569624	1.6687586	56.592
0.9696517	-9.434352	1.9692309	56.642
1.0809821	-9.631873	1.9405005	56.692
0.842759	-9.448717	1.8710686	56.742
0.82121116	-9.533711	1.8626889	56.792
1.0187328	-9.688137	1.9177556	56.842
1.4089876	-9.664195	1.8746599	56.892
0.82360536	-9.562442	1.8782512	56.942
0.7781156	-9.5732155	1.8543092	56.992
1.0690111	-9.583989	1.9812019	57.043
0.9696517	-9.609129	2.1284454	57.092
0.9983821	-9.514558	2.0410569	57.142
0.9995792	-9.496601	2.2625206	57.192
0.6464345	-9.502586	2.1308396	57.242
0.8750807	-9.4295635	2.7593174	57.292
0.7110779	-9.441534	2.6072857	57.342
0.2789245	-9.241618	2.5785553	57.392
0.5638345	-9.435549	3.4488475	57.442
0.94331545	-9.611523	2.9101522	57.492
0.5327099	-9.174581	2.9628246	57.542
0.7781156	-9.186552	3.3267434	57.592
0.8631097	-9.294291	3.1759086	57.642
0.4297592	-9.184157	3.502717	57.692
0.20949265	-9.064447	3.669114	57.742
0.19871874	-9.004593	3.8355112	57.802
0.14724341	-8.860941	3.8426938	57.842
0.19393034	-8.938752	3.9600096	57.892
0.14724341	-8.848969	3.9911342	57.942
0.16759412	-8.957906	3.9492357	57.992
0.079008654	-8.88608	3.9396589	58.042
0.12090719	-8.834604	4.152743	58.094
0.30645782	-8.89446	4.0342298	58.137
0.23223756	-9.074024	3.8235402	58.193
0.23702596	-9.052477	3.7457285	58.252
0.21787235	-9.046491	3.560178	58.302
0.16400282	-9.012972	3.8355112	58.342
0.59256494	-9.276335	3.66672	58.392
0.45130703	-9.384073	3.3518825	58.442
0.59735334	-9.028535	3.288436	58.502
0.5398925	-9.251195	3.309984	58.542
0.5626374	-9.258378	3.156755	58.592
0.50996494	-9.412804	3.2489316	58.642
0.29448682	-9.226056	3.052607	58.702
0.21068975	-9.481039	3.169923	58.742
0.34476504	-9.417592	2.3451207	58.792
0.37708676	-9.374496	3.0059202	58.852
0.5327099	-9.39365	2.5474305	58.892
0.7098808	-9.5253315	2.777274	58.942
0.4141969	-9.314642	2.6300306	58.992
0.49440265	-9.369708	2.942474	59.042
0.7721301	-9.578004	3.064578	59.102
0.24899697	-9.27394	2.3810337	59.143
0.5470751	-9.3661175	2.778471	59.192
0.59256494	-9.472659	2.5187001	59.242
0.62249243	-9.375694	2.5773582	59.292
0.7158663	-9.388862	2.718616	59.342
0.5805939	-9.41879	2.6503813	59.392
0.6715736	-9.421184	2.6623523	59.452
0.37349546	-9.609129	2.492364	59.492
0.79128367	-9.241618	2.822764	59.542
0.90141696	-9.510966	2.8981812	59.585
0.78888947	-9.459491	2.7401638	59.642
0.6584055	-9.32781	2.7988217	59.692
0.58418524	-9.527725	2.920926	59.742
0.40102878	-9.409213	2.9771898	59.792
0.41299978	-9.272743	3.2034419	59.842
0.3842694	-9.398438	3.1507695	59.892
0.56982	-9.17099	3.2860417	59.942
0.557849	-9.288305	3.2106245	59.992
0.36870706	-9.157822	3.3973722	60.062
0.427365	-9.112331	3.4751837	60.092
0.21667525	-9.3026705	3.50152	60.143