2.0602105	-9.0237465	3.0310593	0.041
2.4552538	-8.704121	3.228581	0.086
2.0829554	-9.26197	2.741361	0.141
2.328361	-8.949526	3.2034419	0.191
2.2816741	-9.010578	3.1495724	0.241
2.19668	-9.0476885	3.0789435	0.291
2.2182279	-8.955511	3.3506854	0.341
2.1320367	-9.100361	2.8167782	0.391
2.327164	-9.053674	2.9879637	0.441
2.3199813	-8.996213	2.9831753	0.491
2.2397757	-9.090784	3.016694	0.542
2.3211784	-9.012972	3.0466216	0.591
2.2852654	-9.112331	2.8538885	0.644
2.3259668	-9.088389	2.9412768	0.694
2.360683	-9.010578	3.122039	0.744
2.3139958	-8.990228	3.0801406	0.794
2.328361	-9.057265	3.0023289	0.844
2.2278047	-9.107543	2.919729	0.886
2.3139958	-8.987833	3.1256304	0.946
2.3139958	-9.03452	3.0250738	1.0
2.3116016	-8.9842415	3.1124623	1.042
2.2697031	-9.08001	3.0131028	1.094
2.3199813	-9.002198	3.0478187	1.143
2.2337902	-9.029732	3.0765493	1.185
2.1667526	-9.064447	2.9951463	1.245
2.2050598	-9.001001	3.1591492	1.286
2.2409728	-9.088389	2.9340942	1.345
2.2062569	-9.045294	2.9161377	1.385
2.2589293	-9.078813	2.9161377	1.446
2.2146366	-9.114726	2.8431146	1.493
2.2026656	-9.074024	2.9125464	1.545
2.2050598	-9.102755	2.8862102	1.593
2.2744915	-9.132683	2.7952304	1.643
2.2242134	-9.130288	2.8550856	1.691
2.1547816	-9.099164	2.861071	1.741
2.1140802	-9.147048	2.7473464	1.791
2.1057005	-9.19972	2.7509377	1.841
2.183512	-9.062054	2.873042	1.891
2.2996306	-9.149442	2.9149406	1.941
2.2218192	-9.083601	2.822764	1.994
2.219425	-9.188946	2.802413	2.041
2.1918917	-9.226056	2.5570073	2.124
2.2361844	-9.222465	2.4911668	2.141
1.9680338	-9.082404	3.0621839	2.191
1.8555063	-9.078813	3.1352072	2.241
1.8818425	-9.203311	2.6443958	2.291
2.019509	-9.214086	2.7030537	2.341
2.1511903	-9.148245	3.0119057	2.391
2.066196	-9.123106	3.1304188	2.441
1.9800048	-9.029732	2.9029696	2.491
2.03148	-9.165004	2.9951463	2.536
1.9021933	-9.172187	2.8323407	2.59
1.8112136	-9.194932	2.814384	2.641
1.7106571	-9.148245	3.1735144	2.691
1.8339585	-9.221268	2.813187	2.741
2.1033063	-9.119514	2.9113493	2.791
1.7549498	-9.454702	2.5342624	2.841
1.8674773	-8.986636	2.7150247	2.891
2.2230163	-9.084799	3.2836475	2.941
1.8447324	-9.032125	3.1759086	2.991
1.8626889	-9.124303	2.9484594	3.041
1.9129672	-9.194932	2.8778305	3.091
1.8219875	-9.16261	2.9317	3.141
1.8387469	-9.221268	2.932897	3.191
1.8614918	-9.270349	2.7880478	3.241
1.8830396	-8.973468	3.0131028	3.291
1.8938135	-9.1350765	3.1435869	3.351
1.8938135	-9.002198	3.0214825	3.401
1.6962919	-9.279925	3.1148565	3.451
1.7082629	-9.0476885	3.1615434	3.501
1.7106571	-9.090784	3.0561984	3.551
2.079364	-9.118318	3.2202013	3.601
1.9452889	-9.123106	2.8933928	3.651
2.0290859	-9.084799	3.086126	3.701
1.9548657	-9.063251	3.156755	3.751
1.8794483	-9.119514	3.1483753	3.801
1.7956513	-9.08001	3.1483753	3.851
1.8543092	-9.1255	3.0550013	3.901
1.8339585	-9.101558	3.0825348	3.951
1.9153614	-9.107543	3.1364043	4.001
1.9249382	-9.11712	3.0753522	4.051
1.934515	-9.112331	3.0909145	4.101
1.9069817	-9.108741	3.0657754	4.151
1.9213469	-9.101558	3.1064768	4.201
1.9393034	-9.108741	3.1184478	4.251
1.9405005	-9.095572	3.169923	4.301
1.9237411	-9.077616	3.1411927	4.351
1.8830396	-9.068039	3.1866825	4.401
1.9117701	-9.112331	3.086126	4.451
1.9321208	-9.021352	3.1950622	4.501
1.9189527	-9.101558	3.0825348	4.546
1.863886	-9.103952	3.1136594	4.611
1.8854338	-9.119514	3.0322564	4.651
1.899799	-9.160215	2.9125464	4.681
1.9560628	-9.091981	3.0538042	4.752
2.030283	-9.035717	3.1986535	4.802
2.0518308	-9.044097	3.2333694	4.846
2.019509	-9.149442	3.0885203	4.89
1.6340426	-9.115923	2.8874073	4.941
1.6340426	-9.115923	2.8874073	4.941
1.769315	-9.204509	2.8574798	5.04
1.8842367	-9.139865	3.0382419	5.081
1.8375498	-9.111135	2.9759927	5.142
1.8986019	-9.180567	3.1028855	5.173
1.7118542	-9.194932	2.8694508	5.242
1.7070658	-9.239224	2.873042	5.281
1.8267759	-9.218874	2.8083985	5.341
1.970428	-9.246407	2.6994624	5.381
1.9596541	-9.181764	2.8311436	5.422
1.8267759	-9.17099	2.858677	5.492
2.0805612	-9.106346	3.107674	5.612
1.7764976	-9.106346	3.107674	5.612
1.7561469	-9.157822	3.107674	5.652
1.8626889	-9.179369	2.9293058	5.692
1.79206	-9.187749	2.835932	5.735
1.780089	-9.203311	2.7748797	5.787
1.7896658	-9.240421	2.8275523	5.851
1.8902222	-9.208099	2.906561	5.88
1.7992426	-9.188946	2.8754363	5.942
1.8650831	-9.161413	2.955642	5.962
1.6986861	-9.202114	2.8119898	6.048
1.7525556	-9.186552	2.8778305	6.085
1.757344	-9.184157	3.0442274	6.141
1.970428	-9.288305	2.8107927	6.191
1.6519991	-9.151836	2.7617116	6.239
1.7357962	-9.267955	2.731784	6.301
1.6711528	-9.210494	2.7521348	6.391
1.7381904	-9.210494	2.7521348	6.391
1.8555063	-9.210494	2.9352913	6.431
1.7753005	-9.17099	2.9831753	6.472
1.7884687	-9.2069025	2.8754363	6.541
1.7561469	-9.174581	2.8514943	6.584
1.7034745	-9.221268	2.7820623	6.653
1.7741034	-9.239224	2.8167782	6.701
1.7345991	-9.211691	2.8095956	6.752
1.7441759	-9.223662	2.8119898	6.785
1.7310078	-9.252393	2.908955	6.833
1.7944542	-9.214086	2.80361	6.892
1.7286136	-9.208099	2.8562827	6.932
1.7585411	-9.222465	2.7629087	6.955
1.7633295	-9.200917	2.8682537	7.035
1.7417817	-9.215282	2.9388826	7.082
1.7860745	-9.187749	2.8550856	7.131
1.7166426	-9.193734	2.8802247	7.193
1.7681179	-9.2308445	2.8263552	7.231
1.7741034	-9.212888	2.8502972	7.282
1.7753005	-9.188946	2.9041667	7.342
1.8148049	-9.214086	2.979584	7.392
2.1164744	-9.216479	3.347094	7.441
2.3654714	-9.163807	3.9743748	7.486
0.15801731	-9.321824	0.62249243	7.542
2.172738	-9.01417	2.6036944	7.593
1.3024458	-9.224859	2.3786395	7.642
2.0769699	-9.180567	2.7162218	7.713
1.9357121	-9.083601	3.0669725	7.743
1.8291701	-9.293094	2.6779146	7.792
1.8962077	-9.097966	2.918532	7.832
1.7489643	-9.24521	2.7952304	7.892
1.733402	-9.151836	2.8287494	7.932
1.8471266	-9.2308445	2.896984	7.962
1.8507179	-9.212888	2.813187	8.043
1.7944542	-9.19134	2.979584	8.099
1.8590976	-9.217676	2.7257986	8.144
1.7980455	-9.192537	2.8742392	8.198
1.8291701	-9.190144	2.8993783	8.332
1.7980455	-9.178172	3.0346506	8.525
1.8459295	-9.178172	3.0346506	8.525
1.8459295	-9.096769	3.0669725	8.548
1.8662802	-9.096769	3.0669725	8.548
1.8662802	-9.096769	3.0669725	8.548
1.8662802	-9.096769	3.0669725	8.548
1.8806454	-9.144653	3.108871	8.588
1.7621324	-9.188946	3.0370448	8.701
1.780089	-9.129091	3.0370448	8.701
1.7836803	-9.115923	2.9472623	9.286
1.9428947	-9.115923	2.9472623	9.286
1.9428947	-9.115923	2.9472623	9.286
1.9428947	-9.115923	2.9472623	9.286
1.9428947	-9.115923	2.9472623	9.286
1.9428947	-9.070433	2.956839	9.324
1.8112136	-9.111135	3.1040826	9.332
1.8112136	-9.111135	3.1040826	9.332
1.8112136	-9.111135	3.1040826	9.332
1.8112136	-9.111135	3.1040826	9.332
1.8112136	-9.143456	3.1399956	9.351
1.7633295	-9.136273	3.145981	9.364
1.7633295	-9.136273	3.145981	9.364
1.7393875	-9.156625	3.084929	9.401
1.8650831	-9.17099	2.991555	9.443
1.7058687	-9.139865	2.9975405	9.499
1.8902222	-9.121908	2.9987376	9.541
1.9141643	-9.103952	3.0334535	9.592
1.9560628	-9.124303	3.0657754	9.641
1.8974048	-9.160215	3.0071173	9.693
1.875857	-9.118318	3.0202854	9.712
1.8626889	-9.190144	2.802413	9.784
1.9081788	-9.181764	2.8167782	9.811
1.875857	-9.058462	3.3207579	9.881
1.9177556	-9.059659	3.156755	9.942
1.9369092	-9.078813	3.1292217	9.955
1.9045875	-9.121908	2.9783869	10.037
1.8926164	-9.166202	3.0142999	10.065
1.875857	-9.14585	3.0298622	10.133
1.9297266	-9.102755	3.0813377	10.174
1.9560628	-9.103952	3.084929	10.237
1.9165585	-9.13388	3.015497	10.292
1.9237411	-9.100361	2.9484594	10.33
1.8387469	-9.131485	3.1292217	10.386
1.9261353	-9.089587	3.1004913	10.421
1.8483237	-9.123106	3.0358477	10.502
1.8602947	-9.123106	2.8802247	10.551
1.8650831	-9.192537	2.8766334	10.572
2.0135236	-9.072827	3.0454245	10.639
1.5370775	-9.084799	2.9987376	10.715
1.9632454	-9.198523	2.8502972	10.741
1.9883845	-9.202114	2.8287494	10.782
1.9632454	-9.1255	3.028665	10.816
1.8674773	-9.064447	3.2441432	10.881
1.9680338	-9.130288	2.96881	10.953
1.9680338	-9.130288	2.96881	10.962
1.9333179	-9.147048	2.943671	11.041
2.0171149	-9.166202	2.8335378	11.101
1.8914193	-9.11712	3.2333694	11.142
1.8315643	-9.088389	3.241749	11.201
1.9369092	-9.115923	2.9747956	11.241
1.9907787	-9.081207	3.110068	11.301
1.8219875	-9.1255	2.8886044	11.352
1.8291701	-9.238028	2.815581	11.401
1.7753005	-9.132683	3.0621839	11.451
1.8471266	-9.127894	2.9376855	11.501
1.9752164	-9.19972	2.8862102	11.551
1.9321208	-9.120711	2.9963434	11.586
1.910573	-9.1255	3.1471782	11.651
1.7142484	-9.168595	2.979584	11.702
1.8662802	-9.192537	2.7162218	11.751
1.9009962	-9.232041	2.7988217	11.801
1.9045875	-9.19134	2.8754363	11.851
1.9692309	-9.167398	2.8646624	11.901
1.9057846	-9.172187	2.8993783	11.951
1.8327614	-9.105149	2.920926	11.971
1.7705121	-9.26197	2.7257986	12.051
1.7812861	-9.226056	2.7760768	12.105
1.8088194	-9.209297	2.731784	12.141
1.7764976	-9.196129	2.8395233	12.201
1.8148049	-9.19134	2.8072014	12.25
1.7585411	-9.186552	2.8443117	12.301
1.816002	-9.185355	2.883816	12.341
1.7705121	-9.23683	2.7162218	12.381
1.8219875	-9.229648	2.7868507	12.441
1.6675615	-9.276335	2.718616	12.491
1.8004397	-9.202114	2.6791117	12.549
1.8986019	-9.259575	2.6922798	12.591
1.7872716	-9.168595	2.8574798	12.642
1.7932571	-9.181764	2.8933928	12.694
1.5993267	-9.271546	2.8275523	12.737
1.721431	-9.19134	2.6180596	12.793
1.804031	-9.208099	3.052607	12.841
1.8171991	-9.1255	2.7257986	12.895
1.9620483	-9.220071	2.920926	12.943
1.8602947	-9.103952	2.9017725	12.975
1.8255788	-9.224859	2.8562827	13.041
1.8148049	-9.23683	2.633622	13.085
1.7980455	-9.221268	2.8491	13.142
1.8830396	-9.178172	2.919729	13.191
1.8171991	-9.224859	2.8383262	13.241
1.9524715	-9.130288	2.9520507	13.296
1.8794483	-9.121908	3.1555579	13.321
1.7980455	-9.114726	3.108871	13.376
1.8614918	-9.168595	2.9125464	13.421
1.910573	-9.130288	3.0250738	13.462
1.8435353	-9.15423	3.2190042	13.539
1.8387469	-9.15423	2.8395233	13.596
1.9165585	-9.114726	2.9604304	13.646
2.007538	-9.113529	3.074155	13.697
1.9488802	-9.137471	2.9257145	13.747
1.9213469	-9.105149	3.0609868	13.807
1.9177556	-9.155427	2.9520507	13.847
1.9835961	-9.127894	2.9269116	13.897
2.0015526	-9.097966	3.0454245	13.946
2.0039468	-9.132683	3.0669725	13.966
2.0039468	-9.099164	3.063381	14.059
1.9752164	-9.094376	3.0382419	14.096
1.9165585	-9.090784	3.0310593	14.146
1.9572599	-9.081207	3.0992942	14.206
2.0099323	-9.109938	3.1531637	14.256
1.9871874	-9.035717	3.1663318	14.296
1.9021933	-9.089587	3.1172507	14.346
1.9788077	-9.115923	3.0873232	14.406
1.9596541	-9.039309	3.1232362	14.446
1.9668367	-9.097966	3.144784	14.496
1.9476831	-9.082404	3.1028855	14.546
1.9668367	-9.065644	3.157952	14.596
1.9632454	-9.082404	3.0813377	14.646
1.9488802	-9.070433	3.1735144	14.698
1.9297266	-9.0716305	3.1435869	14.746
1.946486	-9.046491	3.1555579	14.796
1.9069817	-9.090784	3.1723173	14.846
1.934515	-9.089587	3.1304188	14.896
1.9285295	-9.08001	3.1112652	14.948
1.9608512	-9.094376	3.0992942	14.982
1.9608512	-9.094376	3.0992942	14.982
1.9788077	-9.054871	3.1723173	15.096
1.887828	-9.090784	3.1890767	15.148
1.9249382	-9.089587	3.0310593	15.199
1.9512744	-9.119514	3.1136594	15.247
1.9608512	-9.123106	3.0430303	15.296
1.9500773	-9.063251	3.180697	15.347
1.9895816	-9.091981	3.1244333	15.396
1.8974048	-9.085996	3.1052797	15.447
1.8974048	-9.076419	3.1232362	15.496
1.9476831	-9.14226	3.072958	15.546
1.8914193	-9.108741	3.0621839	15.596
1.922544	-9.084799	3.0825348	15.645
1.9237411	-9.063251	3.063381	15.696
1.9261353	-9.111135	3.1364043	15.746
1.8914193	-9.103952	3.083732	15.796
1.8543092	-9.141062	3.0011318	15.846
1.8986019	-9.1590185	2.9269116	15.896
1.910573	-9.13388	2.9580362	15.946
1.9381063	-9.148245	2.9735985	15.976
1.9009962	-9.115923	3.0550013	16.177
1.875857	-9.115923	3.0550013	16.177
1.875857	-9.115923	3.0550013	16.177
1.8255788	-9.16261	3.0777464	16.197
1.899799	-9.097966	3.0669725	16.246
1.8567034	-9.120711	3.1040826	16.298
1.9321208	-9.068039	3.0550013	16.346
1.9081788	-9.127894	3.028665	16.466
1.8734628	-9.127894	3.028665	16.476
1.9141643	-9.150639	2.9580362	16.496
1.8818425	-9.111135	3.0789435	16.556
1.8890251	-9.107543	3.13401	16.596
1.8531121	-9.121908	3.1004913	16.647
1.8794483	-9.111135	3.0382419	16.697
1.8483237	-9.136273	3.027468	16.746
1.9033904	-9.103952	3.1028855	16.796
1.8986019	-9.107543	3.0873232	16.847
1.9764135	-8.9998045	3.2632968	16.896
2.0482395	-9.060856	3.2561142	16.946
1.9907787	-9.029732	3.2752678	16.967
1.9512744	-8.9998045	3.1148565	17.046
2.0745757	-9.036914	3.3446999	17.096
2.079364	-9.046491	3.0298622	17.146
2.1045034	-9.065644	3.25372	17.196
2.0374656	-8.983045	3.2202013	17.246
2.030283	-9.038112	3.4261026	17.297
1.8842367	-9.050082	3.2573113	17.346
2.030283	-9.050082	3.2237926	17.396
2.0949266	-8.992621	3.2968156	17.446
2.0590134	-9.012972	3.3123782	17.487
2.0602105	-9.003395	3.277662	17.546
2.0446482	-9.035717	3.1735144	17.616
2.0769699	-9.032125	3.1232362	17.647
2.220622	-9.001001	3.145981	17.698
2.184709	-9.038112	3.1280246	17.747
2.207454	-9.028535	3.1555579	17.796
2.1643584	-9.082404	3.13401	17.846
2.0745757	-9.093178	3.0657754	17.896
2.1164744	-9.057265	3.1004913	17.946
2.0530279	-9.041702	3.2585084	17.979
2.0159178	-9.006987	3.2872388	18.051
2.111686	-9.003395	3.2489316	18.106
2.19668	-8.99741	3.21661	18.146
2.1691468	-9.033323	3.0370448	18.196
2.171541	-9.058462	3.2130187	18.246
2.0338743	-9.011775	3.2369606	18.298
1.9979613	-9.024943	3.1866825	18.347
2.0949266	-9.053674	3.1651347	18.396
2.0590134	-9.02614	3.3063924	18.496
2.0626047	-9.02614	3.3063924	18.496
1.9752164	-8.961497	3.3925838	18.546
2.086547	-9.036914	3.2668881	18.586
2.0626047	-9.14585	2.858677	18.681
2.0087352	-9.14585	2.858677	18.681
1.9812019	-9.059659	3.0585926	18.743
2.0829554	-9.115923	3.0490158	18.793
2.2242134	-8.963891	3.1651347	18.841
2.1679497	-9.121908	3.2034419	18.911
2.0566192	-9.032125	3.1387985	18.933
2.0566192	-9.089587	2.9747956	18.981
2.0566192	-9.089587	2.9747956	18.981
1.8351556	-9.033323	3.288436	19.089
2.043451	-9.100361	3.1471782	19.142
2.0362685	-9.084799	2.9616275	19.211
2.111686	-9.156625	2.9484594	19.241
1.9129672	-9.057265	3.1196449	19.292
1.8986019	-9.03452	3.040636	19.342
1.9201498	-9.297882	3.0119057	19.372
1.9572599	-8.966286	2.979584	19.432
1.9752164	-9.303867	2.7688942	19.486
2.0482395	-9.115923	3.1124623	19.563
2.0135236	-9.093178	3.0933087	19.582
2.0039468	-9.093178	3.0657754	19.642
1.946486	-9.179369	2.882619	19.691
1.9285295	-9.176975	2.7856536	19.741
1.9201498	-9.223662	2.5366566	19.785
1.8567034	-9.220071	2.8095956	19.836
1.875857	-9.173384	2.9029696	19.895
1.9237411	-9.15423	2.9987376	19.941
1.970428	-9.113529	3.0346506	19.981
1.970428	-9.113529	3.0346506	19.981
1.9285295	-9.151836	2.859874	20.093
2.007538	-9.217676	2.8000188	20.141
2.0506337	-9.1590185	2.7700913	20.185
1.9847932	-9.109938	2.9161377	20.241
1.9572599	-9.1255	3.0238767	20.284
1.8686744	-9.1590185	2.871845	20.338
1.887828	-9.119514	2.8526914	20.393
1.9416976	-9.126697	2.9903579	20.421
2.0410569	-9.2069025	2.755726	20.496
1.9835961	-9.156625	2.814384	20.541
1.9800048	-9.14226	2.8287494	20.589
2.0374656	-9.176975	2.9005754	20.632
1.958457	-9.100361	3.016694	20.691
1.9213469	-9.149442	2.9724014	20.744
1.922544	-9.115923	2.883816	20.811
1.9967642	-9.176975	2.791639	20.842
1.9045875	-9.108741	2.9879637	20.891
1.9620483	-9.172187	3.0873232	20.95
1.9620483	-9.172187	3.0873232	20.95
1.9620483	-9.172187	3.0873232	20.95
2.0135236	-9.126697	3.0657754	21.102
1.9644425	-9.14226	2.9173348	21.141
2.0649989	-9.161413	2.9843724	21.197
1.934515	-9.062054	2.9987376	21.241
1.934515	-9.151836	3.0226796	21.291
1.9405005	-9.065644	3.1268275	21.342
1.9285295	-9.107543	3.0382419	21.391
2.0003555	-9.088389	3.0310593	21.452
2.0290859	-9.105149	3.0418332	21.501
2.005144	-9.14585	3.003526	21.532
1.9967642	-9.105149	2.991555	21.601
1.9428947	-9.136273	3.0454245	21.648
1.9764135	-9.081207	3.0502129	21.674
1.922544	-9.109938	3.0585926	21.751
2.006341	-9.094376	3.083732	21.801
1.9835961	-9.138668	3.0561984	21.835
2.0338743	-9.11712	2.956839	21.892
1.9249382	-9.088389	3.3171666	22.023
1.9081788	-9.088389	3.3171666	22.023
1.9081788	-9.088389	3.3171666	22.023
2.172738	-9.074024	2.8407204	22.101
2.0769699	-9.111135	2.9484594	22.134
1.9680338	-9.064447	3.2381577	22.192
1.8842367	-9.139865	2.9616275	22.252
1.8626889	-9.137471	2.9137435	22.301
1.9596541	-9.114726	3.0238767	22.331
2.0446482	-9.046491	3.108871	22.391
2.0805612	-9.115923	3.0502129	22.441
1.9991584	-9.012972	3.0873232	22.521
2.0709844	-9.188946	3.1483753	22.545
2.1643584	-9.114726	2.8060043	22.581
2.0219033	-9.224859	2.802413	22.649
1.934515	-9.088389	3.1148565	22.692
1.9608512	-9.0237465	3.2429461	22.738
1.8303672	-9.03452	3.2585084	22.782
1.8674773	-9.045294	3.1040826	22.841
1.8543092	-9.095572	3.205836	22.904
1.9871874	-9.109938	3.0023289	22.931
1.9979613	-9.114726	3.0310593	22.991
2.0506337	-9.138668	2.96881	23.019
1.9596541	-9.136273	2.908955	23.099
1.9644425	-9.179369	2.906561	23.142
1.9991584	-9.174581	2.8299465	23.182
1.9476831	-9.132683	2.8754363	23.245
1.9632454	-9.114726	3.0214825	23.282
1.9740193	-9.111135	3.1172507	23.311
1.9369092	-9.137471	3.156755	23.384
1.9189527	-9.105149	3.0023289	23.441
1.8770541	-9.161413	2.9628246	23.482
1.9165585	-9.143456	2.89459	23.549
1.922544	-9.168595	2.9400797	23.583
1.8950106	-9.08001	3.05141	23.632
1.9201498	-9.090784	2.980781	23.704
1.9476831	-9.119514	3.0478187	23.733
1.9476831	-9.153033	2.871845	23.797
1.9129672	-9.096769	3.016694	23.851
1.9285295	-9.15423	2.9508536	23.889
1.9165585	-9.144653	2.8993783	23.938
1.9189527	-9.087193	3.1304188	24.006
1.9381063	-9.136273	3.0011318	24.032
1.9237411	-9.155427	2.9472623	24.096
1.9297266	-9.144653	2.942474	24.142
1.9189527	-9.126697	2.9520507	24.182
1.9740193	-9.166202	2.9616275	24.241
1.9249382	-9.11712	2.9747956	24.293
1.9033904	-9.1350765	3.015497	24.344
1.946486	-9.141062	2.9724014	24.412
1.9788077	-9.137471	3.0238767	24.443
1.9668367	-9.100361	3.0478187	24.488
1.9835961	-9.118318	2.9867666	24.543
1.9656396	-9.093178	3.1890767	24.591
1.8770541	-9.124303	3.0454245	24.631
2.0207062	-9.085996	3.052607	24.692
2.0506337	-9.081207	2.9831753	24.742
2.0386627	-9.113529	3.0885203	24.774
2.0254946	-9.0429	3.0909145	24.85
1.8962077	-9.14585	3.0107086	24.891
1.8770541	-9.151836	3.016694	24.925
1.9931729	-9.111135	3.1052797	25.0
2.006341	-9.089587	3.0334535	25.033
2.0350714	-9.132683	3.0430303	25.093
2.019509	-9.060856	3.0226796	25.143
2.0027497	-9.111135	3.0585926	25.191
1.9500773	-9.051279	3.1172507	25.241
1.99437	-9.078813	3.1364043	25.292
1.9871874	-9.08001	3.122039	25.341
1.958457	-9.094376	3.1495724	25.391
1.9428947	-9.064447	3.1148565	25.441
1.9644425	-9.027337	3.2824504	25.491
2.0326772	-9.111135	3.039439	25.532
2.0003555	-9.111135	3.074155	25.592
1.9979613	-9.051279	3.1376014	25.642
1.9847932	-9.0476885	3.2070332	25.693
2.0566192	-9.0237465	3.2501287	25.742
1.9381063	-9.130288	3.0693667	25.791
1.9333179	-9.084799	3.0669725	25.841
1.9405005	-9.041702	3.323152	25.895
2.018312	-9.066842	3.157952	25.951
2.0518308	-9.085996	3.1016884	25.971
1.9871874	-9.087193	3.1244333	26.031
1.910573	-9.069236	3.2154129	26.09
1.9524715	-9.077616	3.1148565	26.131
1.9393034	-9.064447	3.1711202	26.191
1.9309237	-9.107543	3.071761	26.242
1.9560628	-9.069236	3.1148565	26.291
1.982399	-9.107543	3.0597897	26.341
1.9895816	-9.039309	3.039439	26.391
1.9764135	-9.185355	3.0023289	26.457
1.9883845	-9.120711	3.0466216	26.491
1.8411411	-9.062054	2.979584	26.541
1.8770541	-9.186552	2.9771898	26.591
1.8339585	-9.059659	3.2010477	26.641
1.9309237	-9.163807	2.9017725	26.691
2.0386627	-9.132683	2.9173348	26.741
1.9500773	-9.173384	2.9161377	26.791
2.0039468	-9.11712	2.9017725	26.841
1.9189527	-9.184157	2.8095956	26.893
1.8698715	-9.257181	2.7808652	26.943
1.863886	-9.16261	2.7844565	27.011
2.0147207	-9.160215	2.7521348	27.032
2.0338743	-9.167398	2.7617116	27.091
2.0099323	-9.17099	2.7856536	27.141
1.875857	-9.184157	2.80361	27.191
1.9440918	-9.252393	2.7234044	27.232
1.9500773	-9.129091	2.7964275	27.298
1.9752164	-9.26197	2.7389667	27.331
1.9967642	-9.131485	2.8215668	27.391
1.9548657	-9.193734	2.858677	27.442
1.9488802	-9.126697	2.8119898	27.491
1.9512744	-9.161413	2.8622682	27.541
1.9788077	-9.165004	2.8323407	27.599
1.9656396	-9.165004	2.846706	27.645
1.946486	-9.15423	2.9017725	27.691
1.9285295	-9.112331	2.9963434	27.744
1.9883845	-9.223662	2.6683378	27.792
1.9919758	-9.166202	2.755726	27.841
2.0398598	-9.070433	3.108871	27.891
1.9572599	-9.136273	2.859874	27.941
1.9871874	-9.102755	2.942474	27.991
2.0111294	-9.143456	2.9293058	28.031
1.9871874	-9.106346	3.0466216	28.092
2.0111294	-9.165004	2.944868	28.141
2.030283	-9.075222	3.1028855	28.191
1.99437	-9.14226	2.9149406	28.245
1.9297266	-9.126697	2.955642	28.292
1.9680338	-9.085996	3.132813	28.342
2.0087352	-9.112331	2.896984	28.391
2.0398598	-9.131485	2.9891608	28.441
2.0027497	-9.063251	3.1280246	28.491
2.0326772	-9.091981	2.980781	28.541
1.970428	-9.115923	3.1004913	28.591
1.9057846	-9.091981	3.0418332	28.641
1.934515	-9.107543	2.954445	28.691
2.0003555	-9.059659	3.110068	28.741
2.0638018	-9.045294	3.0502129	28.791
1.9955671	-9.124303	3.120842	28.841
2.079364	-9.105149	3.003526	28.891
2.1080947	-9.123106	2.9831753	28.941
2.0231004	-9.066842	3.1723173	28.991
1.9261353	-9.085996	3.1735144	29.031
1.9285295	-9.065644	3.1268275	29.091
1.8794483	-9.074024	3.1591492	29.141
2.03148	-9.076419	3.0298622	29.191
2.1440077	-9.045294	3.072958	29.241
2.1942859	-9.074024	3.040636	29.291
2.1978772	-9.0716305	2.9975405	29.341
2.0709844	-9.090784	3.0454245	29.391
2.12246	-9.050082	3.107674	29.441
1.9895816	-8.998607	3.2812533	29.491
2.007538	-9.097966	3.1316159	29.541
2.0111294	-9.065644	3.0909145	29.591
2.0494366	-9.074024	3.05141	29.641
2.0649989	-9.051279	3.1244333	29.694
2.0614076	-9.083601	3.0945058	29.741
2.043451	-9.039309	3.1423898	29.791
2.054225	-9.039309	3.1435869	29.841
2.087744	-9.0716305	3.0095115	29.891
2.0685902	-9.064447	3.1136594	29.945
2.03148	-9.118318	3.0083144	29.993
2.078167	-9.038112	3.1878796	30.033
2.0829554	-9.069236	3.0478187	30.091
2.0231004	-9.066842	3.1016884	30.141
2.067393	-9.051279	3.1352072	30.191
2.0398598	-9.096769	3.071761	30.241
2.0709844	-9.051279	3.1531637	30.292
2.0697873	-9.033323	3.0561984	30.342
2.1021092	-9.077616	3.0933087	30.391
2.0231004	-9.01417	2.9783869	30.436
2.0805612	-9.020155	3.8007953	30.493
2.0518308	-9.129091	2.7928362	30.541
2.0518308	-9.054871	3.0992942	30.601
2.0111294	-9.036914	3.1555579	30.651
2.1440077	-9.091981	3.0418332	30.701
2.0219033	-9.0429	3.1495724	30.752
1.934515	-9.003395	3.277662	30.791
2.1583729	-9.14226	2.908955	30.851
2.2134395	-9.083601	2.883816	30.901
2.1021092	-9.091981	3.0909145	30.951
2.1763294	-8.980651	3.3446999	31.001
2.0003555	-9.072827	3.3446999	31.031
1.9213469	-9.033323	3.276465	31.101
1.9416976	-9.0716305	2.967613	31.151
2.1272483	-9.100361	3.028665	31.201
2.0721815	-9.065644	2.944868	31.241
2.1667526	-9.063251	3.1794999	31.301
2.1021092	-9.094376	3.0071173	31.351
1.9512744	-9.113529	3.072958	31.401
1.9177556	-9.111135	2.9831753	31.451
1.9776106	-9.175778	3.2094274	31.501
1.9788077	-9.150639	2.835932	31.551
2.0123265	-8.969876	3.2429461	31.601
2.0123265	-9.127894	2.7473464	31.651
2.1655555	-9.108741	2.882619	31.692
2.0769699	-9.138668	2.9987376	31.741
2.006341	-9.097966	2.9508536	31.791
2.0805612	-9.1255	2.9724014	31.841
1.9512744	-9.202114	2.822764	31.891
1.9093759	-9.036914	3.0262709	31.941
1.9369092	-9.244013	2.9352913	31.992
1.8124107	-9.121908	2.9532478	32.041
1.8902222	-9.112331	3.0011318	32.091
2.0913353	-9.11712	2.8802247	32.141
2.079364	-9.150639	2.7736826	32.191
2.0039468	-9.211691	2.813187	32.241
1.8686744	-9.11712	2.8778305	32.291
1.9716251	-9.209297	2.8443117	32.341
1.8710686	-9.156625	2.7964275	32.391
1.9596541	-9.166202	2.8538885	32.441
1.9021933	-9.161413	2.8862102	32.491
1.9452889	-9.155427	2.8909986	32.541
2.0278888	-9.166202	2.8263552	32.591
2.0817583	-9.141062	2.835932	32.642
2.0350714	-9.218874	2.7222073	32.691
1.8447324	-9.136273	2.791639	32.741
1.863886	-9.148245	3.0178912	32.791
1.8926164	-9.187749	2.8742392	32.841
1.9728222	-9.144653	2.942474	32.891
1.9560628	-9.124303	2.9053638	32.941
2.1152773	-9.165004	2.8287494	32.991
1.9847932	-9.16261	2.861071	33.041
2.0003555	-9.108741	3.0478187	33.091
1.9405005	-9.131485	2.9640217	33.141
1.9141643	-9.113529	2.9604304	33.191
1.9644425	-9.101558	3.028665	33.241
1.99437	-9.077616	2.955642	33.291
2.0326772	-9.113529	2.9652188	33.361
1.9871874	-9.115923	2.9891608	33.392
1.9033904	-9.147048	2.9017725	33.441
2.0805612	-9.136273	2.9460652	33.492
1.9381063	-9.121908	2.932897	33.541
1.9644425	-9.118318	2.9628246	33.601
2.0003555	-9.103952	3.110068	33.641
1.9620483	-9.114726	2.9317	33.691
2.0482395	-9.084799	3.0430303	33.741
2.0638018	-9.124303	3.0190883	33.791
1.9776106	-9.131485	2.9472623	33.841
1.9716251	-9.121908	2.9712043	33.891
1.9740193	-9.08001	3.063381	33.941
2.0841527	-9.144653	3.0322564	33.991
2.0506337	-9.02614	3.1112652	34.041
2.0458453	-9.151836	3.0765493	34.091
1.9500773	-9.0429	3.1507695	34.141
1.9835961	-9.106346	3.1028855	34.191
1.9788077	-9.090784	3.040636	34.241
1.9716251	-9.095572	3.1052797	34.291
2.0470424	-9.094376	3.0346506	34.341
1.9740193	-9.120711	3.0358477	34.391
1.9979613	-9.074024	3.0897174	34.441
2.042254	-9.072827	3.1735144	34.491
2.0326772	-9.069236	3.0466216	34.541
2.018312	-9.053674	3.1244333	34.591
2.0338743	-9.097966	3.098097	34.641
1.9596541	-9.114726	3.0538042	34.691
1.9800048	-9.057265	3.1244333	34.741
1.9608512	-9.048885	3.1723173	34.791
2.0733786	-9.103952	3.0346506	34.841
1.9991584	-9.085996	3.0550013	34.891
1.9093759	-9.064447	3.1591492	34.941
2.0015526	-9.060856	3.1040826	34.991
2.0614076	-9.077616	3.074155	35.041
2.0494366	-9.046491	3.1603463	35.091
2.0626047	-9.095572	3.0753522	35.141
2.03148	-9.081207	3.084929	35.191
1.9476831	-9.064447	3.1471782	35.244
2.0123265	-9.105149	3.0801406	35.293
1.9608512	-9.048885	2.980781	35.344
1.9273324	-9.115923	3.2225955	35.393
1.9883845	-9.100361	2.9975405	35.444
1.9871874	-9.069236	3.1399956	35.485
2.0769699	-9.103952	2.96881	35.545
1.9608512	-9.103952	2.9771898	35.587
1.9812019	-9.082404	3.052607	35.645
1.9728222	-9.1255	3.0298622	35.694
1.9093759	-9.085996	3.0669725	35.743
1.9560628	-9.1255	3.071761	35.786
1.8986019	-9.069236	3.0502129	35.846
1.9907787	-9.103952	3.0945058	35.885
2.0685902	-9.101558	2.8502972	35.945
2.0111294	-9.1590185	2.9604304	35.986
1.9524715	-9.113529	2.942474	36.046
1.9081788	-9.14585	2.9771898	36.093
1.8926164	-9.11712	3.0190883	36.143
1.9033904	-9.13388	2.9628246	36.186
2.0470424	-9.103952	3.0011318	36.246
1.9800048	-9.181764	2.9580362	36.286
2.0015526	-9.114726	3.063381	36.346
1.9632454	-9.153033	3.0119057	36.386
1.9524715	-9.102755	3.0119057	36.446
1.9021933	-9.089587	2.9987376	36.486
1.9608512	-9.156625	3.004723	36.545
2.0087352	-9.129091	2.8802247	36.586
1.958457	-9.16261	3.132813	36.646
1.9608512	-9.069236	3.0011318	36.686
2.0027497	-9.144653	2.9712043	36.746
1.9500773	-9.105149	2.9999347	36.786
2.0266917	-9.147048	2.885013	36.843
1.8854338	-9.14585	2.9831753	36.886
1.9548657	-9.087193	3.122039	36.946
1.9776106	-9.087193	3.1256304	36.986
2.0566192	-9.126697	2.9317	37.046
2.0350714	-9.066842	2.9652188	37.093
1.982399	-9.118318	3.1112652	37.143
1.9596541	-9.123106	2.8993783	37.185
1.9405005	-9.0716305	3.098097	37.246
2.030283	-9.112331	3.0753522	37.286
1.9428947	-9.109938	3.0550013	37.346
1.9788077	-9.11712	3.083732	37.386
1.9895816	-9.111135	3.1292217	37.446
1.9835961	-9.090784	3.0142999	37.486
2.005144	-9.081207	3.098097	37.543
2.0039468	-9.107543	3.0693667	37.594
2.0278888	-9.077616	3.063381	37.64
2.0290859	-9.096769	3.0681696	37.686
2.0386627	-9.066842	3.1232362	37.731
1.9273324	-9.087193	3.0597897	37.793
1.9381063	-9.113529	2.9640217	37.843
2.0446482	-9.102755	3.1196449	37.885
2.0685902	-9.077616	3.205836	37.946
2.0386627	-9.068039	3.05141	37.986
2.0326772	-9.084799	3.0933087	38.046
2.042254	-9.062054	3.0753522	38.093
1.9800048	-9.096769	3.145981	38.143
2.0913353	-9.050082	3.1304188	38.186
1.9931729	-9.0429	3.1950622	38.245
2.0913353	-9.065644	3.0226796	38.286
2.018312	-9.016563	3.3674448	38.345
2.134431	-9.004593	3.241749	38.386
2.0901382	-9.032125	3.1160536	38.446
2.1080947	-9.009381	3.2944214	38.486
1.9776106	-9.056067	3.1842883	38.546
2.03148	-9.0429	3.2716765	38.586
2.0769699	-9.041702	3.1639376	38.646
2.136825	-9.029732	3.086126	38.686
2.0973208	-9.062054	3.05141	38.746
2.0566192	-9.070433	3.1723173	38.785
2.0386627	-9.009381	3.2465374	38.846
2.0506337	-9.050082	3.2549171	38.886
2.098518	-8.9842415	3.347094	38.946
2.0518308	-9.048885	3.1890767	38.986
2.0626047	-9.054871	3.1280246	39.046
2.0733786	-8.998607	3.2465374	39.093
2.0817583	-9.0237465	3.1783028	39.143
2.078167	-9.075222	3.1974564	39.185
2.0003555	-9.075222	3.0334535	39.245
2.0602105	-9.094376	3.192668	39.291
1.9776106	-9.029732	3.0969	39.343
2.0590134	-9.063251	3.2489316	39.393
2.0338743	-9.018958	3.1483753	39.443
2.0602105	-9.090784	3.0969	39.486
2.0841527	-9.060856	3.0705638	39.531
1.9812019	-9.107543	3.2118216	39.593
1.9931729	-9.094376	2.9233203	39.644
2.0266917	-9.121908	3.0753522	39.694
2.0374656	-9.105149	3.0107086	39.744
2.0817583	-9.131485	3.0011318	39.791
1.9644425	-9.024943	3.0681696	39.841
1.9129672	-9.123106	3.3195608	39.891
1.9764135	-9.100361	2.8766334	39.941
1.9644425	-9.163807	2.9161377	39.991
2.0937295	-9.106346	2.9508536	40.041
2.0841527	-9.14226	2.955642	40.092
1.982399	-9.101558	3.0107086	40.141
2.0123265	-9.102755	3.0753522	40.191
1.9632454	-9.074024	3.0334535	40.241
1.9309237	-9.127894	3.0621839	40.291
1.9488802	-9.094376	3.0418332	40.341
1.970428	-9.090784	3.0466216	40.391
2.066196	-9.062054	3.0131028	40.441
2.0697873	-9.112331	2.9939492	40.491
2.0338743	-9.14226	2.992752	40.541
1.982399	-9.106346	2.9735985	40.591
1.9895816	-9.090784	3.0777464	40.641
1.9620483	-9.068039	3.1854854	40.691
1.9764135	-9.051279	2.991555	40.741
2.0039468	-9.115923	3.168726	40.791
2.0219033	-9.083601	2.9460652	40.841
2.0159178	-9.090784	3.1016884	40.891
2.055422	-9.068039	3.0945058	40.941
2.0027497	-9.101558	3.0107086	40.991
1.9668367	-9.102755	3.0753522	41.041
2.0231004	-9.108741	3.0813377	41.092
1.9668367	-9.099164	3.0418332	41.151
1.9021933	-9.045294	3.1615434	41.191
2.0829554	-9.069236	3.1998506	41.241
2.0937295	-9.068039	2.9532478	41.291
2.0386627	-9.1590185	2.9520507	41.332
2.0135236	-9.075222	3.0765493	41.372
1.970428	-9.085996	3.0418332	41.431
2.0111294	-9.066842	3.1148565	41.481
1.9500773	-9.100361	3.0992942	41.541
1.8926164	-9.090784	3.0969	41.591
2.0578163	-9.021352	3.1172507	41.641
2.0638018	-9.137471	3.0621839	41.691
2.0757728	-9.102755	3.0298622	41.741
2.0135236	-9.072827	3.063381	41.791
2.0242975	-9.082404	3.0190883	41.841
1.9117701	-9.072827	3.1663318	41.891
1.9716251	-9.0476885	3.2501287	41.941
1.9596541	-9.096769	3.0071173	41.991
1.9692309	-9.096769	3.1004913	42.041
2.0626047	-9.085996	3.0753522	42.092
2.0458453	-9.081207	3.095703	42.141
2.0123265	-9.066842	3.0705638	42.191
1.9812019	-9.087193	3.1016884	42.241
1.970428	-9.139865	3.028665	42.291
1.9536686	-9.087193	3.0142999	42.341
1.9728222	-9.087193	3.2345665	42.391
2.0913353	-9.08001	3.0502129	42.441
1.9309237	-9.136273	2.9616275	42.491
2.0350714	-9.052477	3.277662	42.541
2.0817583	-9.113529	2.9759927	42.591
2.043451	-9.076419	3.063381	42.641
2.0338743	-9.101558	3.1148565	42.691
1.934515	-9.102755	3.0310593	42.741
1.934515	-9.108741	3.084929	42.791
1.99437	-9.08001	3.122039	42.841
1.9931729	-9.088389	3.0705638	42.891
2.006341	-9.085996	3.0334535	42.941
2.0027497	-9.065644	3.2249897	42.991
1.9835961	-9.038112	3.1016884	43.041
2.030283	-9.136273	3.086126	43.092
1.9907787	-9.072827	3.0825348	43.141
1.9273324	-9.175778	3.0023289	43.191
1.9632454	-9.024943	3.1411927	43.241
2.0913353	-9.093178	3.1735144	43.291
2.005144	-9.126697	2.930503	43.352
1.9321208	-9.074024	3.1639376	43.391
1.9177556	-9.120711	3.1352072	43.441
1.9488802	-9.111135	3.003526	43.491
1.9153614	-9.16261	2.918532	43.552
1.9297266	-9.148245	2.9628246	43.591
2.0638018	-9.064447	3.083732	43.641
1.9907787	-9.082404	3.1555579	43.691
1.9273324	-9.082404	3.1555579	43.741
1.9452889	-9.139865	2.9101522	43.791
1.9309237	-9.157822	2.8874073	43.841
1.8423382	-9.155427	2.9340942	43.891
1.946486	-9.131485	2.96881	43.941
1.9333179	-9.090784	2.9747956	43.991
1.9764135	-9.137471	3.0945058	44.041
1.9165585	-9.124303	2.8921957	44.091
1.9069817	-9.16261	2.9712043	44.151
1.9369092	-9.132683	2.967613	44.201
1.9752164	-9.139865	3.027468	44.251
1.9812019	-9.106346	2.896984	44.301
1.9907787	-9.109938	3.0190883	44.351
2.0374656	-9.139865	2.991555	44.401
1.9608512	-9.113529	2.9616275	44.451
1.9452889	-9.144653	3.0250738	44.501
1.9405005	-9.1350765	2.9257145	44.551
1.9776106	-9.131485	2.918532	44.601
1.9488802	-9.085996	3.0933087	44.651
1.9728222	-9.081207	3.1112652	44.701
2.0207062	-9.095572	3.028665	44.751
2.0123265	-9.123106	3.0107086	44.801
1.9572599	-9.087193	3.0358477	44.851
2.0362685	-9.136273	3.0921116	44.891
1.9680338	-9.070433	3.0178912	44.941
1.8902222	-9.083601	3.1974564	45.001
1.9847932	-9.064447	3.240552	45.051
1.9117701	-9.1255	2.9173348	45.102
2.0147207	-9.132683	3.0969	45.151
2.0231004	-9.0081835	3.1316159	45.201
2.0853498	-9.090784	3.1184478	45.251
1.9919758	-9.062054	3.0969	45.301
2.0099323	-9.090784	3.1471782	45.351
2.0099323	-9.148245	3.0190883	45.401
1.9153614	-9.03452	3.108871	45.451
1.9692309	-9.090784	3.1794999	45.501
2.0111294	-9.039309	3.1232362	45.541
1.970428	-9.095572	3.122039	45.591
1.9907787	-9.069236	3.0071173	45.641
2.0015526	-9.130288	3.0322564	45.691
2.0147207	-9.069236	3.1364043	45.741
1.982399	-9.041702	3.1280246	45.801
2.0039468	-9.083601	3.1244333	45.851
2.0171149	-9.081207	3.05141	45.901
2.0135236	-9.08001	3.1615434	45.951
1.9967642	-9.108741	3.0466216	46.001
1.9800048	-9.066842	3.1268275	46.051
1.970428	-9.08001	3.05141	46.102
1.9991584	-9.097966	3.083732	46.151
2.019509	-9.094376	3.095703	46.201
1.9835961	-9.091981	3.1052797	46.251
1.9668367	-9.066842	3.0585926	46.301
2.0135236	-9.083601	3.1004913	46.351
1.946486	-9.096769	3.063381	46.401
2.0135236	-9.101558	3.095703	46.451
1.9871874	-9.097966	3.0202854	46.501
1.9728222	-9.11712	3.0669725	46.551
1.9285295	-9.081207	3.0693667	46.596
2.0111294	-9.111135	3.0538042	46.651
1.9847932	-9.1255	2.9700072	46.701
1.9381063	-9.124303	3.0226796	46.751
2.007538	-9.165004	2.9724014	46.801
1.9644425	-9.083601	3.0490158	46.851
1.9536686	-9.19972	3.003526	46.901
1.9321208	-9.093178	3.110068	46.951
1.9608512	-9.143456	2.930503	47.001
2.0123265	-9.11712	2.9903579	47.051
1.9153614	-9.139865	2.9532478	47.102
1.9393034	-9.137471	2.9029696	47.151
1.9488802	-9.153033	2.9293058	47.201
1.9297266	-9.151836	2.8993783	47.251
1.899799	-9.150639	2.943671	47.301
1.9536686	-9.157822	2.9221232	47.351
1.9440918	-9.15423	2.8874073	47.401
1.9632454	-9.120711	2.9628246	47.451
1.922544	-9.161413	2.930503	47.501
1.946486	-9.163807	2.919729	47.551
1.9608512	-9.17099	2.9496565	47.601
1.9153614	-9.090784	2.8802247	47.651
1.9213469	-9.190144	2.9724014	47.701
2.0326772	-9.123106	3.004723	47.751
1.9177556	-9.165004	2.8107927	47.801
1.9297266	-9.163807	3.0071173	47.851
2.0207062	-9.068039	2.9604304	47.901
1.9883845	-9.179369	2.9400797	47.951
1.934515	-9.084799	2.9891608	48.001
1.9620483	-9.155427	3.0107086	48.046
2.0374656	-9.123106	2.9963434	48.092
1.9273324	-9.1350765	2.9400797	48.142
1.946486	-9.121908	2.9771898	48.202
1.9752164	-9.13388	2.9843724	48.242
1.9991584	-9.129091	2.942474	48.292
2.0087352	-9.102755	3.074155	48.352
1.9620483	-9.118318	2.9867666	48.392
1.9632454	-9.111135	3.0490158	48.442
1.9476831	-9.099164	3.028665	48.492
1.9788077	-9.118318	3.0262709	48.542
1.9153614	-9.120711	2.9652188	48.602
2.0482395	-9.097966	3.1735144	48.652
1.9847932	-9.126697	2.9317	48.702
1.9979613	-9.096769	3.0119057	48.752
2.019509	-9.095572	3.027468	48.792
1.9309237	-9.108741	3.1016884	48.842
1.9428947	-9.059659	3.1028855	48.892
2.006341	-9.089587	3.1028855	48.942
2.0207062	-9.106346	2.9903579	48.992
2.0015526	-9.08001	3.098097	49.042
2.042254	-9.121908	3.0095115	49.092
1.9728222	-9.090784	3.0095115	49.141
2.006341	-9.076419	3.1316159	49.202
2.005144	-9.078813	2.9759927	49.252
1.99437	-9.126697	2.9819782	49.292
2.0135236	-9.027337	3.2357635	49.352
1.8327614	-9.103952	3.3865983	49.392
2.0841527	-9.131485	2.9269116	49.452
2.1404164	-9.112331	2.885013	49.492
2.124854	-9.088389	2.918532	49.542
2.0159178	-9.112331	3.156755	49.592
1.9596541	-9.051279	3.0621839	49.642
1.9871874	-9.039309	3.1124623	49.702
2.0506337	-9.08001	2.9700072	49.742
1.9093759	-9.089587	3.0573955	49.801
1.9644425	-9.060856	3.1627405	49.852
1.9129672	-9.179369	3.095703	49.892
1.9237411	-9.129091	2.873042	49.942
2.1057005	-9.175778	2.823961	50.002
2.0470424	-9.14585	2.7700913	50.042
2.030283	-9.11712	2.9053638	50.092
1.9764135	-9.132683	2.9759927	50.152
1.8411411	-9.113529	3.0466216	50.192
1.8387469	-9.218874	2.8179753	50.252
1.899799	-9.161413	2.8179753	50.292
2.0266917	-9.15423	2.858677	50.352
2.030283	-9.212888	2.7257986	50.402
1.9476831	-9.216479	2.801216	50.442
1.9141643	-9.139865	2.8263552	50.502
1.8866309	-9.196129	2.754529	50.542
1.9416976	-9.109938	3.0298622	50.592
1.7956513	-9.209297	2.8443117	50.652
1.8614918	-9.160215	2.9017725	50.692
1.8171991	-9.139865	2.9771898	50.742
1.9033904	-9.139865	2.8862102	50.802
1.9728222	-9.155427	2.8921957	50.851
1.9548657	-9.129091	2.9053638	50.902
1.8435353	-9.11712	3.0609868	50.942
1.9500773	-9.190144	2.8335378	50.992
1.9931729	-9.1829605	2.846706	51.052
1.8794483	-9.150639	3.004723	51.092
1.9045875	-9.149442	2.9616275	51.142
1.9285295	-9.136273	2.8981812	51.202
1.9931729	-9.14226	2.992752	51.242
1.9919758	-9.08001	3.003526	51.291
1.9692309	-9.187749	2.7389667	51.352
2.0171149	-9.105149	2.8443117	51.402
1.9069817	-9.157822	2.979584	51.452
1.9369092	-9.148245	2.9724014	51.492
1.8662802	-9.1255	2.9592333	51.542
2.006341	-9.150639	2.919729	51.602
1.9931729	-9.167398	2.8107927	51.642
2.0171149	-9.11712	2.980781	51.692
2.0769699	-9.1350765	2.954445	51.752
2.0961237	-9.093178	2.932897	51.801
2.043451	-9.155427	2.919729	51.842
1.9895816	-9.113529	2.907758	51.902
2.0266917	-9.149442	2.9855695	51.951
1.9716251	-9.103952	3.0250738	52.002
2.0374656	-9.11712	3.0466216	52.042
2.0566192	-9.096769	2.9951463	52.089
2.055422	-9.119514	3.0119057	52.144
2.0242975	-9.100361	2.9520507	52.194
2.007538	-9.124303	3.05141	52.244
2.0254946	-9.024943	3.0262709	52.294
2.0458453	-9.118318	3.1507695	52.346
2.0159178	-9.097966	2.9903579	52.386
1.9620483	-9.101558	3.0669725	52.446
2.0147207	-9.081207	3.0585926	52.486
2.066196	-9.107543	2.979584	52.546
2.0590134	-9.078813	3.0226796	52.586
2.0614076	-9.095572	3.063381	52.646
1.9991584	-9.097966	2.9724014	52.686
2.0374656	-9.101558	3.0550013	52.746
2.0614076	-9.058462	3.0478187	52.786
2.0003555	-9.091981	3.0322564	52.846
2.0721815	-9.093178	3.084929	52.886
2.0614076	-9.099164	2.9987376	52.946
2.0506337	-9.094376	3.0585926	52.986
2.030283	-9.114726	3.0071173	53.044
1.9979613	-9.109938	3.0454245	53.094
2.066196	-9.039309	3.0969	53.143
2.0410569	-9.120711	3.0621839	53.194
2.0494366	-9.050082	3.1423898	53.252
2.005144	-9.137471	3.004723	53.302
2.0482395	-9.096769	2.9975405	53.351
2.0099323	-9.063251	3.0250738	53.392
2.0518308	-9.137471	3.003526	53.452
2.0015526	-9.074024	3.0119057	53.493
2.0685902	-9.103952	3.0310593	53.543
2.0614076	-9.132683	2.9987376	53.603
1.9812019	-9.062054	3.074155	53.642
2.0685902	-9.097966	3.1124623	53.692
2.0470424	-9.111135	2.9281087	53.742
2.0338743	-9.137471	2.9460652	53.792
2.0362685	-9.113529	2.9724014	53.842
1.99437	-9.1255	2.908955	53.896
1.9835961	-9.112331	2.96881	53.942
2.007538	-9.126697	2.932897	53.992
1.9620483	-9.105149	3.027468	54.042
1.9919758	-9.075222	3.0250738	54.092
2.0745757	-9.111135	2.906561	54.142
2.0638018	-9.161413	2.9939492	54.192
1.9716251	-9.120711	2.9771898	54.242
2.0709844	-9.021352	3.0322564	54.292
2.0027497	-9.139865	2.9005754	54.342
2.0470424	-9.097966	3.0454245	54.392
2.0147207	-9.14226	2.9460652	54.442
2.03148	-9.097966	3.0131028	54.492
2.099715	-9.113529	3.1244333	54.542
1.7956513	-9.036914	3.0909145	54.592
2.079364	-9.186552	2.956839	54.642
2.0733786	-9.052477	3.1316159	54.692
1.9620483	-9.033323	3.335123	54.742
2.0207062	-9.038112	3.1771057	54.792
1.9393034	-9.066842	3.157952	54.842
1.9991584	-9.051279	3.1244333	54.892
2.0470424	-9.072827	3.0992942	54.942
2.0757728	-9.03452	3.1639376	54.992
2.0721815	-9.136273	2.9735985	55.042
2.15957	-9.090784	3.003526	55.091
2.0482395	-9.085996	3.0561984	55.142
1.9596541	-9.069236	3.0969	55.192
2.1404164	-9.062054	3.0202854	55.242
2.0697873	-9.001001	3.3961751	55.292
1.9656396	-8.969876	3.2728736	55.342
2.147599	-9.130288	2.9759927	55.392
2.0817583	-9.056067	3.052607	55.442
2.0338743	-9.035717	3.2190042	55.492
2.086547	-9.070433	3.063381	55.542
2.1894975	-9.022549	3.168726	55.591
2.1140802	-9.036914	3.0705638	55.642
2.135628	-9.076419	3.0202854	55.692
2.0602105	-9.056067	3.0705638	55.742
2.1057005	-9.066842	3.1387985	55.792
2.0470424	-9.065644	3.1052797	55.842
2.1152773	-9.044097	3.204639	55.892
2.0853498	-9.085996	3.0538042	55.942
2.2278047	-9.052477	3.0190883	55.992
2.099715	-9.0716305	3.0597897	56.042
2.1751323	-9.082404	3.086126	56.091
2.0829554	-9.010578	3.205836	56.142
2.112883	-9.053674	3.145981	56.192
2.0099323	-9.050082	3.0897174	56.242
2.1978772	-9.054871	3.027468	56.292
2.0506337	-9.121908	2.956839	56.342
2.5187001	-9.095572	2.528277	56.392
2.2337902	-9.143456	3.0382419	56.442
1.9321208	-8.899248	3.6355953	56.492
1.6998832	-9.004593	3.6176388	56.542
1.8614918	-9.032125	3.0561984	56.592
2.2278047	-9.105149	2.932897	56.642
2.256535	-9.132683	2.7030537	56.692
2.303222	-9.093178	2.8538885	56.742
2.3906105	-9.053674	3.016694	56.792
2.3187842	-9.032125	3.0454245	56.842
2.0853498	-9.044097	3.110068	56.892
2.078167	-9.041702	3.0502129	56.942
1.9680338	-9.093178	3.192668	56.992
2.043451	-9.051279	3.052607	57.042
2.1787236	-9.044097	3.0945058	57.098
2.2290018	-9.069236	3.0777464	57.142
2.220622	-9.072827	2.8095956	57.192
2.2852654	-9.130288	2.8550856	57.242
2.2720973	-9.02614	2.907758	57.292
2.066196	-9.0476885	3.3327289	57.342
1.8866309	-9.004593	3.4476504	57.392
2.110489	-9.109938	2.8694508	57.442
2.2026656	-9.174581	2.5785553	57.492
2.3331497	-9.1255	2.8107927	57.542
2.5330653	-9.074024	2.8526914	57.592
2.2577322	-9.08001	3.1519666	57.642
1.958457	-8.953117	3.3997664	57.692
1.7597382	-9.089587	3.1747115	57.741
1.887828	-9.136273	2.96881	57.792
2.0147207	-9.069236	2.9783869	57.842
2.2493525	-9.109938	2.765303	57.892
2.1559787	-9.102755	3.0669725	57.942
2.1787236	-9.004593	3.1064768	57.992
2.2744915	-9.069236	2.8658595	58.042
2.2888567	-9.127894	2.7353754	58.092
2.1140802	-9.1350765	2.8215668	58.142
2.088941	-9.108741	2.9508536	58.192
2.0350714	-9.083601	3.0765493	58.242
2.0817583	-9.028535	3.1675289	58.292
2.087744	-9.062054	3.0681696	58.342
2.1164744	-9.074024	3.0418332	58.392
2.0841527	-9.058462	3.0657754	58.442
2.146402	-9.08001	3.0107086	58.492
2.1811178	-9.065644	3.028665	58.542
2.1930888	-9.064447	3.0202854	58.603
2.1440077	-9.051279	3.0873232	58.642
2.0757728	-9.084799	3.074155	58.692
2.1883004	-9.078813	2.8538885	58.742
1.9847932	-9.144653	3.040636	58.792
2.19668	-8.948329	3.0178912	58.841
2.124854	-9.165004	2.9700072	58.892
2.4588451	-9.093178	2.7389667	58.932
1.9835961	-9.091981	3.0370448	58.992
2.2278047	-9.078813	2.9831753	59.042
2.3008277	-9.035717	3.0334535	59.098
2.1176715	-9.018958	3.2273839	59.142
2.087744	-9.012972	3.2800562	59.192
2.007538	-9.081207	3.0765493	59.242
1.9297266	-9.083601	3.0969	59.292
2.1320367	-9.029732	3.1184478	59.342
2.1942859	-9.114726	3.0370448	59.392
2.0805612	-8.972271	3.169923	59.442
2.0769699	-9.036914	3.2944214	59.492
2.1775265	-9.032125	3.1028855	59.542
2.099715	-9.069236	3.1280246	59.592
2.0709844	-8.996213	3.2429461	59.642
2.1164744	-9.027337	3.2094274	59.692
2.0709844	-9.070433	3.0442274	59.742
2.0733786	-9.030929	3.0561984	59.792
2.0290859	-9.068039	3.2357635	59.842
2.0961237	-9.056067	3.0681696	59.892
2.0590134	-9.088389	3.0502129	59.942
2.2014685	-9.101558	3.004723	59.992
2.0817583	-9.077616	2.9640217	60.042