1.1360487	-9.457097	3.570952	0.034
1.2078748	-9.648633	2.6156654	0.096
0.8858546	-9.648633	3.1256304	0.145
0.9744401	-9.970653	2.1643584	0.195
0.36391866	-9.566033	2.0494366	0.245
1.7609353	-9.295488	3.2992098	0.296
2.2720973	-9.628283	2.5258827	0.345
0.9900024	-9.55047	2.707842	0.395
1.1252748	-9.414001	4.0641575	0.445
-0.521936	-9.757569	3.0969	0.495
0.35194764	-9.084799	3.2836475	0.545
-0.8810662	-8.736442	2.0350714	0.595
-0.7673417	-7.1646485	4.8722005	0.644
-0.81283146	-8.572439	5.0026846	0.693
-1.423353	-7.076063	6.078878	0.743
-0.10654198	-8.893262	6.5445504	0.793
-0.2765303	-8.702923	4.483143	0.843
1.2677298	-8.037335	6.6846113	0.893
1.9069817	-8.495825	4.6112323	0.943
2.03148	-8.779537	4.6279917	0.973
1.7753005	-8.829816	4.8386817	1.044
1.3347675	-8.699332	4.8937483	1.094
0.6979098	-8.457518	4.3526587	1.144
-0.23822308	-8.825027	4.2461166	1.194
-0.19033903	-9.4535055	3.788824	1.244
-1.0115502	-9.284714	3.503914	1.294
-1.5466543	-8.292317	3.5685577	1.344
-0.10414778	-8.143877	3.7660792	1.393
-0.29807812	-8.655039	3.4009635	1.444
0.25977087	-8.695741	3.5565867	1.493
-0.9828198	-9.691729	2.123657	1.544
0.5781997	-9.703699	2.5151088	1.593
0.50278234	-9.739613	2.2409728	1.643
1.1312603	-10.065224	2.3630772	1.693
2.087744	-10.206482	0.7577648	1.744
1.353921	-10.032902	0.866701	1.794
0.724246	-9.746795	1.009156	1.843
2.3139958	-9.659407	1.4616601	1.893
0.81283146	-9.3421755	2.6180596	1.944
0.7697359	-9.945514	3.2728736	1.974
0.50038815	-11.331757	2.8634653	2.052
-1.174356	-8.611943	1.5514427	2.093
-1.8255788	-8.635885	1.7872716	2.143
-1.6627731	-9.329007	3.549404	2.193
-1.5023615	-8.507795	3.4213142	2.243
-2.7868507	-8.306683	3.5122938	2.304
-1.8028339	-8.799889	2.9616275	2.343
-0.60932434	-8.9279785	3.454833	2.394
-1.3910311	-9.016563	2.9628246	2.443
-0.8535329	-8.548497	3.217807	2.493
-1.210269	-9.416395	2.4013844	2.544
-1.2330139	-8.343793	3.2249897	2.589
-0.93732995	-8.844181	3.1316159	2.643
-0.049081136	-9.476251	3.3267434	2.693
-0.2657564	-9.417592	2.622848	2.743
0.5710171	-9.671378	2.7988217	2.793
1.2198458	-9.970653	1.8794483	2.843
0.5482722	-10.44231	1.0450691	2.893
1.1971009	-10.116699	0.6787562	2.943
1.1707647	-10.199299	-1.271321	2.983
1.4053963	-9.919178	-2.5330653	3.043
2.1057005	-8.88608	0.46208093	3.093
1.6244658	-9.834184	-2.1272483	3.143
2.5462334	-9.568427	-1.7154455	3.193
2.0015526	-9.178172	0.5494693	3.243
0.35793316	-9.351752	-0.81881696	3.293
2.0769699	-9.585187	-1.423353	3.343
1.9321208	-9.613917	-0.50158525	3.393
1.9057846	-9.866506	-0.664391	3.443
2.4061728	-9.448717	-1.0031705	3.493
2.3666685	-9.41879	-0.7015011	3.543
2.6683378	-9.714474	-1.3706805	3.593
2.100912	-9.524135	-2.0326772	3.643
3.1136594	-9.041702	-0.49559975	3.693
3.083732	-9.676167	-1.115698	3.753
1.5526398	-9.801862	-1.1803415	3.793
1.827973	-9.715671	-1.5610195	3.843
1.7046716	-9.609129	0.82001406	3.893
3.0681696	-9.458294	-0.009576807	3.943
3.1256304	-10.283096	0.6823475	3.984
-0.48243165	-9.991004	0.5374983	4.044
-0.63206923	-11.235989	2.3930047	4.093
-2.1775265	-6.5589156	4.313154	4.143
-1.8363527	-9.001001	2.1571758	4.193
-0.06823475	-8.690952	2.6970682	4.243
-1.1288661	-9.214086	3.016694	4.293
-1.258153	-9.305065	1.5753847	4.343
-1.0522517	-10.131064	3.3638535	4.393
0.2873042	-8.871715	2.2720973	4.444
-1.3455414	-9.94312	1.4772224	4.493
-1.6962919	-9.890448	2.315193	4.543
-1.9524715	-9.556456	1.1133038	4.594
-3.0226796	-9.0476885	0.8774749	4.643
-1.459266	-9.454702	2.3475149	4.693
-2.408567	-9.161413	-0.60214174	4.743
-2.6886885	-8.7125	0.90979666	4.793
-2.5570073	-8.9602995	0.6488287	4.843
-2.9508536	-9.500193	0.7038953	4.893
-2.7090392	-9.755175	0.50038815	4.943
-2.3942018	-10.005369	0.8619126	4.984
-1.4903905	-10.013748	0.37469256	5.043
-0.7098808	-9.853337	0.047884032	5.093
-1.8459295	-9.303867	0.50397944	5.143
-1.3227965	-8.823831	1.1025299	5.193
-2.243367	-9.136273	1.5119383	5.243
-1.6903064	-9.424775	1.2749124	5.293
-0.45130703	-10.460267	1.0283096	5.344
-0.7529764	-8.222886	1.8986019	5.393
0.6440403	-9.65821	1.436521	5.443
0.23702596	-10.590752	1.1192893	5.493
-0.142455	-9.471462	1.1336545	5.543
-0.48482585	-10.283096	-0.037110128	5.593
0.021547815	-9.919178	0.19991584	5.643
1.6831238	-10.311827	-0.22505496	5.693
1.8507179	-9.440337	-1.2366052	5.744
1.2665327	-9.587581	-0.7565677	5.793
2.1547816	-9.563639	0.06823475	5.843
1.340753	-10.058042	-0.5781997	5.893
0.79008657	-10.031705	-1.7884687	5.943
1.8662802	-9.615114	-1.7190368	5.983
3.168726	-9.404425	-1.532289	6.044
3.1711202	-9.151836	-0.30047232	6.093
3.394978	-9.176975	-0.46567222	6.143
2.907758	-9.31105	-0.49200845	6.193
2.0733786	-9.332599	0.22864626	6.244
1.5107412	-9.532514	-0.2669535	6.293
2.1535845	-9.872491	1.1109096	6.343
2.3930047	-8.383297	1.5526398	6.393
3.4141316	-9.295488	2.2756886	6.443
3.3494883	-9.317036	0.8415619	6.493
2.8431146	-8.9124155	1.1432313	6.543
4.0258503	-9.045294	1.6424223	6.593
3.6355953	-10.469844	-1.1468226	6.643
1.6771383	-9.901221	-1.2401965	6.693
1.3371617	-8.678981	0.5410896	6.743
2.1894975	-9.26556	-1.5586253	6.793
1.8351556	-9.980229	-1.151611	6.843
2.719813	-9.155427	-0.088585466	6.893
3.7708676	-9.408015	0.093373865	6.943
2.7688942	-9.996989	-1.4389153	6.983
2.0721815	-9.534908	0.91099375	7.044
5.16549	-9.001001	1.271321	7.093
3.4572272	-11.238382	-0.59495914	7.144
0.8511387	-9.48463	1.2988545	7.193
0.7589619	-7.845799	4.211401	7.243
-1.7142484	-9.4774475	0.6811504	7.304
-2.9975405	-9.399636	1.9069817	7.343
-2.0805612	-8.920795	3.204639	7.393
-2.9173348	-9.233239	1.7477672	7.444
-2.2840683	-9.084799	3.0681696	7.493
-3.2369606	-8.176199	3.3255463	7.543
-4.2521024	-8.485051	4.1503487	7.594
-1.6400281	-7.9702973	4.1623197	7.643
-2.2493525	-9.537302	3.0238767	7.693
-4.0222588	-7.9870567	3.1890767	7.743
-3.5889084	-9.194932	2.8179753	7.793
-2.4983494	-9.560047	2.552219	7.843
-3.7840357	-9.661801	0.88944596	7.893
-3.6643257	-7.9367785	3.289633	7.943
-2.3786395	-8.832211	1.958457	7.983
-1.6089035	-9.028535	1.5729905	8.044
-1.0845734	-9.246407	3.9624038	8.093
-2.304419	-9.130288	2.4121583	8.143
-1.34195	-7.8302364	4.1144357	8.193
-1.661576	-9.112331	3.205836	8.243
-2.528277	-9.351752	3.645172	8.293
0.36750996	-8.53892	3.6176388	8.343
0.18674773	-9.002198	1.9692309	8.393
0.4141969	-9.23683	3.0813377	8.443
0.9935937	-10.709264	2.730587	8.493
2.3834279	-10.296265	0.93852705	8.543
3.9791632	-8.544906	1.4161704	8.593
2.2637177	-8.337808	0.24899697	8.643
3.453636	-9.461885	-1.5969325	8.693
5.7185507	-9.770737	-3.2824504	8.743
3.2357635	-8.616732	-0.8822633	8.793
3.5553896	-8.991425	-3.2692823	8.843
4.1623197	-8.809465	-4.3406878	8.893
3.4081461	-8.686164	-2.2397757	8.943
4.1240125	-8.3868885	-2.1499932	8.984
3.6367924	-8.7951	-2.7162218	9.044
3.572149	-9.305065	-3.228581	9.093
3.8977604	-8.784326	-3.217807	9.143
4.8255134	-8.823831	-1.5370775	9.193
0.59974754	-9.123106	-1.1168951	9.243
2.2541409	-9.7719345	-0.62967503	9.294
2.1535845	-9.827001	1.4437037	9.343
2.3127987	-9.333796	-0.46686932	9.393
4.262876	-9.333796	1.328782	9.443
4.2664676	-9.78989	1.5765818	9.493
0.90859956	-10.697293	0.5410896	9.543
-0.38307226	-8.240842	2.0578163	9.593
-2.3068132	-7.797915	1.8890251	9.643
-4.396951	-8.743625	2.3175871	9.693
-2.3953989	-8.78672	2.336741	9.743
-3.7900212	-8.596381	1.3036429	9.793
-3.181894	-9.483433	1.4820108	9.843
-3.4368765	-8.543709	0.7625532	9.893
-3.264494	-9.878476	0.6715736	9.943
-5.1116204	-8.859743	0.35314476	9.983
-5.353435	-8.876503	0.91697925	10.043
-8.802282	-7.608773	0.18794483	10.093
-1.5945383	-8.913613	0.46447513	10.143
-4.751293	-9.580399	3.3650506	10.196
-3.1232362	-8.016984	2.5761611	10.243
-1.8674773	-8.62152	1.3060371	10.293
-3.2549171	-8.814254	4.331111	10.343
-2.207454	-9.781511	0.88944596	10.393
-3.003526	-9.639056	2.4863784	10.443
-2.1272483	-8.845378	0.82001406	10.493
-2.1176715	-8.322245	2.492364	10.543
-2.1631613	-9.144653	1.2557588	10.593
-0.8595184	-7.405266	4.817134	10.643
-0.14844051	-8.486248	3.3554738	10.693
0.1388637	-9.315839	4.024653	10.743
0.15682021	-10.047267	1.2186487	10.793
0.320823	-10.842142	0.4333505	10.843
0.8726865	-9.677363	0.4249708	10.893
0.91099375	-9.194932	-0.80086046	10.943
1.3694834	-10.125079	-1.1839328	10.993
0.7649474	-9.570822	-4.5980644	11.043
0.49440265	-9.089587	-4.9943047	11.093
1.0606314	-9.15423	-3.4404678	11.143
2.5785553	-8.590396	-2.0458453	11.193
1.1815386	-10.723629	-4.626795	11.243
-0.8834604	-8.941146	-6.160281	11.293
-0.1592144	-7.9750857	-0.07062895	11.343
-0.9528923	-9.266758	-2.7365725	11.393
0.32321724	-10.006566	-5.097255	11.443
0.20709845	-9.5971575	-1.6603789	11.493
0.63087213	-9.495404	-2.8921957	11.543
0.8690952	-9.81503	-2.778471	11.593
0.92775315	-9.307459	-2.4660277	11.644
2.2828712	-9.657013	-3.3075895	11.693
0.7146692	-10.047267	-2.5210943	11.743
0.7170634	-9.977836	3.359065	11.793
-1.0893618	-9.737218	1.2006922	11.843
-2.7629087	-8.335413	2.966416	11.893
-4.249708	-7.088034	3.8738184	11.943
0.19153613	-9.900024	4.331111	11.993
-0.61291564	-9.355343	2.1212628	12.044
-1.6579847	-8.665813	4.9284644	12.093
-1.5753847	-8.340201	3.7660792	12.143
-2.1535845	-8.829816	2.695871	12.193
-1.7980455	-9.155427	2.813187	12.243
-1.4568717	-8.998607	3.3770216	12.313
-1.7836803	-8.645462	3.406949	12.343
-1.7082629	-8.678981	3.0334535	12.393
-1.9033904	-8.582016	2.0961237	12.443
-2.2589293	-9.399636	0.8583213	12.493
-2.8658595	-10.0748005	-0.31124622	12.543
-2.633622	-9.19134	-0.6452374	12.593
-1.2401965	-10.311827	-1.4053963	12.643
-3.369839	-9.419987	-2.6252422	12.693
-2.219425	-9.197326	-3.4380736	12.743
-2.231396	-9.153033	-2.9017725	12.793
-2.1859062	-8.9998045	-3.1004913	12.843
-1.4999673	-9.208099	-3.8067808	12.893
-0.7757214	-9.436746	-3.3985693	12.943
-0.0011971008	-9.546879	-3.2106245	12.993
0.094570965	-9.391256	-2.2385786	13.044
0.49559975	-9.478644	-1.6196774	13.093
1.0079589	-9.811439	-1.3132197	13.143
2.5390508	-9.502586	0.076614454	13.194
2.5019407	-8.236053	0.5722142	13.243
4.572925	-9.367314	2.6180596	13.293
3.4524388	-8.706514	2.730587	13.343
3.0801406	-8.974665	3.453636	13.393
4.237737	-8.616732	1.5406688	13.443
3.1256304	-9.176975	0.6500258	13.493
1.4867992	-9.8437605	2.5498247	13.543
2.6384103	-9.326612	3.846285	13.593
1.4796166	-9.118318	3.2908301	13.643
1.7585411	-9.218874	3.6391866	13.693
0.5602432	-8.379706	3.654749	13.743
-1.1228806	-8.692149	3.228581	13.793
-0.35913026	-9.119514	3.3638535	13.843
-0.92655605	-9.296685	3.1890767	13.893
-1.0235212	-9.112331	2.6635494	13.943
-1.7106571	-9.24521	2.72939	13.993
-1.7645266	-9.076419	2.1452048	14.043
-0.89184016	-9.721656	2.4863784	14.093
-0.33877954	-9.882068	1.4437037	14.143
-1.8423382	-9.481039	1.7190368	14.193
-2.2361844	-9.425972	1.4389153	14.243
-1.6867151	-9.021352	1.0426749	14.294
-2.1990743	-9.376891	0.46926352	14.343
-2.8107927	-9.922769	0.22625206	14.393
-3.1962593	-9.7240505	0.59136784	14.443
-2.4313118	-9.324219	0.2681506	14.493
-2.7102363	-9.356541	-0.7781156	14.543
-2.2900538	-9.56723	-0.40940848	14.593
-3.2190042	-9.952697	-1.0235212	14.643
-3.156755	-11.192893	0.11492168	14.693
-1.7022774	-8.760384	1.5179238	14.743
-2.0027497	-8.137892	1.4556746	14.793
-1.7764976	-10.836157	1.7154455	14.843
-0.9696517	-8.790312	2.0254946	14.893
0.076614454	-9.2547865	2.492364	14.943
-1.0702082	-8.9040365	2.731784	14.993
-0.7278373	-10.016143	2.304419	15.044
-1.8686744	-9.394848	2.0769699	15.093
-2.3582888	-8.65025	1.673547	15.143
-1.8902222	-8.874108	1.8662802	15.193
-2.706645	-8.423999	2.0638018	15.244
-2.6503813	-8.532935	2.7138276	15.294
1.13964	-9.944317	3.2369606	15.343
1.5251064	-10.135853	1.9476831	15.393
0.7278373	-9.514558	1.5107412	15.443
1.4281414	-9.977836	1.8243817	15.493
2.0027497	-9.718064	0.93613285	15.543
0.80445176	-9.461885	-0.19273324	15.593
1.4784195	-10.152613	1.3144168	15.643
2.8275523	-9.586384	-3.1352072	15.693
1.7657237	-10.260351	-3.0131028	15.743
4.1276035	-8.949526	0.023942016	15.793
3.3626564	-9.275137	-1.6986861	15.843
3.25372	-8.623915	-0.39025488	15.893
3.181894	-9.374496	0.46567222	15.943
2.4420857	-9.358934	-0.7697359	15.993
2.079364	-8.51857	-0.35194764	16.044
3.2237926	-9.427169	-0.20111294	16.093
3.369839	-10.317812	-1.9812019	16.143
3.0561984	-8.859743	-1.1683705	16.194
3.0442274	-8.870518	-1.6472107	16.243
2.7449522	-9.39365	-3.2441432	16.294
1.5251064	-9.688137	-2.944868	16.343
0.62129533	-9.4774475	-2.6611552	16.393
-0.008379706	-8.486248	-3.0657754	16.443
3.3255463	-9.2308445	-0.21428105	16.493
1.7513585	-9.307459	-3.5206735	16.543
-0.075417355	-10.605117	-2.930503	16.593
3.3506854	-9.212888	1.2808979	16.643
0.062249243	-8.438364	-1.7537527	16.693
1.6771383	-9.642648	-2.1511903	16.743
1.4030021	-9.57561	-1.388637	16.793
-0.16879122	-10.068815	-0.7445967	16.843
-0.50278234	-10.266336	0.25977087	16.893
-0.39624038	-9.637859	0.7062895	16.943
-1.198298	-9.380483	1.6496049	16.993
-1.0881647	-9.578004	1.2605472	17.044
-0.9660604	-9.52174	1.436521	17.093
-1.1899183	-9.758766	1.8722657	17.143
-1.412579	-9.818622	1.5717934	17.193
-2.7593174	-9.109938	1.3132197	17.243
-4.390966	-9.284714	1.7860745	17.304
-2.2852654	-9.3421755	1.2952632	17.343
-4.3382936	-8.368932	2.1667526	17.393
-4.770447	-8.463503	2.1021092	17.443
-2.873042	-8.130709	1.2234371	17.493
-4.4568067	-9.161413	2.0386627	17.543
-4.6351743	-9.557653	1.6938977	17.593
-2.825158	-8.919599	1.875857	17.643
-1.2150574	-9.032125	2.005144	17.693
-1.3204023	-8.62152	3.0095115	17.743
-1.0175357	-8.943541	2.9640217	17.793
-1.8004397	-9.202114	3.881001	17.843
-1.9357121	-9.192537	3.8307228	17.893
-1.5059528	-7.988254	4.408922	17.943
-0.6380547	-7.189788	5.4384294	17.993
-0.8631097	-8.810662	4.238934	18.044
-1.3227965	-8.196549	3.9324763	18.093
-0.8415619	-8.838196	3.0873232	18.143
0.20829555	-11.164163	2.291251	18.193
0.6715736	-9.309854	0.58298814	18.243
-0.7769185	-9.143456	1.887828	18.293
2.055422	-10.412383	1.9788077	18.343
2.9293058	-9.859323	0.8726865	18.393
1.4903905	-9.048885	0.62728083	18.443
2.1452048	-9.635465	-0.8403648	18.493
2.9867666	-9.994595	-1.4676456	18.543
2.930503	-9.848549	-2.1260512	18.593
3.7469256	-8.718486	-2.8742392	18.643
3.157952	-8.954314	-1.1552023	18.693
2.837129	-8.476671	-1.270124	18.743
3.9959226	-8.991425	-2.054225	18.793
3.4620156	-9.388862	-1.5813702	18.844
2.882619	-8.935161	-1.7166426	18.893
2.7724855	-8.9279785	-1.055843	18.943
2.930503	-8.4587145	-1.8459295	18.994
3.3506854	-9.475053	-1.8602947	19.044
2.385822	-10.058042	-1.8626889	19.093
2.3750482	-9.233239	-1.4149733	19.143
3.9324763	-9.270349	-1.1959038	19.193
3.858256	-8.900445	-1.8315643	19.243
2.9759927	-8.992621	-2.9843724	19.293
2.9364884	-8.540117	-3.0370448	19.343
3.0813377	-8.628703	-1.7286136	19.393
2.778471	-9.378088	-3.716998	19.443
0.6715736	-9.27394	-2.8323407	19.493
-0.04070143	-9.42238	-2.6384103	19.543
1.3192052	-9.726444	-2.8455088	19.593
1.9644425	-9.564836	-1.22224	19.643
1.2042835	-10.07121	-1.3826514	19.693
0.12210429	-11.23958	-1.1611878	19.743
-1.9895816	-9.634268	-0.2669535	19.793
0.10414778	-9.161413	2.4061728	19.843
-1.9273324	-8.947132	1.0115502	19.893
-2.134431	-8.544906	3.7086184	19.943
-0.7613561	-9.100361	2.906561	19.993
-0.9768343	-9.167398	2.6994624	20.044
-0.59376204	-8.842984	1.9321208	20.093
-2.6515784	-9.908403	1.9656396	20.143
-1.5741876	-9.068039	2.007538	20.193
-2.6013002	-9.058462	1.5634137	20.243
-2.7688942	-9.5013895	1.8447324	20.293
-1.5574282	-9.118318	0.17836803	20.343
-1.9057846	-10.484209	0.7517793	20.394
-1.9357121	-9.184157	0.1328782	20.443
-2.291251	-9.690532	0.4429273	20.493
-2.3762453	-9.166202	1.1947067	20.543
-1.8195933	-10.000581	1.0486604	20.593
-2.36188	-10.240001	0.59256494	20.643
-3.145981	-9.470264	-0.029927522	20.693
-1.9285295	-10.320207	-0.8379706	20.743
-1.7980455	-9.752781	-0.4177882	20.793
-2.0458453	-9.300277	0.15083471	20.843
-1.3120226	-9.855731	1.9536686	20.893
-1.2665327	-9.635465	1.3551182	20.943
-2.847903	-9.380483	3.1411927	20.993
-2.4720132	-8.663419	2.814384	21.044
-2.9867666	-9.294291	2.5270798	21.093
-3.2381577	-8.003817	3.1759086	21.143
-2.396596	-7.1347213	2.171541	21.193
-3.2728736	-8.101978	2.2613235	21.243
-2.2278047	-8.711303	2.2505496	21.293
-2.055422	-9.534908	2.373851	21.343
-0.19393034	-9.452309	2.7940333	21.393
-1.3347675	-9.589975	3.004723	21.443
0.6560113	-8.9363575	2.6719291	21.493
0.16280572	-10.353725	1.8746599	21.543
-0.65242	-8.931569	2.1655555	21.593
0.9588778	-9.475053	1.4221559	21.643
0.038307227	-11.198878	1.0666169	21.693
0.9756372	-10.366894	0.23702596	21.743
4.1455603	-9.306262	0.23582886	21.793
3.2369606	-9.40203	-1.0654198	21.843
1.1168951	-8.889671	-1.8974048	21.893
2.303222	-9.57561	-2.0147207	21.943
2.3199813	-9.524135	-2.1930888	21.993
3.442862	-9.782708	-1.2940661	22.045
3.6487634	-9.326612	-1.4532804	22.093
3.264494	-9.452309	-0.7673417	22.143
1.7429788	-8.856153	-1.946486	22.193
2.1583729	-9.130288	-1.6196774	22.243
3.1519666	-8.92319	-1.5586253	22.304
3.2680852	-9.458294	-1.0702082	22.343
2.8814218	-9.449914	-1.532289	22.393
3.1507695	-9.221268	-0.82001406	22.444
2.7629087	-8.947132	-0.45489833	22.493
2.5222914	-9.531317	-0.65242	22.543
2.694674	-9.113529	-0.7146692	22.593
3.5422213	-8.979453	-0.11372458	22.643
2.598906	-9.562442	-2.0027497	22.693
1.7166426	-9.196129	-2.2756886	22.743
1.7310078	-9.25359	-2.6431987	22.793
1.2629414	-9.40203	-1.3204023	22.843
2.6683378	-10.0269165	-2.0458453	22.901
2.6599581	-9.181764	-2.3080103	22.946
3.3446999	-9.03452	-0.9552865	22.997
3.8642416	-9.045294	-0.81402856	23.043
2.043451	-9.416395	-2.2649148	23.093
2.0374656	-9.765948	-2.2900538	23.143
1.7082629	-10.012551	-1.6699557	23.193
0.8750807	-9.861717	1.067814	23.243
-1.3587095	-9.343372	1.0654198	23.293
0.051475335	-9.637859	1.6089035	23.343
-1.7944542	-9.522937	0.21667525	23.393
-2.088941	-9.698911	1.8471266	23.443
-1.0630256	-9.485827	0.9528923	23.493
-2.8694508	-8.89805	1.2916719	23.543
-4.80636	-9.25359	2.2062569	23.593
-2.7760768	-8.829816	1.2725182	23.643
-3.3363202	-8.394072	1.5993267	23.693
-4.023456	-8.707711	1.1420342	23.743
-5.1104236	-9.024943	1.1228806	23.793
-3.7936125	-8.529344	0.61890113	23.843
-3.5805287	-9.305065	0.08140286	23.893
-2.0374656	-9.5013895	0.7350199	23.943
-2.2373815	-9.621099	0.2753332	23.994
-2.2146366	-9.215282	0.31603462	24.043
-1.7776948	-9.024943	1.0726024	24.093
-1.8902222	-9.651027	1.3431472	24.143
-3.0358477	-8.444349	1.5825673	24.193
-1.5897499	-9.759963	1.7405846	24.243
-2.1918917	-8.4647	2.7281928	24.293
-1.2282255	-8.603564	2.336741	24.343
-1.0199299	-9.496601	1.1001357	24.393
-1.543063	-10.386047	0.24301147	24.443
-1.2952632	-9.31943	0.35793316	24.493
-1.4377182	-9.7719345	0.78529817	24.543
0.52073884	-10.651803	-0.8523358	24.593
1.6112977	-10.560823	-2.554613	24.643
0.046686932	-8.743625	-2.110489	24.693
1.3120226	-8.941146	-2.4588451	24.743
2.7940333	-9.592369	-3.6104562	24.793
2.4768016	-9.572019	-2.8634653	24.843
2.2960393	-9.642648	-3.3399115	24.893
2.7257986	-9.075222	-2.7581203	24.943
2.4648306	-8.692149	-3.1040826	24.994
2.123657	-8.337808	-3.3207579	25.043
2.1787236	-8.541314	-3.3794158	25.093
2.1176715	-8.526949	-3.5230677	25.143
3.2860417	-8.954314	-3.0430303	25.193
3.2872388	-9.48463	-3.7816415	25.243
2.1212628	-7.9451585	-2.0350714	25.293
3.0502129	-7.765593	-1.4341269	25.343
2.7234044	-9.137471	-5.783194	25.393
1.1252748	-9.166202	-6.0728927	25.443
2.099715	-9.074024	-1.8267759	25.493
3.4045548	-8.971074	-3.0059202	25.543
2.4660277	-8.694544	-3.0262709	25.593
2.6420016	-8.580819	-3.1244333	25.643
2.4540567	-9.072827	-3.915717	25.693
2.6048915	-9.384073	-3.1627405	25.743
2.3642743	-9.336189	-1.9440918	25.793
1.9309237	-9.502586	-2.0219033	25.843
1.2282255	-9.583989	-1.8686744	25.893
1.1288661	-10.208876	-1.2952632	25.943
0.6919243	-10.542868	0.63087213	25.994
-1.2593501	-8.744822	1.0881647	26.044
-0.9648633	-9.403227	3.0992942	26.093
-1.1575965	-8.665813	1.673547	26.143
-1.6340426	-8.89446	2.2481554	26.193
-1.4688427	-9.200917	2.6443958	26.243
-0.046686932	-8.596381	1.6879122	26.293
-1.6579847	-10.530896	1.2126632	26.343
-0.01436521	-10.779893	1.0594343	26.393
-1.3563153	-9.096769	1.4903905	26.443
-2.540248	-9.0476885	1.2318168	26.493
-2.4145525	-9.816227	1.6723499	26.543
-2.3834279	-9.08001	1.1097125	26.593
-3.371036	-9.333796	1.2761095	26.643
-4.5034933	-8.827422	0.9804256	26.693
-3.6332011	-9.354146	1.1025299	26.743
-3.086126	-9.147048	1.2856863	26.793
-2.8790276	-9.143456	0.4213795	26.843
-2.8670566	-9.551667	0.8810662	26.893
-2.7090392	-9.758766	0.21428105	26.943
-1.401805	-10.028113	0.50876784	26.994
-2.0386627	-9.562442	0.4417302	27.043
-1.7465701	-10.257957	0.7422025	27.093
-1.5622166	-8.938752	1.9955671	27.143
-0.90021986	-8.579621	1.5167267	27.193
-2.0721815	-9.168595	2.4420857	27.243
-2.2900538	-9.056067	1.7753005	27.304
-1.6915035	-8.385692	2.621651	27.343
-1.3096284	-8.319851	3.2680852	27.393
0.5231331	-9.054871	3.4261026	27.443
-1.508347	-10.006566	2.2110453	27.493
0.48602295	-9.758766	1.6364368	27.543
1.1899183	-9.860519	1.3850456	27.593
1.7417817	-10.880449	0.5566519	27.643
1.0366893	-10.178948	-0.94211835	27.693
1.6376339	-8.585608	-0.60812724	27.745
3.0430303	-8.659827	-2.2888567	27.793
2.4420857	-9.581595	-3.0310593	27.843
3.6092591	-9.446322	-2.087744	27.893
3.2249897	-9.572019	-1.6795325	27.943
1.9524715	-9.615114	-2.1140802	27.994
3.537433	-8.617929	-2.408567	28.043
3.5110967	-9.414001	-2.232593	28.093
3.3279405	-8.4826565	-3.7900212	28.143
4.4400473	-8.244433	-1.2401965	28.193
3.98874	-8.789114	-1.7046716	28.243
2.6408045	-9.083601	-2.3020248	28.294
2.2469583	-9.068039	-1.3180081	28.343
2.0769699	-8.931569	-1.5562311	28.393
3.442862	-9.186552	-2.2996306	28.443
2.0733786	-9.240421	-2.8574798	28.493
3.1411927	-9.045294	-2.0614076	28.543
3.2237926	-8.995016	-3.1519666	28.593
2.8646624	-9.367314	-2.730587	28.643
2.0769699	-9.0237465	-2.8634653	28.693
1.8483237	-8.876503	-2.6731262	28.743
1.9859903	-8.838196	-2.658761	28.793
2.1296425	-8.854955	-3.6858735	28.843
2.6036944	-9.218874	-2.7281928	28.893
3.2094274	-9.148245	-3.0358477	28.943
2.2146366	-9.933543	-2.5187001	28.994
2.4157495	-9.67856	-1.5813702	29.044
-1.1204864	-10.056845	-1.2234371	29.093
-2.0266917	-9.67856	1.4329298	29.143
0.521936	-10.275913	1.8171991	29.193
-0.89064306	-9.562442	1.6460136	29.243
-1.1707647	-9.082404	1.5873557	29.293
-1.22224	-8.506598	2.1679497	29.343
-2.7964275	-8.790312	3.0873232	29.393
-1.4628572	-8.597578	2.2493525	29.443
-4.047398	-8.801085	1.2234371	29.493
-1.5562311	-8.963891	2.7832594	29.543
-4.274847	-9.173384	0.9923966	29.593
-4.6399627	-8.711303	3.3387144	29.643
-3.2836475	-8.588001	2.5007436	29.693
-4.7536874	-8.74961	1.6256629	29.743
-4.665102	-8.684967	1.8914193	29.793
-3.5553896	-8.887277	1.9057846	29.843
-3.8031895	-8.929175	2.0350714	29.893
-3.478775	-8.759187	2.1799207	29.943
-3.0358477	-8.9998045	2.3666685	29.993
-2.7006595	-8.738836	2.4408886	30.043
-2.789245	-8.349778	2.6647465	30.093
-2.019509	-8.878897	3.1064768	30.143
-1.4317327	-9.229648	2.9951463	30.193
-0.6655881	-8.760384	3.6750996	30.243
-2.2828712	-9.190144	3.2609026	30.293
-0.81522566	-7.8948803	5.035006	30.343
0.4381389	-7.764396	5.0038815	30.393
1.7477672	-8.919599	4.392163	30.443
0.80924016	-8.422802	4.156334	30.493
1.8698715	-9.485827	4.8865657	30.543
1.6867151	-9.51336	3.7708676	30.593
2.4025815	-8.978256	3.5410242	30.643
1.7645266	-9.190144	2.2385786	30.693
4.6375685	-8.957906	-0.23942018	30.743
4.084508	-9.449914	0.37469256	30.793
1.6819267	-9.610326	0.41180268	30.843
3.8774097	-9.349358	-0.06464344	30.893
2.7365725	-9.739613	-0.90620536	30.943
2.597709	-9.683349	-1.8590976	30.993
2.778471	-9.01417	-1.9117701	31.044
2.9496565	-9.326612	-0.4321534	31.093
2.6803088	-9.727641	-1.22224	31.143
3.843891	-8.820239	-0.1604115	31.193
4.4316673	-9.084799	-0.5231331	31.243
3.8857894	-9.119514	-0.2896984	31.294
3.9013517	-8.596381	0.5722142	31.343
3.300407	-8.773552	0.8451532	31.393
3.1148565	-8.7951	1.4556746	31.443
2.5031378	-9.113529	1.5334862	31.493
2.9113493	-8.796297	1.4053963	31.543
3.3255463	-8.821436	1.9632454	31.593
5.057751	-7.9906483	0.8583213	31.643
4.214992	-8.508993	1.1348516	31.693
3.4727895	-10.0508585	-0.22984336	31.743
3.965995	-9.174581	-0.1316811	31.793
4.2042184	-8.917204	0.33518824	31.843
3.4272997	-8.916007	-0.4405331	31.893
3.6176388	-9.112331	-0.842759	31.943
3.5206735	-9.42238	-1.0630256	31.993
3.3387144	-9.425972	-2.1547816	32.044
2.0590134	-9.555259	-2.1452048	32.093
2.815581	-9.112331	-0.37229836	32.143
3.2848446	-9.570822	-0.49440265	32.193
3.606865	-9.361329	-0.37229836	32.243
2.3953989	-9.828198	0.04070143	32.304
2.4396915	-10.2735195	1.1408371	32.343
-0.011971008	-10.5045595	1.887828	32.393
-0.023942016	-9.313444	2.4600422	32.443
-0.30526072	-8.567651	2.043451	32.493
-2.5821466	-9.358934	1.567005	32.543
-3.4153287	-9.633071	2.3211784	32.593
-2.3139958	-8.916007	5.397728	32.643
-2.9005754	-7.6482773	1.8100165	32.693
-3.8426938	-7.275979	3.726575	32.743
-4.361038	-7.9810715	2.6276364	32.793
-4.1946416	-9.263166	2.9987376	32.843
-4.6579194	-9.266758	2.184709	32.893
-4.4568067	-8.24204	2.2050598	32.943
-4.2425256	-9.235633	2.3127987	32.993
-3.3722332	-9.510966	2.1930888	33.043
-2.0147207	-8.487445	3.217807	33.093
-2.4037786	-8.628703	2.9831753	33.143
-3.0107086	-8.779537	3.1771057	33.193
-3.028665	-8.064868	3.369839	33.243
-2.0638018	-8.485051	3.071761	33.293
-1.4568717	-8.687361	3.0011318	33.343
-1.5693992	-8.737639	3.1962593	33.393
-1.0726024	-9.027337	2.6671407	33.443
-0.56982	-8.644265	3.2740707	33.493
0.30166942	-9.166202	2.9759927	33.543
-0.1316811	-9.53012	2.3798366	33.593
1.4030021	-10.960655	2.3558946	33.643
3.3877954	-10.3932295	2.9137435	33.693
2.9532478	-8.866926	-0.8403648	33.743
2.6886885	-8.738836	-1.163582	33.793
3.5984852	-8.598776	-0.7685388	33.843
3.3207579	-10.250774	-2.2493525	33.893
3.2788591	-9.598354	-3.7325604	33.943
3.0418332	-9.382876	-1.2090719	33.993
3.1507695	-8.4587145	-2.348712	34.044
4.0916905	-8.880095	-2.183512	34.093
3.7912183	-8.89446	-2.6192567	34.143
2.955642	-8.863335	-2.6527755	34.193
2.7748797	-9.021352	-1.6771383	34.243
3.4368765	-8.916007	-1.6711528	34.293
4.0043025	-8.866926	-2.396596	34.344
3.6739025	-8.848969	-1.8064252	34.393
4.23654	-8.845378	-1.4688427	34.443
3.7672763	-9.150639	-2.6491842	34.493
2.195483	-9.386468	-2.3247697	34.543
2.4396915	-9.406818	-1.0618285	34.593
2.492364	-9.124303	-3.2740707	34.643
1.1803415	-8.921992	-1.4520833	34.693
1.5574282	-8.699332	-2.0853498	34.744
3.66672	-9.457097	-1.3790601	34.793
2.4839842	-9.701305	-2.6839	34.843
2.0326772	-9.31943	-1.6089035	34.894
2.8622682	-9.855731	-0.79487497	34.943
2.3331497	-10.020931	0.7194576	34.993
1.5526398	-10.266336	1.4784195	35.044
0.06464344	-9.856929	1.3874398	35.093
-0.6596026	-9.7563715	2.1416135	35.143
-2.9508536	-8.701726	1.3802572	35.193
-2.48159	-8.747216	2.4851813	35.243
-2.8191724	-7.848193	2.6982653	35.293
-1.7645266	-8.160637	3.0083144	35.343
-1.8914193	-9.2547865	2.0338743	35.393
-2.1763294	-9.745598	1.4736311	35.443
-4.569334	-9.454702	0.34476504	35.493
-4.6579194	-8.340201	1.9895816	35.543
-7.2209125	-7.5944076	1.5358804	35.593
-4.8147397	-8.622718	1.5502456	35.643
-4.408922	-8.916007	0.7553706	35.693
-4.9667716	-9.185355	0.49799395	35.743
-4.4017396	-9.315839	0.62728083	35.793
-3.5194764	-8.746018	0.1364695	35.843
-4.924873	-9.00579	0.8834604	35.893
-3.4512417	-8.098388	1.6400281	35.943
-2.48159	-8.215703	1.1013328	35.993
-2.5318682	-9.343372	2.124854	36.051
-2.6479871	-8.41921	1.7034745	36.093
-2.360683	-8.421604	2.2864625	36.143
-0.7577648	-8.755595	2.1499932	36.193
-0.29927522	-9.792285	2.7102363	36.243
-0.23463176	-9.283517	2.8048072	36.293
0.8798691	-8.53892	4.1132383	36.344
2.954445	-10.630256	3.918111	36.393
1.543063	-10.29387	1.8710686	36.443
1.9117701	-9.425972	-0.4285621	36.493
2.1691468	-9.174581	-0.7422025	36.543
4.4783545	-8.979453	-1.6424223	36.593
2.7760768	-9.661801	-1.5777789	36.644
2.7246015	-9.024943	-2.396596	36.693
3.3411086	-9.502586	-1.9321208	36.743
2.7114334	-9.211691	-3.4739866	36.794
3.5314474	-8.365341	-2.9867666	36.844
3.4500446	-8.207323	-0.82001406	36.893
3.9695864	-8.240842	-1.7513585	36.943
3.4153287	-8.872911	-1.2497733	36.993
3.9671922	-8.53054	-1.376666	37.014
6.217742	-9.648633	-0.38067806	37.094
3.4368765	-9.594764	-0.33399114	37.143
3.952827	-9.739613	-1.7812861	37.193
3.0095115	-8.599973	-1.1468226	37.243
2.7844565	-8.531737	-1.1504139	37.303
3.095703	-9.040505	-1.6651673	37.344
2.5629928	-9.698911	-2.2457612	37.393
3.052607	-8.67539	-1.7633295	37.443
2.8909986	-9.570822	-0.30645782	37.493
3.716998	-9.76954	0.4261679	37.543
3.7361517	-8.414422	2.6635494	37.593
4.253299	-10.943896	0.12330139	37.643
0.9923966	-11.031284	0.545878	37.693
-0.50397944	-8.48984	2.327164	37.743
-0.41060558	-9.482236	1.7657237	37.793
-1.0666169	-9.2547865	1.2976574	37.843
-1.6687586	-8.992621	1.3838485	37.893
-1.6005238	-9.396045	1.2569559	37.943
-1.9979613	-9.002198	1.1755531	37.993
-2.5821466	-9.2308445	1.4544775	38.043
-2.9460652	-9.668983	1.2330139	38.093
-3.6128504	-9.029732	1.1959038	38.143
-4.187459	-8.649054	1.9847932	38.193
-3.7912183	-8.586804	1.1133038	38.243
-4.6339774	-9.077616	0.9588778	38.293
-3.7241807	-10.0508585	0.47165772	38.343
-3.5170822	-9.728839	0.16280572	38.393
-3.8774097	-8.76996	1.0067618	38.443
-3.6619315	-8.35337	1.3503298	38.493
-3.0059202	-9.362526	1.6053122	38.543
-3.1723173	-9.173384	1.8710686	38.593
-1.2617443	-9.896433	2.112883	38.654
-2.837129	-7.799112	2.565387	38.693
-2.0733786	-7.753622	2.6276364	38.743
-1.863886	-8.643068	3.1268275	38.793
-0.5243302	-8.809465	2.598906	38.843
-2.0602105	-8.53054	2.8107927	38.893
-0.12090719	-9.11712	3.0382419	38.943
0.92535895	-9.540894	2.7222073	38.993
1.0582372	-10.579977	3.0238767	39.044
1.234211	-10.111911	2.3223755	39.093
2.099715	-9.740809	1.2785037	39.143
1.6053122	-9.284714	1.4197617	39.193
1.6136919	-8.736442	-0.35434186	39.243
2.4277205	-9.294291	-0.8523358	39.293
4.1096473	-9.369708	-1.9871874	39.344
3.3746274	-9.800665	-3.0657754	39.393
3.052607	-9.694122	-4.921282	39.443
3.4871547	-8.599973	-1.1695676	39.493
2.8275523	-8.562862	-0.31124622	39.543
2.5067291	-9.210494	-4.369418	39.593
3.9971197	-8.791509	-2.765303	39.643
4.429273	-8.848969	-1.2366052	39.693
3.989937	-8.548497	-0.8846575	39.743
2.9364884	-9.287108	-1.0223241	39.793
3.6703112	-9.078813	-1.6938977	39.843
2.8886044	-8.932767	-1.5610195	39.893
3.0119057	-9.114726	-1.0546459	39.943
4.0892963	-9.287108	-2.3056161	39.993
3.2237926	-8.708909	-2.304419	40.044
2.5821466	-8.811859	-2.1080947	40.093
2.6515784	-9.115923	-2.669535	40.143
2.8814218	-9.384073	-1.0307038	40.193
3.3363202	-9.773131	-2.0649989	40.243
3.2668881	-9.528923	-0.81402856	40.293
3.2309752	-9.707291	0.25857377	40.344
3.0334535	-9.463082	-0.8559271	40.394
1.5095441	-10.198102	0.8583213	40.443
0.44891283	-10.5704	0.90979666	40.493
-1.1683705	-10.882844	2.1691468	40.543
-1.1372458	-7.217321	3.5170822	40.593
-1.6184803	-8.050503	3.763685	40.643
-0.2813187	-8.717288	2.7880478	40.693
-1.3910311	-9.147048	2.397793	40.743
-2.9233203	-8.981848	2.7964275	40.793
-1.8471266	-8.968679	2.6539726	40.843
-2.919729	-8.615535	2.858677	40.893
-2.6431987	-8.123527	3.1675289	40.943
-2.553416	-8.25401	3.0657754	40.993
-2.4492683	-9.454702	3.144784	41.045
-1.0223241	-8.661025	1.8974048	41.093
-2.1296425	-8.792706	1.3994108	41.143
-2.6252422	-9.196129	1.0163386	41.193
-0.59256494	-9.398438	0.7721301	41.243
-1.2078748	-10.117896	-0.1376666	41.293
0.973243	-10.250774	0.63087213	41.344
0.92296475	-9.755175	-0.39863458	41.393
1.6352397	-9.694122	-0.17357962	41.443
1.8435353	-10.14543	-0.6464345	41.493
1.9740193	-10.655395	-1.3874398	41.543
2.6982653	-9.980229	-0.7074866	41.593
1.9524715	-9.668983	0.4225766	41.643
2.8790276	-9.672575	0.8331822	41.693
2.8167782	-9.720459	0.5351041	41.743
2.5222914	-9.446322	1.4676456	41.793
2.3654714	-9.877279	1.4496891	41.843
1.757344	-9.68694	1.1324574	41.893
0.7613561	-8.408437	3.6655228	41.943
1.3156139	-10.323798	2.9759927	41.993
-0.24899697	-9.185355	3.016694	42.047
0.7445967	-8.653842	3.4644098	42.093
-1.0019734	-9.062054	4.2102036	42.143
-2.7760768	-7.741651	3.5063083	42.193
-0.7146692	-9.436746	2.256535	42.244
-0.20350714	-8.5700445	2.4528596	42.293
1.3239936	-10.782288	2.2014685	42.343
0.4201824	-8.839393	2.5462334	42.394
-0.20111294	-9.172187	2.3056161	42.443
-1.270124	-10.018537	2.4157495	42.494
0.34476504	-9.923966	1.970428	42.543
-0.59256494	-8.380903	3.1376014	42.593
-0.58777654	-9.792285	2.9017725	42.644
-0.005985504	-9.682152	4.260482	42.693
-1.2761095	-8.990228	1.721431	42.743
1.6879122	-9.886856	2.755726	42.794
-0.25737667	-9.131485	1.4508862	42.843
0.33758244	-9.372103	1.6053122	42.893
-0.39384618	-9.728839	0.7338228	42.944
-0.40342298	-9.3421755	1.1109096	42.993
-0.7637503	-9.13388	1.2066777	43.051
-0.32561144	-9.659407	1.2294226	43.093
0.81283146	-9.812635	-1.0259154	43.143
-0.1352724	-8.374918	0.24899697	43.193
1.2018893	-8.979453	0.78410107	43.243
0.7086837	-10.375273	0.2669535	43.293
1.3132197	-10.960655	1.0414777	43.343
2.2852654	-10.641029	2.9161377	43.394
1.2318168	-9.391256	0.35314476	43.444
0.9935937	-10.155006	-2.0697873	43.493
2.112883	-10.494983	-2.6072857	43.543
1.0450691	-9.045294	-1.0247183	43.594
2.3127987	-8.634688	-2.2134395	43.643
3.6942532	-8.067263	-0.39264908	43.693
3.846285	-8.77834	-0.9804256	43.743
2.1428106	-9.702502	-2.6144683	43.793
3.003526	-9.240421	-2.3942018	43.843
4.1491513	-8.47308	-2.0685902	43.893
3.309984	-8.418014	-3.086126	43.954
2.3259668	-10.09994	-4.7177744	43.993
1.8950106	-9.591172	-2.8299465	44.048
2.292448	-9.321824	-1.5251064	44.093
2.0087352	-9.1829605	-3.3123782	44.143
3.0250738	-8.512584	-2.349909	44.193
3.335123	-8.619126	-2.621651	44.243
2.4612393	-9.816227	-4.654328	44.293
3.726575	-9.370906	-2.4013844	44.343
3.550601	-9.2308445	-1.270124	44.393
2.0506337	-9.334992	-1.2294226	44.443
1.8183962	-9.137471	1.9357121	44.493
4.4603977	-10.632649	3.369839	44.543
1.8243817	-11.62744	0.15083471	44.593
-1.8028339	-7.32506	3.1627405	44.643
-0.5291186	-8.900445	2.088941	44.693
-2.7210102	-8.89805	1.2689269	44.743
-2.9388826	-8.875306	2.2852654	44.793
-3.1663318	-8.783129	0.8487445	44.843
-4.6698904	-9.095572	1.1360487	44.893
-4.337096	-8.910022	1.555034	44.943
-4.238934	-8.977059	1.5957354	44.993
-3.7541082	-8.969876	1.9081788	45.049
-2.7150247	-9.063251	2.1272483	45.093
-3.098097	-9.283517	2.3774424	45.143
-2.7257986	-8.76996	1.9153614	45.193
-1.6579847	-9.136273	2.492364	45.243
-1.9812019	-9.628283	2.111686	45.293
-1.8854338	-8.717288	3.345897	45.343
-1.5155296	-8.809465	2.9412768	45.393
-0.973243	-8.811859	3.6415808	45.443
-1.3443443	-7.7213006	4.0019083	45.493
-0.79487497	-8.084022	4.9919105	45.543
2.6252422	-8.615535	5.9064956	45.593
4.011485	-8.979453	6.4547677	45.643
1.2330139	-8.191761	2.6994624	45.693
1.8722657	-9.2787285	4.8494554	45.743
1.982399	-9.763555	4.2880154	45.793
0.61052144	-9.248801	1.6819267	45.843
2.123657	-9.076419	0.63087213	45.893
3.1112652	-9.731233	-0.30047232	45.943
3.309984	-10.030508	-1.7477672	45.994
3.776853	-9.801862	-2.3427265	46.05
3.2609026	-8.7053175	-2.753332	46.093
3.2609026	-9.131485	-2.184709	46.143
4.626795	-7.77517	-2.5318682	46.193
5.741296	-8.435969	0.7637503	46.243
3.095703	-9.809045	-3.9695864	46.293
2.823961	-9.580399	-3.3901896	46.343
3.1352072	-8.634688	-0.6560113	46.394
3.7912183	-10.188525	-1.6579847	46.443
3.2465374	-8.974665	-1.3958195	46.493
4.38498	-9.107543	1.1695676	46.543
3.0119057	-9.289502	0.037110128	46.593
2.9891608	-9.26556	1.9009962	46.643
1.673547	-9.440337	1.9440918	46.693
1.1839328	-9.968259	4.214992	46.754
0.2896984	-9.532514	3.2620997	46.793
0.92416185	-7.025785	5.222951	46.843
-2.1021092	-8.561666	2.7485435	46.893
-2.8646624	-8.397662	5.4922986	46.943
-2.006341	-8.323442	4.272453	46.993
-2.6276364	-7.716512	4.2664676	47.024
-4.296395	-8.240842	4.333505	47.093
-4.271256	-7.9834657	4.782418	47.143
-3.8043866	-7.1742253	4.8458643	47.193
-3.0538042	-7.97748	4.495114	47.243
-4.5358152	-7.493851	4.4220905	47.306
-3.383007	-7.1251445	4.3873744	47.346
-5.177461	-6.191406	4.853047	47.393
-0.50517654	-9.0237465	4.6579194	47.443
-0.6464345	-8.937555	3.1124623	47.494
-1.5107412	-8.574833	3.3183637	47.543
0.21188685	-9.038112	2.669535	47.593
0.6596026	-9.455899	1.8495208	47.644
-0.6356605	-10.457873	1.258153	47.693
0.7673417	-10.796653	0.7697359	47.744
2.134431	-9.945514	0.09816227	47.793
0.8583213	-8.836999	0.08020575	47.843
4.2185836	-8.728063	-0.33279404	47.893
5.12838	-10.269928	-1.8986019	47.943
2.815581	-9.338584	-3.2740707	47.993
1.9093759	-8.463503	-2.136825	48.023
5.097255	-8.176199	-1.9357121	48.093
4.6471453	-8.88608	-2.767697	48.143
4.2820296	-8.236053	-2.5258827	48.193
4.092888	-8.12592	-3.4464533	48.243
4.211401	-8.513782	-2.8287494	48.293
3.9612067	-8.49343	-2.8119898	48.343
4.144363	-8.793902	-1.9500773	48.393
4.8698063	-8.714894	-1.067814	48.443
5.3366756	-8.412027	-2.1763294	48.493
4.4687777	-8.813056	-3.4081461	48.543
4.3035774	-8.700529	-1.8195933	48.593
4.847061	-8.896853	-1.780089	48.643
7.7081323	-9.224859	-1.3156139	48.693
2.9735985	-7.9248075	-3.040636	48.743
-0.6476316	-9.67856	-0.91338795	48.793
1.0366893	-10.196905	-0.40342298	48.843
-0.81043726	-9.8677025	0.59615624	48.893
-1.9644425	-9.560047	2.0530279	48.943
-1.0426749	-8.88608	2.1092918	48.993
-1.4867992	-9.081207	1.9716251	49.024
-2.1428106	-8.833407	2.4911668	49.093
-2.3187842	-8.89805	2.4899697	49.143
-2.8502972	-9.221268	2.5031378	49.193
-3.1352072	-8.565256	2.493561	49.243
-3.2142158	-8.35337	2.0925324	49.293
-2.3127987	-8.813056	2.0147207	49.343
-3.6128504	-9.016563	1.400608	49.393
-5.436035	-8.259995	1.8590976	49.444
-3.9971197	-8.961497	2.3810337	49.493
-3.882198	-9.064447	2.0937295	49.543
-3.8893807	-8.252813	1.9800048	49.593
-4.498705	-9.31105	1.6256629	49.643
-5.159505	-8.590396	1.8483237	49.693
-4.152743	-8.710106	2.12246	49.743
-4.7321396	-8.094796	2.042254	49.793
-3.5685577	-9.214086	1.9764135	49.843
-2.1823149	-8.031349	2.4384944	49.893
-2.043451	-8.528147	2.0590134	49.943
-2.7281928	-9.416395	2.6779146	49.993
-1.2425907	-9.277532	2.3199813	50.034
-0.031124622	-8.517372	2.0841527	50.094
-1.0067618	-8.717288	1.5717934	50.144
-0.58777654	-8.884883	2.0925324	50.194
-0.6679823	-10.34774	1.8914193	50.244
1.922544	-11.042058	2.0949266	50.293
3.8355112	-9.23683	1.483208	50.343
2.778471	-8.635885	1.328782	50.393
3.3506854	-8.925584	-1.4389153	50.443
3.2393548	-9.654618	-3.3794158	50.493
2.9317	-8.826224	-2.8383262	50.543
2.1571758	-9.048885	-3.6044707	50.593
3.2453403	-8.450335	-3.2225955	50.643
3.8426938	-10.023325	-3.916914	50.693
3.9707835	-8.53054	-4.687847	50.743
2.4301147	-8.136695	-2.9879637	50.793
3.1352072	-7.9750857	-2.3942018	50.843
2.0266917	-8.694544	-3.1028855	50.893
4.2760444	-9.382876	-4.2676644	50.943
4.1623197	-9.326612	-1.5382746	50.993
3.6535518	-8.829816	-2.9759927	51.033
3.788824	-8.41921	-2.054225	51.093
3.309984	-7.949947	-2.3116016	51.143
2.7281928	-8.688558	-3.7002387	51.194
3.3243492	-9.063251	-3.3985693	51.243
3.2070332	-8.775947	-2.5342624	51.293
3.3782187	-9.276335	-2.0111294	51.343
3.4081461	-9.508572	-1.6639702	51.393
3.0621839	-9.350554	-1.0223241	51.443
1.5047557	-9.879673	-0.7134721	51.493
1.3455414	-9.983821	-0.49320555	51.543
1.8195933	-10.031705	2.2218192	51.593
-2.0290859	-10.515334	-0.20111294	51.643
-2.4552538	-8.67539	3.9612067	51.693
-1.9213469	-8.1797905	2.110489	51.743
-3.0789435	-8.488642	1.934515	51.793
-2.6623523	-9.7479925	1.8303672	51.843
-1.316811	-8.404845	2.777274	51.893
-2.755726	-8.328231	2.0338743	51.943
-3.3602622	-8.89446	2.36188	51.993
-2.847903	-9.153033	2.3223755	52.033
-2.9149406	-8.943541	1.8938135	52.093
-3.927688	-9.350554	1.3599066	52.143
-4.1264067	-9.346964	1.3623008	52.193
-1.7585411	-9.433155	1.2485762	52.243
-2.9364884	-8.9363575	1.2641385	52.304
-4.024653	-10.279505	-0.025139118	52.343
-4.7884035	-8.51857	0.90979666	52.393
-2.4145525	-8.723274	1.3263878	52.443
-2.4492683	-9.404425	2.1894975	52.493
-1.8004397	-8.706514	1.9369092	52.543
-2.7964275	-9.23683	2.1571758	52.593
-1.4903905	-8.756793	2.8000188	52.643
-1.2006922	-9.111135	3.2225955	52.693
-1.6927006	-8.367735	3.0777464	52.743
-1.7848774	-7.7201033	2.814384	52.793
-0.33997664	-8.865729	2.767697	52.843
0.23822308	-8.939949	3.5817258	52.893
1.3730747	-10.047267	3.383007	52.943
0.33159694	-10.947487	2.6563668	52.994
1.5275006	-10.036493	1.0989386	53.033
3.4117374	-9.257181	1.4915876	53.093
3.0119057	-9.15423	-0.34476504	53.143
1.9548657	-8.822633	-1.5179238	53.193
3.1950622	-9.642648	-1.5646108	53.243
3.4284968	-10.266336	-2.1990743	53.293
3.0059202	-9.148245	-2.5965118	53.343
3.9875429	-8.655039	-2.2301989	53.393
4.140772	-8.617929	-2.0937295	53.443
2.7760768	-8.706514	-2.5677812	53.493
3.2381577	-8.317456	-2.5091233	53.543
4.0402155	-8.043321	-2.2266076	53.593
3.549404	-8.468291	-2.3056161	53.643
4.3023806	-9.057265	-3.5051112	53.693
4.048595	-8.662222	-3.003526	53.743
4.096479	-8.656237	-2.516306	53.793
4.325125	-8.3150625	-2.707842	53.843
4.0940847	-8.529344	-1.9812019	53.893
4.0306387	-8.863335	-2.8215668	53.943
4.3873744	-8.388085	-2.3199813	53.993
4.11683	-8.746018	-2.7509377	54.033
4.4244847	-9.103952	-1.3910311	54.093
3.0226796	-9.203311	-1.0953473	54.143
1.1085154	-9.100361	-1.2653356	54.193
1.9812019	-10.296265	0.92416185	54.243
1.5047557	-9.628283	1.0115502	54.293
2.2026656	-10.03769	1.7022774	54.343
-0.37110126	-10.328587	1.839944	54.393
-1.0115502	-8.485051	1.6591818	54.443
-2.3211784	-8.476671	2.5210943	54.493
-2.3570917	-9.303867	2.4349031	54.543
-3.7313633	-8.931569	1.697489	54.593
-3.6858735	-8.367735	2.6850972	54.643
-3.1268275	-8.817844	1.7561469	54.693
-4.3047748	-8.327033	2.542642	54.743
-4.5860934	-8.613141	1.7274165	54.793
-4.1862617	-8.475474	2.303222	54.843
-3.465607	-8.948329	2.566584	54.893
-3.1483753	-8.747216	2.5187001	54.943
-3.2118216	-8.333019	3.2106245	54.993
-2.0350714	-9.13388	3.1244333	55.033
-2.280477	-8.015787	3.3315318	55.093
-3.0789435	-8.841787	3.1890767	55.143
-2.8263552	-8.498219	3.3614593	55.193
-2.6396074	-8.052897	3.2357635	55.243
-2.0350714	-8.219295	3.2752678	55.293
0.1328782	-9.628283	2.7114334	55.343
-0.32441434	-9.102755	2.681506	55.393
-0.36511576	-9.52174	1.7381904	55.443
0.4249708	-11.463438	0.58298814	55.494
2.1811178	-10.817003	-0.45130703	55.543
2.598906	-9.357738	-0.0035913025	55.593
1.4149733	-8.728063	0.09935937	55.643
3.6104562	-9.382876	-3.7241807	55.693
4.0294414	-9.581595	-3.5446155	55.743
4.519056	-9.739613	-1.1623849	55.793
3.9875429	-8.6299	-1.5885528	55.843
4.983531	-8.808268	-1.5849615	55.893
4.2904096	-8.714894	-1.2437878	55.944
3.05141	-8.992621	-0.1604115	55.993
3.157952	-9.109938	0.2789245	56.035
3.1723173	-9.041702	0.93134445	56.096
3.4931402	-9.745598	0.7062895	56.145
2.6372132	-9.065644	0.053869538	56.195
3.1591492	-9.271546	2.2349873	56.245
1.9165585	-9.746795	1.1049241	56.316
1.6244658	-9.664195	2.3546975	56.347
0.52073884	-9.490616	4.1814733	56.395
0.5566519	-8.572439	4.0677485	56.445
1.8854338	-9.510966	3.9240966	56.495
-1.1851299	-8.475474	2.730587	56.545
-1.982399	-8.12233	5.7544637	56.595
-3.2668881	-7.6602483	4.211401	56.645
-1.7262194	-7.7907324	5.6682725	56.695
-3.8115692	-7.6590514	4.331111	56.746
-2.5797524	-8.53054	4.1479545	56.796
-2.6611552	-8.562862	3.2980127	56.845
-3.7110126	-8.230068	3.3746274	56.895
-5.533	-7.3178773	3.5877113	56.946
-5.895722	-7.752425	3.3877954	56.995
-2.6659436	-8.054094	4.489128	57.035
-2.7605145	-9.657013	1.2964603	57.095
-4.3742065	-9.433155	1.2988545	57.145
-2.31639	-8.512584	1.4413095	57.195
-1.5263035	-10.588357	0.94810385	57.245
-1.7190368	-8.86932	0.7386112	57.306
-0.39743748	-8.291121	1.851915	57.345
1.1324574	-9.950302	1.79206	57.395
1.9716251	-10.729615	-1.5023615	57.445
2.906561	-9.582792	0.6655881	57.495
3.952827	-9.1829605	-0.2669535	57.545
2.1033063	-9.509769	0.5542577	57.595
1.6208745	-9.28232	1.483208	57.645
4.691438	-9.589975	0.21787235	57.695
7.8410106	-8.655039	0.5710171	57.745
5.2504845	-9.088389	0.6500258	57.795
5.9531827	-8.428787	0.7613561	57.845
5.303157	-8.474277	0.36272156	57.895
4.542998	-8.582016	0.8774749	57.945
3.1723173	-8.872911	1.1252748	57.995
3.8666358	-9.102755	1.6424223	58.035
1.8076223	-8.683769	2.6084828	58.098
2.6731262	-9.442732	4.1838675	58.148
2.7928362	-9.394848	1.7764976	58.198
1.5239093	-8.531737	3.7469256	58.248
1.3263878	-8.384495	5.342661	58.298
1.0366893	-9.308656	4.9440265	58.348
0.047884032	-8.374918	5.1726727	58.39
0.022744916	-8.1343	5.409699	58.45
-1.2150574	-7.441179	5.5976434	58.49
-1.508347	-8.463503	4.975151	58.55
-2.2936451	-7.752425	5.3378725	58.59
-1.6711528	-8.505402	4.4556093	58.65
-2.5151088	-7.111976	5.2026005	58.69
-2.5582044	-7.6865845	4.8877625	58.75
-4.0497923	-8.475474	5.1355624	58.79
-2.6384103	-7.2711906	3.904943	58.85
-4.867412	-7.699753	3.4129345	58.89
-4.2940006	-7.8158712	4.036624	58.95
-3.9360676	-8.018182	3.618836	58.99
-3.0789435	-8.75799	3.3399115	59.031
-3.2908301	-8.566454	3.1603463	59.097
-3.1112652	-8.608353	2.669535	59.147
-3.192668	-8.438364	3.0478187	59.19
-1.8255788	-9.030929	2.207454	59.25
-2.7006595	-8.707711	2.7222073	59.29
1.5310919	-10.757148	3.1663318	59.35
-0.50757074	-10.298658	-0.062249243	59.39
-0.9516952	-8.412027	0.48602295	59.45
-0.16280572	-9.326612	3.181894	59.49
0.7374141	-11.429919	1.2378023	59.55
2.0159178	-10.630256	-1.0642227	59.59
3.0561984	-9.361329	-1.270124	59.65
4.938041	-8.953117	1.2354081	59.69
6.06571	-9.00579	-1.0354922	59.75
5.3881507	-9.652225	-1.4748282	59.79
6.0621185	-8.589199	-1.1420342	59.85
3.799598	-6.975507	-2.1499932	59.89
2.2481554	-7.7452426	1.4640543	59.95
4.5202527	-10.210073	-0.15682021	59.99
2.9053638	-9.840169	-0.022744916	60.03