-0.9564836	-9.085996	3.6332011	0.147
-0.985214	-9.075222	3.715801	0.202
-1.0139444	-9.062054	3.6032736	0.246
-0.9576807	-9.046491	3.7014358	0.297
-1.0163386	-9.056067	3.645172	0.347
-1.1133038	-9.056067	3.7002387	0.397
-1.1839328	-9.126697	3.6403837	0.446
-1.258153	-9.188946	3.6966474	0.496
-1.3958195	-9.121908	3.5350387	0.547
-1.3826514	-9.051279	3.4979286	0.596
-1.0893618	-8.854955	3.1663318	0.644
-0.31603462	-9.324219	2.31639	0.694
-0.8343793	-9.911995	1.9369092	0.744
-1.7980455	-9.106346	2.9831753	0.794
-2.815581	-7.5824366	3.180697	0.844
-2.789245	-8.579621	2.883816	0.894
-2.4001873	-10.255563	2.1859062	0.944
-2.5127146	-10.0269165	1.1049241	0.974
-1.982399	-9.190144	2.4061728	1.044
-2.5498247	-8.790312	3.645172	1.094
-2.5366566	-8.959103	2.8682537	1.144
-1.8567034	-9.902418	2.1511903	1.194
-1.7238252	-9.340978	2.778471	1.244
-1.1133038	-9.002198	3.2620997	1.294
-1.2473791	-8.943541	2.8072014	1.344
-1.5167267	-9.465476	2.1164744	1.394
-2.3702598	-9.599552	2.9029696	1.444
-3.503914	-8.858546	3.9803603	1.494
-3.8355112	-9.17099	3.144784	1.539
-3.3051953	-10.83496	0.3854665	1.597
-5.1786585	-11.180922	-1.8579005	1.647
-5.7161565	-10.104729	-0.80205756	1.696
0.2861071	-6.317101	4.080917	1.747
-2.123657	-8.169016	-1.4939818	1.797
-8.941146	-7.753622	-5.7377043	1.847
-5.7424927	-8.2516165	2.991555	1.897
0.6428431	-9.136273	3.2273839	1.947
0.8355764	-8.842984	-0.21906945	1.981
0.25737667	-10.109517	-6.205771	2.026
-1.7884687	-9.770737	4.8494554	2.094
-4.110844	-9.321824	4.945224	2.144
-1.5634137	-9.442732	-0.08379706	2.194
0.022744916	-10.251971	-0.07062895	2.244
0.49320555	-9.981427	1.6472107	2.294
0.019153614	-8.662222	2.883816	2.344
-1.1504139	-8.579621	1.5071499	2.394
-4.8937483	-10.0748005	-1.5945383	2.444
-4.9284644	-8.318654	-1.8411411	2.494
-1.6017209	-9.660604	2.7102363	2.544
2.0685902	-14.20839	1.400608	2.594
-0.7757214	-10.371682	-1.9189527	2.646
-2.043451	-5.925649	1.5885528	2.697
1.328782	-7.065289	6.0381765	2.747
1.1755531	-9.548077	3.0178912	2.797
-2.4875755	-12.293029	-1.1827357	2.847
-0.10175357	-9.598354	3.6104562	2.897
-1.9237411	-12.228385	3.453636	2.947
-5.803545	-13.690045	-1.553837	2.976
-0.32800564	-7.076063	-1.3263878	3.044
3.654749	-6.491878	-0.1604115	3.094
-2.9508536	-8.42759	-2.1428106	3.144
-8.603564	-9.317036	0.7290344	3.188
-4.260482	-8.178593	3.490746	3.247
1.899799	-8.1163435	-2.6791117	3.296
2.5438392	-9.763555	-3.4320881	3.347
-0.7529764	-8.512584	2.6874914	3.397
-2.5510218	-9.690532	2.8862102	3.449
-1.0103531	-10.625467	1.411382	3.488
1.1432313	-10.309433	-0.06464344	3.548
-2.9412768	-10.55005	-0.9576807	3.589
-7.765593	-11.880029	0.06584055	3.648
-5.8837504	-7.8888946	0.79726917	3.688
-0.90141696	-7.6482773	-1.0737995	3.749
3.1172507	-11.204864	-2.0039468	3.788
0.7661445	-10.912771	-0.29807812	3.848
-2.9987376	-7.8529816	0.40701428	3.888
-1.22224	-6.661866	5.379771	3.949
-1.2162545	-6.5960255	5.279215	3.969
-1.6723499	-9.346964	0.47285482	4.049
-0.010773907	-12.069171	0.1436521	4.098
-1.5143325	-13.6649065	3.098097	4.148
-7.9571295	-12.6461735	-2.0566192	4.198
-4.5777135	-5.1463366	-1.0654198	4.245
0.33638534	-4.856638	0.12090719	4.296
-3.1902738	-9.399636	-4.011485	4.346
-7.157466	-10.984597	-3.702633	4.396
-5.638345	-8.944737	3.9576154	4.449
-2.3008277	-6.999449	0.2837129	4.496
-0.39624038	-9.167398	-6.090849	4.549
-0.78888947	-10.986992	-3.9109285	4.597
-0.94570965	-10.308235	1.9907787	4.647
-1.5155296	-9.516952	3.0885203	4.697
-0.4345476	-9.197326	-2.3475149	4.747
0.79248077	-9.886856	0.760159	4.797
0.16759412	-9.545682	3.6332011	4.847
-1.8124107	-9.901221	1.7549498	4.897
-6.3925185	-11.702858	-0.17357962	4.939
-6.042965	-12.174516	-0.40581718	4.98
-6.042965	-12.174516	-0.40581718	4.98
-0.60333884	-8.013393	-5.0146556	5.096
0.9876082	-11.287464	0.19273324	5.146
-2.6874914	-11.051635	4.5298295	5.196
-3.3243492	-7.6770077	2.4588451	5.244
-0.049081136	-8.862138	1.5634137	5.294
0.7350199	-8.919599	3.9827545	5.344
-0.7290344	-8.965088	2.9245174	5.394
-1.8267759	-9.862914	3.3075895	5.444
-0.7374141	-10.418368	4.19105	5.494
-3.527856	-13.763068	1.210269	5.544
-4.3047748	-9.518148	-0.7433996	5.594
-1.0175357	-8.204929	0.3854665	5.644
-1.4281414	-6.909666	-2.4289176	5.694
-5.3965306	-8.604761	-2.3235726	5.744
-5.9064956	-9.642648	3.2597055	5.794
-1.2330139	-8.079233	3.2010477	5.844
0.46208093	-10.040085	-2.9891608	5.894
0.5674258	-9.953894	-2.2218192	5.944
0.16879122	-8.3629465	2.7114334	5.984
-0.9672575	-8.863335	3.0502129	6.044
0.31603462	-10.04607	1.7405846	6.094
-0.088585466	-13.628993	-1.2617443	6.144
-4.9057193	-13.928268	-1.2138603	6.194
-7.100005	-8.911219	0.4381389	6.244
-3.8007953	-4.1144357	1.365892	6.297
1.6089035	-8.90643	1.970428	6.344
2.3127987	-14.056358	0.62249243	6.394
-2.2098482	-9.097966	-5.1343656	6.444
-2.2936451	-6.2249246	0.9911995	6.494
-0.2669535	-5.6586957	8.459911	6.544
0.7290344	-7.937976	1.3251907	6.594
-1.4269443	-12.862848	-2.883816	6.644
-2.0350714	-11.410766	2.6013002	6.694
-3.0011318	-12.316971	6.622362	6.744
-3.6092591	-12.61864	-2.8263552	6.794
-0.16998832	-7.6410947	-3.551798	6.844
2.267309	-5.9424086	-1.555034	6.894
-3.645172	-7.797915	1.0953473	6.944
-8.461109	-9.939528	1.5682021	6.984
-2.6623523	-8.851364	2.7401638	7.045
2.124854	-8.572439	-1.163582	7.094
0.7577648	-9.299079	-0.110133275	7.144
-1.8722657	-8.678981	1.8626889	7.194
-3.027468	-8.965088	2.5510218	7.244
-0.60214174	-8.847773	2.292448	7.294
-0.4297592	-11.876437	-0.4333505	7.344
-6.9479733	-12.179304	-0.108936176	7.394
-5.4791307	-10.26514	5.4204726	7.444
-3.9097314	-6.991069	-1.3946224	7.494
-4.357447	-6.218939	-6.927623	7.544
-2.007538	-7.025785	4.0462008	7.594
-3.095703	-11.827356	7.739257	7.644
-4.4220905	-9.986216	-2.6922798	7.694
-1.8794483	-8.471883	-5.21098	7.744
-0.5542577	-7.8039002	7.6746135	7.794
-3.4165258	-7.7344685	6.95755	7.844
-3.7708676	-7.620744	2.146402	7.894
-3.3195608	-11.162966	1.6292542	7.944
-3.9636009	-15.398308	0.25498247	7.984
-4.548983	-6.9371996	0.59974754	8.044
1.2198458	-5.815516	0.48243165	8.094
-1.7441759	-8.536526	0.32920274	8.144
-8.876503	-10.278308	-2.348712	8.194
-3.345897	-10.572795	1.7118542	8.244
0.1436521	-8.926781	0.2765303	8.294
0.095768064	-8.283937	-1.6771383	8.344
-0.93852705	-9.283517	0.676362	8.394
-1.5155296	-10.218452	3.5781345	8.444
0.36511576	-9.279925	1.5263035	8.494
1.8770541	-8.986636	-1.0570401	8.544
1.3682863	-9.999383	2.2134395	8.594
-0.7697359	-10.354922	3.4703953	8.644
-5.0278234	-12.035652	1.9835961	8.694
-5.6203885	-11.822568	-0.5518635	8.744
-3.70383	-6.06571	-3.942053	8.794
0.19273324	-5.979519	-3.4823663	8.844
2.6312277	-10.405201	2.9616275	8.894
-0.06584055	-14.104242	1.673547	8.944
-3.9683893	-9.350554	-3.0370448	8.984
-2.801216	-6.171055	4.068946	9.045
-0.48482585	-6.8653736	6.525397	9.094
-0.17836803	-10.107122	0.7589619	9.144
-0.49559975	-12.216414	-1.1133038	9.194
-0.8822633	-11.159374	2.0099323	9.244
-2.907758	-14.117411	1.3263878	9.294
-3.6332011	-11.146206	-2.834735	9.344
0.1448492	-5.554548	-3.1866825	9.394
-0.60214174	-6.0130377	-0.5482722	9.444
-3.3255463	-8.707711	1.0821792	9.494
-3.6056678	-10.9103775	1.9680338	9.544
0.6859388	-8.689755	-2.859874	9.594
2.6731262	-8.614338	-1.7393875	9.644
0.7062895	-9.646238	1.7489643	9.694
-2.870648	-10.712855	0.48362875	9.744
-0.91937345	-10.168175	1.2306197	9.794
1.1013328	-10.116699	1.5143325	9.847
-1.5310919	-12.8209505	-0.7493851	9.897
-4.262876	-11.134235	-2.6204538	9.947
-4.507085	-7.1347213	-1.4700398	9.986
-1.3515269	-6.602011	2.7281928	10.044
1.4449008	-9.911995	2.7485435	10.094
1.5981296	-15.223532	-2.148796	10.144
-1.7274165	-8.340201	-5.6910176	10.194
-1.6915035	-5.261258	7.0186024	10.244
-0.4201824	-7.1047935	6.789956	10.294
-0.47764325	-9.139865	0.61770403	10.344
1.2174516	-12.00333	-0.5566519	10.394
-0.36750996	-14.7411	2.8275523	10.447
-6.2883706	-13.281834	1.7250223	10.497
-2.8909986	-7.5321584	-0.90620536	10.547
-0.16280572	-4.8781857	0.9624691	10.597
-3.3566709	-7.381324	-2.2373815	10.647
-7.0928226	-9.969456	-2.5570073	10.699
-5.007473	-10.159795	2.8634653	10.739
-0.33997664	-7.860164	1.8171991	10.799
-0.6619968	-8.486248	-4.224569	10.838
-0.22984336	-10.772711	-1.103727	10.898
-0.92775315	-10.815806	2.2457612	10.938
-0.19033903	-9.487024	3.2501287	10.98
0.8798691	-8.295909	0.9792285	11.046
-1.6053122	-11.173739	-0.11971009	11.096
-7.7584105	-13.435062	0.4237737	11.146
-6.3230867	-10.20289	1.4879963	11.196
-4.2544966	-5.639542	-3.927688	11.244
-3.5206735	-4.6112323	-4.3622355	11.294
-0.15682021	-7.463924	5.133168	11.344
-1.3694834	-13.081918	4.912902	11.394
-5.357026	-12.504915	-1.9680338	11.447
-0.7074866	-7.583634	-1.6460136	11.497
-0.32561144	-7.487866	7.27957	11.547
-2.7090392	-7.9990277	5.7424927	11.597
-3.716998	-8.566454	1.6927006	11.647
-0.8714894	-9.0237465	2.0602105	11.699
-0.9696517	-10.79785	2.6874914	11.739
-8.152257	-10.485406	1.0187328	11.798
-4.758476	-8.53054	-0.7254431	11.839
-0.08499416	-6.355408	0.5374983	11.899
-3.9839516	-7.053318	-1.769315	11.939
-6.8366427	-9.287108	-2.4624364	11.98
-3.1148565	-10.655395	1.2856863	12.046
0.12449849	-8.649054	-0.48003745	12.096
-0.009576807	-8.22528	-1.9728222	12.146
-0.1448492	-9.527725	-0.074220255	12.196
0.11252748	-10.396821	1.2234371	12.245
0.40701428	-9.522937	0.90979666	12.294
0.93972415	-9.916783	-0.7745243	12.344
0.46926352	-10.994174	1.4999673	12.394
-2.8694508	-12.21402	2.801216	12.445
-6.208165	-12.437878	-1.1204864	12.494
-5.73531	-7.40766	-1.5813702	12.544
-1.2234371	-6.8641763	1.0642227	12.594
2.1523874	-11.075577	0.5710171	12.644
0.6572084	-13.538013	-1.8818425	12.694
-2.7329812	-6.879739	-1.0354922	12.744
-2.4600422	-5.671864	5.057751	12.794
-1.1492168	-7.2209125	4.7081976	12.844
-1.2773066	-9.296685	0.46567222	12.894
-0.2657564	-12.173319	-0.37588966	12.944
0.40581718	-11.401189	3.0310593	12.984
-1.328782	-9.783905	3.977966	13.044
-4.0497923	-13.797785	-0.47285482	13.094
-4.7884035	-10.380061	-0.10534488	13.144
-1.1683705	-7.01142	0.094570965	13.194
1.5885528	-6.5804634	-3.4596214	13.244
-4.3502645	-8.910022	-1.7130513	13.294
-8.950723	-10.16578	2.7688942	13.344
-2.7353754	-7.0581064	4.6495395	13.394
2.348712	-8.219295	-3.1028855	13.444
3.13401	-10.363302	-2.3798366	13.494
0.31124622	-8.852561	2.4827871	13.544
-1.9776106	-9.43076	2.7605145	13.594
-0.6536171	-9.270349	1.8686744	13.644
1.2545617	-11.662156	1.5131354	13.694
-1.9859903	-13.165715	-1.5741876	13.744
-4.7201686	-12.4151325	-0.46088383	13.794
-5.368997	-6.932411	-1.0019734	13.844
-3.2190042	-3.9671922	-0.6404489	13.894
2.2337902	-8.985439	3.894169	13.944
1.5969325	-15.506047	0.38307226	13.994
-3.2573113	-10.341754	-4.805163	14.044
-2.2697031	-6.859388	2.2613235	14.094
1.091756	-6.739678	7.0449386	14.144
1.376666	-7.917625	1.376666	14.194
-3.0969	-9.387665	0.0011971008	14.244
-0.047884032	-11.291056	2.3104045	14.294
-1.4030021	-13.342886	0.8283938	14.344
-7.762002	-13.243526	-0.80445176	14.394
-5.020641	-7.6949644	-0.9588778	14.444
1.8016368	-4.9559975	3.8738184	14.494
-2.2397757	-5.910087	-1.6124948	14.544
-9.028535	-9.68694	-6.367379	14.594
-4.771644	-9.996989	5.792771	14.644
-1.8962077	-7.869741	5.3941364	14.694
-0.7182605	-7.60997	-4.9548006	14.744
-0.92775315	-11.686098	-6.600814	14.794
0.38067806	-10.102334	0.9983821	14.844
-1.5382746	-8.1881695	3.4620156	14.914
-1.3084313	-9.099164	-1.0761937	14.946
-0.8774749	-11.86686	-2.9592333	14.994
0.7230489	-10.825383	1.5646108	15.045
-0.90859956	-9.91439	4.560954	15.094
-5.5138464	-8.39886	2.529474	15.144
-6.92044	-9.793482	0.4357447	15.194
-6.3063273	-6.8905125	-4.175488	15.244
-3.2632968	-6.730101	-4.119224	15.294
-0.05626374	-11.354502	5.499481	15.344
-1.3742718	-12.91193	4.4939165	15.394
-1.8602947	-7.608773	-1.9752164	15.444
-0.79008657	-6.8869214	4.542998	15.494
-1.780089	-7.302315	7.9930425	15.544
-2.5366566	-8.462306	3.5206735	15.597
-1.4820108	-10.418368	1.2844892	15.647
-1.2018893	-11.699266	3.168726	15.697
-6.2129536	-12.795811	4.0162735	15.747
-7.043741	-7.799112	0.79607207	15.799
-3.5697548	-7.445967	0.46567222	15.839
-2.681506	-7.1885905	-1.6603789	15.899
-4.8147397	-7.643489	-4.7776294	15.939
-4.261679	-10.693702	0.7565677	15.996
-2.0171149	-9.580399	2.9999347	16.046
-0.736217	-7.595605	-0.6404489	16.096
-0.077811554	-8.832211	-0.7374141	16.146
0.59136784	-10.03769	1.7980455	16.194
0.6907272	-10.151415	3.3291376	16.244
0.48362875	-10.455479	-0.7673417	16.294
0.47405192	-10.143036	2.8634653	16.344
-4.320337	-11.100717	-0.2621651	16.394
-7.973889	-9.630676	0.1316811	16.444
-3.2465374	-6.327875	-0.1604115	16.494
2.2744915	-9.753978	0.18914193	16.544
3.9803603	-13.470976	-1.1875241	16.594
-1.2689269	-8.90643	-1.483208	16.644
-3.0561984	-6.951565	2.3942018	16.694
-1.1348516	-7.1251445	6.2608376	16.744
-0.9708488	-7.813477	2.067393	16.794
-1.8136078	-11.348516	-1.4748282	16.844
-0.60094464	-11.404779	1.7932571	16.894
-1.0223241	-10.0748005	6.944382	16.944
-6.7839704	-16.591818	-2.4636335	16.994
-6.4846954	-9.679757	-3.5470097	17.045
1.3934253	-4.1096473	0.51475334	17.094
1.970428	-5.342661	1.5658079	17.144
-3.5482068	-9.197326	-1.2641385	17.194
-6.7492547	-11.981782	2.079364	17.244
-0.62488663	-8.577228	2.6803088	17.294
2.6659436	-7.6291237	-0.641646	17.344
0.9792285	-8.06008	0.39025488	17.394
-1.7250223	-9.097966	0.21188685	17.444
-2.9712043	-11.6430025	0.5410896	17.494
-0.92775315	-10.392033	0.4405331	17.544
-2.4468741	-11.886014	-0.62847793	17.594
-3.952827	-13.565547	1.1300632	17.644
-4.334702	-8.082825	-2.1511903	17.694
-2.1176715	-4.9164934	-0.40940848	17.744
0.34117374	-9.472659	6.027403	17.794
-0.641646	-13.037625	2.4588451	17.844
-3.0334535	-9.323022	-6.5361705	17.894
-1.6017209	-6.030994	4.6459484	17.944
-1.3000516	-6.6056023	8.285135	17.994
-2.088941	-8.711303	0.16400282	18.044
0.21667525	-11.492168	-0.94930094	18.094
0.1340753	-13.551182	2.7257986	18.144
-6.30513	-13.6649065	-0.7613561	18.194
-4.711789	-8.157045	-1.4101849	18.244
-0.9624691	-4.9069166	1.5107412	18.288
-3.5194764	-6.597223	-3.25372	18.346
-6.931214	-10.9103775	-3.441665	18.397
-4.2676644	-10.81461	3.1124623	18.447
-0.6368576	-7.264008	1.5598224	18.497
-0.18076223	-8.040926	-1.9393034	18.539
-0.029927522	-11.022904	-0.79128367	18.599
-1.2569559	-10.581175	2.3750482	18.639
-1.5502456	-8.821436	2.3127987	18.699
-0.3184288	-8.67539	-0.89543146	18.739
0.046686932	-9.454702	0.017956512	18.799
-2.2637177	-10.852917	1.851915	18.838
-6.7588315	-10.78947	2.6515784	18.899
-4.853047	-9.545682	2.834735	18.938
-4.995502	-6.7480574	-4.3622355	19.0
-4.787206	-6.137536	-4.2700586	19.047
-1.5131354	-8.078036	4.373009	19.096
-2.9604304	-11.899182	5.116409	19.146
-4.056975	-9.629479	-2.835932	19.196
-1.2641385	-8.948329	-2.8323407	19.246
-0.9780314	-7.3669586	6.6989765	19.294
-2.871845	-6.775591	5.7616463	19.344
-3.1794999	-8.22528	2.9460652	19.394
-1.7513585	-10.447099	1.70946	19.444
-3.204639	-11.920731	2.1811178	19.494
-6.089652	-10.911574	2.5462334	19.544
-2.4863784	-10.014946	2.349909	19.594
-0.8499416	-7.9906483	2.123657	19.644
-2.932897	-5.604826	-0.9828198	19.694
-6.591237	-8.534132	-2.409764	19.744
-5.457583	-10.716447	1.1073183	19.794
-0.62847793	-9.295488	3.157952	19.844
-0.074220255	-8.0684595	-0.8702923	19.894
-0.62488663	-9.270349	-0.50517654	19.954
-0.62129533	-10.284293	2.8562827	20.004
0.19273324	-9.64983	2.4540567	20.044
0.50517654	-9.639056	0.04309563	20.094
1.3120226	-10.5285015	0.7290344	20.144
-0.5398925	-11.490971	1.590947	20.194
-6.1938	-12.824541	-0.5638345	20.244
-7.1646485	-9.551667	-0.6428431	20.294
-3.0382419	-5.473145	-0.46806642	20.344
2.6839	-10.560823	1.1875241	20.394
2.2349873	-13.169307	0.37948096	20.444
-1.4915876	-9.489418	-4.033033	20.494
-1.5765818	-7.395689	0.82240826	20.544
-0.79128367	-6.3913217	8.371326	20.594
0.008379706	-7.6734166	2.932897	20.644
-1.4041992	-10.6877165	-2.5330653	20.694
-1.1264719	-11.076775	0.15682021	20.744
-3.0190883	-12.489353	5.543774	20.794
-6.408081	-14.20001	-0.5351041	20.844
-1.7896658	-8.054094	-3.0346506	20.894
3.8355112	-5.579687	1.0486604	20.944
0.25617957	-6.975507	-1.8914193	20.994
-7.878121	-9.643845	-1.6340426	21.044
-6.9707184	-9.38168	4.473566	21.094
1.0175357	-7.789535	1.9883845	21.144
2.4109612	-8.532935	-3.4464533	21.194
0.8559271	-9.482236	0.2753332	21.244
-1.5945383	-10.07121	2.3259668	21.294
-1.958457	-9.39365	0.85473	21.347
1.3467385	-9.384073	0.92895025	21.394
1.3227965	-12.058397	0.16519992	21.444
-4.486734	-12.856863	-0.7038953	21.494
-5.354632	-10.45907	2.3451207	21.544
-3.5194764	-5.9184666	-1.411382	21.594
-0.90740246	-7.049727	0.12689269	21.644
1.4580688	-12.054806	2.2756886	21.694
-0.094570965	-14.80694	-0.4321534	21.744
-2.3894134	-6.903681	-3.0011318	21.794
-1.2174516	-5.5737014	5.7257333	21.844
0.260968	-7.193379	5.7724204	21.894
0.19033903	-9.431957	0.31244332	21.944
0.45609543	-11.394006	-1.043872	21.995
1.1061212	-8.973468	4.3742065	22.044
-0.61650693	-10.864887	3.8606503	22.094
-7.4351935	-14.701595	-1.6867151	22.144
-2.7509377	-9.289502	0.93972415	22.194
0.2861071	-5.8933277	3.3782187	22.244
-0.93014735	-5.2648497	-2.7521348	22.294
-5.687426	-9.988609	-5.553351	22.344
-5.8478374	-11.725603	1.780089	22.394
-2.372654	-8.47308	6.114791	22.444
-1.8267759	-6.554127	-1.8962077	22.494
-0.7589619	-10.178948	-4.2676644	22.544
-0.2657564	-10.618284	1.6053122	22.594
-1.1097125	-9.167398	2.967613	22.644
-0.44651863	-9.412804	-0.01436521	22.694
0.866701	-10.66976	-0.9660604	22.744
0.073023155	-9.764751	2.3056161	22.794
-1.4053963	-8.593987	3.0597897	22.844
-3.6367924	-11.015722	0.6919243	22.894
-3.8738184	-10.994174	2.542642	22.944
-2.9041667	-9.295488	0.8379706	22.994
-4.146757	-6.471527	-3.6272156	23.044
-1.8854338	-7.914034	-4.213795	23.094
0.48123455	-12.8532715	4.6279917	23.144
-2.3116016	-12.047623	3.954024	23.194
-2.705448	-7.3166804	-1.851915	23.244
-0.47165772	-7.7703815	3.7541082	23.294
-1.4987702	-8.228871	5.7185507	23.344
-3.2620997	-8.615535	2.6372132	23.394
-1.9285295	-9.660604	1.8950106	23.444
-1.8698715	-9.85214	2.5570073	23.494
-3.2740707	-10.305841	2.7150247	23.544
-4.5274353	-12.452243	2.8072014	23.594
-6.087258	-9.368511	2.2828712	23.644
-0.89184016	-8.121132	-1.4305356	23.694
0.8343793	-7.2125325	-2.3475149	23.744
-3.0873232	-8.706514	-3.7253778	23.794
-5.0960584	-9.940725	3.1555579	23.844
-3.9839516	-8.256405	4.4927197	23.894
0.17836803	-8.154651	-0.46806642	23.944
1.2737153	-9.694122	-1.7310078	23.994
0.6871359	-9.066842	2.0207062	24.044
-0.9888053	-8.959103	2.6384103	24.094
-0.45489833	-10.650606	-0.06703765	24.144
0.92655605	-11.324574	0.033518825	24.194
-3.0681696	-12.2559185	-0.8631097	24.244
-5.225345	-12.682086	0.70509243	24.294
-5.21098	-5.770026	-1.5131354	24.344
0.9528923	-7.1466923	0.51235914	24.394
3.4213142	-11.444284	0.7757214	24.444
-0.91697925	-12.684481	-2.6036944	24.494
-4.4568067	-8.157045	-2.5366566	24.544
-1.400608	-6.423643	5.415684	24.594
0.3196259	-6.7085533	4.1575313	24.644
-0.18674773	-9.101558	-0.47884035	24.694
-1.0773908	-11.999739	0.60573304	24.744
-1.447295	-13.072341	3.3662477	24.794
-5.1104236	-15.995662	-0.3866636	24.844
-3.7936125	-8.848969	-4.7022123	24.894
2.858677	-3.9121256	0.5279215	24.944
0.44891283	-6.8522053	0.40581718	25.004
-5.66109	-8.916007	0.8403648	25.044
-6.467936	-10.923545	2.5498247	25.094
1.3575124	-9.151836	-1.8351556	25.144
3.359065	-8.313866	-1.9979613	25.194
1.4903905	-7.856573	1.6543933	25.244
-2.6443958	-10.299856	0.8702923	25.294
-0.6787562	-9.920375	1.7357962	25.344
2.1164744	-10.724827	1.6699557	25.394
-2.2254105	-15.051149	-0.31483752	25.444
-5.306748	-12.381614	-0.90021986	25.494
-6.117185	-5.2516813	-1.2138603	25.544
-0.5255273	-5.207389	1.5753847	25.594
1.5777789	-9.039309	5.055357	25.644
-0.94570965	-15.362395	0.62368953	25.694
-2.6803088	-8.644265	-6.5960255	25.744
-0.7374141	-6.1926026	4.8733974	25.794
0.58298814	-6.432023	7.6614456	25.844
-0.11851298	-8.359355	0.33159694	25.894
-0.21547815	-10.388441	-0.23942018	25.944
-0.60214174	-13.208811	3.3279405	25.994
-7.6602483	-16.090233	-0.81761986	26.044
-6.3470287	-7.800309	-2.9005754	26.094
1.3108255	-3.8127663	1.389834	26.144
0.06344634	-6.6403184	-0.35314476	26.194
-8.237251	-10.700885	-5.032612	26.244
-8.907627	-10.304645	2.44448	26.294
-2.018312	-7.608773	4.3981485	26.344
0.6979098	-7.290344	-4.0342298	26.394
1.1875241	-10.274716	-3.2932243	26.444
0.32202014	-9.964667	1.7022774	26.494
-0.89184016	-9.379285	2.9317	26.544
-0.78290397	-9.667787	-1.3862427	26.594
-0.46806642	-10.149021	-1.1791444	26.644
-3.2357635	-10.887632	-0.4345476	26.694
-6.799533	-10.928333	0.6799533	26.744
-5.8622026	-9.378088	2.4648306	26.794
-4.249708	-4.770447	-4.5777135	26.844
-0.9636662	-6.4499793	-4.1455603	26.894
0.21308395	-11.918336	4.2820296	26.944
-5.270835	-12.538434	2.7269957	26.995
-2.9532478	-7.7129207	-1.8219875	27.044
-0.8702923	-7.273585	2.6611552	27.094
-2.0614076	-7.9128366	5.604826	27.144
-3.9073372	-8.945934	3.5110967	27.194
-1.958457	-10.455479	2.0649989	27.244
-2.3750482	-13.207614	1.436521	27.294
-7.691373	-10.788273	0.1448492	27.344
-1.5610195	-6.9479733	-0.7505822	27.397
2.0685902	-5.4504004	1.3024458	27.447
-3.0873232	-8.064868	-2.1583729	27.497
-8.514978	-11.780669	-1.5622166	27.544
-3.6870706	-9.518148	2.8491	27.594
1.2749124	-8.42759	1.3467385	27.644
1.4281414	-8.613141	-2.1188686	27.694
0.51475334	-9.738416	-1.435324	27.745
-0.8391677	-9.731233	3.7098155	27.795
-0.60812724	-9.051279	2.5318682	27.844
1.1432313	-9.977836	-0.46806642	27.894
0.4309563	-11.007342	1.3802572	27.944
-2.3918076	-10.92594	2.6384103	27.994
-4.876989	-13.89475	1.0103531	28.044
-5.3582234	-9.350554	-1.9524715	28.094
-3.3901896	-4.59567	-4.5537715	28.144
3.6272156	-8.736442	3.4129345	28.194
2.48159	-12.4785795	2.883816	28.244
-2.895787	-10.311827	-5.08289	28.294
-3.9456444	-7.4687123	-2.4504654	28.344
-1.4053963	-6.7229185	8.311471	28.394
0.32680854	-7.2819643	4.110844	28.444
-0.7517793	-10.44231	-2.27928	28.494
-1.7537527	-10.990582	-1.0510546	28.544
-0.7721301	-8.7125	7.3897038	28.594
-2.2278047	-14.929045	-0.1388637	28.644
-5.7257333	-14.079103	-4.709395	28.694
-1.2677298	-6.4643445	-0.38067806	28.744
1.0067618	-5.529409	0.79128367	28.794
-3.1316159	-7.868544	-1.377863	28.844
-8.232463	-10.040085	0.50996494	28.894
-3.5757403	-8.34499	2.4863784	28.944
2.327164	-8.231265	-0.8846575	28.994
1.483208	-9.397242	-1.1408371	29.044
-0.62847793	-9.406818	0.94810385	29.094
-2.3870192	-9.953894	1.6280571	29.144
0.6907272	-9.333796	2.1212628	29.194
-0.79128367	-11.264719	0.19512744	29.244
-4.807557	-14.465767	-0.7422025	29.294
-4.945224	-11.054029	-1.0953473	29.344
-4.2784386	-3.5482068	-0.36391866	29.394
1.043872	-8.718486	2.9293058	29.444
2.054225	-13.24233	2.9472623	29.494
-3.6535518	-10.977415	-4.6016555	29.544
-2.6204538	-6.337452	0.16639702	29.594
-0.81522566	-5.070919	9.445126	29.644
0.5470751	-8.038532	3.2309752	29.694
-0.32680854	-12.1398	-1.9656396	29.744
1.0702082	-11.164163	-0.11372458	29.794
-2.1559787	-12.891579	5.153519	29.844
-8.41921	-12.615048	-2.3403323	29.894
-3.8019924	-7.7823524	-4.274847	29.944
0.20111294	-5.368997	-0.18195933	30.014
-1.8914193	-6.5146227	-2.066196	30.044
-8.701726	-9.524135	-3.3566709	30.094
-6.8342485	-10.571598	5.043386	30.144
-1.3682863	-8.8777	3.0358477	30.194
1.079785	-8.250419	-5.910087	30.244
0.21667525	-9.138668	-1.0546459	30.294
-1.1659763	-9.526528	4.232949	30.344
-2.2481554	-9.788693	0.89423436	30.405
-0.6739678	-10.301053	-1.7753005	30.444
0.80684596	-9.886856	-0.9900024	30.494
-1.2282255	-9.92636	2.4624364	30.544
-6.835446	-9.785102	1.6053122	30.594
-5.758055	-9.7719345	3.265691	30.644
-1.3634979	-9.677363	-1.2078748	30.694
-3.321955	-7.819463	-5.544971	30.744
-4.346673	-6.1770406	-1.4389153	30.794
-2.5809495	-8.207323	8.395268	30.844
-3.0669725	-11.543644	3.120842	30.894
-3.550601	-11.283873	-4.630386	30.944
-1.9165585	-8.6574335	-0.5722142	30.994
-2.086547	-6.7851677	8.5473	31.044
-2.791639	-6.918046	3.9193082	31.094
-2.6539726	-8.341399	1.8531121	31.144
-3.1184478	-11.657368	2.1212628	31.194
-5.434838	-11.099519	2.1918917	31.244
-5.2528787	-8.935161	4.936844	31.294
-0.93134445	-9.975441	1.8435353	31.344
-1.1504139	-8.498219	-0.62488663	31.394
-3.3075895	-6.519411	-2.6252422	31.444
-4.19943	-8.672996	-0.7757214	31.494
-1.7860745	-11.167754	1.0690111	31.544
-0.29688102	-9.367314	0.9624691	31.594
-0.5674258	-7.928399	0.688333	31.644
-0.30885202	-9.068039	0.5231331	31.694
-0.4141969	-10.444705	0.8415619	31.744
-1.2509704	-10.108319	1.0175357	31.794
-0.50278234	-9.91798	1.1994951	31.844
0.36990416	-10.9103775	1.7226281	31.894
-3.0621839	-14.110228	-0.9935937	31.944
-5.852626	-11.773487	0.51475334	31.994
-6.0142345	-3.9731777	-0.748188	32.044
-0.35314476	-5.33069	-0.2873042	32.094
2.492364	-10.4171715	3.596091	32.144
-0.11492168	-14.578294	1.1145009	32.184
-4.757279	-9.345766	-5.5282116	32.247
-1.2294226	-5.6227827	5.3474493	32.297
0.91338795	-6.71813	6.8043213	32.347
0.5758055	-8.385692	1.2401965	32.397
-0.093373865	-11.981782	-1.0474633	32.446
0.62009823	-10.907983	2.5809495	32.495
-1.6220716	-11.59033	4.1946416	32.546
-7.430405	-13.36204	-3.2944214	32.596
-4.4843397	-8.768764	-0.5602432	32.644
3.321955	-4.7884035	1.8303672	32.694
-1.2437878	-7.1311297	-2.6408045	32.744
-7.4327993	-10.081984	-2.2697031	32.794
-6.667852	-9.239224	5.4384294	32.844
1.484405	-7.457938	1.0175357	32.894
2.9340942	-8.532935	-3.8055837	32.944
1.009156	-9.263166	0.59495914	32.994
-1.1468226	-9.993398	2.1679497	33.044
-1.3802572	-9.625888	1.9309237	33.094
1.8100165	-10.532093	1.5897499	33.144
-2.1332338	-13.666103	-1.2485762	33.194
-6.093243	-13.582306	-0.90500826	33.244
-5.007473	-4.522647	-0.21787235	33.294
-1.1755531	-3.4452562	1.5286977	33.344
1.9859903	-9.259575	3.333926	33.394
-3.1244333	-15.549143	-0.19512744	33.445
-4.370615	-10.594342	-6.813898	33.494
-1.5586253	-5.7041855	5.8813562	33.544
0.39863458	-6.3913217	5.638345	33.594
0.20709845	-8.328231	0.06823475	33.644
-0.33758244	-11.499351	-1.7286136	33.694
0.2657564	-10.465055	1.3347675	33.744
-3.0358477	-14.365211	1.6651673	33.794
-6.968324	-10.9582615	-3.7445314	33.844
-2.018312	-6.6403184	2.2732944	33.894
1.4915876	-4.97156	1.2210429	33.944
-5.872977	-7.878121	-6.1279593	33.994
-10.222044	-12.400767	-4.361038	34.044
-2.7808652	-8.686164	7.4351935	34.094
0.044292733	-7.061698	1.1623849	34.144
0.61171854	-8.507795	-5.064934	34.194
0.020350715	-10.18254	-0.03232172	34.244
-1.5035586	-10.19092	4.333505	34.294
-1.3634979	-9.600749	1.3982137	34.344
0.7469909	-9.611523	-1.6077064	34.394
0.6440403	-9.773131	-0.093373865	34.444
-6.5086374	-10.269928	0.6823475	34.495
-6.775591	-9.876082	4.2161894	34.544
-3.4991257	-10.414778	1.0630256	34.594
-3.6367924	-7.237672	-7.3765354	34.644
-2.930503	-6.633136	-4.746505	34.694
-0.49440265	-8.378509	9.200917	34.744
-3.3051953	-11.704055	4.0797195	34.794
-3.9348705	-9.503783	-3.7098155	34.844
-0.6631939	-8.051701	-0.05746084	34.894
-1.7477672	-7.2221093	8.1642275	34.944
-3.679888	-7.908048	2.8921957	35.014
-3.716998	-7.908048	2.8921957	35.051
-1.6496049	-12.105083	1.7741034	35.094
-3.525462	-13.312959	2.0374656	35.144
-4.697424	-9.3182335	2.0829554	35.194
-1.7058687	-8.522161	0.5566519	35.244
-1.804031	-6.2823853	-0.36391866	35.294
-5.023035	-7.404069	-3.2022448	35.344
-6.0357823	-10.296265	-0.91578215	35.394
-2.6204538	-11.137826	1.638831	35.444
0.10414778	-8.330625	-0.5494693	35.495
-0.4249708	-8.040926	-0.8798691	35.544
-0.7517793	-9.692925	0.51235914	35.594
0.92535895	-10.424355	1.1719618	35.644
1.2533646	-9.288305	0.9888053	35.694
1.1168951	-9.091981	-0.2885013	35.744
0.6991069	-10.497377	1.1779473	35.794
0.038307227	-10.636241	2.4001873	35.844
-3.3901896	-12.097901	-0.12449849	35.894
-4.248511	-13.4661875	0.19991584	35.944
-6.129156	-8.094796	-2.3187842	35.994
-2.1416135	-4.5418005	-0.7697359	36.044
1.9776106	-8.291121	3.3854012	36.094
2.3558946	-13.5930805	0.7182605	36.144
-3.1615434	-10.17416	-7.4746976	36.194
-2.870648	-6.907272	1.0773908	36.244
-0.37110126	-6.281188	8.865729	36.294
0.8319851	-7.065289	3.2154129	36.344
0.38307226	-12.164939	-2.5007436	36.394
0.44771573	-11.336545	1.7489643	36.444
-3.5781345	-12.2319765	5.566519	36.499
-6.8569937	-11.645397	-2.5258827	36.547
-1.0223241	-7.603985	-1.5921441	36.597
3.560178	-5.555745	-0.12928689	36.647
-1.448492	-7.9008656	-1.8207904	36.698
-7.135918	-9.773131	-1.2473791	36.744
-7.2268977	-10.400413	3.3399115	36.804
1.270124	-8.35337	0.90381116	36.844
2.3930047	-8.835801	-2.9400797	36.904
-0.7422025	-8.439561	0.5518635	36.946
-3.5529952	-9.2069025	0.90979666	36.996
-3.228581	-9.141062	0.90979666	37.008
-0.08738836	-11.647791	-0.81881696	37.096
-3.2788591	-14.128184	0.12689269	37.144
-5.0960584	-11.423933	-0.48961425	37.204
-4.1826706	-5.033809	-2.8862102	37.244
-1.0618285	-5.2361193	0.35434186	37.294
1.3910311	-10.530896	5.592855	37.344
-1.055843	-13.395558	-2.5689783	37.394
-3.6619315	-9.299079	-8.263587	37.444
-2.5797524	-5.3821654	7.880515	37.494
-0.5279215	-6.9862804	6.0357823	37.544
0.19393034	-9.1590185	-0.035913024	37.594
0.7338228	-11.572374	-2.5498247	37.644
-0.62368953	-10.395624	4.6363716	37.694
-4.5537715	-15.330073	2.670732	37.744
-5.9759274	-10.969035	-5.0493712	37.794
-1.7860745	-6.8342485	0.30526072	37.844
0.037110128	-5.0038815	1.0139444	37.894
-5.9926867	-8.317456	-4.068946	37.944
-7.028179	-10.500969	-1.757344	37.994
-3.0083144	-9.690532	5.080496	38.045
-1.0881647	-8.15106	-2.4109612	38.094
-0.5374983	-9.810242	-5.3115363	38.144
-0.6356605	-10.043676	1.2306197	38.194
-2.1751323	-9.197326	3.8283286	38.244
-2.2122424	-9.126697	0.3866636	38.294
-0.47524905	-9.992201	-3.4225113	38.344
0.21906945	-10.307038	-1.5263035	38.394
-4.074931	-9.981427	1.2258313	38.444
-5.149928	-8.474277	4.772841	38.494
-4.5872903	-8.713697	2.3535004	38.544
-4.581305	-8.602366	-4.349067	38.594
-2.7341783	-8.416816	0.6943185	38.644
-1.7872716	-8.811859	6.757634	38.694
-2.8766334	-9.096769	1.4281414	38.744
-3.6020765	-9.360131	-1.0283096	38.794
-3.3423057	-8.907627	2.292448	38.844
-3.5170822	-8.536526	3.5206735	38.894
-3.3435028	-8.978256	3.2968156	38.944
-2.778471	-8.542512	2.2397757	38.994
-2.2505496	-8.291121	3.1364043	39.046
-2.6013002	-8.532935	3.7924154	39.094
-4.380192	-11.836933	2.4756045	39.144
-5.717354	-10.09994	1.0534488	39.194
-2.9340942	-9.153033	2.6384103	39.244
-0.30765492	-8.133103	1.9033904	39.294
-2.1212628	-7.8386164	-1.958457	39.344
-3.1244333	-8.568848	-3.098097	39.391
-3.489549	-10.113108	0.5386954	39.44
-1.3156139	-9.012972	2.9879637	39.495
-1.3144168	-7.9870567	0.2777274	39.545
-0.9516952	-9.051279	-0.17357962	39.595
-0.6380547	-10.268731	1.3934253	39.645
-1.2605472	-10.181343	1.7082629	39.695
-0.6536171	-10.020931	0.20829555	39.745
1.5310919	-9.939528	1.5298948	39.795
1.1575965	-11.250354	2.2337902	39.845
-4.2293572	-12.08593	0.18674773	39.895
-5.8346696	-10.904391	-0.5315128	39.945
-5.604826	-4.6962266	-0.8499416	40.005
-0.6751649	-7.0820484	1.9955671	40.047
1.328782	-11.180922	3.4464533	40.095
-2.4636335	-12.004527	-2.6623523	40.145
-2.3223755	-8.512584	-4.629189	40.195
0.17956513	-6.6271505	7.854179	40.245
0.878672	-7.349002	4.8099513	40.295
-0.016759412	-9.554062	0.022744916	40.345
-0.79966336	-11.577163	0.1340753	40.395
-0.9720459	-10.526108	4.876989	40.445
-6.3769565	-15.362395	-0.63087213	40.495
-6.8569937	-9.5732155	-2.7485435	40.545
0.79487497	-5.8885393	1.5921441	40.595
0.997185	-6.0681043	-0.92655605	40.645
-6.4248405	-8.859743	-3.549404	40.695
-8.146272	-10.772711	1.2018893	40.745
-1.6280571	-8.498219	4.4077253	40.795
1.4999673	-7.9463553	-2.9879637	40.845
1.5693992	-9.283517	-1.6759412	40.895
-0.10414778	-9.579201	2.099715	40.945
-1.9740193	-9.495404	1.5526398	40.995
-0.25378537	-9.208099	2.1212628	41.049
0.49679685	-11.543644	0.36152446	41.095
-3.369839	-14.033613	-1.3599066	41.145
-5.1918263	-12.006922	0.41299978	41.195
-4.832696	-4.654328	-0.641646	41.245
-1.2078748	-4.763264	0.92416185	41.295
1.1372458	-10.803835	3.514688	41.345
-3.5338416	-15.704766	-0.6404489	41.395
-3.6296098	-8.852561	-5.031415	41.445
-0.82480246	-5.291186	6.0764837	41.495
0.7374141	-5.6946087	6.841431	41.545
0.049081136	-8.019379	1.0666169	41.595
-0.59735334	-12.446258	0.7110779	41.645
-0.6799533	-13.572729	2.3307555	41.695
-7.120356	-13.509283	-1.2749124	41.745
-5.390545	-7.1083846	0.0047884034	41.795
0.5351041	-4.807557	4.408922	41.845
0.29688102	-7.2580223	-0.7086837	41.895
-9.642648	-11.410766	-7.988254	41.945
-7.2508397	-10.911574	-1.5969325	41.995
-1.4796166	-8.033744	7.404069	42.05
-0.12689269	-5.9926867	-1.4101849	42.095
0.46208093	-9.7563715	-4.2940006	42.145
-1.1001357	-10.864887	2.2026656	42.195
-2.3594859	-9.885659	3.705027	42.245
-1.8267759	-8.911219	0.62728083	42.295
0.25977087	-9.543288	-1.3192052	42.345
-1.9608512	-10.210073	-1.1384429	42.395
-5.2684407	-9.995792	3.1112652	42.445
-4.9296613	-9.380483	3.2154129	42.495
-5.741296	-8.1642275	-3.776853	42.545
-3.4500446	-7.551312	-3.429694	42.598
-0.90740246	-8.14268	4.960786	42.648
-1.8674773	-10.74398	3.4201171	42.698
-4.381389	-10.159795	-1.5490485	42.748
-2.7461493	-8.350976	0.80086046	42.8
-1.3299791	-7.8086886	4.5238442	42.84
-2.4779987	-8.433576	4.035427	42.899
-2.7449522	-8.645462	3.2393548	42.945
-2.3139958	-8.913613	2.5210943	42.985
-2.2816741	-9.736021	2.7569232	43.025
-6.740875	-11.621455	1.8686744	43.097
-2.9400797	-9.232041	1.7513585	43.147
0.23942018	-8.003817	1.5059528	43.196
-0.91817635	-7.0329676	-1.5765818	43.247
-5.5856724	-9.281123	-3.098097	43.295
-5.2660465	-11.317391	-0.60693014	43.345
-0.20590134	-9.67018	5.3019595	43.395
0.6919243	-7.517793	-0.1448492	43.445
0.12569559	-8.471883	-2.3092074	43.495
-0.8343793	-9.591172	0.7781156	43.545
-0.9792285	-9.616311	4.0054994	43.595
-1.0402806	-9.051279	1.2306197	43.645
0.6572084	-9.850943	-1.091756	43.695
1.3970166	-11.02889	0.8403648	43.745
-2.7844565	-12.295423	1.4808137	43.795
-4.8374844	-12.594698	1.5622166	43.845
-6.549339	-8.504205	-0.3854665	43.895
-1.6496049	-3.8905778	-1.5873557	43.945
2.2182279	-9.246407	3.6463692	43.995
1.9692309	-11.519701	3.442862	44.025
-3.9923313	-10.038888	-3.1399956	44.095
-1.2114661	-6.6510925	2.873042	44.145
0.92416185	-6.8198833	7.050924	44.195
0.092176765	-8.204929	1.8746599	44.245
-1.1911154	-11.099519	-0.46327803	44.295
-0.06344634	-12.105083	1.448492	44.345
-1.0378864	-12.203246	3.6403837	44.375
-5.710171	-11.92911	-0.62129533	44.445
-2.695871	-9.030929	0.2645593	44.495
1.4999673	-5.729325	-1.0749966	44.545
-1.292869	-6.1040173	-3.4620156	44.595
-6.1519012	-9.655815	-0.6631939	44.645
-4.309563	-9.728839	5.0385976	44.695
-0.21547815	-7.8709383	1.5251064	44.745
0.9959879	-8.826224	-4.5178585	44.795
0.38067806	-9.448717	-0.62488663	44.845
-2.5378537	-9.842564	2.0626047	44.895
-1.389834	-9.046491	1.8387469	44.945
1.8914193	-9.958682	1.5119383	45.005
3.1830912	-11.517307	0.45609543	45.025
-5.911284	-14.158112	0.2741361	45.095
-6.5337763	-10.7356	1.578976	45.148
-4.226963	-3.4117374	-1.7369933	45.198
-0.061052144	-5.5461683	2.148796	45.248
0.07182605	-10.127473	5.058948	45.298
-3.2632968	-15.610195	0.44532153	45.34
-3.669114	-9.038112	-6.2704144	45.4
-0.90500826	-6.2524576	4.771644	45.44
0.94930094	-6.9826894	7.5920134	45.48
-0.4177882	-8.931569	0.37588966	45.547
-0.5255273	-10.150218	0.016759412	45.597
-0.7661445	-11.877635	2.777274	45.647
-5.471948	-15.61618	-1.7884687	45.697
-5.8634	-9.472659	-0.89902276	45.745
0.7206547	-6.2979474	4.200627	45.795
0.1412579	-4.855441	-1.4508862	45.845
-6.953959	-8.11395	-6.5589156	45.895
-8.801085	-10.825383	-3.1615434	45.945
-3.311181	-9.198523	8.7292595	45.995
-2.1511903	-6.8809357	3.4691982	46.025
-0.5243302	-8.722076	-6.827066	46.095
0.31244332	-11.038467	0.029927522	46.145
-2.5605986	-9.773131	4.76925	46.195
-2.5258827	-8.696938	1.0965444	46.245
0.044292733	-9.500193	-3.2680852	46.295
0.89782566	-10.477027	-0.4369418	46.345
-0.23702596	-10.314221	1.8255788	46.395
-5.9783216	-11.019313	-1.377863	46.445
-5.0481744	-10.869676	2.255338	46.495
-4.654328	-7.9930425	-0.19991584	46.545
-3.8031895	-4.709395	-4.8362875	46.595
-0.7314286	-6.6247563	1.9381063	46.645
-2.517503	-12.384008	4.0916905	46.695
-6.045359	-11.702858	-0.6991069	46.745
-2.2517467	-8.118738	-1.6232687	46.795
-0.36631286	-7.5225816	5.2002063	46.845
-1.9500773	-8.015787	5.118803	46.895
-3.2609026	-9.2069025	2.2876596	46.945
-1.2916719	-10.030508	2.2218192	46.995
-1.5370775	-10.184934	1.7860745	47.025
-6.232107	-10.869676	0.8726865	47.095
-3.5972881	-8.558074	0.62368953	47.145
-0.18555063	-7.8745294	0.7338228	47.195
-2.906561	-7.4136457	-2.134431	47.245
-5.8586116	-9.497798	-1.2318168	47.295
-3.4703953	-10.949882	2.7629087	47.345
-0.5638345	-9.044097	0.82240826	47.395
0.6787562	-8.479065	-2.1990743	47.445
0.059855044	-9.060856	-0.005985504	47.495
-0.34715924	-9.82341	1.3084313	47.545
-0.3172317	-9.680955	2.1392193	47.595
0.20470424	-9.390059	0.2813187	47.645
-0.029927522	-10.031705	-0.12689269	47.695
-1.5861586	-10.287885	1.4101849	47.745
-5.279215	-13.705607	0.24540567	47.795
-6.6391215	-10.405201	-0.08738836	47.845
-3.4512417	-4.4077253	-1.851915	47.895
3.2513258	-8.058883	0.61530983	47.945
3.965995	-12.2080345	2.6839	47.995
-0.089782566	-13.769054	-0.20111294	48.025
-3.8007953	-7.94037	-2.743755	48.095
-1.0534488	-6.145916	7.4842744	48.145
0.32441434	-6.7001734	4.0677485	48.195
-0.18076223	-10.147824	-3.1232362	48.245
-1.0474633	-11.445481	-1.6831238	48.295
-0.93732995	-9.970653	6.787562	48.345
-3.7014358	-14.337677	-2.4169466	48.395
-3.1735144	-12.643779	-3.4620156	48.445
-0.51595044	-6.9767036	2.4384944	48.495
1.1384429	-4.4687777	0.12928689	48.545
-4.408922	-7.599196	-3.582923	48.597
-6.363788	-11.773487	-1.174356	48.648
-2.5007436	-10.049662	5.397728	48.698
1.0163386	-7.323863	-0.19033903	48.748
1.8387469	-8.949526	-4.27365	48.8
0.9935937	-9.816227	-1.2198458	48.839
-1.8938135	-10.218452	0.7338228	48.9
-1.6017209	-9.277532	1.460463	48.945
-0.08738836	-8.649054	2.2756886	49.005
0.7146692	-9.715671	0.1400608	49.025
-3.3255463	-13.206416	-2.6539726	49.115
-4.6710877	-11.267113	1.9153614	49.147
-3.1411927	-4.465186	-0.7781156	49.2
-1.7298107	-4.0198646	-1.6723499	49.24
-1.2066777	-12.938266	2.5390508	49.3
-1.4568717	-15.47612	-1.9141643	49.345
-1.9764135	-10.121488	-3.0071173	49.405
0.08140286	-6.0046577	5.731719	49.447
-0.6596026	-7.261614	4.367024	49.497
-1.7417817	-9.992201	-0.7158663	49.547
0.82001406	-10.222044	1.3587095	49.597
0.81642276	-9.169792	2.384625	49.645
-0.7218518	-10.815806	1.5837644	49.695
-5.6060233	-15.829265	-3.321955	49.745
-4.6962266	-10.192117	1.9656396	49.795
0.79367787	-7.2328835	2.6144683	49.845
-2.110489	-5.791574	-3.9731777	49.895
-8.392874	-8.900445	-4.582502	49.945
-4.6842556	-10.309433	6.2345014	50.005
-0.35194764	-8.255207	6.137536	50.035
0.38067806	-7.180211	-3.477578	50.095
0.30166942	-9.680955	-1.2641385	50.145
-1.2856863	-10.779893	1.5466543	50.195
-3.4272997	-9.664195	3.277662	50.245
-0.5590461	-8.2516165	0.06584055	50.295
-1.3587095	-9.388862	-3.2130187	50.345
-3.655946	-8.365341	3.2118216	50.395
-3.6475663	-10.916363	6.171055	50.445
-4.7740383	-10.359711	-3.526659	50.495
-1.6340426	-10.516531	-2.8179753	50.545
-0.1352724	-9.428367	4.9775453	50.595
-1.3814543	-7.5644803	4.1252093	50.645
-3.1172507	-8.504205	2.1332338	50.695
-2.8179753	-9.330204	1.8423382	50.745
-1.6879122	-9.611523	2.3008277	50.795
-2.0374656	-8.475474	3.8474822	50.845
-2.067393	-8.522161	3.8762126	50.895
-1.6472107	-8.462306	3.2992098	50.945
-3.003526	-10.512939	3.5051112	50.995
-4.6124296	-10.758346	2.5617957	51.035
-3.4883518	-11.087548	2.7162218	51.098
-2.5785553	-9.841366	1.6484078	51.148
-1.8363527	-6.5804634	-0.82360536	51.198
-4.0186677	-8.160637	-1.8866309	51.248
-4.9799395	-9.854534	0.7613561	51.3
-3.466804	-10.244789	3.0813377	51.345
-1.30484	-8.9363575	1.4568717	51.405
0.20590134	-8.711303	-2.4648306	51.445
-1.0702082	-9.507375	0.16879122	51.485
-3.1735144	-9.1350765	3.8618474	51.553
-2.3642743	-10.06283	2.4061728	51.593
-1.1480197	-9.531317	0.08259996	51.647
-0.6919243	-10.376471	1.875857	51.697
-3.857059	-11.7268	2.2589293	51.745
-5.378574	-9.167398	-1.1575965	51.795
-4.144363	-4.92607	-1.7944542	51.845
0.7769185	-8.455123	5.445612	51.895
-0.4189853	-13.128605	4.2880154	51.945
-4.644751	-10.040085	-4.173094	51.995
-3.5972881	-7.2221093	-2.408567	52.035
-1.1204864	-5.9783216	9.218874	52.095
-1.472434	-8.10557	4.1742907	52.145
-1.4257472	-11.716026	-0.79248077	52.195
-0.58418524	-11.556811	1.9776106	52.245
-3.288436	-13.63019	3.9564183	52.295
-6.851008	-9.28232	-5.112818	52.345
-1.2054806	-6.89171	-2.055422	52.395
1.4927847	-7.562086	-0.30526072	52.445
-4.3646297	-8.318654	-0.46088383	52.495
-7.501034	-8.064868	6.0166287	52.545
-1.3024458	-9.192537	0.14604631	52.595
1.1001357	-9.349358	-3.4500446	52.645
1.6101006	-8.842984	1.7896658	52.695
-0.8870517	-8.974665	1.7549498	52.745
-1.3251907	-9.7803135	0.32561144	52.795
0.9528923	-9.690532	1.3850456	52.845
0.5662287	-10.830172	1.2916719	52.895
-2.8682537	-12.394782	-1.1324574	52.945
-4.8219223	-12.684481	0.6667852	52.995
-4.2580876	-8.623915	-1.5574282	53.035
-2.3882163	-3.5541923	0.20231004	53.095
1.7262194	-9.173384	5.8693852	53.145
1.8590976	-14.757859	2.3475149	53.195
-2.3020248	-10.340557	-7.837419	53.245
-1.7082629	-5.4168816	2.043451	53.295
-0.2705448	-5.327099	10.400413	53.345
0.12330139	-7.9822683	2.8981812	53.395
-2.2254105	-12.113463	-2.4013844	53.445
-0.82121116	-10.603919	0.48362875	53.495
-0.89902276	-11.522096	6.1303535	53.545
-6.9958572	-13.892355	-2.8814218	53.595
-4.4783545	-9.362526	-2.6623523	53.645
1.6783354	-5.234922	1.958457	53.695
0.7433996	-5.732916	-0.7553706	53.745
-6.7265096	-9.79827	-4.0545807	53.795
-7.751228	-10.8182	1.3024458	53.845
-1.1695676	-7.7907324	7.1490865	53.895
1.198298	-7.374141	-1.5502456	53.945
0.39504328	-9.692925	-3.1423898	53.995
-0.9840169	-9.992201	-0.073023155	54.035
-2.397793	-9.408015	3.6212301	54.095
-0.35913026	-8.748413	2.4732103	54.145
-2.4384944	-10.56681	-1.6819267	54.195
-5.7400985	-9.603143	1.5526398	54.245
-5.1702785	-10.626664	4.876989	54.295
-4.9176903	-8.163031	-0.59495914	54.345
-3.016694	-7.3609734	-4.3059716	54.395
-1.70946	-8.639477	3.5661635	54.445
-3.335123	-10.30225	4.685453	54.495
-3.9671922	-9.464279	-1.9668367	54.545
-2.6431987	-9.214086	-0.7218518	54.595
-1.5095441	-8.7053175	4.7046065	54.645
-2.0757728	-8.39886	4.4915223	54.695
-2.5151088	-8.480263	2.7569232	54.745
-1.5502456	-8.350976	2.3930047	54.795
-0.93732995	-8.468291	3.9324763	54.845
-1.8423382	-12.988544	3.558981	54.895
-7.297527	-11.426328	-0.23822308	54.945
-3.7193923	-6.7025676	1.7286136	55.005
-0.7386112	-5.221754	3.0753522	55.035
-2.8622682	-6.872556	-1.9931729	55.095
-6.5349736	-10.241198	-4.1539397	55.145
-4.582502	-13.050794	1.9069817	55.195
-0.985214	-9.051279	3.1735144	55.245
-0.19033903	-7.041347	-2.1631613	55.295
-0.23702596	-9.471462	0.21547815	55.345
-0.9816227	-10.539276	1.8614918	55.395
-1.0630256	-9.356541	1.5693992	55.445
1.1049241	-8.829816	-0.9588778	55.495
2.6910827	-10.166978	0.6584055	55.545
0.62608373	-10.500969	3.3530796	55.595
-2.6791117	-10.626664	2.0590134	55.645
-3.4811692	-14.276625	0.39624038	55.695
-5.0900726	-9.91798	-3.0909145	55.745
-5.0481744	-4.8243165	-2.3391352	55.795
-0.016759412	-6.7324953	1.8842367	55.845
1.839944	-11.811794	3.4584243	55.895
-1.3754689	-13.499706	-3.8379054	55.945
-3.1950622	-7.8637557	-5.554548	55.997
-1.9177556	-5.6946087	7.8146744	56.037
0.4237737	-7.4974427	6.847417	56.096
-0.51116204	-9.7479925	-0.90021986	56.145
-2.086547	-12.097901	-2.3678656	56.195
-1.471237	-10.480618	6.506243	56.245
-5.0122614	-15.614984	0.9528923	56.295
-5.804742	-10.374076	-5.345055	56.345
1.0522517	-6.0226145	-3.4823663	56.395
0.35553896	-6.6522894	0.91099375	56.445
-4.607641	-7.392098	0.89423436	56.495
-6.979098	-9.606734	1.9117701	56.546
-0.51235914	-9.179369	-1.30484	56.595
1.5370775	-8.957906	-2.5378537	56.645
-0.010773907	-8.3629465	1.1899183	56.695
-2.5450363	-9.586384	0.81522566	56.745
-0.11492168	-10.392033	2.066196	56.795
3.2429461	-11.1893015	1.8255788	56.845
-0.9516952	-13.12262	-1.3587095	56.895
-6.0357823	-11.310209	-0.90620536	56.945
-5.9029045	-6.6666546	-1.1432313	56.995
-3.4739866	-4.3993454	-0.04189853	57.035
1.163582	-8.953117	4.3538556	57.095
1.3311762	-15.458163	0.37229836	57.145
-1.5514427	-11.030087	-6.839037	57.195
-1.7669208	-6.077681	3.5338416	57.245
-0.4429273	-5.7496753	9.050082	57.295
-0.21428105	-7.77517	1.9931729	57.345
-0.04189853	-10.716447	-0.20231004	57.395
0.8810662	-10.589554	1.3718776	57.445
-0.8858546	-10.7116585	4.083311	57.495
-6.8893156	-16.601395	-3.751714	57.546
-6.2368956	-9.824607	-2.718616	57.595
-0.7350199	-4.9643774	3.3087866	57.645
0.04309563	-5.695806	-1.0055647	57.695
-5.400122	-8.88608	-4.9787426	57.745
-8.878897	-11.650186	-1.2725182	57.795
-3.417723	-8.101978	7.240066	57.845
0.33399114	-7.7009497	-1.3192052	57.895
0.48722005	-9.953894	-3.8845923	57.945
-0.7541735	-10.127473	-1.091756	57.995
-1.9776106	-9.572019	3.799598	58.035
-1.8016368	-8.74961	0.35434186	58.095
-0.2681506	-9.803059	-1.198298	58.145
-0.110133275	-11.034876	-0.15083471	58.195
-5.9878983	-10.747571	0.12689269	58.245
-5.1571107	-9.996989	4.7177744	58.295
-4.8817773	-8.637083	-0.7529764	58.345
-4.8781857	-5.66947	-6.1399302	58.395
-1.3108255	-6.4044895	0.7565677	58.445
-1.2198458	-11.33056	6.6606693	58.495
-3.8654387	-12.949039	1.9907787	58.546
-2.7856536	-9.083601	-4.981137	58.595
-1.1599907	-6.953959	4.997896	58.645
-1.9788077	-7.311892	7.5764513	58.695
-3.4931402	-8.389283	2.5594015	58.745
-2.4959552	-9.421184	1.6041151	58.795
-1.1324574	-9.668983	2.2361844	58.845
-2.9640217	-11.258734	3.0202854	58.895
-6.9288197	-12.254722	0.49320555	58.945
-2.8419175	-8.24204	1.7741034	58.995
-0.48722005	-7.6602483	2.018312	59.035
-3.180697	-6.7145386	-1.9560628	59.095
-7.03177	-8.543709	-5.4408236	59.145
-5.7879825	-11.049241	0.055066638	59.195
-1.6747441	-9.76954	3.2357635	59.245
-0.062249243	-7.8757267	-1.6915035	59.295
0.29448682	-9.175778	-3.2788591	59.345
0.7338228	-10.250774	-0.049081136	59.395
-0.260968	-9.306262	2.6372132	59.445
-0.88944596	-9.205706	1.2725182	59.495
0.8882488	-10.411186	-0.7218518	59.546
1.9213469	-11.245565	0.2741361	59.595
-0.5638345	-11.360487	1.0726024	59.645
-7.505822	-11.496957	0.3196259	59.695
-5.9280434	-5.98311	1.0929531	59.745
-0.7410054	-6.9838862	0.5638345	59.795
3.5218706	-12.72997	-0.1604115	59.845
-0.10414778	-12.348095	-0.6500258	59.895
-3.5446155	-6.9647326	2.067393	59.945
-1.0259154	-6.918046	5.1678843	60.005