4.775235	-1.3108255	8.640674	0.098
4.711789	-1.2964603	8.6813755	0.148
4.8027687	-1.1994951	8.726865	0.197
4.7285485	-1.1097125	8.734048	0.251
4.856638	-1.2425907	8.6813755	0.301
4.8518496	-1.2378023	8.791509	0.352
4.8027687	-1.2198458	8.846576	0.401
4.6399627	-1.3060371	9.089587	0.432
4.698621	-1.1324574	8.662222	0.494
4.605247	-0.9660604	8.149862	0.556
4.4364557	-0.8607155	8.238448	0.571
4.618415	-1.0905589	9.02614	0.649
4.607641	-1.2737153	9.153033	0.691
4.554969	-1.2078748	8.953117	0.749
4.5238442	-1.0462662	8.892065	0.791
4.483143	-0.985214	8.743625	0.849
4.63278	-1.0726024	8.585608	0.899
4.674679	-1.115698	8.51857	0.931
4.662708	-1.0881647	8.574833	0.972
4.6902413	-0.9744401	8.9998045	1.049
4.605247	-1.0450691	9.024943	1.091
4.4663835	-1.127669	8.977059	1.131
4.35625	-1.0737995	8.937555	1.191
4.355053	-1.0259154	8.78672	1.231
4.509479	-1.0510546	8.659827	1.291
4.629189	-1.0510546	8.746018	1.331
4.661511	-1.0474633	8.780735	1.391
4.7321396	-1.0570401	8.744822	1.451
4.6830587	-1.0414777	8.798691	1.491
4.631583	-1.0319009	8.9279785	1.532
4.4675803	-1.021127	8.802282	1.592
4.3742065	-0.94211835	8.822633	1.652
4.548983	-0.9624691	8.803479	1.699
4.533421	-1.1228806	8.899248	1.749
4.495114	-1.0785879	9.075222	1.791
4.4675803	-1.0031705	9.081207	1.832
4.1491513	-0.9600749	9.00579	1.892
4.047398	-1.0079589	9.0237465	1.932
4.083311	-1.0354922	9.115923	1.973
4.083311	-1.0354922	9.115923	1.973
4.361038	-1.0319009	8.930372	2.094
4.4161053	-1.009156	8.833407	2.129
4.656722	-1.1133038	8.634688	2.201
4.9703627	-1.1145009	8.41921	2.252
5.3618145	-1.055843	8.228871	2.299
5.631162	-0.94570965	8.271967	2.349
5.5868697	-0.9588778	8.294712	2.399
5.3857565	-0.9828198	8.602366	2.449
5.1080294	-1.0366893	8.6299	2.499
5.0014873	-1.0881647	8.494628	2.548
4.867412	-1.0977415	8.468291	2.598
4.793192	-1.0881647	8.585608	2.648
4.8398786	-1.1228806	8.535329	2.697
4.909311	-1.1145009	8.5700445	2.747
5.0002904	-1.0486604	8.598776	2.797
5.0984526	-1.0127473	8.525752	2.847
5.2037973	-1.0450691	8.432379	2.897
5.199009	-0.9744401	8.469488	2.947
5.1678843	-0.94451255	8.53054	2.977
5.1104236	-1.0809821	8.49343	3.047
5.0505686	-1.0474633	8.603564	3.097
4.96318	-0.9888053	8.583213	3.147
4.879383	-1.0175357	8.576031	3.197
4.8614264	-1.0187328	8.661025	3.247
4.9583917	-1.0342951	8.573636	3.297
5.0182467	-0.9720459	8.580819	3.347
5.1463366	-0.90381116	8.610746	3.397
5.163096	-1.0103531	8.506598	3.447
5.094861	-1.0019734	8.5700445	3.497
5.0517654	-1.0007763	8.529344	3.547
5.0864816	-1.021127	8.498219	3.597
5.0864816	-1.0582372	8.499416	3.647
5.009867	-1.0510546	8.537724	3.697
4.92607	-1.0474633	8.603564	3.747
4.8901567	-1.0378864	8.668207	3.797
4.9224787	-1.0271125	8.588001	3.847
5.0601454	-1.0606314	8.637083	3.897
5.2301335	-1.1492168	8.294712	3.947
5.1104236	-1.115698	8.333019	3.977
5.09127	-1.0821792	8.670602	4.048
4.9655743	-1.0654198	8.477868	4.098
4.969166	-0.94810385	8.579621	4.148
4.9703627	-1.0031705	8.560468	4.198
4.9679685	-1.0893618	8.714894	4.249
5.0421886	-1.1875241	8.329428	4.298
5.1762643	-1.0630256	8.497022	4.349
5.197812	-1.0534488	8.586804	4.398
5.1343656	-1.0869676	8.440758	4.448
5.1080294	-1.0235212	8.558074	4.498
5.0781016	-0.997185	8.487445	4.537
5.0876784	-1.043872	8.50181	4.597
5.105635	-1.033098	8.556877	4.647
4.9583917	-0.9528923	8.668207	4.697
4.939238	-0.94092125	8.7532015	4.747
4.703409	-0.9564836	8.798691	4.797
4.6686935	-1.3503298	8.2037325	4.847
5.4899044	-1.3970166	7.988254	4.897
5.8478374	-1.0821792	8.306683	4.947
5.884948	-0.830788	8.542512	4.977
5.732916	-1.0462662	8.313866	5.047
5.497087	-1.3694834	8.043321	5.097
5.461174	-1.3431472	8.087613	5.147
5.2444987	-1.1420342	8.183381	5.197
5.0362034	-1.1264719	8.264784	5.247
5.070919	-1.2689269	8.449138	5.297
5.0481744	-1.2030864	8.655039	5.347
5.161899	-1.1935096	8.275558	5.397
5.3857565	-1.2533646	8.224083	5.447
5.3881507	-1.2844892	8.058883	5.497
5.744887	-1.0175357	8.048109	5.547
5.949591	-1.186327	7.764396	5.597
6.3218894	-1.6519991	7.1742253	5.647
5.245696	-1.2282255	7.7105265	5.697
6.1447186	-0.2621651	8.611943	5.747
7.0006456	1.8028339	7.797915	5.797
6.82946	0.49799395	6.915652	5.857
6.9228344	-0.7290344	6.7205243	5.897
7.1766195	-0.2741361	7.878121	5.947
7.145495	0.3184288	7.8793178	5.977
6.8522053	0.40342298	6.467936	6.047
6.2740054	-0.095768064	7.819463	6.097
6.827066	0.038307227	8.008605	6.147
7.0090256	0.31244332	7.902063	6.196
5.913678	0.20829555	7.2352777	6.247
5.321113	0.019153614	8.726865	6.297
6.325481	-0.108936176	8.426393	6.347
6.4368114	0.3890578	7.5561004	6.397
5.282806	0.01316811	8.061277	6.447
4.844667	0.021547815	8.790312	6.497
5.449203	0.2645593	9.050082	6.547
5.374983	0.5805939	8.208521	6.597
4.8853683	0.23104046	8.4826565	6.647
4.7620673	-0.04070143	8.908825	6.697
4.489128	-0.033518825	8.868123	6.747
4.128801	-0.0035913025	8.644265	6.797
3.8714242	0.034715924	9.081207	6.847
3.7660792	0.094570965	9.108741	6.897
3.630807	-0.009576807	8.959103	6.947
3.5936968	0.062249243	9.148245	6.987
3.5541923	0.11851298	9.137471	7.047
3.6020765	0.06584055	9.004593	7.097
3.9947255	-0.11611878	9.184157	7.147
4.557363	-0.18794483	9.247604	7.197
4.8841715	-0.2681506	8.9279785	7.247
4.8626237	-0.23822308	8.791509	7.297
4.689044	-0.25737667	8.883685	7.347
4.7429137	-0.40222588	8.790312	7.397
4.7620673	-0.4249708	8.674192	7.447
4.583699	-0.3196259	8.926781	7.497
4.4723687	-0.60214174	8.870518	7.547
4.4436383	-0.46686932	8.84059	7.597
4.578911	-0.47165772	8.804677	7.647
4.6842556	-0.7062895	8.634688	7.697
4.794389	-0.6895301	8.710106	7.747
5.1523223	-0.5662287	8.615535	7.797
4.8781857	-0.41180268	8.498219	7.847
4.8027687	-0.6392518	8.435969	7.897
4.935647	-0.90141696	8.620323	7.947
5.2959743	-0.7757214	8.760384	7.987
5.7281275	-0.6919243	8.191761	8.047
6.087258	-0.39384618	8.007407	8.097
5.922058	-0.22625206	8.080431	8.147
5.647922	-0.2861071	8.009802	8.197
5.7748146	-0.2741361	8.169016	8.247
6.0740895	-0.29927522	8.218098	8.297
6.1902084	-0.22026655	7.807492	8.346
5.993884	-0.3878607	8.052897	8.417
5.98311	-0.41060558	8.024167	8.447
5.705383	-0.6560113	7.620744	8.497
5.475539	-0.23223756	7.976283	8.547
6.4308257	0.11611878	8.201338	8.597
6.7863646	0.094570965	7.141904	8.647
6.4787097	0.11372458	7.3992805	8.697
6.5230026	-0.142455	7.6626425	8.747
6.70975	-0.12928689	7.645883	8.797
6.775591	-0.044292733	7.72968	8.847
6.645107	-0.04309563	7.4974427	8.897
6.539762	0.32441434	8.043321	8.947
6.339846	0.11731588	7.9391727	8.986
5.756858	-0.8583213	7.741651	9.047
5.767632	-0.92655605	8.263587	9.097
5.651513	-0.81163436	8.421604	9.147
5.3019595	-0.6440403	8.439561	9.197
5.461174	-0.49081135	8.573636	9.247
5.1918263	-0.7086837	8.401254	9.297
4.76087	-0.80086046	8.426393	9.347
4.607641	-0.82480246	8.48146	9.397
4.739322	-0.70509243	8.577228	9.446
4.7776294	-0.7302315	8.661025	9.497
4.9416323	-0.8810662	8.813056	9.546
4.9404354	-0.7278373	8.755595	9.597
4.7081976	-0.61770403	8.771158	9.647
4.3263226	-0.50038815	8.625112	9.697
4.0857053	-0.49559975	8.813056	9.747
4.06296	-0.47644615	8.941146	9.797
4.3622355	-0.5770026	9.001001	9.847
4.64116	-0.62728083	8.963891	9.897
4.710592	-0.7374141	8.792706	9.947
4.607641	-0.6368576	8.789114	9.987
4.7500963	-0.5243302	8.775947	10.047
4.914099	-0.6751649	8.647857	10.097
4.9164934	-0.6607997	8.610746	10.147
4.665102	-0.6943185	8.772355	10.197
4.4903255	-0.736217	8.92319	10.247
4.358644	-0.78649527	8.809465	10.297
4.406528	-0.7589619	8.674192	10.347
4.7141833	-0.6823475	8.670602	10.397
4.795586	-0.79966336	8.640674	10.447
5.09127	-0.878672	8.825027	10.496
5.4288526	-0.8726865	8.700529	10.547
5.4061074	-0.81761986	8.418014	10.597
5.3007627	-0.6895301	8.508993	10.648
5.1319714	-0.7673417	8.379706	10.697
5.085284	-0.8331822	8.549694	10.747
5.2624555	-0.90859956	8.49343	10.797
5.213374	-0.88944596	8.4108305	10.847
5.085284	-0.748188	8.584411	10.897
4.9428296	-0.91338795	8.663419	10.947
4.879383	-1.0247183	8.580819	10.987
4.927267	-0.93254155	8.549694	11.047
5.064934	-0.92176765	8.463503	11.097
5.1319714	-0.8834604	8.546103	11.147
5.1583076	-0.90261406	8.503007	11.197
5.1547165	-0.90740246	8.540117	11.247
5.175067	-0.9624691	8.48984	11.297
5.1367598	-0.93134445	8.480263	11.347
5.105635	-0.90620536	8.439561	11.397
5.1379566	-0.89303726	8.51019	11.447
5.1259856	-0.91937345	8.468291	11.497
5.1200004	-0.93852705	8.462306	11.547
5.197812	-0.91458505	8.567651	11.6
5.118803	-1.0247183	8.494628	11.647
5.0062757	-0.92176765	8.388085	11.697
4.92607	-0.79248077	8.513782	11.747
5.0481744	-0.8475474	8.605958	11.797
5.064934	-0.88944596	8.564059	11.847
5.1080294	-0.9540894	8.572439	11.897
5.2181625	-0.90261406	8.465898	11.947
5.093664	-0.8355764	8.476671	11.987
5.0278234	-0.79487497	8.413225	12.047
5.3019595	-0.7410054	8.385692	12.097
5.1918263	-0.641646	8.443152	12.147
5.2995653	-0.7182605	8.379706	12.197
5.4982843	-0.6943185	8.3629465	12.247
5.463568	-0.6739678	8.219295	12.297
5.2863975	-0.7230489	8.000225	12.347
5.3366756	-0.6344634	8.024167	12.397
6.1123967	-0.1376666	8.052897	12.447
6.469133	0.2633622	7.7823524	12.497
6.5589156	0.25019407	7.890092	12.547
6.3865333	-0.18435353	7.60997	12.599
6.5325794	-0.6991069	7.2448545	12.647
7.028179	-0.45250413	7.335834	12.697
7.1287355	-0.23223756	7.345411	12.747
7.004237	-0.110133275	7.141904	12.797
6.9228344	-0.12689269	6.951565	12.847
6.8222775	-0.1448492	7.0820484	12.897
6.7504516	-0.2705448	7.2113357	12.947
6.791153	-0.30645782	7.405266	12.987
6.8402343	-0.3854665	7.1885905	13.05
6.779182	-0.20231004	7.007828	13.097
6.6630635	-0.06823475	7.3322425	13.147
6.6175733	-0.46088383	7.4016747	13.197
6.7013707	-0.58777654	7.6770077	13.247
6.6427126	-0.5542577	7.878121	13.297
6.329072	-0.60094464	7.8589673	13.347
5.9878983	-0.5542577	7.949947	13.397
5.674258	-0.46806642	7.902063	13.457
5.483919	-0.49320555	7.9714947	13.497
5.4539914	-0.5291186	8.118738	13.547
5.567716	-0.7290344	8.303091	13.597
5.4204726	-0.92655605	8.385692	13.647
5.3354783	-0.7098808	8.4826565	13.697
5.1583076	-0.5650316	8.265982	13.746
4.9320555	-0.6835446	8.311471	13.797
5.04578	-0.7038953	8.412027	13.847
5.3618145	-0.63087213	8.400057	13.897
5.523423	-0.5434838	8.346188	13.947
5.6359506	-0.47165772	8.368932	13.987
5.469554	-0.5614403	8.304289	14.051
5.4204726	-0.557849	8.263587	14.1
5.493496	-0.5279215	8.34499	14.15
5.5150437	-0.5781997	8.325836	14.2
5.445612	-0.5267244	8.289924	14.25
5.374983	-0.44651863	8.412027	14.3
5.389348	-0.5243302	8.377312	14.35
5.3115363	-0.5686229	8.317456	14.4
5.2852	-0.49200845	8.383297	14.45
5.380968	-0.5482722	8.409634	14.5
5.4791307	-0.557849	8.307879	14.55
5.544971	-0.41299978	8.182184	14.6
5.6431336	-0.36032736	8.377312	14.65
5.5701103	-0.49200845	8.2995	14.7
5.4025164	-0.5614403	8.368932	14.75
5.4061074	-0.58897364	8.416816	14.8
5.41329	-0.59495914	8.384495	14.849
5.3115363	-0.58538234	8.453926	14.899
5.213374	-0.6667852	8.51857	14.95
5.044583	-0.6775591	8.535329	14.99
5.17387	-0.6823475	8.48146	15.048
5.2241483	-0.6679823	8.543709	15.097
5.201403	-0.61411273	8.555679	15.147
5.544971	-0.36511576	9.099164	15.197
6.4368114	0.18315643	8.564059	15.247
5.567716	-0.14844051	8.072051	15.297
4.358644	0.32680854	8.450335	15.347
4.048595	0.2908955	8.910022	15.397
3.7948096	0.05626374	8.985439	15.447
3.6583402	0.010773907	9.255983	15.497
3.2477345	0.09935937	9.338584	15.547
2.7365725	0.20350714	8.973468	15.597
2.645593	0.7062895	9.380483	15.647
3.441665	0.5793968	9.57561	15.697
4.357447	0.36750996	8.961497	15.747
4.44723	0.40102878	9.02614	15.797
4.283227	0.5554548	8.887277	15.847
4.047398	0.56982	8.850166	15.896
4.271256	0.51235914	8.929175	15.947
4.818331	0.37349546	8.979453	15.997
4.9224787	0.23582886	8.967483	16.047
4.7022123	0.18195933	8.890868	16.097
4.510676	0.047884032	8.828619	16.147
4.71538	-0.02633622	8.765172	16.197
4.722563	0.090979666	8.803479	16.247
4.745308	-0.12210429	8.647857	16.297
4.8123455	0.020350715	8.887277	16.347
5.0374002	-0.17956513	8.963891	16.397
5.345055	-0.32680854	8.626308	16.447
5.3079453	-0.22744916	8.6095495	16.497
5.21936	-0.24899697	8.623915	16.547
5.112818	-0.31244332	8.523358	16.597
4.9320555	-0.4369418	8.565256	16.647
4.736928	-0.48722005	8.714894	16.697
4.656722	-0.49799395	8.932767	16.747
4.7656584	-0.5422867	8.821436	16.797
4.808754	-0.5662287	8.6299	16.847
4.80636	-0.63087213	8.659827	16.897
4.9188876	-0.7026982	8.619126	16.947
5.005079	-0.59017074	8.561666	16.997
5.151125	-0.5530606	8.571242	17.047
5.195418	-0.6452374	8.537724	17.09
5.2157683	-0.664391	8.595184	17.15
5.2624555	-0.6739678	8.495825	17.2
5.1930237	-0.7110779	8.453926	17.249
5.145139	-0.712275	8.452729	17.29
5.1223946	-0.7422025	8.555679	17.341
5.0362034	-0.7553706	8.560468	17.381
5.0146556	-0.7433996	8.549694	17.441
4.9787426	-0.7697359	8.598776	17.481
4.9823337	-0.7469909	8.5473	17.541
5.043386	-0.7685388	8.476671	17.581
5.092467	-0.7314286	8.528147	17.641
4.935647	-0.6943185	8.662222	17.681
4.981137	-0.7445967	8.643068	17.741
4.924873	-0.79726917	8.571242	17.781
4.868609	-0.7398083	8.577228	17.841
4.793192	-0.7661445	8.67539	17.881
4.936844	-0.60333884	8.64666	17.941
4.9200845	-0.5650316	8.641871	17.982
5.079299	-0.5686229	8.561666	18.049
5.329493	-0.7254431	8.549694	18.091
5.3761797	-0.7505822	8.343793	18.131
5.5006785	-0.5434838	8.269572	18.191
5.4049106	-0.5422867	7.9427643	18.231
4.921282	-0.5686229	8.209718	18.291
5.2301335	-0.6871359	8.695741	18.331
5.779603	-0.34117374	8.440758	18.391
5.943606	-0.05746084	7.9667063	18.431
5.5389857	-0.1376666	7.8637557	18.491
5.8107276	-0.12210429	7.8793178	18.531
6.853402	-0.17717093	7.8050976	18.592
7.117962	-0.02633622	7.631518	18.631
6.825869	-0.18195933	7.6829934	18.691
6.4990606	-0.2777274	7.5165963	18.731
6.1519012	-0.31124622	7.979874	18.791
6.1746464	-0.21068975	7.928399	18.831
6.0800753	-0.19033903	8.22528	18.891
5.8885393	-0.39743748	7.902063	18.931
5.566519	-0.39504328	8.145074	18.992
5.5401826	-0.6440403	8.2516165	19.049
5.5509567	-0.5398925	8.39886	19.091
5.559336	-0.60693014	8.291121	19.131
5.327099	-0.5805939	8.567651	19.191
5.249287	-0.5231331	8.568848	19.231
5.0002904	-0.8595184	8.1402855	19.291
4.811148	-0.9923966	8.212111	19.331
4.8398786	-0.9564836	8.537724	19.391
4.787206	-0.8415619	8.680179	19.431
4.8698063	-0.7529764	8.616732	19.491
5.055357	-0.700304	8.610746	19.531
5.117606	-0.8523358	8.511387	19.592
5.2085857	-0.89064306	8.3821	19.631
5.3259015	-0.7589619	8.437167	19.691
5.3881507	-0.78170687	8.440758	19.731
5.2085857	-0.8607155	8.451532	19.791
5.1966147	-0.8750807	8.476671	19.831
5.080496	-0.89184016	8.447941	19.891
5.04578	-0.82001406	8.462306	19.931
5.117606	-0.80445176	8.512584	20.0
5.1642933	-0.80205756	8.443152	20.048
5.2540755	-0.8499416	8.470686	20.1
5.2289367	-0.8379706	8.406042	20.149
5.2840033	-0.82719666	8.47308	20.191
5.2768207	-0.79128367	8.467094	20.231
5.257667	-0.8475474	8.457518	20.291
5.231331	-0.82121116	8.429984	20.332
5.1367598	-0.770933	8.461109	20.392
5.1343656	-0.7781156	8.4647	20.431
5.222951	-0.81522566	8.475474	20.491
5.270835	-0.82001406	8.437167	20.531
5.3163247	-0.81283146	8.397662	20.592
5.33069	-0.7541735	8.443152	20.631
5.269638	-0.7781156	8.461109	20.691
5.2983685	-0.78888947	8.392874	20.731
5.3318872	-0.8283938	8.414422	20.797
5.3462524	-0.89543146	8.298303	20.849
5.2923827	-0.82240826	8.423999	20.891
5.2444987	-0.8391677	8.468291	20.931
5.245696	-0.8810662	8.367735	20.991
5.3342814	-0.830788	8.431181	21.048
5.4025164	-0.8499416	8.368932	21.091
5.451597	-0.8822633	8.331821	21.131
5.410896	-0.85473	8.327033	21.191
5.3833623	-0.8822633	8.348581	21.231
5.449203	-0.92655605	8.355764	21.291
5.4192758	-0.91578215	8.3821	21.331
5.446809	-0.90740246	8.258799	21.391
5.4300494	-0.8726865	8.303091	21.431
5.4922986	-0.8583213	8.327033	21.491
5.397728	-0.8714894	8.259995	21.531
5.436035	-0.8822633	8.3629465	21.591
5.619191	-0.89543146	8.231265	21.631
5.603629	-0.8822633	8.176199	21.691
5.6646814	-0.8487445	8.184579	21.731
5.638345	-0.82360536	8.158242	21.791
5.767632	-0.82360536	8.239645	21.831
5.7365074	-0.8499416	8.067263	21.891
5.7185507	-0.8283938	8.148665	21.931
5.7628436	-0.8355764	8.037335	21.991
5.7125654	-0.7290344	8.037335	22.049
5.8562174	-0.760159	8.046912	22.091
5.9567738	-0.7793127	8.064868	22.131
5.791574	-0.7266402	7.9810715	22.191
5.886145	-0.7158663	7.9391727	22.231
5.9052987	-0.664391	7.9343843	22.291
6.005855	-0.6739678	7.9032598	22.331
6.0250087	-0.6919243	7.8649526	22.391
6.1519012	-0.664391	7.8625584	22.431
6.0477533	-0.59376204	7.7667904	22.491
6.041768	-0.5602432	7.824251	22.531
6.093243	-0.58538234	7.66384	22.591
6.0202203	-0.5590461	7.606379	22.631
5.9771247	-0.65242	7.880515	22.691
6.1076083	-0.62009823	7.5812397	22.731
6.1985884	-0.50517654	8.045714	22.791
6.247669	-0.48602295	8.106767	22.831
6.069301	-0.47046062	7.9463553	22.891
6.0836663	-0.47165772	7.9906483	22.931
6.1650696	-0.5255273	7.6961613	22.992
5.9531827	-0.5805939	7.869741	23.049
6.0238113	-0.6464345	7.6267295	23.099
6.0525417	-0.62009823	7.8422074	23.131
6.0022635	-0.51355624	7.9607205	23.191
5.8813562	-0.46208093	7.797915	23.231
5.9639564	-0.5243302	8.02297	23.291
6.021417	-0.5243302	7.81228	23.331
5.9244523	-0.47405192	7.9726915	23.391
5.9962783	-0.49799395	7.8589673	23.431
5.919664	-0.48362875	8.038532	23.491
5.9364233	-0.48841715	8.063671	23.531
5.887342	-0.49320555	8.06008	23.591
5.8346696	-0.44891283	8.055291	23.631
5.805939	-0.5410896	8.02297	23.691
5.662287	-0.5554548	8.066066	23.731
5.731719	-0.48243165	8.196549	23.791
5.729325	-0.5482722	8.069656	23.831
5.765238	-0.5542577	8.123527	23.891
5.744887	-0.5602432	8.130709	23.931
5.6982	-0.5793968	8.157045	23.992
5.5880666	-0.5530606	8.197746	24.049
5.571307	-0.5470751	8.194156	24.091
5.568913	-0.5566519	8.265982	24.131
5.544971	-0.62608373	8.221688	24.192
5.5222263	-0.6332663	8.368932	24.251
5.4432178	-0.6548142	8.274361	24.282
5.433641	-0.5482722	8.300697	24.349
5.3881507	-0.5614403	8.359355	24.399
5.4444146	-0.62608373	8.409634	24.449
5.4300494	-0.6500258	8.336611	24.497
5.4049106	-0.59495914	8.350976	24.547
5.2959743	-0.6332663	8.365341	24.597
5.2660465	-0.61890113	8.374918	24.647
5.3462524	-0.59855044	8.517372	24.697
5.4025164	-0.6452374	8.48984	24.747
5.4025164	-0.7589619	8.317456	24.797
5.3235073	-0.7398083	8.341399	24.847
5.2983685	-0.6476316	8.358158	24.897
5.365406	-0.581791	8.447941	24.947
5.2085857	-0.62249243	8.371326	24.998
5.0625396	-0.59735334	8.437167	25.048
5.103241	-0.58777654	8.583213	25.097
5.140351	-0.6619968	8.540117	25.147
5.395334	-0.5530606	8.3821	25.198
5.2600613	-0.51116204	8.420407	25.247
5.1666875	-0.50397944	8.400057	25.297
5.407305	-0.51355624	8.37372	25.347
5.554548	-0.49919105	8.34499	25.397
5.6563015	-0.51235914	8.147469	25.447
5.7257333	-0.5374983	8.082825	25.497
5.791574	-0.47644615	8.127118	25.547
5.90889	-0.35673606	7.967903	25.597
5.628768	-0.79487497	7.7703815	25.647
5.6096144	-0.65242	8.24563	25.697
6.183026	0.17956513	8.038532	25.747
6.4427967	0.22625206	7.37055	25.797
6.540959	0.021547815	6.827066	25.847
6.314707	-0.46686932	7.7440453	25.897
6.325481	-0.48841715	7.5704656	25.947
6.661866	0.02873042	7.6255326	25.998
7.0712748	0.08619126	7.315483	26.048
7.2699933	-0.074220255	6.8605847	26.097
7.285556	-0.04189853	6.603208	26.147
7.20535	0.075417355	6.670246	26.197
7.5920134	-0.06943185	6.655881	26.247
7.6889787	0.009576807	6.7743936	26.297
7.559692	-0.044292733	6.9611416	26.347
7.1502833	-0.12449849	6.9719152	26.397
6.9611416	-0.24420857	6.8929067	26.447
6.7468605	-0.25378537	7.1466923	26.497
6.3865333	-0.36750996	7.715315	26.547
6.2847795	-0.23822308	7.9032598	26.597
6.3242836	-0.12210429	7.9487495	26.647
6.4858923	-0.02633622	7.916428	26.697
6.385336	-0.01436521	8.036138	26.747
5.768829	-0.47405192	7.7368627	26.797
5.1966147	-0.82001406	7.7572136	26.847
5.105635	-0.8846575	8.175002	26.897
5.0122614	-0.61291564	8.613141	26.947
5.2840033	-0.4333505	8.479065	26.997
5.2744265	-0.37110126	8.316259	27.047
5.103241	-0.41180268	8.4587145	27.097
5.009867	-0.641646	8.463503	27.147
4.987122	-0.60214174	8.480263	27.198
5.2444987	-0.49440265	8.565256	27.247
5.3438582	-0.5662287	8.47308	27.297
5.213374	-0.50996494	8.394072	27.347
5.4803276	-0.40581718	8.425196	27.397
5.422867	-0.50278234	8.291121	27.447
5.363012	-0.41299978	8.330625	27.497
5.506664	-0.34715924	8.415619	27.547
5.5760956	-0.47285482	8.334216	27.598
5.5509567	-0.521936	8.319851	27.649
5.439626	-0.49200845	8.267179	27.697
5.4444146	-0.4321534	8.348581	27.747
5.523423	-0.4189853	8.318654	27.797
5.378574	-0.4189853	8.323442	27.847
5.409699	-0.46088383	8.39048	27.897
5.507861	-0.4321534	8.439561	27.947
5.4647655	-0.4321534	8.268375	27.997
5.2804117	-0.5267244	8.352173	28.047
5.3498435	-0.4237737	8.324639	28.097
5.2768207	-0.5590461	8.368932	28.147
5.410896	-0.46088383	8.492233	28.197
5.3019595	-0.46208093	8.303091	28.247
5.3845596	-0.5303157	8.449138	28.297
5.5401826	-0.6512229	8.207323	28.347
5.589264	-0.51355624	8.327033	28.397
5.589264	-0.60812724	8.360553	28.447
5.619191	-0.5494693	8.541314	28.497
5.8741736	-0.48123455	8.418014	28.547
5.8909335	-0.260968	8.228871	28.597
5.4168816	-0.16639702	8.4108305	28.647
4.775235	-0.30406362	8.334216	28.697
4.871003	-0.5363012	8.572439	28.747
4.796783	-0.51116204	8.64666	28.797
4.477157	-0.6428431	8.987833	28.847
4.373009	-0.51834464	8.895657	28.897
4.2461166	-0.58897364	8.722076	28.947
4.200627	-0.47046062	8.862138	28.997
4.380192	-0.45250413	8.953117	29.048
4.2664676	-0.3890578	8.88608	29.097
4.0773253	-0.37349546	8.963891	29.147
3.9983168	-0.35194764	9.081207	29.197
4.3622355	-0.38307226	8.990228	29.247
4.3358994	-0.41180268	8.844181	29.297
4.3263226	-0.2717419	8.910022	29.347
4.5418005	-0.35314476	9.00579	29.397
4.7201686	-0.49081135	9.003395	29.447
4.915296	-0.47046062	8.677784	29.497
4.571728	-0.36870706	8.732851	29.547
4.357447	-0.1448492	9.004593	29.597
4.4927197	-0.17717093	8.993818	29.647
4.368221	-0.30286652	8.828619	29.697
4.4161053	-0.439336	8.804677	29.747
4.5382094	-0.439336	8.920795	29.797
4.629189	-0.31483752	8.882488	29.847
4.758476	-0.38067806	8.603564	29.897
4.727351	-0.39504328	8.866926	29.947
4.882974	-0.29807812	8.698134	29.997
4.868609	-0.29688102	8.7125	30.047
5.1666875	-0.4369418	8.597578	30.097
5.341464	-0.25378537	8.602366	30.147
4.960786	-0.23942018	8.668207	30.197
4.853047	-0.33518824	8.486248	30.247
4.9703627	-0.1448492	8.693346	30.297
5.3522377	-0.16519992	8.760384	30.347
5.1942205	-0.19512744	8.392874	30.397
5.0757074	-0.18914193	8.4587145	30.447
5.245696	-0.2789245	8.704121	30.497
5.183447	-0.18794483	8.498219	30.547
5.33069	-0.16998832	8.404845	30.597
5.1906295	-0.10055647	8.643068	30.647
5.0876784	-0.22385786	8.555679	30.697
5.2289367	-0.20350714	8.499416	30.747
5.2636523	-0.16879122	8.425196	30.797
5.4683566	-0.12689269	8.329428	30.847
5.3618145	-0.1592144	8.304289	30.897
5.439626	-0.08738836	8.416816	30.947
5.4264584	-0.1316811	8.402451	30.999
5.4420204	-0.1328782	8.348581	31.047
5.377377	-0.1388637	8.377312	31.097
5.5042696	-0.14963761	8.305486	31.147
5.579687	-0.18315643	8.291121	31.198
5.7305217	-0.14724341	8.101978	31.247
5.8945246	-0.20590134	8.033744	31.297
5.803545	-0.1328782	8.127118	31.347
5.791574	-0.1436521	8.1402855	31.397
5.9148755	-0.12569559	8.0684595	31.447
5.7855883	-0.20709845	8.062474	31.497
5.8622026	-0.20709845	8.1319065	31.547
5.81791	-0.24899697	8.129512	31.597
5.876568	-0.18674773	8.087613	31.647
5.957971	-0.19393034	8.000225	31.697
5.828684	-0.18076223	8.025364	31.747
5.708974	-0.23223756	8.137892	31.797
5.637148	-0.24301147	8.204929	31.847
5.6156	-0.1412579	8.213309	31.897
5.8741736	-0.23104046	8.209718	31.947
5.9567738	-0.20829555	8.238448	31.997
5.5246205	-0.16400282	8.237251	32.048
5.109226	-0.30645782	8.467094	32.097
4.793192	-0.38187516	8.511387	32.147
4.665102	-0.2669535	8.719683	32.197
4.38498	-0.32800564	8.676587	32.247
4.9021277	-0.48362875	8.717288	32.297
5.42167	-0.41299978	8.294712	32.347
5.5138464	-0.22505496	8.440758	32.397
5.127183	-0.2681506	8.686164	32.447
5.6108117	-0.40102878	8.325836	32.497
5.424064	-0.320823	8.628703	32.547
5.5629277	-0.50278234	7.9714947	32.597
5.566519	-0.37349546	8.670602	32.649
5.351041	-0.4417302	8.388085	32.697
5.055357	-0.533907	8.371326	32.747
5.195418	-0.5710171	8.395268	32.797
5.1367598	-0.521936	8.51019	32.847
5.1762643	-0.545878	8.437167	32.897
5.183447	-0.5805939	8.324639	32.947
5.4563856	-0.5674258	8.285135	32.997
5.5701103	-0.5686229	8.298303	33.048
5.5820813	-0.46806642	8.303091	33.097
5.686229	-0.6344634	8.166622	33.148
5.625177	-0.6655881	8.224083	33.198
5.625177	-0.5255273	8.267179	33.247
5.5282116	-0.60812724	8.269572	33.297
5.494693	-0.521936	8.222886	33.347
5.3199162	-0.521936	8.441956	33.397
5.2480903	-0.59615624	8.312668	33.447
5.2899885	-0.60094464	8.395268	33.497
5.481525	-0.59017074	8.604761	33.547
5.461174	-0.32800564	8.402451	33.597
5.185841	-0.48123455	8.161834	33.649
5.246893	-0.58777654	8.684967	33.697
5.565322	-0.2801216	8.51019	33.747
5.1475334	-0.58777654	8.4647	33.797
5.0134583	-0.8355764	8.469488	33.847
5.0781016	-0.60453594	8.841787	33.897
4.818331	-0.45370123	8.574833	33.947
4.663905	-0.32321724	8.84059	33.997
4.5633483	-0.21667525	8.921992	34.047
4.461595	-0.47165772	8.944737	34.097
4.4244847	-0.439336	8.6813755	34.147
4.1934443	-0.40821138	8.986636	34.198
4.07134	-0.439336	8.9279785	34.247
4.189853	-0.37588966	9.076419	34.297
4.31076	-0.41299978	9.097966	34.347
4.134786	-0.37229836	8.896853	34.397
4.1299977	-0.29328972	9.094376	34.447
4.1814733	-0.4237737	9.062054	34.497
4.1659107	-0.47524905	8.911219	34.547
4.3993454	-0.40342298	9.001001	34.597
4.583699	-0.51954174	8.783129	34.647
4.583699	-0.5279215	8.846576	34.697
4.72376	-0.427365	8.836999	34.747
4.593276	-0.5315128	8.858546	34.797
4.59567	-0.47046062	8.856153	34.847
4.5681367	-0.31244332	8.959103	34.897
4.5406036	-0.47165772	8.820239	34.947
4.5178585	-0.521936	8.929175	34.997
4.8338933	-0.48482585	8.896853	35.047
4.787206	-0.49919105	8.59279	35.098
4.477157	-0.45370123	8.76637	35.147
4.675876	-0.6739678	8.930372	35.198
4.936844	-0.7314286	8.76996	35.247
4.981137	-0.7721301	8.670602	35.297
5.069722	-0.6572084	8.432379	35.347
5.058948	-0.5614403	8.562862	35.397
5.1690817	-0.79367787	8.486248	35.447
5.261258	-0.80564886	8.396465	35.497
5.2085857	-0.78888947	8.474277	35.547
5.1930237	-0.6512229	8.548497	35.597
5.2061915	-0.7146692	8.395268	35.647
5.127183	-0.7529764	8.494628	35.697
5.2325277	-0.78649527	8.492233	35.747
5.33907	-0.7613561	8.474277	35.797
5.2780175	-0.7062895	8.368932	35.857
5.3486466	-0.7517793	8.432379	35.897
5.2636523	-0.7649474	8.450335	35.947
5.2636523	-0.6943185	8.441956	35.997
5.1942205	-0.59855044	8.47308	36.048
5.257667	-0.7745243	8.457518	36.097
5.163096	-0.7254431	8.525752	36.147
5.1235914	-0.7685388	8.459911	36.197
5.175067	-0.7326257	8.476671	36.247
5.1846437	-0.7098808	8.516175	36.297
5.2205567	-0.6895301	8.507795	36.347
5.209783	-0.6727707	8.477868	36.397
5.139154	-0.6739678	8.47308	36.447
5.100847	-0.7026982	8.512584	36.497
5.0864816	-0.7445967	8.433576	36.547
5.2121773	-0.6787562	8.503007	36.597
5.3474493	-0.688333	8.372523	36.647
5.351041	-0.6727707	8.337808	36.697
5.365406	-0.6607997	8.322245	36.747
5.425261	-0.6332663	8.348581	36.797
5.4982843	-0.5770026	8.333019	36.847
5.463568	-0.62009823	8.297106	36.897
5.5282116	-0.80445176	8.201338	36.947
5.380968	-0.8331822	8.050503	36.997
5.329493	-0.6428431	8.267179	37.047
6.0441623	-0.80684596	7.6722193	37.097
6.3362546	-0.7194576	7.8062944	37.147
6.4978633	-0.49200845	8.161834	37.198
6.4906807	-0.40462008	7.831434	37.247
6.253655	-0.4297592	7.07726	37.297
6.4583592	-0.7350199	7.57286	37.347
6.8785415	-1.0163386	7.393295	37.397
6.8749504	-0.8846575	7.267599	37.447
6.731298	-0.6955156	7.406463	37.497
6.4631476	-0.60094464	7.3322425	37.547
6.3925185	-0.7505822	7.587225	37.597
6.50744	-0.91817635	7.6111674	37.647
6.518214	-0.79607207	7.4842744	37.697
6.279991	-0.748188	7.4615297	37.747
6.3338604	-0.81283146	7.4806833	37.797
6.4416	-0.8403648	7.443573	37.847
6.625953	-0.80325466	7.524976	37.897
6.585252	-0.61411273	7.7919292	37.947
6.4751186	-0.5602432	7.703344	37.997
6.2740054	-0.60094464	7.7667904	38.047
5.875371	-0.7410054	7.823054	38.097
5.7005944	-0.7673417	8.049306	38.15
5.6215854	-0.8571242	8.036138	38.201
5.7389016	-0.79008657	8.141483	38.247
5.66109	-0.7038953	8.1319065	38.297
5.521029	-0.6548142	8.154651	38.347
5.3713913	-0.7673417	8.175002	38.397
5.433641	-0.80684596	8.276755	38.447
5.5856724	-0.80564886	8.384495	38.497
5.6156	-0.842759	8.238448	38.547
5.3881507	-0.8403648	8.183381	38.597
5.175067	-0.8738836	8.328231	38.647
5.1343656	-0.91458505	8.356961	38.697
5.317522	-0.7673417	8.438364	38.747
5.1666875	-0.7230489	8.421604	38.797
5.151125	-0.79128367	8.431181	38.847
5.2277393	-0.82599956	8.4587145	38.897
5.2265425	-0.7745243	8.392874	38.947
5.533	-0.81642276	8.286332	38.997
5.535394	-0.7721301	8.337808	39.049
5.2361193	-0.7374141	8.437167	39.097
5.329493	-0.8499416	8.288726	39.147
5.4144874	-0.7386112	8.426393	39.198
5.33069	-0.7302315	8.388085	39.247
5.519832	-0.7793127	8.219295	39.297
5.4563856	-0.7350199	8.346188	39.347
5.357026	-0.7230489	8.397662	39.397
5.3701944	-0.6631939	8.451532	39.447
5.374983	-0.6823475	8.34499	39.497
5.4863133	-0.7637503	8.421604	39.547
5.3941364	-0.7541735	8.258799	39.597
5.398925	-0.6979098	8.316259	39.647
5.386954	-0.7757214	8.298303	39.697
5.392939	-0.7589619	8.349778	39.747
5.60722	-0.7146692	8.289924	39.797
5.681441	-0.7469909	8.215703	39.847
5.7281275	-0.6979098	8.24563	39.897
5.717354	-0.79128367	8.185776	39.947
5.591658	-0.8367735	8.128315	39.997
5.5006785	-0.7302315	8.323442	40.048
5.4623713	-0.80205756	8.209718	40.097
5.434838	-0.93732995	8.072051	40.147
5.616797	-0.81642276	8.641871	40.197
5.7029886	-0.8511387	8.571242	40.247
5.542577	-0.6512229	8.289924	40.297
5.1882353	-0.32680854	8.324639	40.347
5.046977	-0.36870706	8.505402	40.397
5.3821654	-0.5650316	8.364143	40.447
5.2852	-0.46926352	8.497022	40.497
4.936844	-0.6967127	8.599973	40.547
4.333505	-0.7625532	8.653842	40.597
4.3861775	-0.82240826	8.911219	40.647
4.911705	-0.7505822	8.892065	40.697
5.0302176	-0.7062895	8.77834	40.747
4.4663835	-0.61770403	8.804677	40.797
4.122815	-0.80924016	9.040505	40.847
4.3957543	-0.7302315	8.790312	40.897
4.6710877	-0.80205756	8.4108305	40.947
4.560954	-0.70509243	8.823831	40.997
4.6483426	-0.62129533	9.220071	41.049
5.103241	-0.90979666	8.605958	41.097
4.830302	-0.6859388	8.631097	41.148
4.334702	-0.6344634	8.839393	41.198
4.703409	-0.61291564	8.470686	41.247
4.3035774	-0.36032736	8.671799	41.297
4.0857053	-0.33997664	8.775947	41.347
4.3981485	-0.4249708	8.9279785	41.397
4.5561657	-0.5243302	8.954314	41.448
4.739322	-0.6344634	9.033323	41.497
5.052963	-0.80445176	8.750807	41.547
5.2241483	-0.8439561	8.583213	41.597
5.2923827	-0.4357447	8.616732	41.648
5.342661	-0.63206923	8.51019	41.697
5.2121773	-0.842759	8.480263	41.747
5.1523223	-0.6691794	8.462306	41.798
5.0182467	-0.7793127	8.559271	41.847
4.8422728	-0.79607207	8.644265	41.897
4.92607	-0.93972415	8.772355	41.947
5.1020436	-0.89902276	8.567651	41.997
5.0493712	-0.80205756	8.4647	42.049
4.9763484	-0.61770403	8.488642	42.097
4.981137	-0.8367735	8.488642	42.147
4.995502	-0.8631097	8.632295	42.197
5.115212	-0.7733272	8.412027	42.247
5.0960584	-1.0019734	8.267179	42.297
5.222951	-1.0247183	8.401254	42.347
5.5018754	-0.8523358	8.197746	42.397
5.6790466	-0.6823475	8.101978	42.447
5.793968	-0.62129533	7.9331875	42.497
5.852626	-0.62368953	8.054094	42.547
5.9651537	-0.7529764	8.036138	42.597
6.1004257	-0.6931214	7.9032598	42.647
6.173449	-0.61890113	7.827842	42.697
6.343437	-0.5518635	7.752425	42.747
6.6295447	-0.6380547	7.4088573	42.797
6.3925185	-0.9744401	6.211756	42.847
5.9388175	0.075417355	8.714894	42.897
7.394492	0.10055647	7.505822	42.948
6.897695	0.7254431	7.1945763	42.997
5.9064956	-0.25139117	7.4627266	43.05
6.691794	-0.8882488	7.703344	43.097
7.6291237	-0.5470751	6.4499793	43.147
6.956353	0.39384618	6.1638722	43.198
6.9850836	0.56982	6.8869214	43.247
8.189367	0.12689269	6.0166287	43.298
8.130709	0.090979666	5.923255	43.347
7.511808	-0.24061728	6.2045736	43.397
6.83784	0.075417355	7.2592196	43.447
7.739257	0.6667852	7.928399	43.497
7.6147585	0.6871359	6.531382	43.547
6.3003416	-0.25258827	6.775591	43.597
5.2157683	-0.5710171	7.469909	43.648
8.191761	1.4987702	8.531737	43.697
7.07726	1.246182	5.895722	43.747
5.9424086	-0.035913024	7.5333557	43.797
5.7305217	-1.1408371	6.5696893	43.847
7.4028716	1.3862427	9.040505	43.897
7.3190746	1.2210429	6.2488666	43.947
6.1782374	0.23942018	7.606379	43.997
5.981913	-0.82480246	7.880515	44.027
6.5469446	0.62967503	8.15106	44.098
6.867768	1.4879963	8.058883	44.148
6.2740054	-0.017956512	7.145495	44.197
5.9926867	-0.7505822	7.5082164	44.247
6.167464	-0.45968673	7.6111674	44.307
6.1638722	-0.20709845	7.442376	44.348
6.066907	-0.18914193	7.824251	44.397
5.9603653	-0.38067806	8.15106	44.447
5.8562174	-0.40102878	8.1558485	44.497
5.9400144	-0.31483752	7.97748	44.547
5.997475	-0.34596214	7.651869	44.597
5.9962783	-0.62847793	7.7452426	44.649
6.0489507	-0.6572084	7.878121	44.697
6.0920463	-0.5626374	7.827842	44.747
6.009446	-0.45489833	7.8996687	44.797
6.019023	-0.5494693	7.9092455	44.847
5.9986725	-0.35913026	8.01459	44.898
5.8681884	-0.34476504	7.9307933	44.947
5.8634	-0.4345476	7.8745294	44.997
5.946	-0.51834464	7.9595237	45.027
6.136339	-0.63087213	7.833828	45.097
6.1279593	-0.5351041	7.8637557	45.147
6.1159883	-0.58538234	7.9092455	45.198
5.8023477	-0.45370123	8.01459	45.247
5.8322754	-0.40581718	8.057686	45.297
5.8693852	-0.49919105	8.032547	45.347
5.922058	-0.46926352	7.9511437	45.397
6.0597243	-0.51834464	8.034941	45.447
5.901707	-0.712275	8.02297	45.497
5.7245364	-0.6859388	8.195353	45.547
5.627571	-0.5422867	8.333019	45.597
5.5162406	-0.50757074	8.261193	45.648
5.566519	-0.5303157	8.213309	45.697
5.647922	-0.59615624	8.221688	45.747
5.3342814	-0.7015011	8.287529	45.797
5.48751	-0.712275	8.293514	45.847
5.342661	-0.7386112	8.616732	45.897
5.255273	-0.7577648	8.389283	45.947
4.9667716	-0.6560113	8.429984	45.997
4.8255134	-0.6943185	8.42759	46.028
4.7919946	-0.79487497	8.641871	46.097
4.973954	-0.7493851	8.637083	46.147
4.856638	-0.6703765	8.544906	46.197
4.987122	-0.81522566	8.775947	46.247
5.011064	-0.82121116	8.6299	46.297
4.80636	-0.7553706	8.471883	46.347
5.0302176	-0.81283146	8.686164	46.397
4.959589	-0.92416185	8.826224	46.447
4.787206	-0.90381116	8.486248	46.497
4.7309427	-0.6512229	8.103176	46.547
5.434838	-0.30166942	8.65025	46.597
5.469554	-0.22625206	8.647857	46.648
5.1918263	-0.009576807	8.491036	46.697
4.975151	0.1316811	8.37013	46.747
5.3223104	-0.25498247	8.36175	46.797
5.6431336	-0.46567222	8.230068	46.847
5.896919	-0.3184288	8.279149	46.897
5.6443305	-0.07062895	8.230068	46.947
5.365406	0.08259996	8.213309	46.997
5.5018754	-0.10175357	7.9822683	47.027
5.2660465	-0.6488287	8.026561	47.098
5.815516	-0.7517793	7.687782	47.147
6.6187706	-0.3184288	7.799112	47.198
6.530185	-0.037110128	7.9032598	47.248
6.457162	-0.16160862	7.6111674	47.297
5.961562	-0.30885202	7.368156	47.347
6.3578024	-0.2789245	7.7811556	47.397
7.0545154	-0.110133275	7.478289	47.447
7.156269	0.061052144	7.2364745	47.497
7.037756	-0.093373865	7.0006456	47.548
6.8438253	-0.10175357	7.1526775	47.597
6.9587474	-0.12449849	7.0329676	47.648
7.062895	-0.022744916	7.156269	47.697
7.007828	0.079008654	7.275979	47.747
6.871359	0.019153614	7.1993647	47.797
6.6989765	0.016759412	7.225701	47.847
6.730101	0.008379706	7.2029557	47.897
6.82946	-0.062249243	7.3047094	47.947
6.8785415	0.04309563	7.2723875	47.997
6.8809357	0.1388637	7.275979	48.027
6.634333	0.1436521	7.3406224	48.097
6.5936313	0.03232172	7.477092	48.147
6.6367273	-0.12210429	7.3430166	48.197
6.655881	-0.062249243	7.2939353	48.247
6.609194	-0.02633622	7.5333557	48.297
6.517017	0.061052144	7.4806833	48.347
6.423643	-0.06464344	7.6961613	48.397
6.35062	-0.33638534	7.6470804	48.447
6.3721676	-0.39983168	7.8517847	48.497
5.8334723	-0.24181437	7.917625	48.547
5.8801594	-0.3184288	7.9451585	48.597
5.971139	-0.33638534	7.9068513	48.647
5.851429	-0.30885202	7.869741	48.697
5.60722	-0.4405331	8.031349	48.747
5.645528	-0.5626374	8.23366	48.797
5.5701103	-0.50517654	8.204929	48.847
5.41329	-0.41180268	8.268375	48.897
5.231331	-0.5267244	8.301894	48.947
5.1678843	-0.49679685	8.401254	48.997
5.237316	-0.48602295	8.437167	49.027
5.1762643	-0.34237084	8.288726	49.097
5.195418	-0.31124622	8.397662	49.147
5.2756233	-0.3854665	8.397662	49.198
5.547365	-0.51595044	8.23366	49.247
5.741296	-0.40581718	8.14268	49.297
5.8681884	-0.40342298	8.158242	49.347
5.781997	-0.33758244	8.027759	49.397
5.731719	-0.20231004	8.186973	49.447
5.7281275	-0.25617957	7.973889	49.497
5.8562174	-0.36272156	7.9068513	49.547
6.2165446	-0.36152446	7.905654	49.597
6.217742	-0.21547815	8.222886	49.647
6.0010667	-0.20350714	7.831434	49.697
5.9519854	-0.45489833	7.9631147	49.747
5.8454432	-0.2861071	8.106767	49.797
5.6431336	-0.11731588	8.163031	49.847
5.7125654	-0.23942018	8.143877	49.897
5.8801594	-0.29927522	8.178593	49.947
5.7975593	-0.34476504	8.054094	49.997
5.7736173	-0.2813187	8.038532	50.027
5.872977	-0.20350714	8.08881	50.097
5.979519	-0.34356794	7.890092	50.147
6.194997	-0.49440265	7.795521	50.198
6.3601966	-0.39624038	7.9248075	50.247
6.1387334	-0.37229836	7.848193	50.297
6.029797	-0.38187516	8.1163435	50.347
5.9005103	-0.25857377	8.050503	50.397
5.7808	-0.22385786	8.111555	50.447
5.6215854	-0.25378537	8.146272	50.497
5.577293	-0.36391866	8.200141	50.547
5.5282116	-0.33997664	8.226477	50.597
5.5461683	-0.39624038	8.212111	50.647
5.9783216	-0.47405192	8.204929	50.697
5.9292407	-0.5351041	7.856573	50.747
5.755661	-0.6428431	8.173804	50.797
5.5581393	-0.52073884	8.303091	50.847
5.497087	-0.4141969	8.336611	50.897
5.2959743	-0.32920274	8.396465	50.947
5.365406	-0.2837129	8.593987	50.997
5.3474493	-0.34356794	8.358158	51.027
5.2564697	-0.40222588	8.451532	51.097
5.5377884	-0.4225766	8.680179	51.147
5.530606	-0.22864626	8.423999	51.198
4.995502	-0.055066638	8.350976	51.247
4.661511	-0.20470424	8.438364	51.297
4.5286326	-0.30286652	8.63828	51.347
4.584896	-0.272939	8.716091	51.397
4.5034933	-0.1328782	8.804677	51.447
4.4603977	-0.09696517	8.978256	51.497
4.5142674	-0.09935937	9.038112	51.547
4.596867	-0.076614454	8.783129	51.597
4.685453	-0.1376666	8.610746	51.647
4.7070007	-0.25139117	8.625112	51.69
4.710592	-0.25139117	8.781932	51.75
4.7321396	-0.2669535	8.784326	51.8
4.903325	-0.34356794	8.608353	51.85
4.7548847	-0.49200845	8.500613	51.9
4.661511	-0.5734113	8.696938	51.95
4.9404354	-0.62488663	8.523358	51.99
5.315128	-0.664391	8.49343	52.03
5.9687448	-0.58418524	8.335413	52.097
5.7855883	-0.45130703	8.051701	52.147
5.827487	-0.4249708	8.300697	52.197
5.803545	-0.46088383	8.412027	52.247
5.579687	-0.581791	8.304289	52.297
5.3438582	-0.5686229	8.282741	52.348
5.1235914	-0.48961425	8.421604	52.397
5.1475334	-0.5231331	8.420407	52.447
5.4085016	-0.6464345	8.4587145	52.497
5.4767365	-0.7062895	8.408437	52.547
5.3318872	-0.6584055	8.305486	52.597
5.395334	-0.61171854	8.230068	52.647
5.398925	-0.61171854	8.325836	52.697
5.463568	-0.62249243	8.289924	52.747
5.6239796	-0.62129533	8.196549	52.797
5.73531	-0.6464345	8.1558485	52.847
5.729325	-0.6823475	8.196549	52.897
5.5018754	-0.5734113	8.307879	52.947
5.3163247	-0.5315128	8.402451	52.997
5.2756233	-0.49320555	8.3821	53.027
5.2636523	-0.62847793	8.407239	53.098
5.333084	-0.664391	8.385692	53.147
5.3725886	-0.61890113	8.365341	53.198
5.3737855	-0.5793968	8.342596	53.248
5.363012	-0.59376204	8.407239	53.297
5.4504004	-0.60453594	8.342596	53.347
5.377377	-0.60812724	8.354567	53.398
5.401319	-0.5650316	8.408437	53.447
5.3079453	-0.59017074	8.438364	53.497
5.317522	-0.63206923	8.409634	53.547
5.2660465	-0.6344634	8.388085	53.597
5.3019595	-0.6560113	8.437167	53.647
5.2624555	-0.6655881	8.414422	53.697
5.2480903	-0.6931214	8.437167	53.747
5.2899885	-0.7062895	8.402451	53.797
5.177461	-0.78649527	8.407239	53.847
5.2085857	-0.82240826	8.525752	53.897
5.318719	-0.8762778	8.554482	53.947
5.2780175	-0.8439561	8.465898	53.997
5.16549	-0.82719666	8.503007	54.027
5.01705	-0.830788	8.4587145	54.097
5.0026846	-0.8523358	8.513782	54.147
4.9440265	-0.8702923	8.564059	54.197
4.947618	-0.82480246	8.6299	54.247
4.8638206	-0.81402856	8.603564	54.297
4.771644	-0.7230489	8.611943	54.347
4.811148	-0.688333	8.656237	54.397
4.9416323	-0.830788	8.577228	54.447
5.076905	-0.78649527	8.494628	54.497
5.183447	-0.81043726	8.512584	54.547
5.255273	-0.830788	8.440758	54.597
5.2564697	-0.7302315	8.467094	54.647
5.2409077	-0.6404489	8.429984	54.697
5.2205567	-0.5793968	8.406042	54.747
5.3079453	-0.5566519	8.450335	54.797
5.4144874	-0.58298814	8.337808	54.847
5.4312468	-0.6488287	8.321048	54.897
5.3833623	-0.6787562	8.333019	54.947
5.4420204	-0.60932434	8.311471	54.997
5.4922986	-0.5434838	8.304289	55.037
5.6000376	-0.5363012	8.202535	55.098
5.7424927	-0.5506664	8.184579	55.147
5.7508726	-0.51954174	8.135497	55.198
5.827487	-0.48362875	8.058883	55.247
5.8382607	-0.46806642	7.997831	55.297
5.9723363	-0.45609543	7.9906483	55.347
6.101623	-0.48003745	7.943961	55.397
6.1303535	-0.49679685	7.9032598	55.447
6.2009826	-0.47405192	7.878121	55.497
6.0956373	-0.50038815	7.8529816	55.547
6.0621185	-0.521936	7.759608	55.593
5.8598084	-0.5410896	8.034941	55.647
6.0884547	-0.5351041	7.8637557	55.697
6.089652	-0.49799395	7.941567	55.747
6.066907	-0.45370123	7.94037	55.797
5.9867015	-0.5482722	7.9128366	55.847
5.973533	-0.61650693	8.020576	55.897
5.9160724	-0.58418524	8.186973	55.948
5.6706667	-0.6440403	8.141483	55.997
5.5006785	-0.6404489	8.298303	56.037
5.1140146	-0.6799533	8.335413	56.097
5.0900726	-0.7457938	8.48146	56.147
5.056554	-0.78888947	8.409634	56.197
5.1247888	-0.7134721	8.540117	56.248
5.142745	-0.7218518	8.497022	56.297
5.1918263	-0.6931214	8.468291	56.347
5.159505	-0.7589619	8.4587145	56.398
5.29358	-0.770933	8.451532	56.447
5.2923827	-0.7290344	8.450335	56.497
5.3127337	-0.7038953	8.475474	56.547
5.2648497	-0.7146692	8.456321	56.597
5.16549	-0.7098808	8.4826565	56.648
5.185841	-0.7433996	8.488642	56.698
5.067328	-0.7038953	8.534132	56.747
5.1116204	-0.7505822	8.552089	56.797
5.116409	-0.760159	8.51857	56.848
5.16549	-0.7721301	8.4647	56.897
5.1343656	-0.7302315	8.556877	56.947
5.04578	-0.79128367	8.522161	56.997
5.0374002	-0.80804306	8.541314	57.037
5.009867	-0.7697359	8.631097	57.098
4.947618	-0.7613561	8.576031	57.147
4.7441106	-0.6715736	8.604761	57.198
4.794389	-0.7410054	8.655039	57.247
5.0984526	-0.82001406	8.556877	57.297
5.069722	-0.79128367	8.503007	57.347
5.3127337	-0.7433996	8.452729	57.397
5.4025164	-0.7134721	8.303091	57.447
5.5138464	-0.6667852	8.327033	57.497
5.6156	-0.6404489	8.243237	57.547
5.5988407	-0.59495914	8.2516165	57.597
5.568913	-0.6368576	8.145074	57.647
5.7400985	-0.5494693	8.159439	57.697
5.649119	-0.61411273	8.1343	57.747
5.7843914	-0.60573304	8.063671	57.797
5.81791	-0.50278234	8.052897	57.847
5.896919	-0.5351041	7.967903	57.898
5.9412117	-0.49081135	7.97748	57.947
5.99149	-0.49081135	7.9343843	57.997
5.9998693	-0.48123455	7.868544	58.037
6.030994	-0.4381389	7.896077	58.09
6.1507044	-0.46567222	7.928399	58.14
6.089652	-0.39264908	7.905654	58.2
5.9926867	-0.46447513	7.8912888	58.25
6.017826	-0.46567222	7.94037	58.292
5.932832	-0.49559975	8.030152	58.332
5.8741736	-0.44532153	8.015787	58.392
5.81791	-0.47884035	8.095993	58.432
5.8717794	-0.545878	8.054094	58.492
5.804742	-0.5686229	8.143877	58.532
5.791574	-0.5626374	8.104373	58.592
5.801151	-0.5710171	8.186973	58.632
5.602432	-0.58298814	8.250419	58.692
5.437232	-0.6452374	8.356961	58.758
5.139154	-0.7026982	8.406042	58.799
5.1702785	-0.7254431	8.461109	58.832
5.0541596	-0.82599956	8.523358	58.892
4.9224787	-0.79008657	8.543709	58.932
4.903325	-0.80325466	8.553286	58.992
5.0254292	-0.78290397	8.614338	59.034
5.0781016	-0.81881696	8.514978	59.101
5.046977	-0.7374141	8.487445	59.149
5.056554	-0.7613561	8.51857	59.2
5.068525	-0.7613561	8.6095495	59.25
4.983531	-0.81283146	8.585608	59.297
5.044583	-0.8607155	8.627506	59.347
4.9320555	-0.7314286	8.585608	59.397
4.950012	-0.82121116	8.572439	59.447
4.985925	-0.80325466	8.568848	59.497
4.97156	-0.8283938	8.668207	59.547
4.8494554	-0.7697359	8.639477	59.597
4.7907977	-0.7302315	8.6334915	59.647
4.745308	-0.7422025	8.680179	59.697
4.8662148	-0.7661445	8.534132	59.747
5.109226	-0.91937345	8.485051	59.797
5.2899885	-0.78529817	8.524555	59.847
5.3318872	-0.7110779	8.333019	59.897
5.5617304	-0.7314286	8.252813	59.947
5.577293	-0.6536171	8.249222	59.997
5.6682725	-0.7170634	8.1163435	60.037