4.867412	-1.3000516	8.665813	0.097
4.865018	-1.2629414	8.6095495	0.15
4.9176903	-1.2569559	8.625112	0.2
4.9021277	-1.2593501	8.590396	0.25
4.855441	-1.2617443	8.595184	0.3
4.855441	-1.2246342	8.586804	0.35
4.853047	-1.2042835	8.616732	0.4
4.8398786	-1.2557588	8.603564	0.45
4.894945	-1.2844892	8.634688	0.5
4.9428296	-1.2485762	8.567651	0.55
4.927267	-1.2318168	8.62152	0.595
4.911705	-1.1959038	8.637083	0.653
4.894945	-1.13964	8.617929	0.692
4.8817773	-1.1611878	8.656237	0.742
4.8662148	-1.2306197	8.6813755	0.8
4.782418	-1.210269	8.645462	0.85
4.775235	-1.1887212	8.647857	0.901
4.841076	-1.2162545	8.65025	0.95
4.830302	-1.1994951	8.711303	0.999
4.787206	-1.1109096	8.693346	1.05
4.8243165	-1.1228806	8.664616	1.099
4.8578353	-1.1456255	8.692149	1.15
4.841076	-1.1767502	8.694544	1.2
4.7979803	-1.1647792	8.690952	1.25
4.7800236	-1.1240777	8.671799	1.3
4.7381253	-1.1444284	8.717288	1.35
4.7046065	-1.1049241	8.701726	1.4
4.701015	-1.0989386	8.742428	1.45
4.698621	-1.0929531	8.7532015	1.499
4.830302	-1.103727	8.693346	1.55
4.9344497	-1.1480197	8.678981	1.6
4.7860093	-1.1025299	8.708909	1.65
4.7201686	-1.0833763	8.690952	1.7
4.691438	-1.1061212	8.756793	1.75
4.703409	-1.0941502	8.734048	1.8
4.7740383	-1.0857705	8.732851	1.85
4.793192	-1.103727	8.728063	1.9
4.7285485	-1.1145009	8.744822	1.95
4.711789	-1.1228806	8.72088	1.998
4.734534	-1.1540052	8.707711	2.039
4.787206	-1.1252748	8.735245	2.09
4.8039656	-1.1312603	8.702923	2.135
4.817134	-1.1168951	8.698134	2.19
4.7441106	-1.1348516	8.696938	2.235
4.7860093	-1.1587936	8.676587	2.284
4.817134	-1.198298	8.700529	2.335
4.8626237	-1.1947067	8.663419	2.39
4.8338933	-1.22224	8.614338	2.436
4.7979803	-1.1528081	8.670602	2.493
4.853047	-1.2378023	8.6574335	2.539
4.868609	-1.2330139	8.640674	2.59
4.912902	-1.1540052	8.614338	2.642
4.911705	-1.1994951	8.59279	2.693
4.8841715	-1.2306197	8.608353	2.743
4.8255134	-1.2150574	8.64666	2.792
4.8338933	-1.2413936	8.593987	2.834
4.8638206	-1.2246342	8.60117	2.894
4.879383	-1.2114661	8.605958	2.934
4.900931	-1.1755531	8.610746	3.002
4.8961425	-1.1851299	8.614338	3.042
4.9057193	-1.2054806	8.659827	3.094
4.8985367	-1.198298	8.65863	3.134
4.882974	-1.1504139	8.665813	3.194
4.847061	-1.1540052	8.696938	3.234
4.8482585	-1.1923125	8.665813	3.294
4.823119	-1.1432313	8.678981	3.334
4.8602295	-1.1432313	8.671799	3.394
4.8374844	-1.1432313	8.647857	3.434
4.820725	-1.1575965	8.662222	3.494
4.8147397	-1.163582	8.724471	3.535
4.8267107	-1.1300632	8.690952	3.594
4.796783	-1.0977415	8.690952	3.634
4.8255134	-1.1252748	8.67539	3.695
4.770447	-1.1145009	8.659827	3.734
4.783615	-1.0833763	8.689755	3.794
4.796783	-1.103727	8.719683	3.834
4.7788267	-1.1360487	8.684967	3.894
4.76087	-1.0905589	8.725668	3.934
4.7500963	-1.0893618	8.7053175	3.959
4.8135424	-1.1097125	8.74123	4.034
4.7919946	-1.0821792	8.74123	4.101
4.8015714	-1.0702082	8.724471	4.144
4.80636	-1.0821792	8.719683	4.193
4.771644	-1.1013328	8.716091	4.235
4.7548847	-1.0857705	8.767567	4.294
4.7441106	-1.1180922	8.7053175	4.343
4.7764325	-1.0785879	8.719683	4.402
4.8027687	-1.0989386	8.728063	4.443
4.793192	-1.115698	8.695741	4.494
4.807557	-1.1468226	8.695741	4.546
4.8135424	-1.1420342	8.723274	4.584
4.8255134	-1.1671734	8.676587	4.652
4.8099513	-1.1492168	8.644265	4.697
4.817134	-1.1252748	8.693346	4.734
4.8578353	-1.1731589	8.674192	4.794
4.8494554	-1.2066777	8.644265	4.834
4.832696	-1.1575965	8.6574335	4.895
4.868609	-1.1659763	8.616732	4.934
4.871003	-1.1492168	8.6095495	4.955
4.8279076	-1.2090719	8.626308	5.052
4.8279076	-1.2138603	8.652645	5.094
4.8398786	-1.1791444	8.617929	5.134
4.865018	-1.1623849	8.640674	5.194
4.879383	-1.1779473	8.661025	5.235
4.8279076	-1.1360487	8.634688	5.294
4.831499	-1.1432313	8.647857	5.334
4.88896	-1.1683705	8.688558	5.394
4.856638	-1.1587936	8.67539	5.435
4.8099513	-1.1683705	8.662222	5.494
4.8267107	-1.1288661	8.649054	5.534
4.8338933	-1.1456255	8.6574335	5.594
4.8099513	-1.115698	8.726865	5.641
4.8267107	-1.0737995	8.725668	5.692
4.823119	-1.1168951	8.678981	5.734
4.807557	-1.1216835	8.702923	5.794
4.805163	-1.115698	8.730456	5.834
4.799177	-1.0977415	8.676587	5.894
4.757279	-1.0809821	8.687361	5.934
4.757279	-1.0749966	8.719683	5.958
4.8015714	-1.0857705	8.717288	6.034
4.794389	-1.0594343	8.713697	6.092
4.7907977	-1.0726024	8.746018	6.134
4.7979803	-1.0857705	8.725668	6.194
4.7907977	-1.067814	8.732851	6.234
4.8099513	-1.067814	8.682572	6.294
4.7764325	-1.1432313	8.699332	6.334
4.8362875	-1.2389994	8.710106	6.394
4.811148	-1.22224	8.65863	6.434
4.724957	-0.973243	8.671799	6.494
4.7740383	-0.9911995	8.662222	6.534
4.9188876	-1.22224	8.690952	6.594
4.9296613	-1.2378023	8.687361	6.634
4.8961425	-1.1623849	8.672996	6.695
4.830302	-1.174356	8.608353	6.734
4.8374844	-1.2138603	8.620323	6.794
4.871003	-1.186327	8.674192	6.834
4.9296613	-1.1444284	8.613141	6.894
4.909311	-1.1408371	8.644265	6.934
4.9176903	-1.2042835	8.620323	6.974
4.927267	-1.2449849	8.62152	7.044
4.8817773	-1.2054806	8.574833	7.091
4.9344497	-1.1575965	8.580819	7.134
4.939238	-1.1947067	8.610746	7.194
4.935647	-1.1947067	8.588001	7.234
4.947618	-1.1647792	8.544906	7.294
4.9536033	-1.1468226	8.531737	7.334
4.92607	-1.174356	8.584411	7.394
4.9176903	-1.2042835	8.593987	7.434
4.933253	-1.1839328	8.548497	7.494
4.9775453	-1.1492168	8.613141	7.542
4.9536033	-1.1252748	8.653842	7.592
4.9176903	-1.079785	8.59279	7.642
4.8973393	-1.0881647	8.664616	7.692
4.9308586	-1.091756	8.65863	7.742
4.903325	-1.1240777	8.655039	7.792
4.8506527	-1.0965444	8.651448	7.842
4.8614264	-1.0570401	8.641871	7.893
4.8542438	-1.0881647	8.619126	7.934
4.847061	-1.1133038	8.653842	7.975
4.871003	-1.0378864	8.665813	8.042
4.8542438	-1.0283096	8.652645	8.091
4.8386817	-1.0426749	8.686164	8.135
4.8135424	-1.0857705	8.698134	8.194
4.807557	-1.0414777	8.710106	8.234
4.8338933	-1.0319009	8.702923	8.274
4.84347	-1.0127473	8.707711	8.343
4.7884035	-1.0342951	8.710106	8.386
4.787206	-0.9947908	8.700529	8.45
4.739322	-1.0342951	8.713697	8.492
4.7740383	-1.0307038	8.7292595	8.543
4.795586	-1.0402806	8.728063	8.593
4.7788267	-1.0259154	8.688558	8.644
4.7441106	-0.997185	8.726865	8.693
4.7764325	-1.0055647	8.704121	8.735
4.818331	-1.0283096	8.756793	8.795
4.7417164	-0.997185	8.7292595	8.834
4.784812	-0.9780314	8.732851	8.874
4.8027687	-1.0127473	8.730456	8.942
4.781221	-1.0175357	8.762778	8.972
4.7884035	-1.055843	8.725668	9.043
4.770447	-1.0618285	8.704121	9.104
4.8039656	-1.0510546	8.7125	9.14
4.8422728	-1.0953473	8.668207	9.19
4.8135424	-1.0965444	8.676587	9.25
4.830302	-1.0965444	8.664616	9.29
4.8398786	-1.1133038	8.682572	9.343
4.8386817	-1.1061212	8.692149	9.393
4.83509	-1.1408371	8.664616	9.443
4.856638	-1.1300632	8.66701	9.493
4.8901567	-1.1372458	8.699332	9.535
4.8973393	-1.1803415	8.632295	9.592
4.88058	-1.1492168	8.664616	9.642
4.9176903	-1.1168951	8.63828	9.692
4.9105077	-1.1528081	8.6095495	9.735
4.909311	-1.163582	8.607155	9.795
4.88896	-1.1563994	8.656237	9.834
4.9164934	-1.2066777	8.559271	9.895
4.900931	-1.1719618	8.5700445	9.934
4.879383	-1.1480197	8.603564	9.974
4.912902	-1.1264719	8.572439	10.043
4.9188876	-1.13964	8.598776	10.092
4.909311	-1.13964	8.622718	10.135
4.9164934	-1.1456255	8.59279	10.195
4.8901567	-1.1145009	8.607155	10.235
4.894945	-1.1025299	8.676587	10.295
4.9069166	-1.1180922	8.631097	10.335
4.8733974	-1.079785	8.66701	10.395
4.8662148	-1.0534488	8.663419	10.434
4.865018	-1.0905589	8.662222	10.495
4.865018	-1.0809821	8.717288	10.535
4.83509	-1.0737995	8.693346	10.595
4.829105	-1.0498575	8.689755	10.635
4.818331	-1.0295067	8.698134	10.695
4.8123455	-1.0522517	8.710106	10.735
4.811148	-1.0115502	8.671799	10.795
4.7860093	-0.9947908	8.680179	10.835
4.799177	-1.0390835	8.694544	10.895
4.799177	-1.009156	8.711303	10.935
4.8159366	-1.0319009	8.7292595	10.976
4.7297454	-0.9552865	8.755595	11.043
4.7896004	-0.9876082	8.699332	11.092
4.805163	-1.0199299	8.747216	11.135
4.8027687	-0.9864111	8.686164	11.195
4.808754	-0.9624691	8.700529	11.235
4.8219223	-0.9888053	8.724471	11.295
4.7860093	-1.0007763	8.72088	11.335
4.80636	-1.021127	8.75799	11.395
4.796783	-1.0259154	8.699332	11.434
4.794389	-1.0115502	8.724471	11.495
4.8159366	-1.0175357	8.701726	11.535
4.823119	-1.0390835	8.692149	11.595
4.781221	-1.0582372	8.700529	11.635
4.8219223	-1.0869676	8.708909	11.695
4.8135424	-1.0630256	8.655039	11.735
4.8458643	-1.0881647	8.671799	11.795
4.818331	-1.0726024	8.684967	11.835
4.871003	-1.103727	8.702923	11.895
4.8997335	-1.1575965	8.674192	11.935
4.831499	-1.1324574	8.671799	11.975
4.8578353	-1.1025299	8.643068	12.042
4.882974	-1.1073183	8.593987	12.092
4.8877625	-1.1456255	8.635885	12.135
4.865018	-1.1372458	8.628703	12.195
4.9057193	-1.1623849	8.615535	12.235
4.8937483	-1.1408371	8.615535	12.295
4.8817773	-1.1145009	8.644265	12.335
4.882974	-1.1049241	8.583213	12.395
4.903325	-1.1085154	8.617929	12.435
4.8901567	-1.115698	8.6095495	12.495
4.8662148	-1.1300632	8.613141	12.535
4.859032	-1.0666169	8.653842	12.595
4.879383	-1.0702082	8.7053175	12.642
4.830302	-1.0881647	8.671799	12.692
4.8255134	-1.0474633	8.700529	12.735
4.9200845	-1.033098	8.684967	12.795
4.9464207	-1.043872	8.676587	12.835
4.8255134	-1.0474633	8.734048	12.895
4.747702	-1.0271125	8.780735	12.935
4.817134	-1.0833763	8.683769	12.975
4.711789	-0.94930094	8.7951	13.043
4.7297454	-0.93134445	8.676587	13.092
4.796783	-0.92296475	8.668207	13.135
4.818331	-0.92176765	8.708909	13.195
4.721366	-0.81761986	8.7771435	13.235
4.72376	-0.7637503	8.7771435	13.275
4.8039656	-0.8391677	8.803479	13.335
4.7524905	-0.8379706	8.799889	13.395
4.796783	-0.8523358	8.763975	13.435
4.757279	-0.93972415	8.696938	13.495
4.689044	-0.8475474	8.674192	13.535
4.76925	-0.8774749	8.76996	13.595
4.9069166	-0.9923966	8.731653	13.635
4.9428296	-0.9780314	8.717288	13.695
4.819528	-0.8678981	8.736442	13.735
4.7680526	-0.92895025	8.732851	13.794
4.76087	-0.93493575	8.65025	13.835
4.796783	-0.93613285	8.694544	13.895
4.7907977	-0.8858546	8.7532015	13.935
4.7788267	-0.94930094	8.851364	13.975
4.7788267	-0.94930094	8.851364	13.975
4.7788267	-0.9660604	8.65025	14.103
4.8243165	-0.91458505	8.663419	14.14
4.9416323	-1.0079589	8.655039	14.192
4.9081135	-1.0809821	8.661025	14.234
4.855441	-1.1168951	8.677784	14.295
4.8781857	-1.1013328	8.693346	14.335
4.88058	-1.0714053	8.651448	14.395
4.8745947	-1.0486604	8.582016	14.435
4.7022123	-1.0007763	8.597578	14.495
4.793192	-1.1623849	8.7053175	14.535
4.8781857	-1.1480197	8.744822	14.595
4.868609	-1.021127	8.674192	14.635
4.793192	-1.0390835	8.602366	14.695
4.7680526	-1.1480197	8.663419	14.734
4.805163	-1.1109096	8.531737	14.8
4.8279076	-0.9528923	8.655039	14.852
4.933253	-0.9959879	8.588001	14.902
4.969166	-1.0570401	8.752005	14.952
4.9021277	-1.0271125	8.775947	14.982
4.8602295	-0.91578215	8.599973	15.05
4.721366	-0.8319851	8.695741	15.1
4.6519337	-0.89064306	8.829816	15.15
4.8698063	-1.0342951	8.76637	15.2
4.894945	-1.0115502	8.677784	15.25
4.8602295	-0.9576807	8.576031	15.29
4.892551	-0.8702923	8.717288	15.34
5.01705	-0.89902276	8.774749	15.39
4.819528	-0.93613285	8.713697	15.44
4.735731	-1.1145009	8.695741	15.5
4.6818614	-0.9816227	8.815451	15.55
4.9703627	-1.021127	8.708909	15.6
5.1140146	-1.1121067	8.465898	15.634
5.046977	-1.186327	8.425196	15.683
4.879383	-1.0845734	8.75799	15.74
4.745308	-1.0857705	8.702923	15.79
4.7417164	-1.1061212	8.640674	15.85
4.7919946	-1.1312603	8.797494	15.9
4.8578353	-1.2066777	8.628703	15.95
4.914099	-1.1947067	8.548497	15.98
4.997896	-1.1264719	8.520964	16.04
5.079299	-1.1133038	8.512584	16.09
4.9643774	-1.1468226	8.492233	16.14
4.8973393	-1.1085154	8.652645	16.2
4.9308586	-1.115698	8.661025	16.25
4.8985367	-1.1994951	8.525752	16.3
4.859032	-1.0690111	8.661025	16.35
4.9404354	-1.0390835	8.617929	16.4
4.938041	-1.0450691	8.640674	16.45
4.9021277	-1.0654198	8.603564	16.5
4.923676	-1.1061212	8.700529	16.55
4.8937483	-1.0977415	8.689755	16.601
4.912902	-1.0654198	8.644265	16.64
4.8626237	-1.0235212	8.695741	16.69
4.8362875	-1.009156	8.6299	16.74
4.8518496	-1.0462662	8.713697	16.8
4.80636	-1.0522517	8.645462	16.85
4.784812	-0.9900024	8.694544	16.9
4.8099513	-1.0295067	8.647857	16.95
4.8267107	-1.0486604	8.706514	16.98
4.8099513	-0.9804256	8.700529	17.05
4.8135424	-0.9504981	8.699332	17.1
4.7740383	-0.9756372	8.708909	17.15
4.796783	-0.9900024	8.713697	17.2
4.7776294	-0.9995792	8.779537	17.25
4.7884035	-1.0043676	8.74123	17.301
4.76925	-0.9720459	8.718486	17.35
4.784812	-0.9911995	8.742428	17.4
4.7896004	-0.9780314	8.708909	17.45
4.7860093	-0.9672575	8.737639	17.5
4.8003745	-1.0163386	8.714894	17.55
4.817134	-1.0462662	8.723274	17.6
4.772841	-1.0474633	8.674192	17.64
4.7860093	-1.0151415	8.694544	17.69
4.847061	-1.0522517	8.731653	17.75
4.841076	-1.0857705	8.736442	17.8
4.8482585	-1.0259154	8.680179	17.85
4.8506527	-1.0283096	8.644265	17.89
4.9308586	-1.1145009	8.662222	17.95
4.973954	-1.1659763	8.641871	17.98
4.7764325	-1.1204864	8.66701	18.041
4.831499	-1.1216835	8.516175	18.09
4.936844	-1.0941502	8.602366	18.14
4.9320555	-1.0821792	8.461109	18.2
4.924873	-1.0271125	8.625112	18.25
4.997896	-1.0366893	8.66701	18.3
4.985925	-1.0534488	8.661025	18.34
4.8973393	-1.043872	8.676587	18.39
4.8398786	-0.9900024	8.665813	18.45
4.8985367	-0.9995792	8.663419	18.5
4.88058	-1.0534488	8.645462	18.55
4.891354	-1.0426749	8.672996	18.6
4.9069166	-1.009156	8.661025	18.65
4.856638	-0.9840169	8.672996	18.7
4.8243165	-1.0151415	8.676587	18.75
4.8039656	-1.0450691	8.700529	18.8
4.859032	-1.0462662	8.65863	18.85
4.847061	-1.0307038	8.700529	18.9
4.8722005	-1.0366893	8.659827	18.95
4.830302	-0.9995792	8.695741	18.98
4.819528	-1.0103531	8.723274	19.05
4.820725	-1.0749966	8.678981	19.11
4.8374844	-1.0378864	8.711303	19.15
4.820725	-0.9816227	8.659827	19.2
4.8494554	-1.043872	8.6813755	19.25
4.8458643	-1.0821792	8.708909	19.3
4.805163	-1.0055647	8.672996	19.35
4.8386817	-0.9804256	8.713697	19.4
4.818331	-1.009156	8.688558	19.45
4.811148	-1.0199299	8.687361	19.5
4.817134	-1.0247183	8.759187	19.55
4.8027687	-1.0450691	8.692149	19.6
4.8099513	-1.0307038	8.689755	19.65
4.8099513	-1.0031705	8.677784	19.7
4.805163	-0.9947908	8.690952	19.75
4.841076	-1.0247183	8.7292595	19.8
4.807557	-1.0690111	8.680179	19.85
4.8027687	-0.9720459	8.689755	19.9
4.808754	-0.9768343	8.754398	19.95
4.808754	-1.0342951	8.7292595	19.98
4.7536874	-1.0462662	8.719683	20.051
4.8015714	-1.021127	8.734048	20.1
4.8338933	-0.9696517	8.695741	20.15
4.819528	-1.0031705	8.696938	20.2
4.782418	-1.021127	8.698134	20.25
4.795586	-1.0462662	8.683769	20.3
4.784812	-1.0199299	8.684967	20.35
4.8159366	-1.0139444	8.704121	20.4
4.759673	-1.0235212	8.723274	20.45
4.796783	-1.0307038	8.750807	20.5
4.805163	-1.0654198	8.684967	20.55
4.805163	-0.9840169	8.698134	20.6
4.847061	-1.0079589	8.738836	20.65
4.829105	-1.0594343	8.735245	20.7
4.805163	-1.0247183	8.669404	20.75
4.7740383	-0.9780314	8.693346	20.8
4.7919946	-1.0366893	8.659827	20.85
4.807557	-1.0522517	8.717288	20.9
4.747702	-1.0342951	8.773552	20.95
4.7309427	-1.009156	8.725668	20.98
4.775235	-0.9900024	8.763975	21.051
4.7860093	-0.9624691	8.726865	21.1
4.7680526	-0.9864111	8.694544	21.15
4.772841	-0.9923966	8.74961	21.2
4.782418	-1.0007763	8.714894	21.25
4.7405195	-0.985214	8.7771435	21.293
4.7656584	-0.9744401	8.771158	21.35
4.7620673	-1.0103531	8.767567	21.4
4.7189717	-0.9780314	8.756793	21.45
4.736928	-0.9696517	8.716091	21.5
4.8015714	-0.9935937	8.74123	21.55
4.7884035	-1.0163386	8.699332	21.6
4.8027687	-1.0642227	8.732851	21.65
4.808754	-1.0606314	8.702923	21.7
4.783615	-1.0378864	8.677784	21.75
4.819528	-1.0594343	8.65025	21.8
4.8255134	-1.0654198	8.684967	21.85
4.8386817	-1.0977415	8.674192	21.9
4.8219223	-1.0965444	8.625112	21.95
4.83509	-1.0785879	8.682572	21.971
4.882974	-1.1420342	8.627506	22.05
4.8722005	-1.0953473	8.640674	22.1
4.8841715	-1.0630256	8.652645	22.15
4.9021277	-1.103727	8.586804	22.2
4.9081135	-1.1013328	8.620323	22.25
4.882974	-1.1324574	8.625112	22.3
4.8853683	-1.127669	8.631097	22.35
4.8937483	-1.103727	8.608353	22.4
4.8853683	-1.0953473	8.603564	22.45
4.9045224	-1.0809821	8.574833	22.49
4.903325	-1.0881647	8.641871	22.54
4.871003	-1.055843	8.6334915	22.6
4.8901567	-1.0295067	8.689755	22.65
4.8638206	-1.1001357	8.678981	22.7
4.8338933	-1.0582372	8.677784	22.75
4.84347	-0.997185	8.678981	22.8
4.8757915	-1.0259154	8.645462	22.85
4.8398786	-1.0223241	8.7125	22.9
4.794389	-1.0342951	8.735245	22.95
4.795586	-1.0426749	8.719683	22.98
4.7919946	-0.9995792	8.707711	23.05
4.8147397	-0.9840169	8.728063	23.1
4.7800236	-0.9768343	8.690952	23.15
4.794389	-0.9672575	8.726865	23.2
4.7896004	-0.9995792	8.746018	23.25
4.7524905	-0.9792285	8.771158	23.301
4.733337	-0.961272	8.723274	23.35
4.793192	-0.9947908	8.730456	23.4
4.757279	-0.9816227	8.759187	23.45
4.739322	-0.93972415	8.744822	23.5
4.807557	-0.92895025	8.750807	23.55
4.7740383	-0.9696517	8.767567	23.6
4.733337	-0.9828198	8.767567	23.651
4.7321396	-1.0103531	8.76637	23.7
4.739322	-0.9947908	8.722076	23.75
4.8123455	-1.0031705	8.740033	23.8
4.784812	-1.0079589	8.692149	23.85
4.772841	-1.0175357	8.694544	23.9
4.793192	-1.0271125	8.718486	23.95
4.817134	-1.0319009	8.74961	23.98
4.820725	-1.0737995	8.665813	24.05
4.796783	-1.0510546	8.659827	24.12
4.8398786	-1.0761937	8.711303	24.15
4.8243165	-1.1133038	8.661025	24.2
4.8338933	-1.0642227	8.652645	24.25
4.865018	-1.0749966	8.686164	24.3
4.865018	-1.1168951	8.63828	24.35
4.8638206	-1.1252748	8.637083	24.4
4.856638	-1.1312603	8.663419	24.45
4.8937483	-1.127669	8.60117	24.5
4.892551	-1.0965444	8.645462	24.55
4.882974	-1.1133038	8.620323	24.6
4.868609	-1.1121067	8.561666	24.65
4.891354	-1.1324574	8.616732	24.7
4.8937483	-1.1216835	8.641871	24.75
4.8781857	-1.0893618	8.590396	24.8
4.8781857	-1.0390835	8.661025	24.85
4.876989	-1.0594343	8.652645	24.9
4.831499	-1.0546459	8.695741	24.953
4.853047	-1.0426749	8.688558	24.993
4.8542438	-1.0582372	8.626308	25.05
4.867412	-1.0582372	8.66701	25.1
4.853047	-1.0642227	8.689755	25.15
4.8279076	-1.0342951	8.690952	25.2
4.8219223	-1.0390835	8.713697	25.25
4.8374844	-1.0223241	8.677784	25.3
4.8003745	-1.0115502	8.707711	25.35
4.782418	-0.9947908	8.694544	25.4
4.808754	-1.0187328	8.706514	25.45
4.8099513	-1.0414777	8.716091	25.5
4.7919946	-1.0307038	8.72088	25.55
4.7680526	-0.9648633	8.738836	25.6
4.76925	-0.9768343	8.714894	25.651
4.8267107	-1.0139444	8.743625	25.7
4.76087	-0.973243	8.744822	25.75
4.772841	-0.9708488	8.707711	25.8
4.7776294	-0.9900024	8.723274	25.85
4.7776294	-1.0055647	8.763975	25.9
4.758476	-0.9792285	8.790312	25.95
4.793192	-1.0235212	8.736442	25.991
4.712986	-1.0019734	8.760384	26.051
4.76925	-1.0414777	8.686164	26.1
4.807557	-1.0570401	8.689755	26.15
4.8386817	-1.0630256	8.689755	26.2
4.819528	-1.067814	8.723274	26.25
4.8279076	-1.0869676	8.692149	26.311
4.8518496	-1.0857705	8.688558	26.35
4.844667	-1.0845734	8.643068	26.4
4.8578353	-1.0809821	8.664616	26.45
4.8901567	-1.1803415	8.611943	26.5
4.855441	-1.1348516	8.652645	26.551
4.9069166	-1.079785	8.641871	26.601
4.9320555	-1.103727	8.603564	26.651
4.8937483	-1.1252748	8.595184	26.7
4.8422728	-1.1372458	8.64666	26.751
4.8518496	-1.1240777	8.583213	26.8
4.882974	-1.0989386	8.643068	26.85
4.914099	-1.091756	8.611943	26.9
4.8937483	-1.0857705	8.607155	26.95
4.9081135	-1.0809821	8.631097	26.99
4.9045224	-1.0989386	8.639477	27.05
4.8865657	-1.103727	8.627506	27.1
4.8542438	-1.0570401	8.688558	27.151
4.8398786	-1.0761937	8.674192	27.2
4.8422728	-1.0749966	8.67539	27.25
4.8398786	-1.0115502	8.689755	27.3
4.865018	-1.021127	8.684967	27.35
4.823119	-1.0474633	8.683769	27.4
4.8255134	-1.0474633	8.693346	27.45
4.787206	-1.0474633	8.744822	27.5
4.7919946	-1.0259154	8.706514	27.55
4.793192	-1.0079589	8.718486	27.6
4.8398786	-1.0031705	8.651448	27.652
4.787206	-0.9911995	8.704121	27.701
4.758476	-0.997185	8.726865	27.751
4.794389	-1.0199299	8.750807	27.8
4.805163	-0.9911995	8.701726	27.851
4.7381253	-0.9756372	8.761581	27.9
4.748899	-1.0043676	8.704121	27.95
4.7919946	-1.0127473	8.735245	27.99
4.7800236	-1.0271125	8.762778	28.041
4.7560816	-0.94451255	8.738836	28.1
4.770447	-0.9900024	8.744822	28.15
4.7919946	-1.0187328	8.742428	28.2
4.772841	-1.0175357	8.736442	28.25
4.7776294	-1.0486604	8.711303	28.3
4.775235	-1.0534488	8.734048	28.35
4.7896004	-1.0283096	8.736442	28.4
4.793192	-1.0378864	8.7053175	28.45
4.796783	-1.0295067	8.684967	28.5
4.819528	-1.0749966	8.724471	28.55
4.84347	-1.0845734	8.699332	28.6
4.8255134	-1.0737995	8.66701	28.65
4.819528	-1.0462662	8.704121	28.691
4.8518496	-1.103727	8.7125	28.74
4.8781857	-1.0845734	8.652645	28.79
4.8518496	-1.0785879	8.677784	28.851
4.8877625	-1.1025299	8.614338	28.9
4.892551	-1.1025299	8.604761	28.95
4.8578353	-1.1168951	8.64666	28.99
4.8973393	-1.1456255	8.635885	29.05
4.88896	-1.151611	8.597578	29.12
4.9081135	-1.1025299	8.643068	29.15
4.9176903	-1.0845734	8.617929	29.2
4.9081135	-1.0857705	8.598776	29.25
4.9081135	-1.1025299	8.599973	29.3
4.8781857	-1.1324574	8.573636	29.35
4.8961425	-1.079785	8.649054	29.4
4.912902	-1.0905589	8.645462	29.45
4.8638206	-1.103727	8.622718	29.5
4.88058	-1.0510546	8.672996	29.55
4.8961425	-1.0354922	8.65863	29.601
4.891354	-1.0618285	8.619126	29.651
4.865018	-1.0726024	8.65025	29.7
4.8243165	-1.0690111	8.724471	29.75
4.807557	-1.0450691	8.662222	29.8
4.8362875	-1.0199299	8.676587	29.85
4.8398786	-1.0031705	8.698134	29.9
4.8267107	-0.9983821	8.669404	29.95
4.823119	-1.0151415	8.707711	29.99
4.805163	-1.0342951	8.738836	30.05
4.770447	-1.0235212	8.7292595	30.1
4.771644	-0.9756372	8.716091	30.15
4.7764325	-1.0247183	8.671799	30.2
4.794389	-1.0055647	8.7771435	30.251
4.770447	-0.9504981	8.742428	30.3
4.763264	-0.961272	8.692149	30.351
4.763264	-1.0019734	8.762778	30.4
4.782418	-0.9959879	8.694544	30.451
4.727351	-0.997185	8.746018	30.5
4.736928	-0.9947908	8.74961	30.551
4.758476	-0.9804256	8.74123	30.6
4.7668557	-0.9696517	8.735245	30.651
4.739322	-0.9660604	8.752005	30.7
4.7644615	-1.0043676	8.762778	30.75
4.7524905	-1.0199299	8.724471	30.8
4.734534	-0.9911995	8.740033	30.85
4.733337	-0.9516952	8.735245	30.9
4.781221	-0.9828198	8.773552	30.95
4.771644	-1.0055647	8.734048	30.99
4.781221	-0.9876082	8.740033	31.051
4.76925	-0.9911995	8.72088	31.1
4.811148	-1.033098	8.714894	31.15
4.7896004	-1.0666169	8.684967	31.2
4.7764325	-1.067814	8.725668	31.25
4.80636	-1.0630256	8.678981	31.301
4.80636	-1.0642227	8.699332	31.35
4.8279076	-1.0606314	8.693346	31.4
4.818331	-1.0881647	8.643068	31.45
4.8422728	-1.0702082	8.680179	31.501
4.8626237	-1.1049241	8.645462	31.55
4.8542438	-1.1121067	8.622718	31.6
4.8853683	-1.0761937	8.686164	31.65
4.914099	-1.1085154	8.632295	31.701
4.8626237	-1.1216835	8.64666	31.75
4.9021277	-1.0845734	8.628703	31.8
4.915296	-1.0857705	8.602366	31.85
4.9224787	-1.1109096	8.588001	31.9
4.879383	-1.1468226	8.656237	31.95
4.92607	-1.1480197	8.626308	31.99
4.936844	-1.1145009	8.602366	32.05
4.9296613	-1.079785	8.623915	32.1
4.9188876	-1.0941502	8.593987	32.15
4.9188876	-1.0737995	8.602366	32.2
4.9188876	-1.0977415	8.639477	32.25
4.9224787	-1.1180922	8.656237	32.3
4.8901567	-1.0618285	8.645462	32.35
4.871003	-1.043872	8.664616	32.4
4.909311	-1.1001357	8.62152	32.45
4.8518496	-1.0342951	8.66701	32.501
4.8698063	-1.009156	8.664616	32.55
4.8722005	-1.021127	8.674192	32.6
4.8494554	-1.0283096	8.686164	32.65
4.8003745	-1.0283096	8.716091	32.701
4.8374844	-1.0295067	8.686164	32.75
4.8159366	-1.0067618	8.708909	32.8
4.8255134	-0.997185	8.700529	32.85
4.781221	-0.9804256	8.701726	32.9
4.784812	-0.9888053	8.737639	32.95
4.819528	-1.0151415	8.747216	32.99
4.8003745	-1.0043676	8.7532015	33.04
4.7620673	-0.9876082	8.746018	33.093
4.7500963	-0.9840169	8.7292595	33.143
4.7548847	-1.0055647	8.736442	33.193
4.7680526	-1.0019734	8.755595	33.243
4.7405195	-0.9540894	8.72088	33.295
4.7644615	-0.9660604	8.718486	33.334
4.772841	-0.9840169	8.724471	33.395
4.771644	-0.997185	8.752005	33.434
4.7620673	-0.9947908	8.752005	33.495
4.7309427	-0.9888053	8.738836	33.534
4.770447	-0.9864111	8.704121	33.595
4.7896004	-0.9876082	8.783129	33.634
4.7764325	-1.0151415	8.7125	33.695
4.7740383	-0.997185	8.746018	33.734
4.784812	-1.043872	8.7053175	33.795
4.781221	-1.0366893	8.699332	33.834
4.783615	-0.9983821	8.689755	33.895
4.819528	-1.0295067	8.735245	33.934
4.8219223	-1.091756	8.678981	33.994
4.8243165	-1.0295067	8.702923	34.048
4.83509	-1.0690111	8.664616	34.104
4.8422728	-1.0606314	8.651448	34.142
4.8374844	-1.0953473	8.6813755	34.192
4.823119	-1.1121067	8.651448	34.25
4.844667	-1.1168951	8.632295	34.3
4.855441	-1.0965444	8.677784	34.35
4.879383	-1.0905589	8.599973	34.4
4.8422728	-1.0773908	8.634688	34.45
4.8841715	-1.1001357	8.6299	34.5
4.8722005	-1.1420342	8.663419	34.55
4.8757915	-1.0785879	8.643068	34.6
4.847061	-1.0414777	8.684967	34.65
4.8494554	-1.0785879	8.647857	34.7
4.832696	-1.0498575	8.694544	34.75
4.83509	-1.0031705	8.66701	34.8
4.83509	-1.0342951	8.659827	34.85
4.799177	-1.0666169	8.689755	34.9
4.817134	-1.033098	8.696938	34.94
4.781221	-1.0283096	8.714894	34.99
4.8099513	-1.021127	8.719683	35.05
4.795586	-1.0163386	8.713697	35.1
4.775235	-1.0043676	8.687361	35.15
4.771644	-0.9947908	8.725668	35.2
4.8135424	-0.9983821	8.747216	35.25
4.757279	-1.0175357	8.734048	35.301
4.7500963	-0.9768343	8.694544	35.35
4.7776294	-1.0067618	8.707711	35.4
4.7896004	-0.9876082	8.742428	35.45
4.757279	-0.9672575	8.716091	35.5
4.736928	-0.9504981	8.737639	35.55
4.7656584	-0.973243	8.750807	35.6
4.7405195	-1.0031705	8.726865	35.65
4.76087	-0.9816227	8.780735	35.7
4.7560816	-0.9983821	8.74961	35.75
4.7788267	-0.9624691	8.742428	35.8
4.7680526	-1.0055647	8.724471	35.85
4.770447	-0.9900024	8.740033	35.9
4.782418	-1.0115502	8.724471	35.95
4.781221	-1.0283096	8.738836	36.0
4.7740383	-1.0199299	8.731653	36.051
4.811148	-1.0019734	8.713697	36.1
4.8159366	-1.0869676	8.692149	36.15
4.8099513	-1.0450691	8.725668	36.2
4.8099513	-1.0115502	8.684967	36.25
4.8279076	-1.0714053	8.656237	36.3
4.8159366	-1.0869676	8.66701	36.35
4.8039656	-1.1085154	8.683769	36.4
4.8338933	-1.1049241	8.622718	36.45
4.8422728	-1.0845734	8.67539	36.5
4.8386817	-1.0618285	8.663419	36.55
4.829105	-1.0618285	8.631097	36.6
4.83509	-1.0618285	8.665813	36.65
4.8638206	-1.1133038	8.66701	36.7
4.8386817	-1.067814	8.65025	36.75
4.8267107	-1.0271125	8.704121	36.8
4.8374844	-1.0809821	8.676587	36.85
4.799177	-1.0271125	8.695741	36.9
4.8135424	-0.9864111	8.702923	36.95
4.844667	-1.0031705	8.6574335	37.0
4.83509	-1.0235212	8.719683	37.051
4.811148	-1.0761937	8.793902	37.1
4.8386817	-1.0702082	8.707711	37.15
4.823119	-1.0139444	8.793902	37.2
4.7405195	-1.0821792	8.810662	37.251
4.7046065	-1.1815386	8.797494	37.301
4.569334	-1.2270284	8.414422	37.35
4.948815	-1.079785	8.500613	37.4
5.4671597	-1.0067618	8.470686	37.45
5.49589	-1.0079589	8.380903	37.501
5.1200004	-0.9600749	8.263587	37.55
5.0362034	-1.0534488	8.491036	37.6
5.043386	-1.1097125	8.67539	37.65
5.197812	-1.1599907	8.537724	37.701
5.031415	-1.1935096	8.271967	37.751
5.17387	-0.8822633	8.358158	37.8
5.3378725	-0.736217	8.60117	37.85
5.2205567	-0.93732995	8.6299	37.9
4.984728	-1.3084313	8.607155	37.95
4.969166	-1.4185646	8.529344	38.001
4.9344497	-1.22224	8.311471	38.051
5.2804117	-0.8762778	8.395268	38.1
5.392939	-0.90500826	8.348581	38.15
5.4168816	-1.0103531	8.379706	38.2
5.353435	-1.055843	8.37013	38.25
5.195418	-1.0666169	8.736442	38.3
4.9548006	-1.1432313	8.447941	38.35
4.7860093	-1.1025299	8.513782	38.4
4.847061	-0.90979666	8.726865	38.45
4.947618	-0.92416185	8.724471	38.5
4.8781857	-0.9744401	8.683769	38.55
4.8494554	-1.067814	8.710106	38.6
5.079299	-1.2030864	8.453926	38.651
5.2852	-1.055843	8.383297	38.701
4.9883194	-1.0462662	8.558074	38.75
4.882974	-1.2078748	8.628703	38.8
4.938041	-1.2689269	8.701726	38.85
4.983531	-1.115698	8.508993	38.901
4.689044	-0.91458505	8.610746	38.95
4.6830587	-0.94211835	8.762778	39.0
4.7500963	-0.9648633	8.686164	39.051
4.923676	-0.9935937	8.7292595	39.11
4.985925	-1.009156	8.722076	39.15
4.996699	-1.0426749	8.591593	39.2
4.8602295	-1.043872	8.591593	39.25
4.892551	-1.0295067	8.649054	39.301
4.999093	-0.9600749	8.651448	39.35
4.847061	-0.8774749	8.64666	39.4
4.8338933	-0.90261406	8.7292595	39.45
4.8638206	-0.91697925	8.772355	39.5
4.830302	-0.94092125	8.659827	39.55
4.8338933	-0.91338795	8.688558	39.6
4.8602295	-0.94092125	8.647857	39.651
4.8757915	-1.0582372	8.695741	39.7
4.8781857	-0.9840169	8.65863	39.751
4.9021277	-0.9816227	8.640674	39.8
4.8985367	-0.93493575	8.7292595	39.85
4.882974	-0.9564836	8.701726	39.9
4.8494554	-1.0498575	8.6334915	39.95
4.808754	-1.0881647	8.65025	40.0
4.830302	-1.0450691	8.700529	40.051
4.831499	-1.0067618	8.627506	40.1
4.879383	-1.0031705	8.671799	40.15
4.9416323	-1.021127	8.627506	40.2
4.959589	-1.0606314	8.584411	40.25
4.9548006	-1.0139444	8.590396	40.3
4.945224	-1.0163386	8.580819	40.35
4.9021277	-1.079785	8.595184	40.4
4.8458643	-1.0534488	8.623915	40.45
4.8518496	-1.0199299	8.635885	40.501
4.83509	-1.0031705	8.6813755	40.55
4.8279076	-1.021127	8.680179	40.6
4.799177	-1.0390835	8.692149	40.65
4.8003745	-0.9792285	8.719683	40.7
4.8662148	-0.9804256	8.743625	40.75
4.8853683	-0.9780314	8.6299	40.8
4.8602295	-0.94092125	8.707711	40.85
4.8542438	-0.9588778	8.687361	40.9
4.7884035	-0.9947908	8.704121	40.95
4.782418	-0.89303726	8.748413	41.0
4.770447	-0.90021986	8.738836	41.051
4.7740383	-0.9516952	8.761581	41.1
4.7500963	-0.9828198	8.67539	41.15
4.868609	-0.9828198	8.7053175	41.2
4.909311	-0.89423436	8.7053175	41.25
4.8698063	-0.90261406	8.640674	41.301
4.8003745	-0.91338795	8.737639	41.35
4.8279076	-0.997185	8.748413	41.4
4.847061	-1.0426749	8.704121	41.45
4.817134	-0.9684546	8.67539	41.5
4.7524905	-0.92655605	8.693346	41.55
4.8027687	-0.9708488	8.747216	41.6
4.9284644	-1.0630256	8.674192	41.65
4.914099	-1.0642227	8.580819	41.682
4.8841715	-0.9624691	8.670602	41.743
4.867412	-1.0714053	8.641871	41.793
4.9583917	-1.079785	8.640674	41.843
4.8422728	-1.0235212	8.574833	41.893
4.9296613	-1.0690111	8.63828	41.935
4.9105077	-1.0929531	8.661025	41.995
4.8781857	-1.1204864	8.655039	42.049
4.8961425	-1.0414777	8.566454	42.092
4.909311	-1.0534488	8.596381	42.142
4.9069166	-1.0259154	8.671799	42.202
4.8937483	-1.0271125	8.643068	42.25
4.9440265	-1.0462662	8.651448	42.3
4.8626237	-1.0043676	8.656237	42.35
4.957195	-1.0390835	8.671799	42.4
4.9105077	-0.9900024	8.761581	42.45
4.924873	-1.0642227	8.740033	42.5
4.783615	-0.91697925	8.787917	42.55
4.927267	-0.9720459	8.608353	42.6
4.9308586	-0.9792285	8.713697	42.65
4.84347	-1.0354922	8.732851	42.7
4.7656584	-0.973243	8.617929	42.75
4.793192	-0.9528923	8.603564	42.8
4.9284644	-0.985214	8.713697	42.85
4.7405195	-0.94810385	8.548497	42.9
4.7860093	-0.90021986	8.779537	42.95
4.8901567	-0.9923966	8.738836	43.0
4.853047	-0.9696517	8.704121	43.051
4.7548847	-0.9828198	8.614338	43.101
4.76087	-0.91697925	8.718486	43.15
4.894945	-0.9935937	8.768764	43.2
4.8482585	-0.9804256	8.760384	43.25
4.7022123	-0.8655039	8.711303	43.301
4.8362875	-0.90979666	8.7125	43.35
4.959589	-0.9552865	8.713697	43.4
4.97156	-0.973243	8.722076	43.45
4.805163	-1.0175357	8.613141	43.5
4.794389	-0.9888053	8.754398	43.55
4.8243165	-0.9935937	8.704121	43.6
4.807557	-1.0103531	8.639477	43.65
4.818331	-0.9696517	8.688558	43.7
4.782418	-0.9780314	8.674192	43.75
4.8099513	-1.0163386	8.711303	43.8
4.8386817	-1.0857705	8.635885	43.85
4.9105077	-1.0594343	8.651448	43.9
4.9440265	-1.055843	8.67539	43.95
4.8745947	-1.0187328	8.613141	44.0
4.921282	-1.0510546	8.582016	44.05
4.88896	-1.079785	8.544906	44.101
4.923676	-1.1180922	8.664616	44.15
5.01705	-1.1145009	8.613141	44.2
4.9440265	-1.1145009	8.631097	44.25
4.829105	-1.091756	8.656237	44.301
4.8362875	-1.1899183	8.550891	44.35
4.847061	-0.9888053	8.573636	44.4
4.8901567	-0.866701	8.591593	44.45
5.056554	-0.81163436	8.775947	44.5
5.0876784	-0.8798691	8.717288	44.55
4.950012	-0.90261406	8.7532015	44.6
4.915296	-1.0702082	8.572439	44.65
4.9188876	-1.1073183	8.62152	44.7
4.935647	-1.0510546	8.444349	44.751
4.891354	-0.878672	8.59279	44.8
4.9799395	-0.8535329	8.826224	44.851
4.734534	-0.8595184	8.771158	44.9
4.819528	-1.021127	8.887277	44.95
4.7524905	-1.0354922	8.772355	45.0
4.783615	-0.9696517	8.678981	45.051
4.751293	-0.9816227	8.605958	45.1
5.0014873	-1.0414777	8.671799	45.15
5.09127	-1.0726024	8.573636	45.2
4.823119	-0.9935937	8.634688	45.251
4.733337	-1.0007763	8.719683	45.301
4.8219223	-1.0977415	8.810662	45.35
4.7560816	-1.0773908	8.647857	45.4
4.7896004	-1.0223241	8.6299	45.451
4.9176903	-1.0881647	8.588001	45.5
5.0014873	-1.1300632	8.586804	45.55
4.9440265	-1.1073183	8.590396	45.6
4.892551	-1.0941502	8.649054	45.65
4.8985367	-1.2006922	8.649054	45.701
4.9416323	-1.2916719	8.450335	45.751
5.0421886	-1.2246342	8.435969	45.8
5.01705	-1.0690111	8.5473	45.85
4.8961425	-1.0821792	8.711303	45.9
4.817134	-1.1683705	8.731653	45.95
4.783615	-1.1827357	8.717288	46.001
4.829105	-1.2437878	8.564059	46.05
4.951209	-1.1372458	8.552089	46.1
4.8997335	-1.0630256	8.585608	46.15
4.975151	-1.1192893	8.6574335	46.2
4.9296613	-1.0498575	8.899248	46.25
4.8841715	-1.079785	8.803479	46.3
4.72376	-1.1264719	8.574833	46.35
4.7070007	-1.2318168	8.522161	46.39
4.8817773	-1.2258313	8.608353	46.44
4.855441	-1.1252748	8.572439	46.49
4.703409	-1.1336545	8.641871	46.55
4.8027687	-1.0977415	8.803479	46.6
4.84347	-1.1432313	8.768764	46.65
4.7896004	-1.0462662	8.738836	46.7
4.7776294	-1.1001357	8.655039	46.74
4.80636	-1.1755531	8.632295	46.79
4.80636	-1.1420342	8.655039	46.85
4.8099513	-1.0977415	8.7053175	46.9
4.819528	-1.067814	8.787917	46.95
4.830302	-1.1133038	8.844181	47.001
4.8039656	-1.1360487	8.711303	47.05
4.748899	-1.1947067	8.651448	47.1
4.7896004	-1.1659763	8.651448	47.15
4.7740383	-1.1695676	8.6574335	47.2
4.8039656	-1.1480197	8.65025	47.25
4.841076	-1.1683705	8.662222	47.301
4.8147397	-1.1947067	8.649054	47.35
4.83509	-1.2030864	8.64666	47.4
4.841076	-1.234211	8.608353	47.45
4.8518496	-1.2018893	8.599973	47.49
4.8638206	-1.1959038	8.649054	47.54
4.915296	-1.2425907	8.634688	47.58
4.9188876	-1.2030864	8.627506	47.65
4.8865657	-1.1827357	8.591593	47.701
4.876989	-1.1815386	8.578424	47.74
4.867412	-1.2306197	8.596381	47.8
4.892551	-1.2174516	8.655039	47.851
4.8853683	-1.2210429	8.613141	47.9
4.8877625	-1.2078748	8.643068	47.951
4.88896	-1.1552023	8.599973	47.99
4.882974	-1.1683705	8.623915	48.051
4.8781857	-1.2054806	8.631097	48.101
4.8662148	-1.2234371	8.6574335	48.151
4.8494554	-1.2198458	8.664616	48.2
4.8279076	-1.2030864	8.634688	48.251
4.819528	-1.1611878	8.677784	48.29
4.8027687	-1.1492168	8.689755	48.35
4.829105	-1.2006922	8.662222	48.4
4.84347	-1.1899183	8.694544	48.451
4.8135424	-1.1599907	8.678981	48.5
4.8386817	-1.1264719	8.635885	48.551
4.820725	-1.1803415	8.694544	48.6
4.7979803	-1.1599907	8.713697	48.651
4.8039656	-1.1683705	8.696938	48.69
4.7441106	-1.1528081	8.690952	48.74
4.8039656	-1.1504139	8.669404	48.793
4.781221	-1.1324574	8.696938	48.843
4.7764325	-1.1240777	8.683769	48.893
4.783615	-1.1623849	8.717288	48.943
4.7788267	-1.1575965	8.672996	48.993
4.770447	-1.1528081	8.708909	49.051
4.7644615	-1.1324574	8.72088	49.101
4.7764325	-1.1360487	8.744822	49.14
4.7776294	-1.1204864	8.730456	49.19
4.772841	-1.091756	8.722076	49.25
4.7860093	-1.1180922	8.732851	49.301
4.796783	-1.174356	8.701726	49.351
4.76925	-1.1599907	8.74123	49.39
4.7656584	-1.1061212	8.671799	49.441
4.8135424	-1.0893618	8.694544	49.501
4.7979803	-1.1623849	8.689755	49.55
4.775235	-1.1755531	8.728063	49.6
4.771644	-1.1959038	8.680179	49.651
4.7776294	-1.1851299	8.676587	49.69
4.83509	-1.1827357	8.67539	49.751
4.8398786	-1.1767502	8.63828	49.8
4.820725	-1.1839328	8.625112	49.851
4.847061	-1.1935096	8.665813	49.9
4.8781857	-1.234211	8.672996	49.95
4.8698063	-1.2330139	8.632295	50.001
4.8698063	-1.2066777	8.643068	50.048
4.867412	-1.2126632	8.643068	50.103
4.8506527	-1.2186487	8.591593	50.143
4.882974	-1.1971009	8.615535	50.193
4.8817773	-1.2497733	8.604761	50.243
4.8494554	-1.2497733	8.6095495	50.285
4.8877625	-1.1827357	8.617929	50.345
4.879383	-1.1563994	8.602366	50.385
4.8722005	-1.1887212	8.593987	50.445
4.8518496	-1.2066777	8.62152	50.484
4.8494554	-1.1839328	8.653842	50.545
4.8458643	-1.1827357	8.64666	50.584
4.8542438	-1.1755531	8.674192	50.645
4.855441	-1.1623849	8.664616	50.685
4.8267107	-1.1264719	8.627506	50.745
4.844667	-1.1348516	8.670602	50.785
4.8386817	-1.1683705	8.664616	50.845
4.829105	-1.1647792	8.706514	50.884
4.793192	-1.127669	8.708909	50.945
4.7740383	-1.1264719	8.696938	50.984
4.781221	-1.1145009	8.668207	51.006
4.831499	-1.1252748	8.693346	51.092
4.9021277	-1.2030864	8.619126	51.142
4.9069166	-1.0821792	8.616732	51.192
4.9416323	-1.1348516	8.696938	51.251
4.8243165	-1.1480197	8.765172	51.301
4.6255975	-1.0893618	8.774749	51.35
4.590882	-1.0295067	8.724471	51.4
4.6818614	-0.9923966	8.627506	51.451
4.739322	-0.9864111	8.723274	51.5
4.7644615	-1.0223241	8.76996	51.551
4.819528	-1.0857705	8.808268	51.601
4.8219223	-1.0307038	8.835801	51.651
4.811148	-0.9648633	8.726865	51.701
4.811148	-0.94570965	8.602366	51.751
4.6782703	-0.91219085	8.604761	51.8
4.656722	-0.9588778	8.765172	51.85
4.844667	-1.13964	8.84059	51.9
4.987122	-1.2629414	8.722076	51.951
4.876989	-1.1839328	8.686164	52.001
4.794389	-1.0773908	8.608353	52.043
4.6698904	-1.043872	8.760384	52.1
4.674679	-1.0390835	8.759187	52.151
4.8015714	-1.1001357	8.724471	52.201
4.784812	-1.0702082	8.651448	52.251
4.7429137	-1.0714053	8.711303	52.301
4.746505	-1.1168951	8.732851	52.351
4.7800236	-1.13964	8.65863	52.4
4.8662148	-1.1683705	8.640674	52.451
4.92607	-1.1456255	8.649054	52.5
4.8602295	-1.0929531	8.632295	52.551
4.7764325	-1.0414777	8.725668	52.601
4.759673	-1.1552023	8.706514	52.651
4.748899	-1.1791444	8.672996	52.701
4.759673	-1.1013328	8.725668	52.751
4.7860093	-1.0857705	8.664616	52.8
4.7896004	-1.0929531	8.700529	52.851
4.8039656	-1.1109096	8.682572	52.901
4.8039656	-1.0941502	8.7053175	52.951
4.7764325	-1.0594343	8.714894	53.001
4.7776294	-1.0845734	8.744822	53.048
4.7680526	-1.1133038	8.699332	53.101
4.7644615	-1.0630256	8.682572	53.143
4.76087	-1.0307038	8.738836	53.193
4.748899	-1.0486604	8.732851	53.239
4.677073	-1.0187328	8.761581	53.299
4.7046065	-1.0199299	8.783129	53.34
4.759673	-1.0905589	8.735245	53.392
4.721366	-1.0139444	8.730456	53.442
4.7046065	-1.0031705	8.734048	53.492
4.751293	-1.0163386	8.726865	53.542
4.7309427	-1.033098	8.75799	53.6
4.709395	-1.0354922	8.801085	53.651
4.6902413	-1.0247183	8.748413	53.7
4.679467	-1.0019734	8.780735	53.75
4.673482	-0.9995792	8.775947	53.8
4.7201686	-1.0007763	8.736442	53.85
4.721366	-1.0067618	8.768764	53.9
4.7201686	-1.0342951	8.783129	53.95
4.701015	-0.997185	8.752005	54.0
4.7046065	-1.0414777	8.768764	54.043
4.7560816	-1.0785879	8.74123	54.101
4.747702	-1.0582372	8.700529	54.15
4.701015	-1.0043676	8.713697	54.201
4.7548847	-1.0474633	8.728063	54.25
4.751293	-1.0929531	8.7292595	54.3
4.724957	-1.1085154	8.734048	54.35
4.7429137	-1.1025299	8.725668	54.4
4.739322	-1.1025299	8.708909	54.45
4.7668557	-1.0761937	8.692149	54.5
4.8003745	-1.0833763	8.668207	54.551
4.8015714	-1.1121067	8.687361	54.59
4.796783	-1.1073183	8.708909	54.64
4.7776294	-1.103727	8.713697	54.7
4.807557	-1.091756	8.672996	54.75
4.8159366	-1.151611	8.6299	54.8
4.757279	-1.0450691	8.694544	54.85
4.7261543	-0.9947908	8.732851	54.9
4.7764325	-1.0702082	8.744822	54.95
4.7548847	-1.1228806	8.72088	55.0
4.6938324	-1.1001357	8.726865	55.05
4.782418	-1.0366893	8.72088	55.1
4.8147397	-1.0510546	8.671799	55.15
4.771644	-1.0175357	8.708909	55.2
4.687847	-1.0402806	8.728063	55.25
4.7417164	-1.0127473	8.785523	55.3
4.771644	-1.0881647	8.719683	55.35
4.699818	-1.0295067	8.74961	55.4
4.734534	-1.0378864	8.752005	55.45
4.751293	-1.0630256	8.717288	55.5
4.6938324	-0.9804256	8.781932	55.55
4.6782703	-0.9564836	8.805874	55.6
4.673482	-1.0378864	8.756793	55.65
4.6782703	-1.0726024	8.680179	55.7
4.6710877	-1.0151415	8.746018	55.75
4.794389	-1.021127	8.790312	55.8
4.6806645	-1.0103531	8.719683	55.85
4.6244006	-0.9648633	8.762778	55.901
4.653131	-0.9840169	8.755595	55.95
4.72376	-0.9911995	8.791509	56.0
4.770447	-1.0510546	8.7292595	56.051
4.7261543	-0.9840169	8.772355	56.1
4.6938324	-0.94331545	8.820239	56.151
4.697424	-1.0283096	8.809465	56.2
4.7321396	-0.9947908	8.771158	56.25
4.7536874	-0.9684546	8.719683	56.3
4.709395	-1.0079589	8.756793	56.351
4.7058034	-1.0462662	8.765172	56.4
4.656722	-1.021127	8.773552	56.451
4.685453	-1.0941502	8.74961	56.501
4.733337	-1.0414777	8.734048	56.55
4.7907977	-1.0067618	8.7292595	56.601
4.745308	-1.033098	8.717288	56.651
4.757279	-1.0726024	8.768764	56.701
4.71538	-1.1001357	8.696938	56.751
4.7500963	-1.055843	8.7292595	56.8
4.7680526	-1.0378864	8.783129	56.85
4.7405195	-1.0929531	8.672996	56.9
4.7070007	-1.0761937	8.723274	56.95
4.763264	-1.0714053	8.698134	57.0
4.7884035	-1.0785879	8.671799	57.051
4.721366	-1.0881647	8.708909	57.1
4.68665	-1.1180922	8.711303	57.151
4.722563	-1.0905589	8.699332	57.2
4.831499	-1.0845734	8.707711	57.25
4.8003745	-1.0666169	8.74123	57.3
4.7668557	-1.0498575	8.66701	57.351
4.7680526	-1.055843	8.731653	57.401
4.733337	-1.0019734	8.799889	57.451
4.689044	-1.0378864	8.742428	57.5
4.757279	-1.0630256	8.752005	57.551
4.739322	-1.0773908	8.695741	57.6
4.735731	-1.0175357	8.740033	57.651
4.748899	-0.9923966	8.743625	57.701
4.7189717	-1.0043676	8.762778	57.751
4.7177744	-1.0582372	8.730456	57.8
4.691438	-1.0606314	8.72088	57.851
4.6962266	-0.9947908	8.815451	57.901
4.8147397	-1.0546459	8.656237	57.951
4.7884035	-1.0929531	8.7053175	58.001
4.6818614	-0.9720459	8.791509	58.051
4.721366	-0.9684546	8.792706	58.1
4.7620673	-0.9995792	8.781932	58.15
4.727351	-0.997185	8.737639	58.2
4.703409	-0.9768343	8.756793	58.251
4.626795	-0.9792285	8.774749	58.301
4.675876	-1.0283096	8.744822	58.351
4.7141833	-0.9780314	8.762778	58.4
4.691438	-0.961272	8.787917	58.451
4.733337	-0.9792285	8.735245	58.501
4.7668557	-1.0414777	8.706514	58.55
4.7081976	-0.94570965	8.862138	58.601
4.59567	-0.8631097	8.851364	58.651
4.665102	-0.9552865	8.780735	58.701
4.7500963	-1.0582372	8.718486	58.751
4.8135424	-1.0869676	8.686164	58.8
4.7764325	-1.091756	8.66701	58.85
4.711789	-1.0462662	8.656237	58.9
4.703409	-1.009156	8.762778	58.95
4.805163	-0.9900024	8.851364	59.0
4.818331	-1.0618285	8.740033	59.051
4.7896004	-1.043872	8.626308	59.1
4.7896004	-1.0594343	8.617929	59.15
4.783615	-1.079785	8.719683	59.2
4.7309427	-1.0702082	8.747216	59.25
4.6962266	-1.0761937	8.817844	59.301
4.7884035	-1.0905589	8.677784	59.35
4.811148	-1.0462662	8.688558	59.4
4.8243165	-0.9744401	8.676587	59.45
4.7896004	-1.0761937	8.634688	59.53
4.844667	-1.0965444	8.680179	59.551
4.847061	-1.0498575	8.716091	59.59
4.807557	-1.067814	8.746018	59.64
4.782418	-1.0007763	8.7292595	59.7
4.727351	-1.0127473	8.744822	59.75
4.701015	-1.0522517	8.722076	59.8
4.724957	-1.0127473	8.7532015	59.851
4.8003745	-0.973243	8.726865	59.9
4.7884035	-1.0067618	8.732851	59.951
4.747702	-1.0223241	8.710106	60.0