2.2421699	-1.423353	7.2807674	0.145
3.5649664	0.89902276	9.817424	0.195
6.4308257	1.5753847	10.109517	0.245
4.2521024	0.38187516	9.03452	0.295
4.4448357	-0.30047232	9.860519	0.345
4.4819455	-1.9812019	8.200141	0.395
2.954445	-1.5442601	7.3765354	0.445
3.3482912	0.9684546	9.151836	0.495
5.819107	2.7114334	9.8677025	0.545
4.1946416	1.1288661	9.428367	0.595
4.344279	0.01436521	9.898827	0.648
4.8039656	-2.4420857	8.968679	0.693
4.7656584	-0.9983821	8.356961	0.743
4.7860093	0.21308395	9.076419	0.793
4.050989	0.7074866	9.42238	0.843
2.5151088	0.32321724	9.174581	0.893
1.0726024	-0.6787562	9.072827	0.943
1.0163386	-0.770933	9.442732	0.983
2.4049757	-0.49679685	10.08318	1.043
2.6168625	-1.0654198	8.878897	1.093
3.3542767	-1.0630256	9.036914	1.143
3.0705638	-1.1575965	9.338584	1.193
2.4839842	-1.3060371	9.030929	1.243
3.6236243	-0.7314286	9.03452	1.293
5.5030727	-0.32920274	8.520964	1.343
6.4990606	-0.45848963	7.559692	1.393
7.2185183	-0.30047232	7.7799582	1.443
7.055712	-0.30885202	7.0329676	1.493
7.0221934	-0.16519992	6.9611416	1.543
7.261614	-0.1400608	6.657078	1.593
7.5572977	-0.48722005	5.9184666	1.643
8.185776	-0.6404489	5.685032	1.693
9.054871	-0.5542577	6.23091	1.743
9.046491	-0.33399114	6.465542	1.793
8.079233	-0.25977087	5.5940523	1.843
7.619547	-0.11611878	6.0585275	1.893
8.111555	-0.31603462	5.614403	1.943
8.298303	-0.34356794	5.7736173	1.973
8.850166	-0.39264908	6.1207767	2.047
8.88608	-0.60453594	6.093243	2.098
7.8086886	-0.260968	7.037756	2.148
7.368156	0.39624038	8.248025	2.205
7.2221093	0.33638534	8.512584	2.244
6.658275	-0.9564836	7.666234	2.295
4.1503487	-1.2114661	8.051701	2.345
0.89662856	-0.5351041	9.103952	2.395
-1.4760253	0.45729253	9.618706	2.443
-1.8004397	0.47046062	9.937134	2.493
-1.3814543	-0.4201824	9.497798	2.544
-1.6053122	-0.31004912	9.494206	2.593
-1.2773066	0.092176765	9.999383	2.643
-0.8798691	0.02873042	9.634268	2.693
-0.50517654	-0.320823	8.7532015	2.743
0.005985504	-0.30526072	9.272743	2.793
0.9756372	-0.9516952	10.044873	2.843
2.6755204	-1.1552023	9.751583	2.893
4.0426097	-1.5119383	8.560468	2.943
5.969942	-1.2006922	8.825027	2.983
7.091625	-0.19153613	8.317456	3.043
6.1112	0.10654198	8.005013	3.093
5.8933277	0.095768064	7.181408	3.143
7.00304	-0.2837129	6.1207767	3.193
7.85777	-0.50637364	4.933253	3.243
8.483853	-0.2705448	5.1942205	3.293
8.907627	-0.15203181	5.6359506	3.343
10.971429	-0.008379706	4.619612	3.393
10.556035	0.7278373	4.4963107	3.443
9.696517	0.33877954	4.0785227	3.493
9.443929	0.05267244	4.6244006	3.543
9.088389	-0.029927522	5.093664	3.593
8.360553	-0.1316811	6.0250087	3.643
7.3729444	0.11971009	6.7133417	3.693
6.517017	0.11731588	7.6135616	3.743
5.2840033	-0.34237084	8.300697	3.793
4.5645456	-0.59495914	8.682572	3.843
4.844667	-0.2633622	8.881291	3.893
6.045359	0.04309563	9.17099	3.943
6.2584434	0.039504327	8.839393	3.973
4.9164934	-0.59017074	7.7332716	4.044
1.2509704	-1.7860745	7.704541	4.094
-1.7310078	-1.0307038	8.881291	4.145
-2.5941176	-0.34117374	10.990582	4.194
-1.8698715	0.16400282	11.3640785	4.244
0.15562311	0.60693014	9.879673	4.294
1.3587095	-0.20231004	8.310274	4.344
1.0378864	-0.82360536	8.750807	4.394
-0.17477672	-1.1731589	8.756793	4.444
1.1480197	-0.40821138	10.378864	4.494
3.6008794	-0.39264908	10.201694	4.543
5.354632	-0.961272	9.466674	4.593
5.995081	-1.2761095	8.779537	4.643
5.5940523	-0.7302315	8.854955	4.693
5.029021	-0.05267244	7.6351094	4.743
5.397728	0.050278235	7.1885905	4.793
6.7205243	0.12090719	7.0964136	4.843
7.559692	-0.24660277	6.3721676	4.893
8.178593	-0.56982	6.253655	4.943
8.6299	-0.6799533	5.864597	4.973
9.00579	-0.45489833	5.3019595	5.043
9.197326	-0.2741361	5.291186	5.093
8.893262	-0.093373865	5.2181625	5.143
8.938752	0.15083471	5.592855	5.193
8.617929	0.40581718	5.2444987	5.243
8.24204	0.40581718	5.2744265	5.293
8.395268	0.23343466	6.005855	5.343
8.309077	-0.079008654	6.4380083	5.393
7.3992805	-0.24181437	6.779182	5.443
6.8605847	-0.46926352	6.9623384	5.493
6.5457473	-0.63087213	7.454347	5.543
6.5625067	-0.59136784	7.8446016	5.593
6.2979474	-0.5758055	8.007407	5.643
6.479907	-0.46926352	8.180987	5.693
6.2644286	-0.7230489	8.0684595	5.743
4.655525	-0.7469909	8.328231	5.793
3.9971197	-0.48362875	8.876503	5.843
3.0095115	-0.39983168	9.192537	5.893
1.2413936	-0.51714754	9.445126	5.943
-0.10534488	-0.6631939	9.791088	5.983
-0.80325466	-0.581791	10.052056	6.043
-0.51714754	-0.2741361	9.627085	6.093
-0.12330139	0.16639702	9.545682	6.143
0.81043726	0.045489833	9.574412	6.193
0.6500258	-0.6787562	8.772355	6.243
0.034715924	-0.80684596	9.585187	6.293
0.50038815	-0.62488663	10.235212	6.343
2.3427265	-0.62129533	9.660604	6.393
3.8893807	-0.39743748	9.293094	6.443
5.0481744	-0.37349546	8.565256	6.483
5.895722	-0.61171854	8.143877	6.543
6.867768	-0.79128367	7.4124484	6.593
7.0006456	-0.16280572	7.428011	6.643
7.3645644	-0.0023942017	6.647501	6.693
7.455544	-0.5542577	5.7975593	6.743
8.197746	-0.8846575	4.8614264	6.793
9.012972	-0.35075054	5.4085016	6.843
9.68694	0.19033903	5.2600613	6.893
10.454282	0.35913026	4.404134	6.943
10.0029745	0.16998832	4.5142674	6.983
9.1590185	-0.41180268	4.6495395	7.043
8.893262	-0.3196259	4.996699	7.093
8.328231	-0.10055647	6.0130377	7.143
7.5333557	-0.320823	6.6044054	7.213
6.882133	-0.51235914	7.047333	7.243
6.005855	-0.7386112	7.7943234	7.293
5.4312468	-0.59855044	8.331821	7.343
5.3582234	-0.62368953	8.413225	7.393
5.556942	-0.8403648	8.893262	7.443
5.922058	-0.4141969	9.172187	7.493
6.0956373	-0.6979098	8.470686	7.543
4.626795	-1.1575965	7.787141	7.593
2.4899697	-0.7074866	8.031349	7.643
-0.23702596	-0.6655881	9.193734	7.693
-1.4796166	-0.41180268	9.736021	7.743
-1.9165585	0.092176765	10.875661	7.793
-0.79487497	-0.16519992	10.556035	7.843
0.2669535	-0.10295067	9.476251	7.893
1.4951789	-0.18674773	9.31105	7.943
1.7525556	0.16639702	10.692505	7.983
1.6436194	-0.045489833	8.996213	8.043
1.99437	-1.22224	9.223662	8.093
4.1706996	-1.2773066	8.700529	8.143
6.0645127	-0.8343793	8.185776	8.193
6.343437	-0.82001406	7.560889	8.243
6.6750345	-0.41180268	7.4208283	8.293
6.4404025	-0.1436521	6.963536	8.343
7.4842744	0.14604631	6.105214	8.393
7.989451	-0.557849	5.901707	8.443
9.331401	-0.4441244	5.29358	8.493
9.367314	-0.090979666	5.3259015	8.543
9.386468	-0.01436521	4.1934443	8.593
9.957485	-0.095768064	4.8362875	8.643
10.170568	0.2681506	4.0701427	8.693
9.671378	0.30406362	3.7325604	8.743
9.238028	-0.19273324	4.4005427	8.793
9.257181	-0.11492168	5.069722	8.843
8.919599	-0.4405331	5.104438	8.893
7.9032598	-0.4333505	6.68102	8.954
7.3442135	-0.4321534	7.013814	8.983
5.884948	-0.973243	7.9068513	9.043
4.1718965	-1.009156	8.584411	9.093
3.489549	-0.8619126	9.205706	9.143
3.9863458	0.22026655	10.287885	9.193
6.015432	1.0833763	9.773131	9.243
5.407305	-0.6344634	7.5333557	9.293
1.804031	-1.5167267	7.5094137	9.343
-0.5267244	-1.4772224	8.828619	9.393
-0.92895025	-1.0702082	10.111911	9.443
-0.82240826	-0.5746084	10.462662	9.493
-0.7577648	-0.12210429	10.426748	9.543
-0.14604631	-0.021547815	9.635465	9.593
0.7757214	-0.2693477	9.021352	9.643
1.0151415	-0.62249243	9.187749	9.693
0.92895025	-1.0319009	9.947908	9.743
0.89902276	-0.80804306	9.700109	9.793
2.9149406	-0.7422025	8.9040365	9.843
6.126762	-0.94810385	8.031349	9.893
6.5936313	-0.93254155	8.248025	9.943
5.7664347	-0.5434838	8.550891	9.983
6.215348	-0.37588966	6.3446345	10.043
7.1945763	-0.093373865	6.692991	10.093
9.115923	0.17836803	5.674258	10.143
9.448717	-0.10414778	4.1802764	10.193
9.77792	-0.107739076	4.710592	10.243
9.743204	-0.29688102	3.2393548	10.293
10.089166	-0.30526072	2.0123265	10.343
10.538078	0.2885013	4.417302	10.393
10.212467	0.37588966	3.240552	10.443
9.618706	0.25498247	3.4033577	10.493
9.233239	0.1400608	4.5142674	10.543
8.522161	-0.09696517	4.811148	10.593
8.77834	0.11731588	5.7281275	10.643
7.902063	-0.2908955	6.242881	10.693
7.345411	-0.7326257	6.872556	10.743
6.1938	-0.91817635	7.5584946	10.793
4.6842556	-1.1575965	8.562862	10.843
3.7325604	-1.1025299	8.932767	10.893
4.179079	-0.78170687	9.289502	10.943
5.171476	0.059855044	9.412804	10.986
5.861006	-0.40222588	8.491036	11.044
3.537433	-1.4377182	7.813477	11.093
0.8583213	-1.2521675	7.961918	11.143
-1.0869676	-0.8655039	9.249998	11.193
-1.3371617	-0.7158663	10.54167	11.243
-0.91099375	0.19393034	11.143812	11.293
0.6667852	-0.031124622	9.974244	11.343
1.3694834	-0.50996494	8.687361	11.393
1.3204023	-0.8439561	8.844181	11.443
0.29209262	-0.7182605	10.127473	11.493
0.91697925	-0.44891283	9.890448	11.543
2.9053638	-0.557849	9.001001	11.593
5.469554	-0.6380547	8.248025	11.643
7.0593038	-0.3890578	8.39048	11.693
7.5932107	-0.2837129	7.1706343	11.743
7.237672	-0.23343466	6.8665705	11.793
7.6770077	-0.034715924	6.637924	11.843
7.843405	-0.2801216	5.719748	11.893
8.1402855	-0.4165911	4.9655743	11.943
8.693346	-0.3184288	5.7365074	11.983
9.849746	-0.23104046	5.2026005	12.044
9.598354	-0.24061728	4.4603977	12.093
8.967483	0.01436521	4.6244006	12.143
9.340978	-0.01436521	5.0601454	12.206
9.5013895	-0.2789245	4.853047	12.243
8.522161	0.04070143	5.374983	12.293
8.128315	0.108936176	6.362591	12.343
7.597999	-0.30645782	6.4308257	12.393
6.9264255	-0.8391677	7.21373	12.443
6.1447186	-0.7745243	8.080431	12.493
5.1906295	-1.0726024	8.317456	12.543
3.5913026	-1.2976574	8.752005	12.593
3.4524388	-0.70509243	9.283517	12.643
5.5629277	1.2138603	10.241198	12.693
7.825448	0.59256494	8.870518	12.743
5.0505686	-1.5861586	6.9108634	12.793
-1.1121067	-2.4468741	6.915652	12.843
-3.0310593	-0.5662287	10.064027	12.893
-2.4013844	0.34955344	11.828553	12.943
-1.2880806	0.5243302	10.754754	12.983
0.90500826	0.04309563	8.449138	13.037
0.8858546	-0.6739678	10.006566	13.093
0.1448492	-0.60693014	9.884461	13.143
-0.047884032	-0.39863458	9.634268	13.193
2.7880478	-0.59974754	8.995016	13.243
5.139154	-0.6380547	8.64666	13.293
5.9878983	-0.9696517	8.610746	13.343
7.0485296	-0.39145198	7.645883	13.393
7.265205	-0.021547815	6.9467764	13.443
7.240066	-0.20231004	6.5026517	13.493
7.715315	-0.6464345	5.959168	13.543
7.9547353	-0.5781997	5.3366756	13.593
9.136273	-0.47524905	5.0362034	13.643
9.903615	-0.06703765	5.767632	13.693
9.817424	-0.015562311	4.545392	13.743
9.855731	0.046686932	3.3973722	13.793
9.283517	0.10414778	4.7620673	13.843
9.233239	-0.15562311	4.405331	13.893
9.058462	-0.5470751	4.8865657	13.943
8.724471	-0.45729253	5.851429	13.983
7.747637	-0.23463176	6.3242836	14.046
7.315483	-0.48243165	7.1514807	14.096
6.155493	-1.0737995	7.8745294	14.146
4.4939165	-1.6663644	8.627506	14.196
3.6774938	-1.3922282	9.00579	14.238
3.3135753	-1.2078748	9.568427	14.298
4.701015	-0.04070143	10.172963	14.337
6.4044895	0.23822308	8.534132	14.398
4.2425256	-1.982399	7.133524	14.438
-0.59256494	-0.866701	8.073248	14.497
-0.8571242	0.02633622	10.771513	14.538
-0.7445967	-0.44771573	10.506954	14.598
-0.48602295	-0.37948096	9.714474	14.638
0.11971009	-0.28491	10.228029	14.678
0.59735334	-0.2885013	9.884461	14.729
-0.05626374	0.17238252	8.684967	14.797
1.2162545	-0.5602432	9.544485	14.846
2.220622	-0.36870706	10.0987425	14.895
3.2393548	-0.7445967	9.636662	14.946
4.662708	-0.5470751	9.331401	14.978
5.959168	-0.39145198	8.819042	15.044
5.0362034	-0.33518824	7.97748	15.094
5.0026846	-0.770933	7.6003933	15.143
6.7480574	0.14724341	7.785944	15.194
7.350199	-0.0023942017	6.4583592	15.244
7.27957	-0.15203181	5.889736	15.294
8.329428	0.05865794	6.469133	15.344
9.321824	0.2705448	5.753267	15.394
9.368511	-0.22026655	5.01705	15.444
9.320627	-0.29568392	3.9731777	15.494
9.692925	-0.10295067	4.570531	15.544
9.235633	0.7625532	5.0996494	15.594
9.137471	0.7015011	5.8119245	15.644
9.00579	0.5506664	4.795586	15.695
8.791509	0.17717093	5.2002063	15.744
7.867347	-0.17717093	7.0844426	15.794
6.623559	-0.8355764	7.3765354	15.844
5.6120086	-1.34195	7.586028	15.894
4.9679685	-0.9840169	8.84059	15.943
5.517438	-0.49679685	9.398438	15.984
6.5948286	0.45130703	9.26197	16.037
3.333926	-1.0079589	7.4723034	16.096
-0.6428431	-0.59256494	8.055291	16.146
-3.05141	-0.17238252	9.51336	16.196
-3.429694	-0.23223756	10.21965	16.238
-1.1145009	-0.18315643	10.727221	16.298
0.93373865	0.12090719	10.7990465	16.338
2.1296425	-0.39145198	8.406042	16.398
1.1061212	-0.48482585	8.103176	16.438
0.2753332	-0.31483752	10.241198	16.498
0.4381389	-0.5805939	9.949105	16.538
2.7234044	0.015562311	9.921572	16.598
5.2504845	-0.1448492	9.473856	16.638
5.943606	-0.8487445	7.9367785	16.7
6.0130377	-0.44532153	8.264784	16.738
4.381389	-0.33159694	8.842984	16.798
3.870227	-0.35314476	7.6614456	16.838
5.5976434	-0.44651863	7.017405	16.898
7.109582	-1.3275849	6.244078	16.938
8.054094	-1.5849615	5.303157	16.979
9.633071	-0.8379706	3.4237084	17.045
10.035296	-0.36272156	1.7250223	17.095
10.505757	-0.7529764	0.7625532	17.138
10.581175	-0.7098808	0.30526072	17.198
9.7240505	-0.7769185	-0.7721301	17.238
10.612299	-0.8463503	-1.3359646	17.298
11.104307	-0.82360536	-1.1887212	17.343
10.803835	-0.7769185	-1.3215994	17.395
10.181343	-0.6619968	-0.11372458	17.438
10.523713	-0.78290397	0.32920274	17.498
10.779893	-1.0175357	0.39025488	17.538
10.907983	-1.0821792	1.899799	17.598
10.45907	-0.09816227	2.3403323	17.638
9.455899	1.1803415	5.6323595	17.7
7.2592196	0.5686229	6.125565	17.738
6.1530986	-0.8295909	6.399701	17.798
5.2145715	-0.58298814	8.183381	17.838
4.876989	-0.9540894	9.148245	17.898
4.892551	-0.48482585	9.568427	17.938
5.415684	-0.6536171	8.9040365	17.979
1.5454572	-1.1073183	7.65546	18.046
-1.9321208	-0.8834604	8.0924015	18.095
-2.4229321	0.110133275	9.466674	18.145
-2.6982653	0.39384618	9.725247	18.195
-2.908955	1.4305356	10.487801	18.243
-0.8762778	0.40342298	10.1143055	18.294
1.3311762	-0.8738836	7.867347	18.343
2.5031378	-1.2964603	11.298238	18.393
1.9716251	0.089782566	9.24521	18.443
1.1288661	-0.79487497	9.51336	18.494
1.5574282	-0.7697359	9.856929	18.543
3.513491	-0.90021986	9.041702	18.593
4.6124296	-0.29807812	8.972271	18.643
4.8123455	-0.33159694	8.810662	18.693
5.056554	-0.49200845	8.414422	18.743
5.4049106	-0.7793127	7.973889	18.793
5.777209	-1.0354922	7.66384	18.843
6.209362	-0.6596026	7.3777328	18.893
6.873753	-0.025139118	6.692991	18.943
7.3609734	-0.6739678	6.2740054	18.993
8.371326	0.11731588	5.5162406	19.044
10.183737	-0.019153614	4.047398	19.093
10.468647	-0.25977087	3.1950622	19.144
9.770737	-0.521936	2.1918917	19.193
9.186552	-1.0570401	0.1448492	19.243
9.314642	-0.8619126	-0.6452374	19.294
10.6637745	-0.439336	-0.30406362	19.343
10.514136	-0.78769237	-1.4437037	19.393
10.498574	-1.1659763	-2.847903	19.443
11.081563	-0.80564886	-2.1703439	19.494
10.409989	-0.15322891	-0.89902276	19.543
10.794258	-0.12330139	-0.37349546	19.593
10.776301	0.092176765	0.4141969	19.643
10.006566	0.25378537	1.6783354	19.693
9.861717	-0.062249243	3.1435869	19.744
9.718064	-0.20949265	4.972757	19.793
7.2364745	0.60693014	5.771223	19.843
6.338649	-0.39624038	7.123947	19.894
4.795586	-1.5490485	8.25401	19.943
4.197036	-1.9740193	8.628703	19.993
4.19943	-1.0941502	9.706094	20.044
5.291186	-0.34117374	9.011775	20.094
4.7417164	-1.2306197	7.0485296	20.143
0.20350714	-0.51116204	7.3466077	20.193
-1.5526398	0.47405192	9.873688	20.243
-3.1603463	0.5758055	10.220847	20.293
-2.112883	0.36631286	10.5440645	20.343
-0.80924016	-0.16998832	10.612299	20.393
0.33159694	0.095768064	9.659407	20.443
0.4345476	-1.2880806	6.6654577	20.494
0.10414778	-0.4237737	10.878056	20.544
-0.29927522	-0.08259996	10.521319	20.593
-0.2741361	-0.33758244	10.737994	20.643
2.5797524	-0.34476504	9.654618	20.693
5.00867	-0.7026982	8.656237	20.743
5.1846437	-0.90859956	8.896853	20.794
5.100847	-0.6619968	7.8027034	20.844
5.5485625	-0.4321534	7.487866	20.894
6.113594	0.20829555	7.2424603	20.943
5.843049	0.24301147	5.9172697	20.994
8.347384	-0.47524905	5.246893	21.044
9.390059	-0.7553706	4.8901567	21.094
10.313024	-0.46327803	4.0054994	21.143
11.174936	-0.50996494	3.0777464	21.193
10.075998	0.15801731	2.6671407	21.243
10.328587	0.23463176	2.5103204	21.293
10.175357	0.51595044	2.1272483	21.343
9.944317	0.25977087	2.1799207	21.394
10.283096	-0.10414778	2.6372132	21.443
9.841366	-0.037110128	3.3494883	21.493
10.3692875	0.015562311	4.2880154	21.543
9.876082	0.08379706	4.6040497	21.593
7.860164	-0.2837129	4.969166	21.643
7.5968018	-0.41299978	6.9826894	21.694
6.7145386	-0.4345476	6.2763996	21.744
6.5601125	-0.029927522	7.9870567	21.794
5.1822495	0.18794483	8.451532	21.844
4.9069166	0.1316811	8.483853	21.894
4.313154	0.748188	9.939528	21.944
3.642778	-0.2801216	8.76996	21.994
0.5662287	-0.45130703	8.25401	22.044
-6.6870055	0.1328782	9.958682	22.093
-5.261258	1.1133038	9.369708	22.143
-2.8874073	1.0079589	10.907983	22.204
-0.12210429	0.6548142	9.390059	22.243
1.6627731	-0.50996494	8.819042	22.293
1.4748282	-0.31004912	8.865729	22.343
0.61052144	-0.11611878	8.762778	22.394
-0.34117374	-0.4285621	10.664971	22.444
0.7326257	-0.6967127	10.235212	22.494
3.1962593	-0.05626374	10.175357	22.543
5.505467	0.17717093	8.627506	22.593
5.7867856	-0.40222588	8.640674	22.643
4.8338933	-0.48243165	8.804677	22.694
3.9097314	-0.6584055	8.249222	22.744
3.989937	-0.47644615	8.056489	22.773
5.0134583	0.47046062	7.809886	22.846
7.3645644	-0.7374141	6.197391	22.896
7.7943234	-0.4261679	5.475539	22.939
8.4826565	0.5566519	5.380968	22.996
10.637438	0.1364695	4.1216183	23.045
11.358093	-0.82240826	2.3546975	23.095
10.3214035	-0.50996494	1.7717092	23.145
10.515334	-0.09696517	0.5758055	23.195
10.579977	0.075417355	0.92655605	23.243
10.286688	0.61052144	0.8738836	23.293
10.097546	0.49200845	0.8391677	23.343
10.523713	0.06584055	2.8060043	23.394
10.985794	0.077811554	1.8950106	23.443
10.7116585	-0.35194764	2.4899697	23.494
10.603919	-0.0011971008	3.4823663	23.544
9.033323	0.1328782	6.329072	23.594
7.04015	-0.08619126	6.721721	23.643
3.1663318	-0.50397944	7.0186024	23.694
1.3204023	-1.3790601	8.678981	23.744
1.0079589	-1.4449008	9.385271	23.793
2.7377696	0.15442601	8.683769	23.843
4.71538	-0.20590134	10.714052	23.894
5.3558292	0.11372458	8.446744	23.943
2.3582888	-0.49799395	8.827422	23.994
0.35075054	-1.0821792	9.66659	24.055
-1.5634137	0.36870706	10.681731	24.093
-0.7745243	0.5410896	10.387244	24.143
0.14844051	-0.06823475	9.294291	24.193
-0.24660277	-0.10175357	8.503007	24.243
-2.1260512	0.9900024	9.630676	24.293
-3.3626564	0.48722005	10.0508585	24.343
-2.0398598	0.1340753	10.268731	24.394
0.24420857	0.092176765	10.329783	24.443
3.1651347	0.08259996	9.508572	24.493
3.679888	-0.5422867	9.43076	24.543
3.7840357	-0.6572084	9.307459	24.594
3.5745432	-1.0570401	8.953117	24.643
3.7325604	-0.80804306	8.74961	24.693
4.322731	-0.46088383	8.4647	24.743
5.044583	-0.31124622	7.94037	24.794
5.8119245	-0.24420857	7.5165963	24.843
7.517793	-0.50038815	6.4643445	24.894
8.623915	-0.46447513	5.861006	24.943
9.059659	-0.47165772	5.3139305	24.993
9.147048	-0.38067806	4.425682	25.044
9.5971575	-0.25977087	3.5529952	25.093
10.15381	-0.33399114	3.3758245	25.144
10.135853	-0.35793316	2.5713725	25.194
9.878476	0.0035913025	2.837129	25.243
10.14543	0.14844051	2.7353754	25.293
9.734824	0.4429273	2.6515784	25.343
10.00896	0.12689269	3.8163576	25.394
9.665392	-0.38067806	2.955642	25.443
9.471462	0.05267244	5.4061074	25.494
8.835801	0.2825158	7.9391727	25.544
7.656657	-0.7386112	6.015432	25.594
7.067683	-0.58897364	7.0820484	25.643
5.765238	-1.0235212	7.1502833	25.693
5.315128	0.10295067	7.869741	25.743
5.011064	0.18555063	8.412027	25.793
4.06296	-0.10295067	8.895657	25.843
1.2138603	0.2873042	8.998607	25.894
-0.7649474	0.8858546	9.49301	25.944
-3.1627405	-0.023942016	9.637859	25.994
-4.691438	0.4201824	10.5045595	26.044
-3.8367083	0.5674258	9.956287	26.094
-3.3506854	1.1959038	9.5492735	26.143
-2.1906946	0.61890113	8.995016	26.193
-0.94331545	-0.016759412	8.854955	26.243
-0.40821138	0.12449849	9.449914	26.294
0.19512744	-0.33159694	9.556456	26.343
0.39384618	-0.51235914	9.854534	26.393
1.7106571	-0.22266077	10.801441	26.443
3.2261868	-0.4225766	9.226056	26.493
4.0940847	-0.89064306	8.88608	26.544
5.427655	-0.80445176	8.396465	26.594
5.6706667	-0.5231331	8.1797905	26.643
5.197812	-0.35913026	7.5453267	26.693
4.7620673	-0.6715736	6.8438253	26.743
6.38773	0.10175357	6.573281	26.793
8.8777	0.18794483	5.884948	26.843
9.828198	-0.20590134	4.542998	26.894
10.845734	-0.5530606	3.3363202	26.943
10.228029	-0.10175357	4.19943	26.994
9.981427	-0.48482585	3.2477345	27.044
9.755175	-0.46567222	2.554613	27.094
9.728839	-0.089782566	3.301604	27.144
9.67856	-0.06344634	2.9700072	27.204
9.631873	-0.035913024	3.301604	27.243
9.828198	0.06584055	3.572149	27.293
9.742006	0.090979666	4.0138793	27.343
9.703699	-0.08379706	4.867412	27.394
9.345766	-0.10414778	5.683835	27.443
8.732851	-0.7625532	5.052963	27.493
6.8103065	-1.1216835	6.7145386	27.544
5.7867856	-0.8834604	7.290344	27.594
4.8039656	-0.61291564	8.210915	27.644
4.1120415	-0.44771573	8.7125	27.693
3.2225955	0.7697359	10.080787	27.744
2.6922798	0.5722142	9.457097	27.804
0.39983168	-0.079008654	9.106346	27.844
-1.6017209	-0.7194576	8.379706	27.894
-2.8491	0.35553896	10.66976	27.943
-2.7748797	0.6895301	10.562021	27.994
-2.6408045	0.93493575	9.871294	28.044
-1.8219875	0.14724341	9.252393	28.094
-0.82001406	0.23822308	8.920795	28.143
-0.51235914	-0.12928689	9.232041	28.194
-0.6619968	0.04189853	9.148245	28.244
-0.32202014	-0.6548142	9.52174	28.293
0.70509243	-0.49799395	9.811439	28.343
3.4811692	-0.110133275	10.013748	28.394
6.697779	0.0047884034	9.02614	28.443
7.807492	-0.31603462	7.9272017	28.494
6.4751186	-0.25737667	8.774749	28.543
4.644751	0.23463176	8.536526	28.593
4.462792	0.25617957	7.6973586	28.643
5.865794	-0.4213795	6.588843	28.693
7.65546	-0.2801216	6.3470287	28.744
8.1642275	0.093373865	6.573281	28.793
8.519767	-0.33638534	6.0609217	28.843
8.616732	-0.09696517	5.2983685	28.894
9.350554	-0.39983168	4.5298295	28.943
10.2495775	-0.02633622	4.665102	28.993
10.09156	0.31364042	4.122815	29.044
9.178172	0.46088383	4.175488	29.094
9.174581	0.16519992	4.51307	29.143
9.374496	0.25378537	5.3462524	29.194
9.472659	0.33399114	5.555745	29.243
8.953117	0.10055647	5.7161565	29.293
8.350976	-0.37469256	6.4667387	29.343
6.482301	-0.48961425	6.566098	29.394
5.494693	-0.022744916	8.571242	29.443
3.7205894	0.20590134	9.26556	29.494
2.5594015	0.016759412	9.180567	29.543
0.91099375	0.19752164	9.165004	29.594
-1.7070658	0.47524905	9.431957	29.643
-3.1160536	0.8870517	9.688137	29.693
-4.3981485	0.6895301	9.619903	29.743
-4.473566	0.842759	9.737218	29.793
-3.8151605	1.7010803	9.351752	29.843
-2.1763294	0.49081135	8.343793	29.894
-0.9744401	0.61650693	9.740809	29.943
0.34237084	0.47884035	9.109938	29.994
1.1994951	-0.9564836	9.399636	30.044
0.61890113	-0.37229836	10.979809	30.093
1.0103531	-0.4369418	10.380061	30.144
2.906561	0.11971009	9.7719345	30.194
5.141548	-0.7565677	7.4567413	30.243
5.6467247	-1.1707647	7.763199	30.293
6.0944405	-0.35673606	8.889671	30.343
6.161478	-0.050278235	8.037335	30.393
6.39611	0.17357962	7.2484455	30.443
6.578069	0.130484	6.870162	30.494
6.3446345	-0.58657944	6.455965	30.543
8.0684595	-0.6859388	6.0118403	30.594
9.959879	-0.16400282	5.5282116	30.643
10.606314	-0.260968	3.9863458	30.693
10.563218	-0.37110126	4.322731	30.743
9.635465	0.4357447	3.8391025	30.793
9.361329	0.58657944	3.702633	30.844
9.827001	0.30645782	4.011485	30.894
9.883265	-0.089782566	4.200627	30.944
9.44752	-0.025139118	4.8662148	30.994
9.244013	0.1604115	6.5816603	31.044
7.669825	-0.93254155	5.8346696	31.094
6.4344172	-0.28491	7.704541	31.143
5.625177	0.05626374	8.135497	31.194
4.346673	-0.1604115	8.63828	31.244
2.3582888	-0.49679685	9.050082	31.294
2.207454	0.16400282	9.951499	31.344
1.7932571	0.21308395	9.471462	31.394
-0.36391866	-0.35793316	8.635885	31.443
-2.846706	-0.08379706	9.677363	31.494
-4.619612	0.47285482	10.180145	31.543
-3.5434184	0.6775591	9.238028	31.593
-3.6463692	1.9512744	11.247959	31.644
-1.6472107	1.0175357	8.714894	31.694
-0.089782566	-0.59974754	7.771579	31.743
1.4449008	-1.2653356	9.00579	31.793
0.82599956	-0.4189853	10.115502	31.844
-0.2741361	-0.18315643	9.986216	31.894
0.18794483	-0.8499416	10.333375	31.943
2.694674	-0.78170687	9.817424	31.994
4.5262384	-0.8523358	8.718486	32.044
6.101623	-0.7386112	7.9236107	32.093
6.63553	-0.36511576	7.4495587	32.143
6.576872	-0.33039984	6.338649	32.205
7.0904284	-0.06703765	6.2249246	32.243
7.243657	-0.2741361	5.390545	32.294
8.803479	-0.37469256	5.0864816	32.343
10.216059	-0.7386112	4.7620673	32.394
10.763134	-0.93972415	3.8666358	32.443
10.681731	-0.39863458	3.41892	32.493
10.229227	-0.16998832	3.2740707	32.543
9.888053	-0.415394	2.6527755	32.593
9.437943	0.074220255	3.2202013	32.643
10.038888	-0.23582886	3.429694	32.694
9.534908	-0.32800564	6.4727244	32.743
9.82341	-0.7314286	3.0681696	32.794
8.701726	-0.34596214	6.2704144	32.843
8.1797905	-0.1376666	6.870162	32.894
6.4284315	-0.062249243	7.2580223	32.943
4.701015	-0.04070143	8.324639	32.993
2.9496565	-0.51954174	9.375694	33.044
1.3599066	-0.16998832	8.814254	33.094
-0.29568392	-0.10414778	9.744401	33.144
-1.2437878	0.30885202	9.866506	33.193
-2.5019407	0.31603462	10.497377	33.243
-3.5625722	-0.15801731	9.390059	33.293
-2.8407204	0.89782566	10.196905	33.343
-2.5079262	1.4449008	10.423157	33.394
-1.5119383	0.59495914	8.747216	33.443
-0.046686932	-0.28491	8.450335	33.493
1.1061212	-0.08499416	9.8677025	33.543
0.9672575	-0.24301147	9.082404	33.594
-1.0259154	-0.2813187	9.959879	33.643
-0.2717419	-0.50996494	10.486604	33.693
2.2936451	-0.8834604	9.624691	33.744
4.1922474	-0.8487445	8.834604	33.794
6.2859764	-0.5434838	8.692149	33.843
5.9723363	-0.33518824	7.797915	33.894
5.7784057	-0.4285621	7.577648	33.943
6.0980315	-0.30406362	6.811504	33.994
7.0832458	-0.6548142	6.019023	34.044
8.259995	-0.6572084	6.0585275	34.093
9.69532	-0.2861071	5.257667	34.143
10.077195	-0.33877954	4.746505	34.194
10.390836	-0.58897364	4.1455603	34.244
9.674969	-0.1388637	3.8151605	34.293
9.356541	0.21667525	4.2904096	34.343
9.504981	0.088585466	3.8965633	34.393
9.77792	-0.12569559	3.7804444	34.443
9.728839	-0.36032736	3.9983168	34.494
9.849746	-1.0067618	4.5022964	34.544
9.108741	-0.7026982	5.195418	34.593
8.119935	-0.035913024	6.3230867	34.643
7.2987237	-0.073023155	7.339425	34.694
5.7245364	-0.533907	8.064868	34.744
2.9628246	-0.22266077	9.108741	34.793
1.9488802	0.36511576	9.267955	34.843
2.4624364	0.60932434	9.3661175	34.893
2.457648	0.1352724	9.574412	34.943
-0.10654198	-0.02633622	8.576031	34.993
-2.9831753	0.700304	10.664971	35.043
-3.7193923	0.4429273	10.295067	35.094
-2.8502972	0.91099375	10.247183	35.143
-2.0578163	1.2473791	9.995792	35.193
-1.4891934	1.186327	9.3733	35.244
-0.6332663	0.3854665	7.9750857	35.294
0.01316811	-0.6799533	8.816648	35.343
0.23343466	-0.18674773	9.755175	35.394
-0.32441434	0.49919105	10.240001	35.443
0.7134721	0.320823	10.815806	35.494
2.7617116	-0.23223756	9.467871	35.543
3.9947255	-0.7350199	9.127894	35.594
5.00867	-0.49081135	8.7951	35.643
5.1786585	-0.63206923	8.051701	35.693
5.0038815	-0.29209262	7.4112515	35.744
5.9424086	-0.40342298	6.3769565	35.793
7.499837	-0.47405192	5.923255	35.843
8.933964	-0.049081136	5.493496	35.894
10.811018	-0.5506664	4.272453	35.944
10.573992	-0.28491	3.596091	35.994
10.575189	-0.5446809	2.3068132	36.044
10.210073	-0.107739076	2.814384	36.094
9.941922	0.23343466	3.0250738	36.143
9.987412	0.2657564	2.767697	36.193
9.846154	0.37708676	3.0561984	36.244
9.788693	0.21188685	3.620033	36.293
10.359711	0.06464344	3.5362358	36.343
10.387244	-0.22744916	4.337096	36.394
8.723274	-0.47285482	5.45878	36.443
7.4806833	-0.6596026	6.9024835	36.493
5.717354	-0.8631097	8.085219	36.543
4.2676644	-0.6859388	8.359355	36.594
2.4779987	-0.748188	8.613141	36.643
1.816002	0.7733272	10.005369	36.693
2.3535004	0.62847793	9.886856	36.744
1.7345991	-0.33279404	8.781932	36.794
-2.0123265	-1.1288661	8.735245	36.844
-3.5434184	0.4225766	10.126276	36.894
-3.3195608	0.31603462	10.146626	36.944
-2.765303	1.2066777	10.996569	36.993
-0.641646	1.2186487	10.175357	37.044
0.7290344	-0.9768343	7.687782	37.093
1.6711528	-1.5406688	8.585608	37.144
1.127669	-1.2042835	9.722853	37.204
0.23463176	-0.6464345	10.448297	37.243
1.7621324	-0.545878	10.0664215	37.293
3.1292217	-0.81283146	9.624691	37.344
5.033809	-0.8870517	8.324639	37.394
6.7767878	-0.37469256	6.9264255	37.443
7.4711065	-0.9564836	6.14831	37.494
7.4483614	-1.0666169	5.781997	37.543
8.121132	-0.90620536	5.523423	37.593
8.678981	-0.79487497	4.38498	37.643
9.639056	-0.7194576	4.1635165	37.693
10.257957	-0.142455	5.197812	37.744
10.5285015	-0.047884032	3.6224272	37.794
10.072407	-0.2801216	3.5482068	37.844
9.36492	0.029927522	3.930082	37.894
9.224859	0.01316811	3.550601	37.943
9.81503	0.12330139	3.7181952	37.993
9.961076	0.059855044	4.060566	38.044
10.232818	-0.46567222	3.6834793	38.094
9.831789	-0.62728083	5.106832	38.144
7.9954367	-1.2785037	5.9543796	38.193
6.894104	-0.49320555	7.454347	38.243
5.66109	-0.37948096	7.6710224	38.294
4.0701427	-0.33877954	8.760384	38.343
2.610877	-0.034715924	8.358158	38.394
1.9512744	0.20829555	10.004171	38.444
1.7082629	-0.29328972	9.841366	38.494
1.4891934	-0.051475335	9.962274	38.544
-0.415394	-0.0011971008	10.08318	38.594
-2.6755204	-0.130484	9.378088	38.643
-2.1631613	0.6871359	10.612299	38.693
-1.483208	0.94092125	10.060435	38.743
-2.4193408	0.92057055	8.607155	38.793
-1.9967642	0.33997664	8.991425	38.843
-0.7086837	-0.8379706	8.823831	38.893
-0.1412579	-0.973243	9.113529	38.943
0.2753332	-0.8643068	10.271125	38.994
0.7326257	-0.94331545	10.350134	39.044
1.6639702	-0.88944596	10.055647	39.094
3.0190883	-0.45250413	9.415198	39.144
5.1786585	-0.6679823	7.691373	39.193
5.828684	-0.94451255	6.8186865	39.243
7.454347	-0.8331822	6.054936	39.293
8.512584	-0.6536171	5.481525	39.343
8.742428	-0.78050977	4.9559975	39.394
9.126697	-0.6332663	4.830302	39.443
9.354146	-0.19273324	4.5142674	39.494
10.716447	-0.30645782	3.6212301	39.543
10.685322	-0.24061728	3.9636009	39.593
10.432734	-0.4441244	2.7569232	39.643
10.140641	-0.4237737	2.6635494	39.694
9.503783	-0.37229836	3.2920272	39.744
9.668983	-0.25498247	3.4476504	39.793
9.79827	-0.2681506	3.8067808	39.844
9.706094	-0.5446809	4.781221	39.894
9.281123	-1.1085154	4.5896845	39.943
8.1343	-0.5674258	6.9108634	39.994
7.1885905	-0.37229836	6.6271505	40.044
5.1020436	-0.62847793	7.93199	40.094
3.9552212	-0.47285482	8.475474	40.143
3.2620997	-0.58538234	9.109938	40.193
2.3546975	-0.7697359	9.895236	40.243
1.5825673	-1.6436194	8.397662	40.293
-0.63206923	-0.19871874	9.1829605	40.343
-1.7776948	0.2813187	10.463859	40.394
-2.2218192	-0.19393034	9.763555	40.444
-2.9963434	0.3842694	10.5680065	40.493
-1.4520833	0.61291564	10.199299	40.543
0.06823475	-0.4189853	8.35337	40.593
1.3192052	-0.9528923	8.438364	40.643
1.9093759	-0.90021986	9.727641	40.693
2.2529438	-0.51355624	9.8042555	40.744
3.2213984	-0.3172317	9.576807	40.794
4.8422728	-0.12449849	9.126697	40.843
5.4887075	-0.5662287	8.49343	40.894
6.3326635	-0.89184016	7.383718	40.943
6.8522053	-0.5386954	6.967127	40.994
6.987478	-0.2717419	6.054936	41.05
7.8984714	-0.10414778	5.7400985	41.093
8.261193	-0.2681506	5.521029	41.143
8.500613	-0.49440265	4.9344497	41.193
9.321824	-0.59256494	4.7680526	41.244
9.904813	-0.439336	4.0797195	41.293
10.323798	-0.3866636	4.0294414	41.343
10.404003	-0.5351041	3.2860417	41.394
10.166978	-0.2873042	3.0777464	41.443
9.415198	0.272939	3.8402996	41.494
8.9998045	-0.11851298	3.7984009	41.543
9.415198	-0.5255273	4.286818	41.593
9.580399	-0.10414778	5.556942	41.644
8.901642	-0.05865794	5.645528	41.694
7.8984714	-0.4309563	6.302736	41.745
6.956353	-0.130484	7.1347213	41.794
6.126762	-0.1340753	6.9467764	41.843
4.4424415	-0.092176765	9.293094	41.894
3.108871	0.37469256	9.333796	41.943
3.2860417	0.09816227	8.845378	41.994
3.4249055	0.044292733	10.013748	42.045
3.1974564	-0.3196259	8.635885	42.094
-3.1028855	-1.1552023	9.651027	42.143
-4.2796354	0.90381116	10.17416	42.204
-2.385822	0.93254155	10.230424	42.244
-1.6328455	1.4700398	10.351331	42.294
-1.0642227	0.7445967	8.789114	42.343
-0.061052144	0.14844051	8.899248	42.394
0.6512229	-0.24899697	8.585608	42.443
0.40102878	-0.16280572	8.810662	42.494
-0.34596214	-0.37948096	10.874464	42.543
1.4197617	-0.94451255	11.008539	42.593
3.2573113	-0.724246	9.469068	42.643
5.070919	-0.7302315	8.019379	42.694
6.4427967	-0.9840169	7.231686	42.736
7.2939353	-0.8403648	6.317101	42.796
7.487866	-0.7110779	6.329072	42.846
7.177817	-0.6512229	5.533	42.896
7.1059904	-0.8295909	4.5681367	42.938
10.03769	0.2621651	5.351041	42.998
11.299435	-0.04309563	5.1116204	43.018
11.419145	-0.47046062	2.4528596	43.095
10.351331	0.20949265	3.5673606	43.138
9.2787285	0.22744916	4.0940847	43.198
9.31943	0.007182605	3.560178	43.238
9.793482	0.16519992	3.8845923	43.298
10.845734	-0.49559975	3.321955	43.338
9.846154	-0.92176765	4.7656584	43.398
9.209297	-0.4309563	5.887342	43.438
7.429208	0.36990416	7.035362	43.498
5.595249	0.2861071	7.52737	43.538
3.8905778	-0.29328972	8.488642	43.598
2.303222	-0.1328782	9.436746	43.638
2.303222	0.4333505	9.151836	43.698
2.349909	0.46447513	10.192117	43.738
-0.415394	0.055066638	8.086416	43.788
-5.029021	-0.23582886	9.557653	43.845
-6.0489507	1.7262194	10.408792	43.895
-3.6619315	1.9045875	10.081984	43.945
-1.6831238	0.8846575	9.097966	43.994
-0.7290344	0.14724341	8.372523	44.024
1.3706805	-0.3878607	9.623494	44.094
2.1823149	-0.4429273	9.054871	44.144
1.934515	-0.6715736	9.288305	44.193
2.5761611	0.62368953	10.484209	44.244
4.188656	0.079008654	10.449493	44.293
5.195418	-1.0690111	8.09719	44.343
6.5086374	-1.4628572	7.2448545	44.394
6.2500634	0.736217	8.452729	44.443
6.5218053	1.0151415	6.4308257	44.493
6.599617	0.20231004	5.619191	44.543
8.147469	-0.3172317	5.5126495	44.594
8.7771435	-0.04309563	5.506664	44.643
9.706094	0.25857377	3.858256	44.694
11.568783	-0.24181437	1.6316484	44.743
11.443087	-0.049081136	2.554613	44.793
10.583569	0.5542577	2.7988217	44.844
9.539697	0.7625532	3.4392707	44.894
9.700109	0.59855044	3.6954503	44.943
9.958682	0.415394	3.776853	44.994
9.801862	0.2681506	3.857059	45.023
9.436746	-0.48243165	4.709395	45.094
8.651448	-0.58538234	6.0764837	45.143
8.064868	-0.33638534	6.5936313	45.194
6.337452	-0.47644615	6.871359	45.244
4.547786	-0.088585466	8.716091	45.294
3.6260185	-0.30406362	8.748413	45.344
1.9596541	-0.12449849	8.797494	45.394
-0.6715736	0.24779987	9.388862	45.443
-2.7964275	0.08499416	8.983045	45.494
-5.505467	0.16400282	9.5253315	45.543
-4.8973393	0.9552865	10.708067	45.594
-3.4931402	1.2270284	10.31063	45.643
-1.769315	0.36152446	7.7332716	45.693
-0.7469909	-0.39983168	6.6403184	45.743
-0.092176765	-0.5410896	10.292673	45.794
-0.39504328	-0.29448682	9.983821	45.843
-0.24181437	-0.23223756	10.268731	45.893
2.4396915	-0.32800564	9.709685	45.943
4.59567	-0.6715736	8.883685	45.993
5.9268465	-0.49679685	8.360553	46.023
8.268375	0.5566519	6.931214	46.094
7.7811556	0.415394	6.453571	46.144
7.627927	0.005985504	6.411672	46.194
7.72968	-0.51116204	5.5725045	46.243
8.622718	-0.39983168	5.020641	46.294
9.044097	-0.56982	3.8654387	46.343
10.129868	-0.7146692	3.8666358	46.394
10.767922	-0.049081136	3.8666358	46.443
9.646238	0.6356605	4.583699	46.494
9.664195	0.45010993	3.2836475	46.543
9.742006	-0.055066638	4.0641575	46.593
9.087193	-0.21906945	4.4639893	46.643
9.115923	-0.2813187	4.933253	46.693
9.161413	-0.320823	5.0757074	46.743
7.9714947	-0.3842694	5.7843914	46.793
7.4962454	-0.44891283	6.7241154	46.843
6.619968	0.021547815	8.426393	46.894
4.56694	0.07182605	8.719683	46.943
3.643975	0.11372458	9.192537	46.994
3.3554738	0.49440265	8.415619	47.024
3.558981	0.8355764	9.375694	47.094
2.6898856	-0.2896984	8.726865	47.143
-0.8403648	-1.0726024	9.490616	47.204
-4.7405195	-1.2294226	10.139444	47.243
-5.2923827	0.59495914	10.020931	47.293
-2.5330653	2.1080947	11.269507	47.343
-1.0474633	2.409764	9.67856	47.394
-0.59136784	-0.6979098	6.603208	47.443
-0.049081136	-0.6835446	10.404003	47.494
1.2773066	-0.5398925	10.134656	47.543
0.8391677	-0.077811554	9.713276	47.594
0.93134445	-0.32800564	9.920375	47.643
2.4145525	-1.1731589	9.591172	47.693
4.1934443	-1.567005	9.0237465	47.743
5.392939	-1.3012487	7.654263	47.793
6.421249	-0.61171854	6.8988924	47.843
6.7947445	-0.22146365	6.5505357	47.894
7.9631147	-0.6859388	5.535394	47.944
8.789114	-0.4225766	5.4887075	47.994
8.892065	-0.35434186	5.2480903	48.024
10.344149	0.09816227	5.043386	48.093
10.811018	0.020350715	4.6399627	48.143
10.147824	0.48243165	4.782418	48.193
10.150218	0.6619968	4.059369	48.244
9.522937	-0.18435353	3.551798	48.293
8.590396	-1.2078748	3.6140475	48.344
8.953117	-1.3323733	4.973954	48.394
9.281123	-0.6536171	5.9663506	48.443
8.356961	-0.5386954	6.1985884	48.494
7.16824	-0.48722005	7.1347213	48.543
6.005855	-0.12330139	7.952341	48.593
4.2820296	0.2861071	9.0081835	48.644
2.6072857	0.581791	9.387665	48.694
2.7988217	0.91817635	9.409213	48.743
1.5298948	-0.05626374	9.118318	48.793
-1.6340426	-1.0546459	8.831013	48.843
-4.9344497	-1.2617443	9.24521	48.894
-5.118803	0.7230489	10.109517	48.943
-4.320337	1.2401965	10.4171715	48.993
-3.667917	1.650802	10.66976	49.024
-0.40222588	0.45130703	8.005013	49.094
0.11971009	-1.1013328	8.401254	49.143
-0.11252748	-0.34117374	9.940725	49.193
-0.3172317	-0.4165911	10.497377	49.243
0.5267244	-0.60693014	9.872491	49.293
2.7138276	-0.9923966	9.078813	49.343
4.8279076	-0.6368576	8.577228	49.394
5.9412117	-0.41060558	7.762002	49.443
7.120356	-0.11372458	6.3578024	49.493
8.076839	-0.5614403	5.4623713	49.543
8.129512	-0.7182605	5.1607018	49.593
9.709685	-0.51714754	4.024653	49.644
11.085154	-0.60693014	3.0095115	49.694
11.100717	-0.80924016	2.7150247	49.744
10.287885	-0.25977087	2.7760768	49.794
10.187328	0.3890578	3.3913867	49.844
10.366894	0.23582886	3.2010477	49.894
9.745598	-0.23104046	2.7724855	49.944
9.799467	-0.45370123	3.4476504	49.994
10.291476	-0.7278373	3.25372	50.024
9.698911	-0.78290397	3.6703112	50.094
8.74961	-0.48722005	5.5880666	50.144
7.633912	-0.11611878	6.4344172	50.193
6.090849	0.039504327	7.157466	50.244
4.674679	-0.005985504	9.305065	50.293
2.2840683	-0.78769237	8.565256	50.343
0.8678981	-0.33758244	9.367314	50.393
2.087744	0.61530983	10.418368	50.443
2.5737667	0.31004912	9.471462	50.494
1.2940661	-0.8559271	7.8733325	50.543
-3.5422213	-1.1827357	9.489418	50.594
-5.0397944	0.7673417	10.737994	50.643
-3.9695864	1.5765818	11.23958	50.693
-1.7010803	0.7074866	9.216479	50.743
-0.047884032	-0.016759412	7.705738	50.794
0.6775591	-0.92655605	9.404425	50.844
0.088585466	-0.40581718	9.682152	50.894
-0.51355624	-0.18555063	10.053253	50.943
0.5518635	-0.61530983	10.20289	50.994
2.1284454	-1.1085154	9.416395	51.023
5.601235	-1.2892777	7.9583263	51.093
7.32506	-1.0893618	7.356185	51.144
7.941567	-0.51475334	6.2847795	51.194
8.063671	-0.39863458	5.121197	51.244
8.200141	-0.35194764	5.0864816	51.294
9.083601	-0.7793127	4.811148	51.344
10.143036	-0.8331822	4.189853	51.394
10.45069	-0.48003745	4.0414124	51.444
10.93791	-0.33039984	3.3602622	51.494
10.327389	0.02633622	3.2453403	51.543
10.283096	0.1448492	3.2609026	51.593
9.7719345	-0.04189853	4.155137	51.644
8.607155	-0.7086837	4.072537	51.694
8.65025	-0.22505496	5.407305	51.743
8.4826565	0.45010993	6.63553	51.794
8.154651	-0.18555063	6.88333	51.843
7.4004774	-0.25378537	7.6889787	51.894
5.0146556	0.23582886	7.3166804	51.943
2.718616	-0.19033903	8.189367	51.994
0.7721301	-0.39384618	9.94312	52.033
0.20590134	-0.24540567	10.874464	52.093
0.5363012	-0.63087213	10.085575	52.144
-1.3742718	0.36272156	8.7053175	52.204
-2.2876596	0.11731588	9.059659	52.244
-3.2094274	-0.40581718	9.534908	52.294
-2.3642743	0.82121116	10.20289	52.344
-1.4664485	0.9504981	9.643845	52.394
-0.16759412	-0.39624038	8.135497	52.444
1.30484	-2.1631613	8.124723	52.494
1.3395559	-1.5275006	10.272323	52.544
1.1121067	-0.17238252	11.018116	52.594
0.8283938	-0.19752164	10.135853	52.643
2.2960393	-0.46327803	9.0429	52.693
4.8482585	-0.37110126	8.532935	52.744
6.2740054	-0.3854665	7.0928226	52.793
7.4004774	-0.36631286	5.913678	52.843
9.361329	-0.664391	5.422867	52.893
9.052477	-0.7613561	5.631162	52.943
8.670602	-0.21188685	4.256891	52.994
9.652225	-0.3184288	3.4763808	53.034
11.000159	-0.19871874	3.9001546	53.094
10.990582	-0.4405331	3.0214825	53.143
10.431537	-0.039504327	3.4859576	53.194
9.951499	0.47524905	4.0701427	53.243
9.463082	-0.4261679	2.8455088	53.293
9.264363	-0.25019407	4.748899	53.343
9.417592	0.20111294	5.133168	53.394
8.124723	0.19991584	5.3438582	53.443
7.405266	0.3842694	7.53575	53.494
6.326678	-0.16400282	7.6602483	53.543
4.796783	-0.6380547	7.988254	53.594
3.453636	-0.47884035	8.511387	53.643
2.5833437	0.059855044	9.417592	53.693
2.1643584	0.6979098	10.040085	53.743
2.098518	-0.21428105	9.803059	53.798
-0.700304	-0.50158525	9.7324295	53.844
-3.596091	0.34955344	9.416395	53.894
-2.1308396	0.4441244	9.785102	53.944
-0.5590461	0.770933	10.25676	53.994
-0.48961425	0.8355764	9.740809	54.034
-0.93972415	0.10534488	8.541314	54.094
-0.93134445	-0.34955344	9.598354	54.143
-0.9876082	-0.22505496	10.018537	54.193
0.08379706	0.0047884034	9.405622	54.243
0.9696517	-0.49320555	10.058042	54.294
2.3259668	-0.61530983	9.690532	54.343
4.0857053	-1.0319009	8.49343	54.396
6.1387334	-0.7733272	7.597999	54.446
7.651869	-0.2753332	6.671443	54.496
8.316259	-0.12808979	5.995081	54.546
8.868123	-0.4297592	5.2564697	54.598
8.554482	-0.4405331	4.8255134	54.638
8.910022	-0.01436521	4.703409	54.698
9.208099	-0.17357962	4.296395	54.738
10.257957	-0.1352724	4.554969	54.799
10.010158	-0.62608373	3.9923313	54.838
9.471462	-0.6655881	3.8355112	54.898
9.824607	-0.2753332	5.058948	54.938
9.7863	-0.21188685	3.4919431	54.998
9.537302	0.15322891	3.6858735	55.018
9.27394	-0.008379706	3.7325604	55.096
9.056067	0.2753332	6.099229	55.145
8.86932	0.08738836	5.3199162	55.195
7.4507556	0.19991584	7.2592196	55.245
6.2165446	0.4357447	7.8888946	55.293
3.2118216	0.0023942017	8.759187	55.344
0.8343793	-0.29448682	9.940725	55.394
-0.21308395	0.35913026	10.441113	55.444
1.2318168	0.20829555	10.157401	55.494
0.4309563	-1.7310078	8.929175	55.543
-2.0769699	0.44532153	8.86932	55.593
-1.0582372	-0.08140286	10.172963	55.643
-1.3718776	0.025139118	9.799467	55.694
-1.6639702	0.6428431	10.001778	55.743
-0.40462008	0.16519992	9.385271	55.794
-0.25737667	-0.9900024	8.39886	55.843
-0.7386112	-0.51834464	9.828198	55.893
0.08259996	-0.40222588	10.6398325	55.944
0.19512744	-0.36750996	9.647436	55.994
0.8858546	-0.1400608	9.028535	56.034
3.2249897	-0.62488663	8.887277	56.094
5.5868697	-0.6859388	7.6351094	56.143
7.1371155	-0.1400608	6.5804634	56.193
8.514978	-0.39384618	6.209362	56.244
8.966286	0.108936176	5.8466406	56.293
8.694544	0.21188685	5.140351	56.344
9.24521	0.1376666	4.4460325	56.394
9.91439	0.17597382	4.0797195	56.444
9.927557	-0.20709845	4.1264067	56.494
10.164583	-0.39025488	2.9999347	56.544
10.314221	0.16879122	2.96881	56.594
9.714474	0.50038815	4.0342298	56.644
9.799467	0.46806642	3.9923313	56.694
9.7240505	0.4249708	4.392163	56.744
9.601946	0.45848963	4.7070007	56.794
9.455899	-0.089782566	5.161899	56.844
8.895657	-0.5674258	5.5138464	56.894
7.3897038	-0.4321534	6.3362546	56.944
5.9041014	0.10534488	7.615956	56.994
5.281609	0.04189853	8.046912	57.034
2.944868	-0.61530983	8.005013	57.094
0.6488287	0.093373865	9.822212	57.143
-0.6823475	0.7505822	10.896012	57.204
-1.0534488	-0.053869538	10.69849	57.243
0.8882488	-0.2741361	9.958682	57.294
0.6560113	-0.36152446	9.41879	57.344
0.2777274	-0.12689269	9.412804	57.394
-0.45130703	-0.45489833	9.866506	57.444
0.10654198	-0.4381389	9.126697	57.494
0.5781997	-0.866701	8.62152	57.544
1.0690111	-0.59256494	10.097546	57.594
1.1049241	-0.664391	10.158598	57.644
1.3383588	-0.48602295	10.238804	57.694
1.7405846	-0.29448682	9.822212	57.744
2.6886885	-0.076614454	9.471462	57.794
3.4452562	-0.40581718	8.856153	57.844
4.35625	-0.35913026	8.743625	57.894
6.1890116	-0.3184288	8.119935	57.944
6.633136	-0.16759412	7.6470804	57.994
7.229292	0.2813187	7.374141	58.034
7.229292	0.2813187	7.374141	58.102
7.827842	-0.439336	6.9048777	58.144
7.4483614	0.28491	6.277597	58.194
7.7799582	0.08140286	6.7085533	58.244
7.7308774	-0.38067806	6.9360023	58.294
6.8569937	-0.23582886	7.1227503	58.344
6.4380083	-0.6811504	7.777564	58.394
6.295553	-0.31244332	8.407239	58.444
6.3793507	-0.1436521	8.0684595	58.494
5.8215013	-0.32800564	8.384495	58.544
5.0397944	-0.07182605	8.062474	58.594
4.534618	-0.19632454	8.47308	58.643
4.4220905	-0.39863458	8.559271	58.693
4.289212	-0.4309563	9.251195	58.743
3.930082	-0.3866636	8.978256	58.794
3.4883518	-0.6392518	9.43914	58.843
3.1148565	-0.12928689	9.691729	58.893
3.5637693	-0.04309563	9.482236	58.943
3.8953662	0.33877954	9.652225	58.994
4.220978	-0.18315643	9.362526	59.034
3.5302503	-1.0582372	8.700529	59.094
1.6065093	-0.18555063	9.238028	59.143
1.5634137	-0.03232172	9.376891	59.194
2.0578163	-1.2904748	9.027337	59.243
2.1894975	-1.5310919	9.443929	59.293
3.204639	-1.1719618	9.594764	59.343
4.128801	-1.258153	8.610746	59.394
4.8722005	-0.015562311	7.3609734	59.443
7.0126166	1.151611	7.2304893	59.494
8.512584	0.029927522	5.6179943	59.544
10.788273	-0.80684596	3.608062	59.593
10.556035	-0.61530983	6.0968347	59.644
9.009381	0.1388637	6.999449	59.693
8.103176	0.4381389	5.4025164	59.743
7.752425	0.49559975	6.3230867	59.794
7.6255326	0.23104046	6.7229185	59.843
7.3873096	0.15083471	6.64391	59.894
6.939594	0.29807812	7.0712748	59.943
6.6630635	-1.198298	7.66384	59.993
6.4404025	-2.2038627	7.2508397	60.034